1.0,0.06222222222222225,0.15928571428571428,0.0,0.0,0.0,0.0,0.008771929824561403,0.0,0.0,0.0,0.0,1.0,0.04,0.0,2
1.0,0.08333333333333333,0.0625,0.5,0.5,0.0,0.0,0.0819298245614035,0.0,0.0,0.0,1.0,0.0,0.056,6.0e-5,2
1.0,0.2447619047619048,0.125,0.0,0.0,0.6666666666666666,0.0,0.12280701754385964,1.0,1.0,0.04477611940298507,1.0,0.0,0.1645,0.0,2
1.0,0.09396825396825399,0.013392857142857142,0.0,0.0,0.25,0.0,0.07017543859649122,1.0,1.0,0.029850746268656716,1.0,0.0,0.04,0.0,1
1.0,0.0806349206349206,0.0,0.0,0.0,0.25,0.0,0.023333333333333334,0.0,0.0,0.0,0.0,0.0,0.08,1.0e-5,2
1.0,0.6773015873015873,1.0,0.5,0.5,0.0,0.0,1.0,1.0,1.0,0.5970149253731343,0.0,0.0,0.0,0.00015,1
1.0,0.7261904761904762,0.09821428571428571,0.0,0.0,0.6666666666666666,0.0,0.06140350877192982,1.0,1.0,0.07462686567164178,1.0,0.0,0.03,0.00058,1
0.0,0.06619047619047622,0.019285714285714288,0.0,0.0,0.0,0.0,0.06140350877192982,0.0,1.0,0.014925373134328358,1.0,0.0,0.04,5.0e-5,2
0.0,0.36238095238095236,0.010357142857142856,0.0,0.0,1.0,1.0,0.0,0.0,1.0,0.14925373134328357,0.0,0.0,0.1,0.00018,2
1.0,0.18920634920634924,0.11607142857142858,0.0,0.0,0.0,0.08333333333333333,0.08035087719298245,0.0,1.0,0.014925373134328358,1.0,0.0,0.208,0.00021,2
0.0,0.19571428571428567,0.3094642857142857,0.0,0.0,0.9166666666666666,0.0,0.04964912280701755,1.0,0.0,0.0,0.0,0.0,0.08,0.0015,1
0.0,0.18253968253968253,0.48214285714285715,0.5,0.5,1.0,1.0,0.07017543859649122,0.0,1.0,0.014925373134328358,1.0,0.0,0.1,1.0e-5,2
1.0,0.31619047619047624,0.07732142857142857,0.0,0.0,0.0,0.0,0.05263157894736842,0.0,0.0,0.0,0.0,0.5,0.06,0.0,2
0.0,0.07015873015873018,0.35714285714285715,0.5,0.5,0.25,0.08333333333333333,0.005789473684210527,0.0,0.0,0.0,0.0,0.0,0.17,0.0,2
1.0,0.07666666666666663,0.20392857142857143,0.0,0.0,0.08333333333333333,0.0,0.018947368421052633,0.0,0.0,0.0,0.0,0.0,0.06,0.0,2
1.0,0.2222222222222222,0.046071428571428576,0.0,0.0,0.4166666666666667,0.08333333333333333,0.008771929824561403,0.0,0.0,0.0,1.0,1.0,0.07,0.0,2
0.0,0.14158730158730162,0.026785714285714284,0.0,0.0,0.0,0.0,0.07017543859649122,0.0,1.0,0.029850746268656716,1.0,0.0,0.1,0.00394,2
1.0,0.2222222222222222,0.02089285714285714,0.5,0.5,0.16666666666666666,0.0,0.008771929824561403,1.0,1.0,0.029850746268656716,0.0,0.0,0.13,0.005,1
0.0,0.25126984126984125,0.0625,0.5,0.5,0.4166666666666667,0.0,0.043859649122807015,0.0,0.0,0.0,1.0,0.0,0.14,0.0,2
1.0,0.41396825396825393,0.017857142857142856,0.0,0.0,0.5,0.0,0.008771929824561403,1.0,0.0,0.0,0.0,1.0,0.144,0.0,2
1.0,0.4034920634920635,0.05803571428571429,0.0,0.0,0.0,0.0,0.05263157894736842,1.0,1.0,0.14925373134328357,0.0,0.0,0.093,0.047,1
1.0,0.09000000000000002,0.05357142857142857,0.5,0.5,0.16666666666666666,0.0,0.07017543859649122,1.0,0.0,0.0,1.0,0.0,0.05,0.0002,2
1.0,0.21031746031746032,0.026785714285714284,0.0,0.0,0.0,0.08333333333333333,0.14912280701754385,1.0,1.0,0.04477611940298507,1.0,0.0,0.156,0.0015,1
0.0,0.1388888888888889,0.39285714285714285,0.5,0.5,0.25,0.0,0.10526315789473684,1.0,0.0,0.0,1.0,0.0,0.134,0.0,2
1.0,0.48412698412698413,0.017857142857142856,0.0,0.0,0.5,0.0,0.37719298245614036,1.0,0.0,0.0,0.0,1.0,0.2,0.0,2
1.0,0.26857142857142857,0.08928571428571429,0.0,0.0,0.16666666666666666,0.08333333333333333,0.07894736842105263,0.0,0.0,0.0,1.0,1.0,0.17,0.0,2
0.0,0.6098412698412699,0.0,0.5,0.5,1.0,1.0,0.0,0.0,0.0,0.0,0.0,0.0,0.0,0.0,2
1.0,0.050317460317460344,0.011964285714285715,0.5,0.5,0.4166666666666667,0.0,0.010175438596491228,0.0,0.0,0.0,0.0,1.0,0.1,0.0,2
0.0,0.5092063492063492,0.375,0.0,0.0,0.25,0.0,0.17543859649122806,1.0,1.0,0.1044776119402985,1.0,0.0,0.0,0.0,1
1.0,0.14555555555555558,0.006071428571428572,0.0,0.0,0.5,0.0,0.0029824561403508773,0.0,0.0,0.0,0.0,1.0,0.0,0.0,2
1.0,0.1812698412698413,0.10714285714285714,0.0,0.0,0.0,0.0,0.043859649122807015,0.0,1.0,0.014925373134328358,0.0,0.0,0.0,0.00022,2
0.0,0.8717460317460318,0.5357142857142857,0.0,0.0,0.8333333333333334,0.3333333333333333,0.0,1.0,1.0,0.208955223880597,0.0,0.0,0.0,0.03376,1
1.0,0.466984126984127,0.17857142857142858,0.0,0.0,0.25,0.16666666666666666,0.07894736842105263,0.0,0.0,0.0,1.0,0.0,0.0705,0.0,2
1.0,0.22095238095238098,0.49107142857142855,0.0,0.0,0.6666666666666666,0.0,0.20175438596491227,1.0,0.0,0.0,1.0,0.0,0.2435,0.005,1
1.0,0.08603174603174606,0.14285714285714285,0.5,0.5,0.25,0.0,0.03508771929824561,0.0,0.0,0.0,1.0,0.0,0.18,0.01,2
1.0,0.3373015873015873,0.08928571428571429,0.0,0.0,0.25,0.0,0.03508771929824561,0.0,0.0,0.0,1.0,0.0,0.105,0.0,2
1.0,0.2698412698412698,0.056607142857142856,0.0,0.0,0.08333333333333333,0.0,0.020526315789473684,0.0,0.0,0.0,1.0,1.0,0.0,0.0,2
0.0,0.1746031746031746,0.10714285714285714,0.0,0.0,0.25,0.08333333333333333,0.0643859649122807,1.0,1.0,0.2835820895522388,0.0,0.0,0.0,0.005,1
1.0,0.28698412698412695,0.0014285714285714286,0.5,0.5,0.5,0.0,0.0014035087719298247,0.0,0.0,0.0,0.0,0.0,0.0,0.0,2
1.0,0.36380952380952386,0.07142857142857142,0.0,0.0,0.25,0.0,0.008771929824561403,0.0,0.0,0.0,1.0,0.0,0.1105,0.0,2
0.0,0.38095238095238093,0.19642857142857142,0.0,0.0,0.25,0.0,0.0043859649122807015,1.0,0.0,0.0,1.0,0.0,0.114,0.0,1
1.0,0.41539682539682543,0.019285714285714288,0.5,0.5,0.9166666666666666,0.0,0.017543859649122806,1.0,1.0,0.04477611940298507,0.0,0.0,0.1,0.01,1
1.0,0.42587301587301585,0.17857142857142858,0.0,0.0,0.0,0.0,0.17543859649122806,1.0,1.0,0.1044776119402985,0.0,0.0,0.0,0.03065,1
1.0,0.14809523809523806,0.08928571428571429,0.0,0.0,1.0,1.0,0.0029824561403508773,0.0,0.0,0.0,1.0,0.0,0.05,0.04208,2
1.0,0.18777777777777774,0.011964285714285715,0.0,0.0,0.4166666666666667,0.08333333333333333,0.12280701754385964,0.0,0.0,0.0,1.0,0.0,0.17,0.0,2
0.0,0.39952380952380956,0.05946428571428571,0.0,0.0,0.9166666666666666,0.0,0.008771929824561403,0.0,0.0,0.0,0.0,0.0,0.0,0.0039,2
1.0,0.4801587301587302,0.07142857142857142,0.0,0.0,0.5,0.0,0.06140350877192982,1.0,1.0,0.029850746268656716,1.0,0.0,0.0,0.00015,1
1.0,0.18920634920634924,0.07892857142857143,0.5,0.5,0.9166666666666666,0.0,0.14035087719298245,1.0,0.0,0.0,0.0,0.0,0.094,0.0,2
1.0,0.17190476190476187,0.044642857142857144,0.0,0.0,0.0,0.0,0.008771929824561403,0.0,0.0,0.0,0.0,0.0,0.055,0.0,2
1.0,0.19444444444444445,0.03571428571428571,0.0,0.0,0.25,0.0,0.06140350877192982,1.0,0.0,0.0,1.0,0.0,0.14,0.0,1
1.0,0.4417460317460317,0.0625,0.0,0.0,0.4166666666666667,0.0,0.007368421052631579,1.0,0.0,0.0,0.0,0.0,0.08,0.0,2
0.0,0.19714285714285718,0.07142857142857142,0.0,0.0,0.3333333333333333,0.3333333333333333,0.0,0.0,0.0,0.0,1.0,0.0,0.138,1.0e-5,2
1.0,0.0806349206349206,0.12642857142857142,0.5,0.5,1.0,1.0,0.0,0.0,0.0,0.0,1.0,0.0,0.09,1.0e-5,2
1.0,0.12571428571428575,0.041607142857142856,0.5,0.5,0.4166666666666667,0.0,0.08771929824561403,1.0,1.0,0.014925373134328358,0.0,0.0,0.09,0.0002,2
1.0,0.3042857142857143,0.08928571428571429,0.0,0.0,0.9166666666666666,0.0,0.06140350877192982,0.0,1.0,0.029850746268656716,1.0,0.0,0.36,0.0,2
1.0,0.46555555555555556,0.013392857142857142,0.5,0.5,0.0,0.0,0.013157894736842105,1.0,1.0,0.11940298507462686,1.0,0.0,0.15,0.00162,1
1.0,0.41,0.4969642857142857,0.0,0.0,0.6666666666666666,0.0,0.3026315789473684,1.0,1.0,0.08955223880597014,1.0,0.0,0.035,0.0,1
0.0,0.17063492063492064,0.0625,0.5,0.5,0.0,0.0,0.005789473684210527,0.0,0.0,0.0,0.0,0.0,0.066,0.0,2
1.0,0.21428571428571427,0.05946428571428571,0.0,0.0,0.16666666666666666,0.08333333333333333,0.17842105263157895,1.0,1.0,0.13432835820895522,0.0,0.0,0.1995,0.00827,1
0.0,0.1534920634920635,0.028214285714285716,0.5,0.5,0.25,0.0,0.05263157894736842,1.0,1.0,0.029850746268656716,1.0,0.0,0.04,0.004,1
0.0,0.5344444444444445,0.10714285714285714,0.0,0.0,0.75,0.0,0.4868421052631579,1.0,1.0,0.029850746268656716,1.0,0.0,0.2595,0.01704,1
0.0,0.2923809523809524,0.052142857142857144,0.0,0.0,0.6666666666666666,0.0,0.03807017543859649,1.0,1.0,0.23880597014925373,0.0,0.0,0.06,0.02079,1
1.0,0.10714285714285714,0.08625000000000001,0.0,0.0,0.0,0.0,0.07017543859649122,1.0,1.0,0.16417910447761194,1.0,0.0,0.1,0.03,1
0.0,0.10444444444444442,0.35714285714285715,0.0,0.0,0.0,0.08333333333333333,0.03508771929824561,1.0,1.0,0.05970149253731343,0.0,0.0,0.025,0.01465,1
1.0,0.22095238095238098,0.026785714285714284,0.0,0.0,0.25,0.08333333333333333,0.005789473684210527,0.0,0.0,0.0,1.0,0.0,0.11,0.00251,2
1.0,0.14158730158730162,0.005892857142857143,0.0,0.0,0.0,0.3333333333333333,0.07894736842105263,0.0,0.0,0.0,1.0,1.0,0.0,0.0,1
1.0,0.4034920634920635,0.06107142857142857,0.0,0.0,0.75,0.0,0.0043859649122807015,1.0,1.0,0.07462686567164178,1.0,0.0,0.24,0.0,1
0.0,0.13761904761904764,0.4017857142857143,0.5,0.5,0.75,0.08333333333333333,0.02631578947368421,1.0,1.0,0.05970149253731343,0.0,0.0,0.0,0.00321,1
0.0,0.06222222222222225,0.0,0.5,0.5,0.3333333333333333,1.0,0.0,0.0,0.0,0.0,0.0,0.0,0.043,0.0,2
1.0,0.1296825396825397,0.019285714285714288,0.5,0.5,0.75,0.0,0.0014035087719298247,1.0,1.0,0.014925373134328358,1.0,0.0,0.42,0.00059,1
1.0,0.6693650793650794,0.4107142857142857,0.0,0.0,1.0,1.0,0.17543859649122806,1.0,1.0,0.07462686567164178,0.0,0.0,0.0,0.08851,1
1.0,0.2711111111111111,0.0,0.0,0.0,0.6666666666666666,0.0,0.043859649122807015,1.0,1.0,0.014925373134328358,0.0,0.0,0.101,0.0,1
1.0,0.27380952380952384,0.07446428571428572,0.0,0.0,0.0,0.0,0.0029824561403508773,0.0,0.0,0.0,0.0,0.0,0.15,0.0,2
1.0,0.30031746031746037,0.19642857142857142,0.0,0.0,0.25,0.08333333333333333,0.19298245614035087,1.0,1.0,0.1791044776119403,1.0,0.0,0.204,0.01,1
1.0,0.5515873015873016,0.15178571428571427,0.0,0.0,0.5,0.0,0.0043859649122807015,1.0,0.0,0.0,1.0,0.0,0.1125,0.0,1
0.0,0.343968253968254,0.42857142857142855,0.0,0.0,0.25,0.08333333333333333,0.49122807017543857,1.0,1.0,0.11940298507462686,0.0,0.0,0.0,0.0659,1
1.0,0.7738095238095238,0.45535714285714285,0.5,0.5,0.0,0.08333333333333333,0.17543859649122806,1.0,0.0,0.0,0.0,0.0,0.056,0.0,2
0.0,0.17063492063492064,0.037142857142857144,0.5,0.5,1.0,1.0,0.017543859649122806,1.0,1.0,0.04477611940298507,0.0,0.0,0.09,0.00147,2
1.0,0.13095238095238096,0.028214285714285716,0.0,0.0,0.6666666666666666,0.0,0.010175438596491228,0.0,1.0,0.014925373134328358,0.0,0.0,0.21,0.00283,2
1.0,0.14158730158730162,0.056607142857142856,0.5,0.5,0.6666666666666666,0.0,0.10824561403508771,1.0,1.0,0.08955223880597014,0.0,0.0,0.04,0.0,1
1.0,0.4471428571428572,0.015,0.0,0.0,0.0,0.08333333333333333,0.007368421052631579,1.0,1.0,0.08955223880597014,0.0,0.0,0.11,0.00948,1
0.0,0.12571428571428575,0.4107142857142857,0.5,0.5,0.3333333333333333,0.3333333333333333,0.0,1.0,1.0,0.16417910447761194,1.0,0.0,0.0,0.0,1
1.0,0.49873015873015875,0.05357142857142857,0.0,0.0,0.0,0.0,0.08771929824561403,1.0,0.0,0.0,1.0,0.0,0.07,0.0,2
1.0,0.45634920634920634,0.1755357142857143,0.5,0.5,0.6666666666666666,0.0,0.11105263157894738,1.0,0.0,0.0,1.0,0.0,0.026,0.01442,1
1.0,0.14809523809523806,0.08928571428571429,0.0,0.0,0.0,0.0,0.03807017543859649,1.0,1.0,0.16417910447761194,1.0,0.0,0.03,0.02184,1
0.0,0.1812698412698413,0.10267857142857142,0.0,0.0,0.75,0.08333333333333333,0.03070175438596491,1.0,0.0,0.0,0.0,0.0,0.18,0.0,1
1.0,0.43523809523809526,0.1442857142857143,0.0,0.0,0.16666666666666666,0.08333333333333333,0.24561403508771928,1.0,1.0,0.11940298507462686,0.0,0.0,0.16,0.0,1
0.0,0.17857142857142858,0.03125,0.0,0.0,0.75,0.08333333333333333,0.03649122807017544,1.0,0.0,0.0,1.0,0.0,0.08,0.0586,1
1.0,0.6480952380952381,0.33625,0.0,0.0,1.0,1.0,0.5057894736842105,1.0,1.0,0.16417910447761194,1.0,0.0,0.015,0.003,1
1.0,0.41539682539682543,0.17857142857142858,0.0,0.0,0.25,0.16666666666666666,0.007368421052631579,0.0,0.0,0.0,0.0,0.0,0.275,0.0,2
1.0,0.3941269841269841,0.11910714285714286,0.0,0.0,0.6666666666666666,0.0,0.14035087719298245,1.0,1.0,0.208955223880597,0.0,0.0,0.1915,0.01344,1
1.0,0.4853968253968254,0.017857142857142856,0.0,0.0,0.25,0.08333333333333333,0.17543859649122806,1.0,0.0,0.0,1.0,0.0,0.16,0.0,1
1.0,0.2195238095238095,0.11607142857142858,0.5,0.5,0.25,0.08333333333333333,0.17842105263157895,0.0,1.0,0.029850746268656716,1.0,0.0,0.1845,1.0e-5,2
1.0,0.2552380952380952,0.125,0.0,0.0,0.0,0.0,0.005789473684210527,0.0,0.0,0.0,0.0,0.0,0.108,0.0,2
0.0,0.3531746031746032,0.03571428571428571,0.0,0.0,0.0,0.0,0.07017543859649122,1.0,1.0,0.16417910447761194,0.0,0.0,0.0,0.00456,1
0.0,0.14682539682539683,0.06553571428571428,0.0,0.0,0.3333333333333333,0.3333333333333333,0.0,0.0,1.0,0.014925373134328358,0.0,0.0,0.1,0.00053,2
0.0,0.2671428571428571,0.3808928571428571,0.0,0.0,0.25,0.08333333333333333,0.0029824561403508773,0.0,1.0,0.1791044776119403,1.0,0.0,0.0645,3.0e-5,2
0.0,0.6282539682539682,0.005892857142857143,0.0,0.0,1.0,1.0,0.0,0.0,0.0,0.0,1.0,1.0,0.031,0.00027,2
1.0,0.3082539682539683,0.11303571428571428,0.5,0.5,0.75,0.0,0.11105263157894738,1.0,1.0,0.04477611940298507,1.0,0.0,0.19,0.0,1
1.0,0.1058730158730159,0.03875,0.0,0.0,0.25,0.0,0.05263157894736842,0.0,0.0,0.0,0.0,0.0,0.054,7.0e-5,2
1.0,0.4642857142857143,0.010357142857142856,0.5,0.5,0.16666666666666666,0.08333333333333333,0.06140350877192982,1.0,1.0,0.11940298507462686,0.0,0.0,0.05,0.00375,1
1.0,0.2949206349206349,0.26785714285714285,0.0,0.0,0.8333333333333334,0.16666666666666666,0.055614035087719296,1.0,0.0,0.0,1.0,1.0,0.21,0.0,2
1.0,0.5463492063492064,0.27232142857142855,0.0,0.0,0.6666666666666666,0.08333333333333333,0.543859649122807,1.0,1.0,0.1791044776119403,0.0,0.0,0.0,0.0079,1
1.0,0.10190476190476193,0.33035714285714285,0.0,0.0,0.0,0.0,0.05842105263157895,1.0,1.0,0.04477611940298507,1.0,0.0,0.02,0.00028,1
1.0,0.3280952380952381,0.047678571428571424,0.0,0.0,0.25,0.16666666666666666,0.0043859649122807015,0.0,0.0,0.0,1.0,0.0,0.22,0.045,2
1.0,0.3412698412698413,0.5892857142857143,0.5,0.5,0.0,0.0,0.14035087719298245,1.0,0.0,0.0,0.0,0.0,0.04,0.0,2
1.0,0.09396825396825399,0.35714285714285715,0.5,0.5,0.4166666666666667,0.08333333333333333,0.029298245614035087,1.0,0.0,0.0,1.0,0.0,0.07,0.0,2
1.0,0.15079365079365079,0.03571428571428571,0.0,0.0,0.0,0.0,0.029298245614035087,1.0,0.0,0.0,0.0,1.0,0.15,0.0,1
1.0,0.22349206349206346,0.05357142857142857,0.0,0.0,0.6666666666666666,0.0,0.07017543859649122,1.0,1.0,0.16417910447761194,1.0,0.0,0.217,0.00035,1
1.0,0.4933333333333333,0.25,0.5,0.5,0.0,0.0,0.05701754385964912,0.0,0.0,0.0,0.0,0.0,0.08,2.0e-5,2
1.0,0.31746031746031744,0.09821428571428571,0.0,0.0,0.25,0.16666666666666666,0.0,0.0,0.0,0.0,0.0,0.0,0.09,0.0,2
1.0,0.23015873015873015,0.18303571428571427,0.0,0.0,0.75,0.0,0.16666666666666666,1.0,1.0,0.029850746268656716,0.0,0.0,0.21,7.0e-5,1
0.0,0.12301587301587301,0.21428571428571427,0.0,0.0,0.9166666666666666,0.0,0.08771929824561403,1.0,1.0,0.04477611940298507,0.0,0.0,0.04,0.00918,1
1.0,0.05285714285714283,0.003035714285714286,0.5,0.5,0.0,0.0,0.0014035087719298247,0.0,0.0,0.0,0.0,0.0,0.07,0.00722,2
0.0,0.17857142857142858,0.44035714285714284,0.0,0.0,0.16666666666666666,0.08333333333333333,0.12280701754385964,1.0,1.0,0.08955223880597014,0.0,0.0,0.2,0.00458,1
0.0,0.156031746031746,0.4107142857142857,0.5,0.5,0.4166666666666667,0.08333333333333333,0.10526315789473684,0.0,0.0,0.0,1.0,0.0,0.01,0.00016,2
1.0,0.7115873015873015,0.09678571428571428,0.0,0.0,0.0,0.0,0.08473684210526317,0.0,0.0,0.0,1.0,0.0,0.16,0.0,2
1.0,0.08857142857142855,0.3392857142857143,0.0,0.0,0.25,0.0,0.03508771929824561,1.0,0.0,0.0,1.0,0.0,0.03,0.004,1
1.0,0.1984126984126984,0.055,0.0,0.0,0.6666666666666666,0.0,0.0043859649122807015,0.0,0.0,0.0,0.0,0.0,0.05,0.0,2
0.0,0.08603174603174606,0.3066071428571429,0.0,0.0,0.16666666666666666,0.08333333333333333,0.02631578947368421,1.0,1.0,0.1044776119402985,0.0,0.0,0.048,0.0,1
1.0,0.4007936507936508,0.17857142857142858,0.0,0.0,0.16666666666666666,0.0,0.12280701754385964,1.0,1.0,0.14925373134328357,1.0,0.0,0.0,0.0,1
1.0,0.43523809523809526,0.044642857142857144,0.5,0.5,0.6666666666666666,0.0,0.008771929824561403,0.0,0.0,0.0,0.0,0.0,0.0,0.00195,2
1.0,0.18380952380952378,0.020714285714285713,0.0,0.0,0.0,0.0,0.010175438596491228,1.0,1.0,0.1044776119402985,1.0,0.0,0.048,0.05124,1
0.0,0.0806349206349206,0.15767857142857142,0.5,0.5,0.0,0.08333333333333333,0.10526315789473684,1.0,0.0,0.0,0.0,0.0,0.12,0.0,1
1.0,0.35984126984126985,0.026785714285714284,0.5,0.5,0.08333333333333333,0.0,0.020526315789473684,0.0,0.0,0.0,0.0,0.0,0.12,3.0e-5,2
1.0,0.3082539682539683,0.10857142857142857,0.5,0.5,0.0,0.08333333333333333,0.07157894736842105,1.0,1.0,0.014925373134328358,1.0,0.0,0.09,0.18027,1
0.0,0.11238095238095236,0.30357142857142855,0.0,0.0,0.0,0.0,0.005789473684210527,0.0,0.0,0.0,0.0,0.0,0.0,0.00351,2
1.0,0.1812698412698413,0.21428571428571427,0.0,0.0,0.0,0.0,0.03508771929824561,1.0,1.0,0.04477611940298507,0.0,0.0,0.0,0.0,1
1.0,0.8201587301587302,0.39285714285714285,0.0,0.0,0.8333333333333334,0.3333333333333333,0.7017543859649122,1.0,1.0,0.1044776119402985,1.0,0.0,0.011,0.0,1
1.0,0.05285714285714283,0.11750000000000001,0.0,0.0,0.25,0.0,0.011754385964912281,0.0,0.0,0.0,1.0,0.0,0.07,2.0e-5,2
1.0,0.31476190476190474,0.008928571428571428,0.0,0.0,0.25,0.16666666666666666,0.14035087719298245,0.0,0.0,0.0,1.0,1.0,0.21,0.0,2
1.0,0.12174603174603177,0.026785714285714284,0.5,0.5,0.5833333333333334,0.25,0.02631578947368421,0.0,0.0,0.0,1.0,0.0,0.066,2.0e-5,2
0.0,0.3068253968253968,0.16517857142857142,0.0,0.0,0.25,0.08333333333333333,0.05701754385964912,1.0,1.0,0.029850746268656716,0.0,0.0,0.0,0.0,1
1.0,0.27507936507936503,0.11017857142857143,0.0,0.0,0.0,0.0,0.08771929824561403,0.0,1.0,0.029850746268656716,1.0,0.0,0.08,0.00041,2
0.0,0.23412698412698413,0.03571428571428571,0.0,0.0,0.25,0.0,0.03508771929824561,1.0,1.0,0.029850746268656716,1.0,0.0,0.0835,0.005,2
1.0,0.32936507936507936,0.1442857142857143,0.5,0.5,0.25,0.16666666666666666,0.2982456140350877,1.0,1.0,0.1044776119402985,1.0,0.0,0.0975,0.0,1
1.0,0.5528571428571428,0.007321428571428571,0.5,0.5,0.4166666666666667,0.0,0.008771929824561403,1.0,1.0,0.16417910447761194,0.0,0.0,0.19,0.02732,1
1.0,0.05952380952380952,0.7857142857142857,1.0,1.0,1.0,0.5833333333333334,0.0,0.0,0.0,0.0,1.0,0.5,0.225,1.0,1
1.0,0.6706349206349206,0.44642857142857145,0.0,0.0,0.4166666666666667,0.08333333333333333,0.2807017543859649,1.0,0.0,0.0,1.0,0.0,0.012,0.02028,1
0.0,0.5277777777777778,0.4642857142857143,0.0,0.0,0.25,0.16666666666666666,0.1812280701754386,1.0,1.0,0.13432835820895522,1.0,0.0,0.0,0.0,1
0.0,0.5463492063492064,0.047678571428571424,0.0,0.0,0.25,0.5833333333333334,0.011754385964912281,0.0,0.0,0.0,0.0,0.0,0.0,0.0012,2
1.0,0.32269841269841265,0.002857142857142857,0.5,0.5,0.5,0.16666666666666666,0.0014035087719298247,1.0,1.0,0.014925373134328358,1.0,0.0,0.14,0.02,1
1.0,0.14158730158730162,0.026785714285714284,0.0,0.0,0.25,0.0,0.055614035087719296,0.0,1.0,0.014925373134328358,1.0,0.0,0.2,9.0e-5,2
0.0,0.10047619047619046,0.044642857142857144,0.0,0.0,0.0,0.0,0.0,0.0,0.0,0.0,0.0,0.0,0.0,0.0,2
1.0,0.2050793650793651,0.0625,0.5,0.5,0.0,0.0,0.03508771929824561,1.0,1.0,0.07462686567164178,1.0,0.0,0.08,0.05777,1
1.0,0.5463492063492064,0.125,0.0,0.0,0.9166666666666666,0.0,0.12280701754385964,1.0,0.0,0.0,0.0,1.0,0.115,0.0,1
1.0,0.4392063492063492,0.17857142857142858,0.0,0.0,0.25,0.08333333333333333,0.17543859649122806,1.0,1.0,0.08955223880597014,1.0,0.0,0.235,0.0,1
1.0,0.49603174603174605,0.30357142857142855,0.0,0.0,0.16666666666666666,0.08333333333333333,0.49122807017543857,1.0,1.0,0.014925373134328358,1.0,0.0,0.044,0.02,1
1.0,0.27904761904761904,0.6964285714285714,0.0,0.0,0.0,0.0,0.24561403508771928,1.0,1.0,0.23880597014925373,0.0,0.0,0.0,0.05,1
1.0,0.2076190476190476,0.019285714285714288,0.0,0.0,0.4166666666666667,1.0,0.0,0.0,0.0,0.0,0.0,0.0,0.05,0.0,2
1.0,0.22095238095238098,0.07142857142857142,0.0,0.0,0.75,0.08333333333333333,0.03508771929824561,1.0,1.0,0.05970149253731343,0.0,0.0,0.07,0.07544,1
1.0,1.0,0.7960714285714285,0.0,0.0,0.8333333333333334,0.3333333333333333,0.4473684210526316,1.0,1.0,0.014925373134328358,1.0,0.0,0.0,0.00109,1
1.0,0.14015873015873012,0.35857142857142854,0.0,0.0,0.75,0.0,0.0014035087719298247,1.0,1.0,0.13432835820895522,0.0,0.0,0.03,0.00396,1
1.0,0.5674603174603174,0.27089285714285716,0.0,0.0,0.25,0.16666666666666666,0.26614035087719295,1.0,1.0,0.22388059701492538,1.0,0.0,0.0,0.05,1
1.0,0.13222222222222219,0.08339285714285714,0.0,0.0,0.4166666666666667,0.0,0.02631578947368421,0.0,0.0,0.0,0.0,0.0,0.09,0.0,2
0.0,0.8849206349206349,0.21428571428571427,0.0,0.0,1.0,1.0,0.0,0.0,0.0,0.0,0.0,1.0,0.0,0.0,2
0.0,0.2896825396825397,0.21428571428571427,0.0,0.0,0.08333333333333333,0.0,0.043859649122807015,0.0,0.0,0.0,0.0,0.0,0.136,0.0,2
0.0,0.4219047619047619,0.2692857142857143,0.5,0.5,0.25,0.08333333333333333,0.2807017543859649,1.0,1.0,0.208955223880597,0.0,0.0,0.0,0.023,1
1.0,0.42063492063492064,0.7678571428571429,0.0,0.0,0.8333333333333334,0.3333333333333333,0.7017543859649122,1.0,1.0,0.16417910447761194,0.0,0.0,0.0,0.012,1
0.0,0.15079365079365079,0.20982142857142858,0.0,0.0,0.25,0.0,0.11122807017543859,1.0,1.0,0.14925373134328357,0.0,0.0,0.06,0.00245,1
1.0,0.3412698412698413,0.11303571428571428,0.0,0.0,0.75,0.08333333333333333,0.13157894736842105,1.0,0.0,0.0,1.0,0.0,0.34,0.0,2
1.0,0.07539682539682539,0.07142857142857142,0.0,0.0,0.25,0.0,0.05263157894736842,1.0,1.0,0.029850746268656716,0.0,0.0,0.06,0.003,1
0.0,0.1296825396825397,0.41660714285714284,0.0,0.0,0.4166666666666667,0.08333333333333333,0.0029824561403508773,0.0,0.0,0.0,0.0,0.0,0.16,5.0e-5,2
1.0,0.8796825396825397,0.32142857142857145,0.0,0.0,1.0,1.0,0.14035087719298245,0.0,1.0,0.014925373134328358,0.0,0.0,0.035,6.0e-5,2
1.0,0.03571428571428571,0.11160714285714286,0.0,0.0,0.6666666666666666,0.0,0.0029824561403508773,0.0,1.0,0.014925373134328358,0.0,0.0,0.0,6.0e-5,2
1.0,0.27507936507936503,0.05357142857142857,0.5,0.5,0.6666666666666666,0.0,0.0014035087719298247,0.0,0.0,0.0,0.0,1.0,0.08,0.0,2
1.0,0.6996825396825397,0.25142857142857145,0.0,0.0,0.5,0.0,0.49122807017543857,1.0,1.0,0.08955223880597014,1.0,0.0,0.18,0.01332,1
0.0,0.20904761904761907,0.48214285714285715,0.0,0.0,0.25,0.08333333333333333,0.17543859649122806,1.0,1.0,0.029850746268656716,0.0,0.0,0.0,0.05,1
1.0,0.11634920634920633,0.36017857142857146,0.5,0.5,0.8333333333333334,0.08333333333333333,0.043859649122807015,0.0,0.0,0.0,0.0,0.0,0.13,0.0,2
1.0,0.2261904761904762,0.07142857142857142,0.0,0.0,0.4166666666666667,0.08333333333333333,0.146140350877193,1.0,1.0,0.029850746268656716,1.0,0.0,0.0905,0.0,1
0.0,0.3068253968253968,0.05803571428571429,0.0,0.0,0.08333333333333333,0.0,0.018947368421052633,0.0,0.0,0.0,1.0,0.0,0.0,0.0,2
0.0,0.36507936507936506,0.1682142857142857,0.0,0.0,1.0,1.0,0.0,0.0,0.0,0.0,0.0,0.0,0.08,0.0,2
1.0,0.406031746031746,0.20982142857142858,0.0,0.0,0.16666666666666666,0.08333333333333333,0.3508771929824561,1.0,1.0,0.208955223880597,1.0,0.0,0.1995,0.0,1
1.0,0.1296825396825397,0.017857142857142856,0.0,0.0,0.0,0.0,0.0043859649122807015,0.0,0.0,0.0,0.0,0.0,0.18,0.0,2
1.0,0.5384126984126985,0.010357142857142856,0.0,0.0,0.0,0.16666666666666666,0.5263157894736842,1.0,1.0,0.29850746268656714,0.0,0.0,0.0,0.15,1
1.0,0.04095238095238093,0.14589285714285713,0.0,0.0,0.25,0.08333333333333333,0.01456140350877193,0.0,0.0,0.0,1.0,0.0,0.06,0.0,2
0.0,0.21301587301587305,0.044642857142857144,0.0,0.0,1.0,1.0,0.0,0.0,1.0,0.014925373134328358,0.0,0.0,0.046,0.003,2
0.0,0.17063492063492064,0.08625000000000001,0.5,0.5,0.0,0.0,0.0,0.0,0.0,0.0,0.0,0.0,0.06,0.0,2
0.0,0.14555555555555558,0.044642857142857144,0.0,0.0,0.25,0.0,0.008771929824561403,0.0,0.0,0.0,1.0,0.0,0.06,0.00809,2
0.0,0.156031746031746,0.02089285714285714,0.5,0.5,1.0,1.0,0.0043859649122807015,0.0,0.0,0.0,0.0,0.0,0.06,0.00087,2
1.0,0.11507936507936507,0.10714285714285714,0.5,0.5,0.08333333333333333,0.0,0.03807017543859649,1.0,1.0,0.11940298507462686,1.0,0.0,0.08,1.0e-5,1
1.0,0.15079365079365079,0.45089285714285715,0.0,0.0,0.0,0.0,0.0043859649122807015,0.0,1.0,0.029850746268656716,0.0,0.0,0.0,0.05552,2
1.0,0.14809523809523806,0.4107142857142857,0.0,0.0,0.25,0.0,0.12280701754385964,1.0,1.0,0.13432835820895522,0.0,0.0,0.028,0.00742,1
1.0,0.26317460317460317,0.017857142857142856,0.0,0.0,0.08333333333333333,0.08333333333333333,0.0029824561403508773,0.0,0.0,0.0,1.0,1.0,0.126,0.0,2
0.0,0.1388888888888889,0.30214285714285716,0.5,0.5,0.75,0.0,0.0863157894736842,0.0,0.0,0.0,0.0,0.0,0.082,0.0,1
1.0,0.24603174603174602,0.4642857142857143,0.0,0.0,0.08333333333333333,0.08333333333333333,0.017543859649122806,0.0,0.0,0.0,0.0,0.0,0.114,0.0,2
1.0,0.4603174603174603,0.14589285714285713,0.0,0.0,0.9166666666666666,0.0,0.0014035087719298247,0.0,0.0,0.0,0.0,0.0,0.054,0.001,2
1.0,0.32142857142857145,0.18160714285714286,0.5,0.5,0.25,0.16666666666666666,0.03807017543859649,0.0,0.0,0.0,1.0,0.0,0.24,0.0,2
1.0,0.5476190476190477,0.8958928571428572,0.0,0.0,0.6666666666666666,0.0,0.06140350877192982,1.0,1.0,0.04477611940298507,0.0,0.0,0.06,0.00014,1
1.0,0.29365079365079366,0.005892857142857143,0.5,0.5,0.0,0.08333333333333333,0.11403508771929824,1.0,1.0,0.014925373134328358,1.0,0.0,0.216,0.08,1
0.0,0.11904761904761904,0.08339285714285714,0.0,0.0,0.25,0.16666666666666666,0.017543859649122806,1.0,1.0,0.05970149253731343,0.0,1.0,0.04,0.0,1
1.0,0.0992063492063492,0.3944642857142857,0.0,0.0,0.0,0.0,0.07017543859649122,0.0,0.0,0.0,1.0,0.0,0.068,0.0,2
0.0,0.49603174603174605,0.16375,0.0,0.0,0.4166666666666667,0.08333333333333333,0.03508771929824561,0.0,0.0,0.0,1.0,1.0,0.12,0.0,2
0.0,0.30952380952380953,0.08928571428571429,0.5,0.5,0.0,0.0,0.08771929824561403,0.0,0.0,0.0,1.0,0.0,0.0,2.0e-5,2
1.0,0.5555555555555556,0.30357142857142855,0.0,0.0,0.0,0.08333333333333333,0.43859649122807015,1.0,1.0,0.13432835820895522,0.0,0.0,0.0905,0.01655,1
1.0,0.41539682539682543,0.22178571428571428,0.0,0.0,0.25,0.0,0.0014035087719298247,1.0,1.0,0.014925373134328358,0.0,0.0,0.1,0.003,1
1.0,0.14285714285714285,0.39285714285714285,0.0,0.0,0.25,0.0,0.08771929824561403,1.0,1.0,0.1044776119402985,1.0,0.0,0.05,0.00809,1
1.0,0.16936507936507939,0.4405357142857143,0.0,0.0,0.25,0.08333333333333333,0.055614035087719296,1.0,0.0,0.0,1.0,0.0,0.06,0.0,1
1.0,0.1534920634920635,0.03571428571428571,0.0,0.0,0.0,0.0,0.017543859649122806,0.0,0.0,0.0,1.0,1.0,0.14,0.0,2
1.0,0.3558730158730159,0.6473214285714286,0.0,0.0,0.6666666666666666,0.0,0.0029824561403508773,0.0,0.0,0.0,0.0,0.0,0.16,0.03552,2
1.0,0.3280952380952381,0.15178571428571427,0.0,0.0,0.25,0.16666666666666666,0.11403508771929824,1.0,1.0,0.029850746268656716,0.0,0.0,0.137,0.0061,1
0.0,0.34,0.13392857142857142,0.0,0.0,1.0,1.0,0.0,0.0,1.0,0.08955223880597014,0.0,0.0,0.0,0.002,2
1.0,0.34,0.16071428571428573,0.0,0.0,0.75,0.08333333333333333,0.20175438596491227,0.0,0.0,0.0,1.0,1.0,0.3555,0.0,1
1.0,0.2407936507936508,0.013392857142857142,0.0,0.0,0.0,0.0,0.010175438596491228,0.0,0.0,0.0,0.0,0.0,0.11,0.0014,2
1.0,0.3253968253968254,0.0625,0.0,0.0,0.6666666666666666,0.16666666666666666,0.008771929824561403,1.0,0.0,0.0,1.0,0.0,0.0815,0.0,2
1.0,0.5965079365079364,0.35714285714285715,0.0,0.0,0.25,0.16666666666666666,0.0,1.0,1.0,0.16417910447761194,0.0,0.0,0.0,0.01249,1
0.0,0.15476190476190477,0.32142857142857145,0.0,0.0,0.25,0.0,0.2982456140350877,1.0,1.0,0.07462686567164178,1.0,0.0,0.06,0.0,1
1.0,0.44841269841269843,0.3496428571428571,0.0,0.0,0.75,0.08333333333333333,0.2792982456140351,1.0,1.0,0.11940298507462686,0.0,0.0,0.0,0.0,1
1.0,0.6798412698412698,0.6607142857142857,0.0,0.0,0.08333333333333333,0.16666666666666666,0.5263157894736842,1.0,1.0,0.2537313432835821,1.0,0.0,0.0,0.0,1
0.0,0.1746031746031746,0.44642857142857145,0.0,0.0,0.9166666666666666,0.0,0.05263157894736842,1.0,1.0,0.1791044776119403,1.0,0.0,0.06,0.00567,1
0.0,0.17063492063492064,0.017857142857142856,0.0,0.0,0.25,0.08333333333333333,0.05263157894736842,1.0,0.0,0.0,0.0,0.0,0.14,0.00824,1
0.0,0.5726984126984127,0.48517857142857146,0.0,0.0,0.4166666666666667,0.08333333333333333,0.2982456140350877,1.0,0.0,0.0,1.0,0.0,0.0,0.0,1
1.0,0.5528571428571428,0.23214285714285715,0.0,0.0,0.25,0.08333333333333333,0.21052631578947367,1.0,0.0,0.0,1.0,0.0,0.175,0.0,1
1.0,0.6825396825396826,0.4375,0.0,0.0,0.5,0.0,0.043859649122807015,1.0,1.0,0.05970149253731343,1.0,0.0,0.1,0.0,1
0.0,0.14158730158730162,0.25,0.0,0.0,0.0,0.0,0.005789473684210527,0.0,0.0,0.0,0.0,0.0,0.08,0.0,2
0.0,0.08603174603174606,0.19339285714285714,0.0,0.0,0.25,0.08333333333333333,0.010175438596491228,0.0,0.0,0.0,0.0,0.0,0.04,0.00484,2
1.0,0.156031746031746,0.06392857142857143,0.0,0.0,0.0,0.0,0.018947368421052633,0.0,0.0,0.0,1.0,0.0,0.068,1.0e-5,2
1.0,0.6044444444444445,0.07285714285714286,0.5,0.5,1.0,1.0,0.05263157894736842,0.0,0.0,0.0,0.0,0.0,0.06,1.0e-5,2
1.0,0.17190476190476187,0.44642857142857145,0.0,0.0,0.6666666666666666,0.0,0.03070175438596491,1.0,0.0,0.0,1.0,0.0,0.13,0.0,2
0.0,0.3201587301587302,0.056607142857142856,0.5,0.5,1.0,1.0,0.0,1.0,0.0,0.0,0.0,0.0,0.16,0.0,2
1.0,0.2407936507936508,0.5357142857142857,0.0,0.0,0.0,0.08333333333333333,0.18719298245614036,1.0,1.0,0.16417910447761194,0.0,0.0,0.0,0.02283,1
1.0,0.1336507936507937,0.08035714285714286,0.0,0.0,0.25,0.0,0.0043859649122807015,0.0,0.0,0.0,0.0,0.0,0.08,0.0001,2
1.0,0.19047619047619047,0.026785714285714284,0.0,0.0,0.0,0.16666666666666666,0.008771929824561403,1.0,0.0,0.0,0.0,0.0,0.1745,0.00023,1
1.0,0.05825396825396828,0.23214285714285715,0.0,0.0,0.25,0.0,0.0043859649122807015,0.0,0.0,0.0,0.0,0.0,0.03,0.001,2
1.0,0.29365079365079366,0.5,0.5,0.5,1.0,1.0,0.0,0.0,1.0,0.029850746268656716,0.0,0.0,0.08,1.0e-5,2
1.0,0.6123809523809524,0.049107142857142856,0.5,0.5,0.0,0.08333333333333333,0.3319298245614035,1.0,0.0,0.0,1.0,0.0,0.1,0.001,2
0.0,0.4298412698412698,0.35714285714285715,0.0,0.0,0.25,0.08333333333333333,0.06140350877192982,1.0,0.0,0.0,0.0,0.0,0.0145,0.00837,1
1.0,0.22349206349206346,0.05357142857142857,0.0,0.0,0.6666666666666666,0.0,0.07894736842105263,0.0,1.0,0.014925373134328358,1.0,0.0,0.05,3.0e-5,2
1.0,0.32412698412698415,0.055,0.0,0.0,0.16666666666666666,0.0,0.05403508771929825,1.0,1.0,0.014925373134328358,1.0,0.0,0.26,0.5,1
1.0,0.24873015873015875,0.044642857142857144,0.0,0.0,0.6666666666666666,0.0,0.06140350877192982,0.0,0.0,0.0,0.0,0.0,0.1,0.0,2
1.0,0.1111111111111111,0.18160714285714286,0.5,0.5,0.3333333333333333,0.0,0.010175438596491228,0.0,0.0,0.0,0.0,0.0,0.07,0.00184,2
0.0,0.39015873015873015,0.15767857142857142,0.0,0.0,0.0,0.0,0.0043859649122807015,0.0,0.0,0.0,0.0,0.0,0.08,0.0,2
1.0,0.24873015873015875,0.044642857142857144,0.0,0.0,0.0,0.08333333333333333,0.008771929824561403,0.0,1.0,0.029850746268656716,1.0,0.0,0.2,0.00108,2
0.0,0.5396825396825397,0.2857142857142857,0.0,0.0,0.0,0.0,0.27631578947368424,1.0,1.0,0.08955223880597014,1.0,0.0,0.0,0.0126,1
0.0,0.06079365079365077,0.32142857142857145,0.0,0.0,0.9166666666666666,0.0,0.04824561403508772,1.0,0.0,0.0,1.0,0.0,0.0,0.0,1
1.0,0.6004761904761905,0.5357142857142857,0.0,0.0,0.0,0.0,0.2982456140350877,1.0,1.0,0.13432835820895522,0.0,0.0,0.0,0.0,1
1.0,0.25,0.020714285714285713,0.0,0.0,0.6666666666666666,0.0,0.010175438596491228,0.0,1.0,0.014925373134328358,0.0,0.0,0.17,0.02803,2
0.0,0.18380952380952378,0.07446428571428572,0.0,0.0,0.0,0.08333333333333333,0.09649122807017543,1.0,0.0,0.0,1.0,0.0,0.18,1.0e-5,2
1.0,0.46825396825396826,0.9003571428571429,0.0,0.0,0.25,0.08333333333333333,0.007368421052631579,1.0,1.0,0.014925373134328358,0.0,0.0,0.38,0.0009,2
0.0,0.30952380952380953,0.10714285714285714,0.5,0.5,0.9166666666666666,0.0,0.07017543859649122,0.0,0.0,0.0,0.0,0.0,0.09,0.0,2
1.0,0.24603174603174602,0.5282142857142856,0.0,0.0,0.9166666666666666,0.0,0.17684210526315788,1.0,1.0,0.07462686567164178,1.0,0.0,0.084,0.0,1
1.0,0.3915873015873016,0.02517857142857143,0.0,0.0,0.0,0.0,0.013157894736842105,0.0,1.0,0.029850746268656716,0.0,0.0,0.1125,0.005,2
1.0,0.16142857142857145,0.02375,0.0,0.0,0.0,0.0,0.005789473684210527,0.0,0.0,0.0,0.0,0.0,0.05,0.0,1
1.0,0.6044444444444445,0.10714285714285714,0.5,0.5,1.0,1.0,0.05263157894736842,0.0,0.0,0.0,0.0,0.0,0.09,4.0e-5,2
1.0,0.33603174603174607,0.08928571428571429,0.0,0.0,0.6666666666666666,0.0,0.0,1.0,0.0,0.0,1.0,0.0,0.1195,0.002,1
1.0,0.3333333333333333,0.08928571428571429,0.0,0.0,0.16666666666666666,0.16666666666666666,0.017543859649122806,0.0,0.0,0.0,0.0,0.0,0.174,0.0,2
1.0,0.3465079365079365,0.026785714285714284,0.0,0.0,0.4166666666666667,0.0,0.05263157894736842,0.0,0.0,0.0,1.0,0.0,0.1155,0.0,2
1.0,0.12825396825396823,0.39285714285714285,0.0,0.0,0.75,0.0,0.010175438596491228,1.0,1.0,0.08955223880597014,0.0,0.0,0.0605,0.0,1
0.0,0.18253968253968253,0.44642857142857145,0.0,0.0,0.08333333333333333,0.0,0.03508771929824561,0.0,0.0,0.0,1.0,0.0,0.09,0.01062,2
0.0,0.6877777777777777,0.6964285714285714,0.0,0.0,0.0,0.0,0.19298245614035087,1.0,1.0,0.1044776119402985,0.0,0.0,0.0,0.03,1
1.0,0.14555555555555558,0.11303571428571428,0.5,0.5,0.0,0.0,0.005789473684210527,0.0,0.0,0.0,0.0,0.0,0.08,0.01058,2
1.0,0.4166666666666667,0.23214285714285715,0.0,0.0,0.9166666666666666,0.16666666666666666,0.12280701754385964,1.0,1.0,0.014925373134328358,0.0,0.0,0.0,0.005,1
1.0,0.6441269841269841,0.24107142857142858,0.0,0.0,0.0,0.08333333333333333,0.09210526315789473,1.0,1.0,0.16417910447761194,1.0,0.0,0.0,0.00284,1
1.0,0.5488888888888889,0.42857142857142855,0.0,0.0,0.5,0.0,0.5614035087719298,1.0,0.0,0.0,0.0,1.0,0.055,0.0,1
1.0,0.11507936507936507,0.17107142857142857,0.5,0.5,0.6666666666666666,0.0,0.07894736842105263,1.0,1.0,0.014925373134328358,1.0,0.0,0.04,0.003,1
1.0,0.23682539682539686,0.5178571428571429,0.0,0.0,0.08333333333333333,0.0,0.0043859649122807015,0.0,0.0,0.0,0.0,0.0,0.0,0.00286,2
1.0,0.6455555555555555,0.017857142857142856,0.5,0.5,0.4166666666666667,0.08333333333333333,0.13894736842105262,1.0,0.0,0.0,0.0,0.0,0.09,0.00314,1
1.0,0.03968253968253968,0.0,0.5,0.5,0.9166666666666666,0.0,0.008771929824561403,0.0,0.0,0.0,0.0,0.0,0.03,0.0,2
0.0,0.25,0.03875,0.5,0.5,0.75,0.0,0.03508771929824561,0.0,0.0,0.0,0.0,0.0,0.14,0.00013,2
0.0,0.7487301587301588,0.17857142857142858,0.0,0.0,0.9166666666666666,0.0,0.14035087719298245,1.0,1.0,0.05970149253731343,0.0,0.0,0.0,0.00099,1
1.0,0.16396825396825393,0.03125,0.0,0.0,0.5,0.0,0.0029824561403508773,0.0,1.0,0.05970149253731343,0.0,0.0,0.127,0.0195,2
1.0,0.30158730158730157,0.08339285714285714,0.0,0.0,0.08333333333333333,0.08333333333333333,0.20175438596491227,0.0,0.0,0.0,1.0,0.0,0.146,0.0,2
1.0,0.402063492063492,0.21428571428571427,0.0,0.0,0.5,0.0,0.045263157894736845,1.0,1.0,0.07462686567164178,1.0,0.0,0.054,0.01097,1
0.0,0.2777777777777778,0.13392857142857142,0.0,0.0,0.16666666666666666,0.08333333333333333,0.021929824561403508,1.0,1.0,0.13432835820895522,1.0,0.0,0.0905,0.0,1
1.0,0.2949206349206349,0.125,0.0,0.0,0.4166666666666667,0.0,0.017543859649122806,0.0,0.0,0.0,1.0,0.0,0.116,0.0,2
1.0,0.1441269841269841,0.10714285714285714,0.0,0.0,0.5,0.0,0.045263157894736845,1.0,1.0,0.014925373134328358,0.0,0.0,0.13,0.008,1
1.0,0.3373015873015873,0.12053571428571429,0.0,0.0,0.0,0.08333333333333333,0.2908771929824561,0.0,0.0,0.0,1.0,0.0,0.0,0.0,2
0.0,0.6150793650793651,0.25,0.0,0.0,0.9166666666666666,0.08333333333333333,0.10526315789473684,0.0,0.0,0.0,0.0,0.0,0.0,0.0,2
0.0,0.43523809523809526,0.23214285714285715,0.0,0.0,0.25,0.0,0.017543859649122806,1.0,1.0,0.04477611940298507,1.0,0.0,0.0725,0.0,1
1.0,0.0687301587301587,0.24107142857142858,0.5,0.5,0.5,0.0,0.0014035087719298247,0.0,0.0,0.0,0.0,0.0,0.07,0.0,2
1.0,0.156031746031746,0.016428571428571428,0.5,0.5,0.6666666666666666,0.0,0.09210526315789473,1.0,1.0,0.08955223880597014,1.0,0.0,0.104,0.00347,2
0.0,0.12698412698412698,0.41964285714285715,0.0,0.0,0.0,0.0,0.008771929824561403,0.0,0.0,0.0,1.0,0.0,0.09,0.0,2
0.0,0.1388888888888889,0.01482142857142857,0.0,0.0,0.25,0.0,0.011754385964912281,0.0,0.0,0.0,1.0,1.0,0.072,0.0,2
1.0,0.5622222222222223,0.08178571428571428,0.0,0.0,1.0,1.0,0.010175438596491228,0.0,0.0,0.0,0.0,0.0,0.1,3.0e-5,2
1.0,0.14809523809523806,0.0,0.0,0.0,0.4166666666666667,0.0,0.03508771929824561,0.0,1.0,0.16417910447761194,0.0,1.0,0.0,0.0,2
0.0,0.06619047619047622,0.36464285714285716,0.0,0.0,1.0,1.0,0.0,0.0,0.0,0.0,0.0,0.0,0.0,0.0005,2
1.0,0.23682539682539686,0.33339285714285716,0.0,0.0,0.25,0.08333333333333333,0.1987719298245614,1.0,1.0,0.08955223880597014,0.0,0.0,0.1905,0.00168,1
1.0,0.18253968253968253,0.03571428571428571,0.0,0.0,0.9166666666666666,0.0,0.017543859649122806,0.0,0.0,0.0,0.0,0.0,0.1,0.0,2
1.0,0.41,0.17857142857142858,0.0,0.0,1.0,1.0,0.0,0.0,1.0,0.029850746268656716,0.0,0.0,0.0085,1.0e-5,2
1.0,0.4087301587301587,0.15178571428571427,0.0,0.0,0.0,0.16666666666666666,0.22807017543859648,1.0,1.0,0.23880597014925373,0.0,0.0,0.0585,0.0121,1
1.0,0.1349206349206349,0.016428571428571428,0.0,0.0,0.4166666666666667,0.0,0.0043859649122807015,0.0,0.0,0.0,1.0,0.0,0.14,0.00055,2
1.0,0.42587301587301585,0.11750000000000001,0.0,0.0,0.5,0.0,0.12280701754385964,0.0,0.0,0.0,1.0,1.0,0.2,0.0,2
1.0,0.13222222222222219,0.02964285714285714,0.0,0.0,0.0,0.08333333333333333,0.07596491228070175,0.0,0.0,0.0,1.0,0.0,0.064,0.0,1
1.0,0.18920634920634924,0.010357142857142856,0.5,0.5,0.0,0.0,0.05263157894736842,0.0,0.0,0.0,1.0,0.0,0.08,0.0,2
1.0,0.3082539682539683,0.037142857142857144,0.0,0.0,0.5833333333333334,0.08333333333333333,0.22807017543859648,1.0,0.0,0.0,1.0,0.0,0.082,0.31285,1
1.0,0.43523809523809526,0.047678571428571424,0.0,0.0,0.08333333333333333,0.0,0.005789473684210527,0.0,0.0,0.0,0.0,0.0,0.084,0.0,2
0.0,0.15476190476190477,0.05357142857142857,0.0,0.0,0.6666666666666666,0.0,0.03070175438596491,0.0,0.0,0.0,1.0,0.0,0.08,0.0,2
0.0,0.5766666666666667,0.44785714285714284,0.0,0.0,0.9166666666666666,0.0,0.08035087719298245,1.0,1.0,0.04477611940298507,1.0,0.0,0.078,0.0,1
1.0,0.32412698412698415,0.09821428571428571,0.0,0.0,0.25,0.16666666666666666,0.08771929824561403,0.0,0.0,0.0,1.0,0.0,0.116,0.002,2
1.0,0.3253968253968254,0.10714285714285714,0.0,0.0,0.16666666666666666,0.08333333333333333,0.2601754385964912,1.0,0.0,0.0,1.0,0.0,0.0,0.0,1
0.0,0.6203174603174603,0.5357142857142857,0.0,0.0,0.0,0.0,0.19298245614035087,1.0,1.0,0.208955223880597,0.0,0.0,0.0,0.022,1
1.0,0.08857142857142855,0.38982142857142854,0.0,0.0,0.0,0.16666666666666666,0.020526315789473684,0.0,1.0,0.029850746268656716,1.0,0.0,0.1,7.0e-5,2
1.0,0.1336507936507937,0.4330357142857143,0.0,0.0,0.0,0.0,0.11701754385964912,0.0,1.0,0.029850746268656716,1.0,0.0,0.09,0.00173,2
1.0,0.15079365079365079,0.05357142857142857,0.0,0.0,0.25,0.0,0.08333333333333333,1.0,1.0,0.04477611940298507,1.0,0.0,0.0,0.00582,1
1.0,0.09000000000000002,0.25892857142857145,0.0,0.0,0.5,0.0,0.0014035087719298247,0.0,1.0,0.014925373134328358,0.0,0.0,0.05,1.0e-5,2
0.0,0.2619047619047619,0.19642857142857142,0.0,0.0,0.4166666666666667,0.0,0.19298245614035087,0.0,0.0,0.0,1.0,1.0,0.05,0.0,2
1.0,0.30158730158730157,0.05357142857142857,0.0,0.0,0.16666666666666666,0.08333333333333333,0.19298245614035087,1.0,1.0,0.04477611940298507,1.0,0.0,0.0,0.0,1
1.0,0.1534920634920635,0.02089285714285714,0.0,0.0,0.0,0.08333333333333333,0.0029824561403508773,1.0,0.0,0.0,0.0,0.0,0.09,0.0,2
1.0,0.08603174603174606,0.0,0.5,0.5,0.5,0.16666666666666666,0.0,0.0,0.0,0.0,1.0,1.0,0.25,1.0e-5,1
1.0,0.29634920634920636,0.10714285714285714,0.0,0.0,0.08333333333333333,0.0,0.005789473684210527,0.0,0.0,0.0,1.0,0.0,0.06,0.0,2
0.0,0.15873015873015872,0.025357142857142856,0.0,0.0,0.6666666666666666,0.0,0.008771929824561403,0.0,1.0,0.014925373134328358,1.0,0.0,0.12,4.0e-5,2
0.0,0.09396825396825399,0.0075,0.0,0.0,0.25,0.08333333333333333,0.010175438596491228,1.0,1.0,0.16417910447761194,0.0,0.0,0.04,0.00099,1
0.0,0.25,0.016428571428571428,0.0,0.0,0.4166666666666667,0.0,0.018947368421052633,1.0,1.0,0.05970149253731343,0.0,0.0,0.19,0.005,1
0.0,0.7433333333333333,0.5892857142857143,0.0,0.0,0.25,0.0,0.38596491228070173,1.0,0.0,0.0,1.0,0.0,0.0105,0.10561,1
1.0,0.3558730158730159,0.19642857142857142,0.0,0.0,0.25,0.16666666666666666,0.17543859649122806,0.0,0.0,0.0,0.0,0.0,0.105,0.00687,2
1.0,0.5873015873015873,0.02089285714285714,0.0,0.0,1.0,1.0,0.0,0.0,0.0,0.0,0.0,0.0,0.0725,0.0,2
1.0,0.30031746031746037,0.32142857142857145,0.5,0.5,0.6666666666666666,0.08333333333333333,0.18421052631578946,1.0,0.0,0.0,1.0,0.0,0.077,0.0,1
1.0,0.22349206349206346,0.14285714285714285,0.5,0.5,0.25,0.08333333333333333,0.20175438596491227,1.0,1.0,0.029850746268656716,1.0,0.0,0.0375,0.0,2
1.0,0.5384126984126985,0.08928571428571429,0.0,0.0,0.5,0.16666666666666666,0.08771929824561403,1.0,1.0,0.1791044776119403,1.0,0.0,0.205,0.0251,1
0.0,0.07142857142857142,0.35714285714285715,0.0,0.0,0.6666666666666666,0.0,0.03508771929824561,0.0,1.0,0.014925373134328358,0.0,0.0,0.06,1.0e-5,2
1.0,0.1865079365079365,0.013392857142857142,0.0,0.0,0.5,0.0,0.008771929824561403,1.0,1.0,0.04477611940298507,0.0,0.0,0.13,0.15108,1
1.0,0.16396825396825393,0.32142857142857145,0.0,0.0,0.9166666666666666,0.0,0.008771929824561403,0.0,0.0,0.0,1.0,0.0,0.0,0.0,2
0.0,0.03301587301587302,0.02089285714285714,0.0,0.0,0.0,0.08333333333333333,0.05263157894736842,1.0,1.0,0.029850746268656716,0.0,0.0,0.05,0.0,1
0.0,0.08206349206349209,0.33035714285714285,0.5,0.5,0.0,0.0,0.03508771929824561,1.0,1.0,0.05970149253731343,1.0,0.0,0.04,0.005,1
1.0,0.20634920634920634,0.07142857142857142,0.0,0.0,0.08333333333333333,0.0,0.02631578947368421,0.0,0.0,0.0,1.0,0.0,0.04,0.0,2
0.0,0.1349206349206349,0.044642857142857144,0.5,0.5,1.0,1.0,0.11403508771929824,0.0,0.0,0.0,0.0,0.0,0.14,0.0,2
1.0,0.28444444444444444,0.5773214285714285,0.0,0.0,0.08333333333333333,0.0,0.10526315789473684,1.0,1.0,0.13432835820895522,0.0,0.0,0.125,0.0073,1
1.0,0.03698412698412696,0.026785714285714284,0.0,0.0,0.0,0.0,0.06140350877192982,1.0,1.0,0.07462686567164178,1.0,0.0,0.176,0.0069,1
0.0,0.43777777777777777,0.03571428571428571,0.0,0.0,0.25,0.16666666666666666,0.07894736842105263,1.0,0.0,0.0,1.0,0.0,0.0,0.003,1
0.0,0.03301587301587302,0.27232142857142855,0.0,0.0,0.25,0.0,0.0043859649122807015,0.0,1.0,0.014925373134328358,1.0,0.0,0.0,0.0016,2
1.0,0.16142857142857145,0.02089285714285714,0.5,0.5,0.16666666666666666,0.08333333333333333,0.0043859649122807015,0.0,0.0,0.0,0.0,0.0,0.12,1.0e-5,2
0.0,0.08206349206349209,0.32142857142857145,0.0,0.0,0.9166666666666666,0.0,0.02631578947368421,1.0,1.0,0.029850746268656716,0.0,0.0,0.044,0.00591,1
0.0,0.14158730158730162,0.028214285714285716,0.0,0.0,0.25,0.0,0.0029824561403508773,0.0,0.0,0.0,0.0,0.0,0.072,0.0,2
1.0,0.2552380952380952,0.044642857142857144,0.5,0.5,0.4166666666666667,0.0,0.008771929824561403,0.0,0.0,0.0,0.0,0.0,0.112,0.0,2
1.0,0.12825396825396823,0.055,0.0,0.0,0.4166666666666667,0.0,0.0029824561403508773,0.0,0.0,0.0,1.0,0.0,0.178,0.0,2
1.0,0.283015873015873,0.026785714285714284,0.5,0.5,0.9166666666666666,0.0,0.12280701754385964,0.0,0.0,0.0,1.0,0.0,0.16,0.0,2
