0.0,0.5766666666666667,0.44785714285714284,0.0,0.0,0.9166666666666666,0.0,0.08035087719298245,1.0,1.0,0.04477611940298507,1.0,0.0,0.078,0.0,1
0.0,0.1349206349206349,0.044642857142857144,0.5,0.5,1.0,1.0,0.11403508771929824,0.0,0.0,0.0,0.0,0.0,0.14,0.0,2
0.0,0.14285714285714285,0.22017857142857142,0.0,0.0,0.9166666666666666,0.0,0.005789473684210527,0.0,0.0,0.0,0.0,0.0,0.11,0.01,2
1.0,0.1388888888888889,0.4107142857142857,0.5,0.5,0.5,0.0,0.05263157894736842,0.0,0.0,0.0,1.0,0.0,0.0,0.04,2
1.0,0.29634920634920636,0.10714285714285714,0.0,0.0,0.08333333333333333,0.0,0.005789473684210527,0.0,0.0,0.0,1.0,0.0,0.06,0.0,2
1.0,0.08603174603174606,0.14285714285714285,0.5,0.5,0.25,0.0,0.03508771929824561,0.0,0.0,0.0,1.0,0.0,0.18,0.01,2
1.0,0.46158730158730155,0.16517857142857142,0.0,0.0,0.25,0.0,0.1607017543859649,1.0,0.0,0.0,0.0,1.0,0.0,0.0,1
1.0,0.40746031746031747,0.06107142857142857,0.5,0.5,0.5,0.0,0.005789473684210527,0.0,0.0,0.0,0.0,1.0,0.2,0.0,2
0.0,0.034444444444444444,0.10267857142857142,0.0,0.0,0.25,0.0,0.0029824561403508773,0.0,0.0,0.0,0.0,0.0,0.06,0.0,2
1.0,0.2314285714285714,0.17857142857142858,0.0,0.0,0.6666666666666666,0.0,0.38596491228070173,1.0,0.0,0.0,1.0,0.0,0.035,0.0,1
1.0,0.3888888888888889,0.36160714285714285,0.5,0.5,0.4166666666666667,0.0,0.0043859649122807015,0.0,0.0,0.0,0.0,0.0,0.08,0.0,2
1.0,0.3253968253968254,0.10714285714285714,0.0,0.0,0.16666666666666666,0.08333333333333333,0.2601754385964912,1.0,0.0,0.0,1.0,0.0,0.0,0.0,1
1.0,0.28444444444444444,0.5773214285714285,0.0,0.0,0.08333333333333333,0.0,0.10526315789473684,1.0,1.0,0.13432835820895522,0.0,0.0,0.125,0.0073,1
1.0,0.25126984126984125,0.16071428571428573,0.0,0.0,0.6666666666666666,0.0,0.2631578947368421,1.0,1.0,0.029850746268656716,1.0,0.0,0.165,0.0,1
1.0,0.30158730158730157,0.08339285714285714,0.0,0.0,0.08333333333333333,0.08333333333333333,0.20175438596491227,0.0,0.0,0.0,1.0,0.0,0.146,0.0,2
1.0,0.05285714285714283,0.008928571428571428,0.0,0.0,0.25,0.0,0.011754385964912281,0.0,1.0,0.05970149253731343,0.0,0.0,0.08,8.0e-5,2
1.0,0.2261904761904762,0.07142857142857142,0.0,0.0,0.4166666666666667,0.08333333333333333,0.146140350877193,1.0,1.0,0.029850746268656716,1.0,0.0,0.0905,0.0,1
1.0,0.46825396825396826,0.9003571428571429,0.0,0.0,0.25,0.08333333333333333,0.007368421052631579,1.0,1.0,0.014925373134328358,0.0,0.0,0.38,0.0009,2
0.0,0.23682539682539686,0.037142857142857144,0.0,0.0,0.0,0.0,0.08771929824561403,1.0,1.0,0.07462686567164178,1.0,0.0,0.15,0.0143,1
1.0,0.4034920634920635,0.08928571428571429,0.5,0.5,0.25,0.08333333333333333,0.3508771929824561,0.0,0.0,0.0,1.0,1.0,0.1,0.0,2
0.0,0.18253968253968253,0.44642857142857145,0.0,0.0,0.08333333333333333,0.0,0.03508771929824561,0.0,0.0,0.0,1.0,0.0,0.09,0.01062,2
0.0,0.1388888888888889,0.30357142857142855,0.0,0.0,0.25,0.0,0.06140350877192982,1.0,1.0,0.14925373134328357,0.0,0.0,0.04,0.0099,2
1.0,0.18523809523809526,0.019285714285714288,0.0,0.0,0.6666666666666666,0.0,0.005789473684210527,0.0,1.0,0.014925373134328358,0.0,0.0,0.136,0.00444,2
1.0,0.41539682539682543,0.019285714285714288,0.5,0.5,0.9166666666666666,0.0,0.017543859649122806,1.0,1.0,0.04477611940298507,0.0,0.0,0.1,0.01,1
1.0,0.17063492063492064,0.47625,0.5,0.5,0.9166666666666666,0.0,0.0014035087719298247,0.0,0.0,0.0,1.0,0.0,0.06,0.00475,2
1.0,0.6931746031746032,0.30357142857142855,0.0,0.0,0.8333333333333334,0.08333333333333333,0.24561403508771928,1.0,1.0,0.04477611940298507,0.0,0.0,0.0,0.0,1
1.0,0.32269841269841265,0.002857142857142857,0.5,0.5,0.5,0.16666666666666666,0.0014035087719298247,1.0,1.0,0.014925373134328358,1.0,0.0,0.14,0.02,1
1.0,0.27507936507936503,0.11017857142857143,0.0,0.0,0.0,0.0,0.08771929824561403,0.0,1.0,0.029850746268656716,1.0,0.0,0.08,0.00041,2
1.0,0.6706349206349206,0.44642857142857145,0.0,0.0,0.4166666666666667,0.08333333333333333,0.2807017543859649,1.0,0.0,0.0,1.0,0.0,0.012,0.02028,1
1.0,0.03968253968253968,0.02982142857142857,0.0,0.0,0.5,0.0,0.0029824561403508773,1.0,0.0,0.0,0.0,1.0,0.1,0.0,2
0.0,0.14682539682539683,0.06553571428571428,0.0,0.0,0.3333333333333333,0.3333333333333333,0.0,0.0,1.0,0.014925373134328358,0.0,0.0,0.1,0.00053,2
1.0,0.08857142857142855,0.3392857142857143,0.0,0.0,0.25,0.0,0.03508771929824561,1.0,0.0,0.0,1.0,0.0,0.03,0.004,1
1.0,0.16142857142857145,0.02089285714285714,0.5,0.5,0.16666666666666666,0.08333333333333333,0.0043859649122807015,0.0,0.0,0.0,0.0,0.0,0.12,1.0e-5,2
1.0,0.21428571428571427,0.056607142857142856,0.0,0.0,0.16666666666666666,0.08333333333333333,0.0643859649122807,1.0,1.0,0.1791044776119403,1.0,0.0,0.2915,0.00713,1
1.0,0.1812698412698413,0.10714285714285714,0.0,0.0,0.0,0.0,0.043859649122807015,0.0,1.0,0.014925373134328358,0.0,0.0,0.0,0.00022,2
1.0,0.31476190476190474,0.011964285714285715,0.5,0.5,0.16666666666666666,0.0,0.0029824561403508773,0.0,0.0,0.0,0.0,0.0,0.09,0.0,2
1.0,0.5528571428571428,0.007321428571428571,0.5,0.5,0.4166666666666667,0.0,0.008771929824561403,1.0,1.0,0.16417910447761194,0.0,0.0,0.19,0.02732,1
0.0,0.6877777777777777,0.011964285714285715,0.0,0.0,0.25,0.16666666666666666,0.03508771929824561,1.0,0.0,0.0,1.0,0.0,0.126,0.02197,2
0.0,0.17857142857142858,0.39285714285714285,0.5,0.5,0.9166666666666666,0.0,0.15789473684210525,1.0,0.0,0.0,0.0,0.0,0.06,0.0,2
1.0,0.3492063492063492,0.08625000000000001,0.0,0.0,0.6666666666666666,0.0,0.0043859649122807015,0.0,1.0,0.029850746268656716,0.0,0.0,0.11,1.0e-5,2
0.0,0.14555555555555558,0.41375,0.0,0.0,0.16666666666666666,0.0,0.0014035087719298247,1.0,0.0,0.0,0.0,0.0,0.04,0.01349,1
1.0,0.08603174603174606,0.0,0.5,0.5,0.5,0.16666666666666666,0.0,0.0,0.0,0.0,1.0,1.0,0.25,1.0e-5,1
1.0,0.156031746031746,0.06392857142857143,0.0,0.0,0.0,0.0,0.018947368421052633,0.0,0.0,0.0,1.0,0.0,0.068,1.0e-5,2
1.0,0.28444444444444444,0.02964285714285714,0.0,0.0,0.75,0.0,0.04684210526315789,1.0,1.0,0.11940298507462686,1.0,0.0,0.1515,0.0329,1
1.0,0.3558730158730159,0.6473214285714286,0.0,0.0,0.6666666666666666,0.0,0.0029824561403508773,0.0,0.0,0.0,0.0,0.0,0.16,0.03552,2
1.0,0.1349206349206349,0.32142857142857145,0.0,0.0,0.9166666666666666,0.0,0.0029824561403508773,0.0,0.0,0.0,0.0,0.0,0.0,0.0,2
1.0,0.40476190476190477,0.3392857142857143,0.0,0.0,0.5,0.0,0.22807017543859648,1.0,1.0,0.208955223880597,0.0,0.0,0.12,0.04607,1
1.0,0.3558730158730159,0.015,0.5,0.5,0.6666666666666666,0.0,0.010175438596491228,0.0,0.0,0.0,1.0,0.0,0.1545,2.0e-5,2
1.0,0.15079365079365079,0.14285714285714285,0.0,0.0,0.0,0.16666666666666666,0.008771929824561403,1.0,0.0,0.0,1.0,0.0,0.08,0.0,1
1.0,0.17190476190476187,0.044642857142857144,0.0,0.0,0.0,0.0,0.008771929824561403,0.0,0.0,0.0,0.0,0.0,0.055,0.0,2
1.0,0.07666666666666663,0.3675,0.0,0.0,1.0,1.0,0.01456140350877193,0.0,0.0,0.0,0.0,0.0,0.04,0.0,2
0.0,0.39952380952380956,0.05946428571428571,0.0,0.0,0.9166666666666666,0.0,0.008771929824561403,0.0,0.0,0.0,0.0,0.0,0.0,0.0039,2
1.0,0.2711111111111111,0.0,0.0,0.0,0.6666666666666666,0.0,0.043859649122807015,1.0,1.0,0.014925373134328358,0.0,0.0,0.101,0.0,1
0.0,0.16396825396825393,0.017857142857142856,0.0,0.0,0.25,0.08333333333333333,0.043859649122807015,1.0,1.0,0.014925373134328358,0.0,0.0,0.0,0.00678,1
1.0,0.15873015873015872,0.01482142857142857,0.5,0.5,0.0,0.0,0.0014035087719298247,0.0,1.0,0.029850746268656716,0.0,0.0,0.064,6.0e-5,2
0.0,0.4298412698412698,0.35714285714285715,0.0,0.0,0.25,0.08333333333333333,0.06140350877192982,1.0,0.0,0.0,0.0,0.0,0.0145,0.00837,1
1.0,0.49603174603174605,0.30357142857142855,0.0,0.0,0.16666666666666666,0.08333333333333333,0.49122807017543857,1.0,1.0,0.014925373134328358,1.0,0.0,0.044,0.02,1
1.0,0.41539682539682543,0.17857142857142858,0.0,0.0,0.25,0.16666666666666666,0.007368421052631579,0.0,0.0,0.0,0.0,0.0,0.275,0.0,2
0.0,0.2195238095238095,0.10714285714285714,0.0,0.0,0.5,0.0,0.09789473684210527,0.0,1.0,0.014925373134328358,1.0,0.0,0.14,0.0001,2
0.0,0.25,0.016428571428571428,0.0,0.0,0.4166666666666667,0.0,0.018947368421052633,1.0,1.0,0.05970149253731343,0.0,0.0,0.19,0.005,1
0.0,0.36507936507936506,0.1682142857142857,0.0,0.0,1.0,1.0,0.0,0.0,0.0,0.0,0.0,0.0,0.08,0.0,2
0.0,0.3492063492063492,0.03267857142857143,0.0,0.0,0.9166666666666666,0.0,0.02631578947368421,1.0,1.0,0.05970149253731343,0.0,0.0,0.0,0.01583,1
1.0,0.25920634920634916,0.037142857142857144,0.5,0.5,0.25,0.16666666666666666,0.017543859649122806,1.0,1.0,0.14925373134328357,1.0,0.0,0.066,0.00028,2
1.0,0.12825396825396823,0.055,0.0,0.0,0.4166666666666667,0.0,0.0029824561403508773,0.0,0.0,0.0,1.0,0.0,0.178,0.0,2
0.0,0.11238095238095236,0.30357142857142855,0.0,0.0,0.0,0.0,0.005789473684210527,0.0,0.0,0.0,0.0,0.0,0.0,0.00351,2
0.0,0.10984126984126986,0.06553571428571428,0.0,0.0,0.25,0.0,0.0731578947368421,1.0,1.0,0.07462686567164178,0.0,0.0,0.11,0.02503,1
1.0,0.32269841269841265,0.23214285714285715,0.0,0.0,0.9166666666666666,0.0,0.0043859649122807015,1.0,0.0,0.0,1.0,0.0,0.2215,0.0,2
1.0,0.1177777777777778,0.03125,0.5,0.5,0.0,0.08333333333333333,0.008771929824561403,0.0,0.0,0.0,0.0,0.0,0.14,0.00204,2
0.0,0.17857142857142858,0.44035714285714284,0.0,0.0,0.16666666666666666,0.08333333333333333,0.12280701754385964,1.0,1.0,0.08955223880597014,0.0,0.0,0.2,0.00458,1
1.0,0.35714285714285715,0.17857142857142858,0.0,0.0,0.0,0.16666666666666666,0.08771929824561403,1.0,1.0,0.08955223880597014,0.0,0.0,0.0,0.00367,1
1.0,0.2050793650793651,0.5208928571428572,0.0,0.0,0.25,0.16666666666666666,0.0,0.0,0.0,0.0,1.0,0.0,0.089,0.0,2
1.0,0.3941269841269841,0.11910714285714286,0.0,0.0,0.6666666666666666,0.0,0.14035087719298245,1.0,1.0,0.208955223880597,0.0,0.0,0.1915,0.01344,1
0.0,0.18380952380952378,0.07446428571428572,0.0,0.0,0.0,0.08333333333333333,0.09649122807017543,1.0,0.0,0.0,1.0,0.0,0.18,1.0e-5,2
1.0,0.11904761904761904,0.05357142857142857,0.0,0.0,0.6666666666666666,0.0,0.05263157894736842,0.0,0.0,0.0,0.0,0.0,0.075,8.0e-5,1
1.0,0.3373015873015873,0.08928571428571429,0.0,0.0,0.25,0.0,0.03508771929824561,0.0,0.0,0.0,1.0,0.0,0.105,0.0,2
1.0,0.17857142857142858,0.44642857142857145,0.0,0.0,0.9166666666666666,0.0,0.10526315789473684,1.0,0.0,0.0,1.0,1.0,0.01,0.0,1
1.0,0.2552380952380952,0.044642857142857144,0.5,0.5,0.4166666666666667,0.0,0.008771929824561403,0.0,0.0,0.0,0.0,0.0,0.112,0.0,2
0.0,0.216984126984127,0.5178571428571429,0.0,0.0,0.75,0.08333333333333333,0.10824561403508771,1.0,1.0,0.014925373134328358,0.0,0.0,0.06,0.00011,1
1.0,0.4603174603174603,0.14589285714285713,0.0,0.0,0.9166666666666666,0.0,0.0014035087719298247,0.0,0.0,0.0,0.0,0.0,0.054,0.001,2
1.0,0.466984126984127,0.08035714285714286,0.0,0.0,0.25,0.16666666666666666,0.02631578947368421,1.0,0.0,0.0,0.0,0.0,0.28,0.0,2
1.0,0.6004761904761905,0.5357142857142857,0.0,0.0,0.0,0.0,0.2982456140350877,1.0,1.0,0.13432835820895522,0.0,0.0,0.0,0.0,1
0.0,0.1679365079365079,0.08928571428571429,0.5,0.5,0.25,0.16666666666666666,0.15789473684210525,0.0,0.0,0.0,0.0,0.0,0.1,0.00456,2
1.0,0.24603174603174602,0.4642857142857143,0.0,0.0,0.08333333333333333,0.08333333333333333,0.017543859649122806,0.0,0.0,0.0,0.0,0.0,0.114,0.0,2
0.0,0.15476190476190477,0.05357142857142857,0.0,0.0,0.6666666666666666,0.0,0.03070175438596491,0.0,0.0,0.0,1.0,0.0,0.08,0.0,2
0.0,0.12571428571428575,0.4107142857142857,0.5,0.5,0.3333333333333333,0.3333333333333333,0.0,1.0,1.0,0.16417910447761194,1.0,0.0,0.0,0.0,1
1.0,0.22349206349206346,0.05357142857142857,0.0,0.0,0.6666666666666666,0.0,0.07017543859649122,1.0,1.0,0.16417910447761194,1.0,0.0,0.217,0.00035,1
0.0,0.5131746031746032,0.10714285714285714,0.0,0.0,0.0,0.0,0.08333333333333333,1.0,1.0,0.11940298507462686,1.0,0.0,0.198,0.04159,1
1.0,0.16142857142857145,0.05357142857142857,0.0,0.0,0.08333333333333333,0.08333333333333333,0.06578947368421052,1.0,1.0,0.08955223880597014,0.0,0.0,0.1,0.00327,1
1.0,0.32412698412698415,0.09821428571428571,0.0,0.0,0.25,0.16666666666666666,0.08771929824561403,0.0,0.0,0.0,1.0,0.0,0.116,0.002,2
1.0,0.4166666666666667,0.23214285714285715,0.0,0.0,0.9166666666666666,0.16666666666666666,0.12280701754385964,1.0,1.0,0.014925373134328358,0.0,0.0,0.0,0.005,1
1.0,0.03841269841269844,0.0014285714285714286,0.0,0.0,0.0,0.0,0.0014035087719298247,0.0,0.0,0.0,0.0,0.0,0.0,0.0,1
1.0,0.6150793650793651,0.23214285714285715,0.0,0.0,0.4166666666666667,0.0,0.22070175438596493,1.0,1.0,0.22388059701492538,0.0,0.0,0.0,0.11202,1
1.0,0.13222222222222219,0.02964285714285714,0.0,0.0,0.0,0.08333333333333333,0.07596491228070175,0.0,0.0,0.0,1.0,0.0,0.064,0.0,1
1.0,0.14285714285714285,0.4107142857142857,0.0,0.0,0.25,0.0,0.01456140350877193,0.0,0.0,0.0,0.0,0.0,0.0,0.0,2
0.0,0.8717460317460318,0.5357142857142857,0.0,0.0,0.8333333333333334,0.3333333333333333,0.0,1.0,1.0,0.208955223880597,0.0,0.0,0.0,0.03376,1
1.0,0.6123809523809524,0.049107142857142856,0.5,0.5,0.0,0.08333333333333333,0.3319298245614035,1.0,0.0,0.0,1.0,0.0,0.1,0.001,2
1.0,0.2050793650793651,0.0625,0.5,0.5,0.0,0.0,0.03508771929824561,1.0,1.0,0.07462686567164178,1.0,0.0,0.08,0.05777,1
0.0,0.0806349206349206,0.3392857142857143,0.0,0.0,0.6666666666666666,0.0,0.05701754385964912,1.0,1.0,0.08955223880597014,1.0,0.0,0.02,0.006,1
1.0,0.42587301587301585,0.17857142857142858,0.0,0.0,0.0,0.0,0.17543859649122806,1.0,1.0,0.1044776119402985,0.0,0.0,0.0,0.03065,1
0.0,0.2777777777777778,0.13392857142857142,0.0,0.0,0.16666666666666666,0.08333333333333333,0.021929824561403508,1.0,1.0,0.13432835820895522,1.0,0.0,0.0905,0.0,1
0.0,0.17190476190476187,0.02392857142857143,0.0,0.0,0.9166666666666666,0.08333333333333333,0.06140350877192982,1.0,0.0,0.0,0.0,0.0,0.2,0.0,2
1.0,0.41,0.4969642857142857,0.0,0.0,0.6666666666666666,0.0,0.3026315789473684,1.0,1.0,0.08955223880597014,1.0,0.0,0.035,0.0,1
1.0,0.1058730158730159,0.03875,0.0,0.0,0.25,0.0,0.05263157894736842,0.0,0.0,0.0,0.0,0.0,0.054,7.0e-5,2
0.0,0.23809523809523808,0.13392857142857142,0.0,0.0,0.0,0.0,0.03807017543859649,1.0,1.0,0.014925373134328358,1.0,0.0,0.1855,0.0,1
0.0,0.11238095238095236,0.10714285714285714,0.0,0.0,0.9166666666666666,0.0,0.0014035087719298247,1.0,0.0,0.0,0.0,0.0,0.05,0.0,1
1.0,0.44968253968253963,0.037142857142857144,0.0,0.0,0.6666666666666666,0.0,0.17543859649122806,1.0,1.0,0.08955223880597014,1.0,0.0,0.25,0.1,1
1.0,0.32412698412698415,0.055,0.0,0.0,0.16666666666666666,0.0,0.05403508771929825,1.0,1.0,0.014925373134328358,1.0,0.0,0.26,0.5,1
1.0,0.3320634920634921,0.038571428571428576,0.0,0.0,0.5,0.0,0.040877192982456144,0.0,0.0,0.0,0.0,1.0,0.014,0.0,2
1.0,0.14809523809523806,0.0,0.0,0.0,0.4166666666666667,0.0,0.03508771929824561,0.0,1.0,0.16417910447761194,0.0,1.0,0.0,0.0,2
0.0,0.25,0.03875,0.5,0.5,0.75,0.0,0.03508771929824561,0.0,0.0,0.0,0.0,0.0,0.14,0.00013,2
1.0,0.37174603174603177,0.14285714285714285,0.0,0.0,0.0,0.16666666666666666,0.17543859649122806,1.0,0.0,0.0,1.0,1.0,0.14,0.0,2
1.0,0.49873015873015875,0.05357142857142857,0.0,0.0,0.0,0.0,0.08771929824561403,1.0,0.0,0.0,1.0,0.0,0.07,0.0,2
0.0,0.5726984126984127,0.48517857142857146,0.0,0.0,0.4166666666666667,0.08333333333333333,0.2982456140350877,1.0,0.0,0.0,1.0,0.0,0.0,0.0,1
1.0,0.2909523809523809,0.14285714285714285,0.0,0.0,0.5,0.0,0.08771929824561403,1.0,0.0,0.0,1.0,0.0,0.18,0.0,1
1.0,0.41539682539682543,0.22178571428571428,0.0,0.0,0.25,0.0,0.0014035087719298247,1.0,1.0,0.014925373134328358,0.0,0.0,0.1,0.003,1
0.0,0.15873015873015872,0.025357142857142856,0.0,0.0,0.6666666666666666,0.0,0.008771929824561403,0.0,1.0,0.014925373134328358,1.0,0.0,0.12,4.0e-5,2
1.0,0.07269841269841266,0.04321428571428571,0.5,0.5,0.8333333333333334,0.4166666666666667,0.0,0.0,0.0,0.0,0.0,0.0,0.05,0.0,2
1.0,0.14285714285714285,0.39285714285714285,0.0,0.0,0.25,0.0,0.08771929824561403,1.0,1.0,0.1044776119402985,1.0,0.0,0.05,0.00809,1
1.0,0.18777777777777774,0.011964285714285715,0.0,0.0,0.4166666666666667,0.08333333333333333,0.12280701754385964,0.0,0.0,0.0,1.0,0.0,0.17,0.0,2
1.0,0.23809523809523808,0.05357142857142857,0.5,0.5,0.0,0.0,0.05263157894736842,1.0,0.0,0.0,1.0,0.0,0.0,0.00225,2
0.0,0.30952380952380953,0.10714285714285714,0.5,0.5,0.9166666666666666,0.0,0.07017543859649122,0.0,0.0,0.0,0.0,0.0,0.09,0.0,2
0.0,0.26857142857142857,0.42857142857142855,0.0,0.0,0.0,0.0,0.07017543859649122,1.0,1.0,0.014925373134328358,0.0,0.0,0.11,0.00019,1
1.0,0.14682539682539683,0.026785714285714284,0.0,0.0,0.5,0.0,0.017543859649122806,1.0,0.0,0.0,1.0,1.0,0.16,0.0,2
0.0,0.2646031746031746,0.049107142857142856,0.0,0.0,0.6666666666666666,0.08333333333333333,0.0014035087719298247,0.0,1.0,0.04477611940298507,0.0,0.0,0.0,0.00033,2
0.0,0.17857142857142858,0.03125,0.0,0.0,0.75,0.08333333333333333,0.03649122807017544,1.0,0.0,0.0,1.0,0.0,0.08,0.0586,1
0.0,0.09253968253968252,0.02375,0.5,0.5,0.0,0.0,0.03508771929824561,0.0,1.0,0.014925373134328358,0.0,0.0,1.0,2.0e-5,2
0.0,0.15079365079365079,0.20982142857142858,0.0,0.0,0.25,0.0,0.11122807017543859,1.0,1.0,0.14925373134328357,0.0,0.0,0.06,0.00245,1
1.0,0.28841269841269845,0.15928571428571428,0.0,0.0,0.16666666666666666,0.08333333333333333,0.21192982456140352,1.0,1.0,0.04477611940298507,0.0,0.0,0.1555,0.003,1
1.0,0.3082539682539683,0.10857142857142857,0.5,0.5,0.0,0.08333333333333333,0.07157894736842105,1.0,1.0,0.014925373134328358,1.0,0.0,0.09,0.18027,1
1.0,0.7288888888888889,0.055,0.0,0.0,0.25,0.0,0.0043859649122807015,1.0,0.0,0.0,1.0,0.0,0.13,0.0,1
1.0,0.46825396825396826,0.10714285714285714,0.0,0.0,0.25,0.08333333333333333,0.21052631578947367,1.0,1.0,0.16417910447761194,0.0,0.0,0.04,0.0,1
1.0,0.2222222222222222,0.046071428571428576,0.0,0.0,0.4166666666666667,0.08333333333333333,0.008771929824561403,0.0,0.0,0.0,1.0,1.0,0.07,0.0,2
0.0,0.23539682539682538,0.12642857142857142,0.0,0.0,0.25,0.16666666666666666,0.017543859649122806,1.0,0.0,0.0,1.0,0.0,0.0855,0.0,2
1.0,0.39952380952380956,0.0625,0.0,0.0,0.4166666666666667,0.0,0.017543859649122806,0.0,0.0,0.0,1.0,0.0,0.15,2.0e-5,2
1.0,0.22095238095238098,0.026785714285714284,0.0,0.0,0.25,0.08333333333333333,0.005789473684210527,0.0,0.0,0.0,1.0,0.0,0.11,0.00251,2
1.0,0.13222222222222219,0.08339285714285714,0.0,0.0,0.4166666666666667,0.0,0.02631578947368421,0.0,0.0,0.0,0.0,0.0,0.09,0.0,2
1.0,0.26063492063492066,0.017857142857142856,0.0,0.0,0.0,0.0,0.06140350877192982,1.0,1.0,0.16417910447761194,0.0,0.0,0.016,0.0054,1
1.0,0.5555555555555556,0.30357142857142855,0.0,0.0,0.0,0.08333333333333333,0.43859649122807015,1.0,1.0,0.13432835820895522,0.0,0.0,0.0905,0.01655,1
1.0,0.7115873015873015,0.09678571428571428,0.0,0.0,0.0,0.0,0.08473684210526317,0.0,0.0,0.0,1.0,0.0,0.16,0.0,2
1.0,0.10984126984126986,0.02982142857142857,0.5,0.5,0.0,0.0,0.07017543859649122,0.0,0.0,0.0,1.0,1.0,0.12,0.0,2
1.0,0.18920634920634924,0.44642857142857145,0.0,0.0,0.16666666666666666,0.0,0.04245614035087719,1.0,1.0,1.0,1.0,0.0,0.07,0.00258,1
1.0,0.08603174603174606,0.3392857142857143,0.0,0.0,0.6666666666666666,0.0,0.05263157894736842,1.0,0.0,0.0,0.0,0.0,0.06,0.02206,1
0.0,0.12698412698412698,0.0625,0.5,0.5,0.3333333333333333,0.3333333333333333,0.0,0.0,0.0,0.0,0.0,0.0,0.08,0.0,2
1.0,0.09126984126984126,0.3423214285714286,0.0,0.0,0.9166666666666666,0.0,0.027719298245614036,0.0,0.0,0.0,0.0,0.0,0.04,0.0035,2
0.0,0.33460317460317457,0.044642857142857144,0.5,0.5,0.25,0.08333333333333333,0.017543859649122806,0.0,0.0,0.0,1.0,0.0,0.08,0.0,2
0.0,0.1798412698412698,0.09071428571428572,0.5,0.5,0.9166666666666666,0.0,0.008771929824561403,1.0,0.0,0.0,1.0,0.0,0.185,0.0,1
1.0,0.45634920634920634,0.1755357142857143,0.5,0.5,0.6666666666666666,0.0,0.11105263157894738,1.0,0.0,0.0,1.0,0.0,0.026,0.01442,1
0.0,0.38095238095238093,0.19642857142857142,0.0,0.0,0.25,0.0,0.0043859649122807015,1.0,0.0,0.0,1.0,0.0,0.114,0.0,1
1.0,0.1336507936507937,0.4330357142857143,0.0,0.0,0.0,0.0,0.11701754385964912,0.0,1.0,0.029850746268656716,1.0,0.0,0.09,0.00173,2
1.0,0.8571428571428571,0.19642857142857142,0.0,0.0,0.8333333333333334,0.3333333333333333,0.45614035087719296,1.0,1.0,0.014925373134328358,1.0,0.0,0.0,0.0,1
1.0,0.24603174603174602,0.5282142857142856,0.0,0.0,0.9166666666666666,0.0,0.17684210526315788,1.0,1.0,0.07462686567164178,1.0,0.0,0.084,0.0,1
1.0,0.4034920634920635,0.06107142857142857,0.0,0.0,0.75,0.0,0.0043859649122807015,1.0,1.0,0.07462686567164178,1.0,0.0,0.24,0.0,1
1.0,0.29365079365079366,0.5,0.5,0.5,1.0,1.0,0.0,0.0,1.0,0.029850746268656716,0.0,0.0,0.08,1.0e-5,2
1.0,0.20904761904761907,0.08035714285714286,0.0,0.0,0.25,0.16666666666666666,0.017543859649122806,0.0,0.0,0.0,1.0,0.0,0.32,0.04,2
0.0,0.49603174603174605,0.16375,0.0,0.0,0.4166666666666667,0.08333333333333333,0.03508771929824561,0.0,0.0,0.0,1.0,1.0,0.12,0.0,2
1.0,0.09396825396825399,0.013392857142857142,0.0,0.0,0.25,0.0,0.07017543859649122,1.0,1.0,0.029850746268656716,1.0,0.0,0.04,0.0,1
1.0,0.4007936507936508,0.17857142857142858,0.0,0.0,0.16666666666666666,0.0,0.12280701754385964,1.0,1.0,0.14925373134328357,1.0,0.0,0.0,0.0,1
1.0,0.2407936507936508,0.013392857142857142,0.0,0.0,0.0,0.0,0.010175438596491228,0.0,0.0,0.0,0.0,0.0,0.11,0.0014,2
1.0,0.283015873015873,0.026785714285714284,0.5,0.5,0.9166666666666666,0.0,0.12280701754385964,0.0,0.0,0.0,1.0,0.0,0.16,0.0,2
1.0,0.14015873015873012,0.05357142857142857,0.5,0.5,0.9166666666666666,0.0,0.018947368421052633,0.0,0.0,0.0,1.0,0.0,0.06,0.00067,2
1.0,0.6480952380952381,0.33625,0.0,0.0,1.0,1.0,0.5057894736842105,1.0,1.0,0.16417910447761194,1.0,0.0,0.015,0.003,1
1.0,0.3757142857142857,0.07285714285714286,0.0,0.0,0.6666666666666666,0.0,0.0014035087719298247,1.0,0.0,0.0,1.0,0.0,0.2,0.058,1
1.0,0.1203174603174603,0.375,0.0,0.0,0.0,0.0,0.10526315789473684,1.0,0.0,0.0,1.0,0.0,0.0,0.0,1
1.0,0.16396825396825393,0.03125,0.0,0.0,0.5,0.0,0.0029824561403508773,0.0,1.0,0.05970149253731343,0.0,0.0,0.127,0.0195,2
1.0,0.28698412698412695,0.0014285714285714286,0.5,0.5,0.5,0.0,0.0014035087719298247,0.0,0.0,0.0,0.0,0.0,0.0,0.0,2
1.0,0.18380952380952378,0.020714285714285713,0.0,0.0,0.0,0.0,0.010175438596491228,1.0,1.0,0.1044776119402985,1.0,0.0,0.048,0.05124,1
1.0,0.16936507936507939,0.07142857142857142,0.0,0.0,0.8333333333333334,0.4166666666666667,0.005789473684210527,0.0,1.0,0.029850746268656716,0.0,0.0,0.16,0.013,2
0.0,0.5225396825396825,0.016428571428571428,0.0,0.0,0.16666666666666666,0.08333333333333333,0.01456140350877193,1.0,1.0,0.16417910447761194,1.0,0.0,0.22,6.0e-5,1
1.0,0.19047619047619047,0.026785714285714284,0.0,0.0,0.0,0.16666666666666666,0.008771929824561403,1.0,0.0,0.0,0.0,0.0,0.1745,0.00023,1
0.0,0.2857142857142857,0.10714285714285714,0.5,0.5,0.3333333333333333,0.3333333333333333,0.0,0.0,0.0,0.0,0.0,0.0,0.08,0.0002,2
1.0,0.13222222222222219,0.39285714285714285,0.0,0.0,0.16666666666666666,0.0,0.023333333333333334,1.0,0.0,0.0,0.0,0.0,0.05,0.0,1
1.0,0.2671428571428571,0.09678571428571428,0.5,0.5,0.5,0.0,0.0043859649122807015,0.0,0.0,0.0,1.0,1.0,0.04,0.0,2
0.0,0.34,0.13392857142857142,0.0,0.0,1.0,1.0,0.0,0.0,1.0,0.08955223880597014,0.0,0.0,0.0,0.002,2
1.0,0.21031746031746032,0.05357142857142857,0.5,0.5,0.6666666666666666,0.0,0.013157894736842105,1.0,0.0,0.0,1.0,0.0,0.13,0.01065,1
1.0,0.3742857142857143,0.09517857142857143,0.0,0.0,0.16666666666666666,0.0,0.005789473684210527,0.0,0.0,0.0,1.0,0.0,0.0,0.00501,2
0.0,0.17063492063492064,0.08625000000000001,0.5,0.5,0.0,0.0,0.0,0.0,0.0,0.0,0.0,0.0,0.06,0.0,2
0.0,0.1388888888888889,0.30214285714285716,0.5,0.5,0.75,0.0,0.0863157894736842,0.0,0.0,0.0,0.0,0.0,0.082,0.0,1
1.0,0.5449206349206349,0.13392857142857142,0.0,0.0,0.25,0.16666666666666666,0.03508771929824561,0.0,0.0,0.0,0.0,0.0,0.05,2.0e-5,2
0.0,0.25793650793650796,0.18892857142857142,0.0,0.0,0.8333333333333334,0.4166666666666667,0.07894736842105263,1.0,1.0,0.07462686567164178,1.0,0.0,0.0495,0.005,1
1.0,0.26063492063492066,0.03875,0.5,0.5,0.0,0.0,0.0014035087719298247,0.0,0.0,0.0,0.0,0.0,0.085,0.00179,2
1.0,0.4312698412698413,0.017857142857142856,0.5,0.5,0.5,0.0,0.017543859649122806,0.0,0.0,0.0,1.0,0.0,0.065,0.0,2
1.0,0.24873015873015875,0.044642857142857144,0.0,0.0,0.0,0.08333333333333333,0.008771929824561403,0.0,1.0,0.029850746268656716,1.0,0.0,0.2,0.00108,2
1.0,0.48412698412698413,0.39285714285714285,0.5,0.5,0.08333333333333333,0.0,0.05263157894736842,1.0,0.0,0.0,0.0,1.0,0.0,0.0,2
1.0,0.2195238095238095,0.11607142857142858,0.5,0.5,0.25,0.08333333333333333,0.17842105263157895,0.0,1.0,0.029850746268656716,1.0,0.0,0.1845,1.0e-5,2
1.0,0.32142857142857145,0.16071428571428573,0.0,0.0,0.9166666666666666,0.0,0.03508771929824561,1.0,0.0,0.0,1.0,0.0,0.12,0.0,2
1.0,0.2552380952380952,0.125,0.0,0.0,0.0,0.0,0.005789473684210527,0.0,0.0,0.0,0.0,0.0,0.108,0.0,2
0.0,0.3068253968253968,0.16517857142857142,0.0,0.0,0.25,0.08333333333333333,0.05701754385964912,1.0,1.0,0.029850746268656716,0.0,0.0,0.0,0.0,1
0.0,0.3742857142857143,0.08928571428571429,0.0,0.0,0.25,0.08333333333333333,0.007368421052631579,0.0,0.0,0.0,0.0,0.0,0.13,0.00246,2
1.0,0.22095238095238098,0.07142857142857142,0.0,0.0,0.75,0.08333333333333333,0.03508771929824561,1.0,1.0,0.05970149253731343,0.0,0.0,0.07,0.07544,1
1.0,0.4087301587301587,0.15178571428571427,0.0,0.0,0.0,0.16666666666666666,0.22807017543859648,1.0,1.0,0.23880597014925373,0.0,0.0,0.0585,0.0121,1
1.0,0.5488888888888889,0.42857142857142855,0.0,0.0,0.5,0.0,0.5614035087719298,1.0,0.0,0.0,0.0,1.0,0.055,0.0,1
0.0,0.39015873015873015,0.15767857142857142,0.0,0.0,0.0,0.0,0.0043859649122807015,0.0,0.0,0.0,0.0,0.0,0.08,0.0,2
0.0,0.6666666666666666,0.25285714285714284,0.0,0.0,0.4166666666666667,0.08333333333333333,0.23684210526315788,1.0,1.0,0.04477611940298507,1.0,0.0,0.05,0.0005,2
1.0,0.1203174603174603,0.26785714285714285,0.0,0.0,0.9166666666666666,0.0,0.04964912280701755,1.0,1.0,0.014925373134328358,0.0,0.0,0.04,0.098,1
1.0,0.5687301587301588,0.6785714285714286,0.0,0.0,1.0,1.0,0.0,1.0,1.0,0.014925373134328358,0.0,0.0,0.047,0.0,2
0.0,0.5396825396825397,0.2857142857142857,0.0,0.0,0.0,0.0,0.27631578947368424,1.0,1.0,0.08955223880597014,1.0,0.0,0.0,0.0126,1
0.0,0.1534920634920635,0.028214285714285716,0.5,0.5,0.25,0.0,0.05263157894736842,1.0,1.0,0.029850746268656716,1.0,0.0,0.04,0.004,1
1.0,0.2050793650793651,0.15178571428571427,0.0,0.0,0.16666666666666666,0.0,0.15052631578947367,1.0,1.0,0.014925373134328358,1.0,0.0,0.06,0.0,1
1.0,0.0687301587301587,0.19642857142857142,0.0,0.0,0.4166666666666667,0.0,0.017543859649122806,1.0,0.0,0.0,0.0,0.0,0.04,0.0,1
1.0,0.43253968253968256,0.0014285714285714286,0.0,0.0,0.8333333333333334,0.0,0.0014035087719298247,0.0,1.0,0.014925373134328358,0.0,1.0,0.28,0.0,1
1.0,0.10317460317460317,0.35571428571428576,0.0,0.0,0.8333333333333334,0.4166666666666667,0.0,1.0,0.0,0.0,0.0,0.0,0.0,0.0,1
0.0,0.14158730158730162,0.25,0.0,0.0,0.0,0.0,0.005789473684210527,0.0,0.0,0.0,0.0,0.0,0.08,0.0,2
1.0,0.23015873015873015,0.03125,0.0,0.0,0.5,0.0,0.03368421052631579,1.0,1.0,0.04477611940298507,1.0,0.0,0.198,0.0,1
1.0,0.10190476190476193,0.33035714285714285,0.0,0.0,0.0,0.0,0.05842105263157895,1.0,1.0,0.04477611940298507,1.0,0.0,0.02,0.00028,1
0.0,0.26587301587301587,0.23214285714285715,0.0,0.0,0.0,0.16666666666666666,0.14035087719298245,1.0,1.0,0.1044776119402985,1.0,0.0,0.0,0.03065,1
1.0,0.0992063492063492,0.0,0.0,0.0,0.08333333333333333,0.0,0.017543859649122806,0.0,0.0,0.0,0.0,0.0,0.072,0.0,2
1.0,0.6376190476190476,0.34375,0.0,0.0,0.8333333333333334,0.0,0.3040350877192982,1.0,1.0,0.07462686567164178,0.0,0.0,0.0,0.0,1
1.0,0.20634920634920634,0.07142857142857142,0.0,0.0,0.08333333333333333,0.0,0.02631578947368421,0.0,0.0,0.0,1.0,0.0,0.04,0.0,2
1.0,0.3584126984126984,0.13535714285714287,0.0,0.0,0.6666666666666666,0.0,0.040877192982456144,1.0,0.0,0.0,1.0,0.0,0.1,0.0,2
0.0,0.6203174603174603,0.5357142857142857,0.0,0.0,0.0,0.0,0.19298245614035087,1.0,1.0,0.208955223880597,0.0,0.0,0.0,0.022,1
0.0,0.1441269841269841,0.08178571428571428,0.0,0.0,0.25,0.08333333333333333,0.08035087719298245,1.0,1.0,0.1044776119402985,1.0,0.0,0.07,0.02384,1
1.0,0.05825396825396828,0.23214285714285715,0.0,0.0,0.25,0.0,0.0043859649122807015,0.0,0.0,0.0,0.0,0.0,0.03,0.001,2
1.0,0.12428571428571426,0.028214285714285716,0.5,0.5,0.16666666666666666,0.0,0.023333333333333334,0.0,0.0,0.0,0.0,0.0,0.08,0.0,2
1.0,0.48412698412698413,0.017857142857142856,0.0,0.0,0.5,0.0,0.37719298245614036,1.0,0.0,0.0,0.0,1.0,0.2,0.0,2
1.0,0.45111111111111113,0.18,0.0,0.0,0.25,0.08333333333333333,0.4473684210526316,1.0,0.0,0.0,1.0,0.0,0.046,0.0,1
0.0,0.14158730158730162,0.026785714285714284,0.0,0.0,0.0,0.0,0.07017543859649122,0.0,1.0,0.029850746268656716,1.0,0.0,0.1,0.00394,2
1.0,0.1349206349206349,0.016428571428571428,0.0,0.0,0.4166666666666667,0.0,0.0043859649122807015,0.0,0.0,0.0,1.0,0.0,0.14,0.00055,2
1.0,0.156031746031746,0.02982142857142857,0.0,0.0,0.25,0.08333333333333333,0.0029824561403508773,0.0,0.0,0.0,1.0,0.0,0.11,5.0e-5,2
1.0,0.0992063492063492,0.3944642857142857,0.0,0.0,0.0,0.0,0.07017543859649122,0.0,0.0,0.0,1.0,0.0,0.068,0.0,2
1.0,0.22349206349206346,0.055,0.0,0.0,0.6666666666666666,0.0,0.13157894736842105,1.0,1.0,0.07462686567164178,1.0,0.0,0.05,3.0e-5,1
1.0,0.03698412698412696,0.026785714285714284,0.0,0.0,0.0,0.0,0.06140350877192982,1.0,1.0,0.07462686567164178,1.0,0.0,0.176,0.0069,1
0.0,0.08206349206349209,0.32142857142857145,0.0,0.0,0.9166666666666666,0.0,0.02631578947368421,1.0,1.0,0.029850746268656716,0.0,0.0,0.044,0.00591,1
0.0,0.3968253968253968,0.05357142857142857,0.0,0.0,1.0,1.0,0.0,0.0,0.0,0.0,0.0,0.0,0.038,0.0,2
0.0,0.23539682539682538,0.05946428571428571,0.0,0.0,0.25,0.0,0.08473684210526317,1.0,0.0,0.0,1.0,0.0,0.22,0.0,2
1.0,0.23682539682539686,0.33339285714285716,0.0,0.0,0.25,0.08333333333333333,0.1987719298245614,1.0,1.0,0.08955223880597014,0.0,0.0,0.1905,0.00168,1
0.0,0.09253968253968252,0.02375,0.0,0.0,0.6666666666666666,0.0,0.05842105263157895,0.0,0.0,0.0,0.0,0.0,0.11,5.0e-5,2
1.0,0.6996825396825397,0.25142857142857145,0.0,0.0,0.5,0.0,0.49122807017543857,1.0,1.0,0.08955223880597014,1.0,0.0,0.18,0.01332,1
1.0,0.13222222222222219,0.4092857142857143,0.0,0.0,0.4166666666666667,0.0,0.055614035087719296,0.0,0.0,0.0,1.0,0.0,0.05,0.01212,2
1.0,0.3028571428571428,0.08928571428571429,0.0,0.0,0.16666666666666666,0.08333333333333333,0.09649122807017543,1.0,1.0,0.08955223880597014,0.0,0.0,0.08,0.02072,1
0.0,0.19714285714285718,0.07142857142857142,0.0,0.0,0.3333333333333333,0.3333333333333333,0.0,0.0,0.0,0.0,1.0,0.0,0.138,1.0e-5,2
1.0,0.30158730158730157,0.05357142857142857,0.0,0.0,0.16666666666666666,0.08333333333333333,0.19298245614035087,1.0,1.0,0.04477611940298507,1.0,0.0,0.0,0.0,1
1.0,0.32142857142857145,0.19642857142857142,0.5,0.5,0.0,0.0,0.05263157894736842,0.0,0.0,0.0,1.0,0.0,0.03,0.0,2
0.0,0.07015873015873018,0.35714285714285715,0.5,0.5,0.25,0.08333333333333333,0.005789473684210527,0.0,0.0,0.0,0.0,0.0,0.17,0.0,2
1.0,0.27507936507936503,0.05357142857142857,0.5,0.5,0.6666666666666666,0.0,0.0014035087719298247,0.0,0.0,0.0,0.0,1.0,0.08,0.0,2
1.0,0.5965079365079364,0.35714285714285715,0.0,0.0,0.25,0.16666666666666666,0.0,1.0,1.0,0.16417910447761194,0.0,0.0,0.0,0.01249,1
1.0,0.34,0.8973214285714286,0.0,0.0,0.75,0.08333333333333333,0.05701754385964912,1.0,1.0,0.014925373134328358,1.0,0.0,0.2575,0.005,1
1.0,0.9695238095238095,0.6785714285714286,0.5,0.5,1.0,1.0,0.0014035087719298247,0.0,1.0,0.029850746268656716,0.0,0.0,0.0,0.00351,2
1.0,0.3055555555555556,0.08928571428571429,0.5,0.5,0.6666666666666666,0.0,0.24561403508771928,0.0,0.0,0.0,1.0,0.0,0.14,0.0,2
0.0,0.031746031746031744,0.013392857142857142,0.0,0.0,0.0,0.0,0.03508771929824561,0.0,0.0,0.0,0.0,0.0,0.06,0.00018,2
1.0,0.42587301587301585,0.05357142857142857,0.0,0.0,0.25,0.16666666666666666,0.0,0.0,0.0,0.0,0.0,1.0,0.15,0.0,2
0.0,0.3201587301587302,0.056607142857142856,0.5,0.5,1.0,1.0,0.0,1.0,0.0,0.0,0.0,0.0,0.16,0.0,2
1.0,0.18920634920634924,0.11607142857142858,0.0,0.0,0.0,0.08333333333333333,0.08035087719298245,0.0,1.0,0.014925373134328358,1.0,0.0,0.208,0.00021,2
1.0,0.41396825396825393,0.017857142857142856,0.0,0.0,0.5,0.0,0.008771929824561403,1.0,0.0,0.0,0.0,1.0,0.144,0.0,2
1.0,0.14158730158730162,0.005892857142857143,0.0,0.0,0.0,0.3333333333333333,0.07894736842105263,0.0,0.0,0.0,1.0,1.0,0.0,0.0,1
1.0,0.46158730158730155,0.044642857142857144,0.0,0.0,0.5,0.0,0.4868421052631579,0.0,1.0,0.014925373134328358,1.0,0.0,0.176,0.00112,2
1.0,0.3253968253968254,0.0625,0.0,0.0,0.6666666666666666,0.16666666666666666,0.008771929824561403,1.0,0.0,0.0,1.0,0.0,0.0815,0.0,2
1.0,0.10190476190476193,0.29178571428571426,0.0,0.0,0.9166666666666666,0.0,0.0687719298245614,1.0,1.0,0.208955223880597,0.0,0.0,0.03,0.00158,1
1.0,0.597936507936508,0.0014285714285714286,0.0,0.0,0.75,0.08333333333333333,0.0014035087719298247,1.0,0.0,0.0,0.0,0.0,0.0,0.03,1
0.0,0.1111111111111111,0.3691071428571429,0.0,0.0,0.16666666666666666,0.08333333333333333,0.011754385964912281,1.0,1.0,0.014925373134328358,1.0,0.0,0.04,0.0005,1
1.0,0.14158730158730162,0.09071428571428572,0.5,0.5,0.0,0.08333333333333333,0.09070175438596491,1.0,0.0,0.0,0.0,0.0,0.0,0.0,1
1.0,0.32412698412698415,0.1875,0.0,0.0,0.6666666666666666,0.0,0.0029824561403508773,0.0,0.0,0.0,1.0,0.0,0.145,6.0e-5,1
0.0,0.09396825396825399,0.0075,0.0,0.0,0.25,0.08333333333333333,0.010175438596491228,1.0,1.0,0.16417910447761194,0.0,0.0,0.04,0.00099,1
0.0,0.2036507936507936,0.09071428571428572,0.5,0.5,1.0,1.0,0.0,0.0,0.0,0.0,1.0,0.0,0.09,0.0006,2
1.0,0.3082539682539683,0.03571428571428571,0.0,0.0,0.75,0.0,0.02631578947368421,1.0,1.0,0.1044776119402985,1.0,0.0,0.17,0.04071,1
1.0,0.36380952380952386,0.11607142857142858,0.0,0.0,0.25,0.08333333333333333,0.3157894736842105,1.0,0.0,0.0,1.0,0.0,0.051,0.00639,1
1.0,0.18253968253968253,0.03571428571428571,0.0,0.0,0.9166666666666666,0.0,0.017543859649122806,0.0,0.0,0.0,0.0,0.0,0.1,0.0,2
1.0,0.03571428571428571,0.11160714285714286,0.0,0.0,0.6666666666666666,0.0,0.0029824561403508773,0.0,1.0,0.014925373134328358,0.0,0.0,0.0,6.0e-5,2
1.0,0.3280952380952381,0.15178571428571427,0.0,0.0,0.25,0.16666666666666666,0.11403508771929824,1.0,1.0,0.029850746268656716,0.0,0.0,0.137,0.0061,1
1.0,0.11634920634920633,0.36017857142857146,0.5,0.5,0.8333333333333334,0.08333333333333333,0.043859649122807015,0.0,0.0,0.0,0.0,0.0,0.13,0.0,2
0.0,0.21301587301587305,0.044642857142857144,0.0,0.0,1.0,1.0,0.0,0.0,1.0,0.014925373134328358,0.0,0.0,0.046,0.003,2
0.0,0.5119047619047619,0.14285714285714285,0.0,0.0,0.3333333333333333,0.3333333333333333,0.0,1.0,0.0,0.0,0.0,0.0,0.05,0.0096,1
1.0,0.07142857142857142,0.005892857142857143,0.0,0.0,0.08333333333333333,0.0,0.008771929824561403,0.0,0.0,0.0,1.0,1.0,0.14,0.0,2
1.0,0.25,0.020714285714285713,0.0,0.0,0.6666666666666666,0.0,0.010175438596491228,0.0,1.0,0.014925373134328358,0.0,0.0,0.17,0.02803,2
1.0,0.3544444444444444,0.09071428571428572,0.0,0.0,1.0,1.0,0.0,0.0,0.0,0.0,0.0,0.0,0.0,0.01,2
1.0,0.3558730158730159,0.19642857142857142,0.0,0.0,0.25,0.16666666666666666,0.17543859649122806,0.0,0.0,0.0,0.0,0.0,0.105,0.00687,2
1.0,0.6455555555555555,0.017857142857142856,0.5,0.5,0.4166666666666667,0.08333333333333333,0.13894736842105262,1.0,0.0,0.0,0.0,0.0,0.09,0.00314,1
1.0,0.16396825396825393,0.32142857142857145,0.0,0.0,0.9166666666666666,0.0,0.008771929824561403,0.0,0.0,0.0,1.0,0.0,0.0,0.0,2
0.0,0.8161904761904762,0.5,0.0,0.0,1.0,1.0,0.0,1.0,1.0,0.16417910447761194,1.0,0.0,0.0,0.014,1
1.0,0.2447619047619048,0.125,0.0,0.0,0.6666666666666666,0.0,0.12280701754385964,1.0,1.0,0.04477611940298507,1.0,0.0,0.1645,0.0,2
1.0,0.3611111111111111,0.15178571428571427,0.0,0.0,0.25,0.0,0.12280701754385964,0.0,0.0,0.0,0.0,0.0,0.227,0.0005,2
1.0,0.5873015873015873,0.02089285714285714,0.0,0.0,1.0,1.0,0.0,0.0,0.0,0.0,0.0,0.0,0.0725,0.0,2
0.0,0.6282539682539682,0.005892857142857143,0.0,0.0,1.0,1.0,0.0,0.0,0.0,0.0,1.0,1.0,0.031,0.00027,2
1.0,0.5528571428571428,0.23214285714285715,0.0,0.0,0.25,0.08333333333333333,0.21052631578947367,1.0,0.0,0.0,1.0,0.0,0.175,0.0,1
1.0,0.3373015873015873,0.12053571428571429,0.0,0.0,0.0,0.08333333333333333,0.2908771929824561,0.0,0.0,0.0,1.0,0.0,0.0,0.0,2
1.0,0.1746031746031746,0.019285714285714288,0.0,0.0,0.5,0.0,0.03508771929824561,0.0,0.0,0.0,1.0,0.0,0.06,1.0e-5,2
1.0,0.5384126984126985,0.08928571428571429,0.0,0.0,0.5,0.16666666666666666,0.08771929824561403,1.0,1.0,0.1791044776119403,1.0,0.0,0.205,0.0251,1
1.0,0.2949206349206349,0.26785714285714285,0.0,0.0,0.8333333333333334,0.16666666666666666,0.055614035087719296,1.0,0.0,0.0,1.0,1.0,0.21,0.0,2
1.0,0.5622222222222223,0.08178571428571428,0.0,0.0,1.0,1.0,0.010175438596491228,0.0,0.0,0.0,0.0,0.0,0.1,3.0e-5,2
0.0,0.43523809523809526,0.23214285714285715,0.0,0.0,0.25,0.0,0.017543859649122806,1.0,1.0,0.04477611940298507,1.0,0.0,0.0725,0.0,1
1.0,0.04095238095238093,0.09821428571428571,0.0,0.0,0.9166666666666666,0.0,0.023333333333333334,0.0,1.0,0.014925373134328358,0.0,0.0,0.04,0.00021,2
1.0,0.8201587301587302,0.39285714285714285,0.0,0.0,0.8333333333333334,0.3333333333333333,0.7017543859649122,1.0,1.0,0.1044776119402985,1.0,0.0,0.011,0.0,1
1.0,0.41,0.17857142857142858,0.0,0.0,1.0,1.0,0.0,0.0,1.0,0.029850746268656716,0.0,0.0,0.0085,1.0e-5,2
1.0,0.5463492063492064,0.27232142857142855,0.0,0.0,0.6666666666666666,0.08333333333333333,0.543859649122807,1.0,1.0,0.1791044776119403,0.0,0.0,0.0,0.0079,1
0.0,0.3941269841269841,0.17857142857142858,0.0,0.0,0.16666666666666666,0.0,0.47368421052631576,1.0,0.0,0.0,1.0,0.0,0.49,0.0,2
0.0,0.06079365079365077,0.32142857142857145,0.0,0.0,0.9166666666666666,0.0,0.04824561403508772,1.0,0.0,0.0,1.0,0.0,0.0,0.0,1
1.0,0.1336507936507937,0.08035714285714286,0.0,0.0,0.25,0.0,0.0043859649122807015,0.0,0.0,0.0,0.0,0.0,0.08,0.0001,2
1.0,0.3915873015873016,0.02517857142857143,0.0,0.0,0.0,0.0,0.013157894736842105,0.0,1.0,0.029850746268656716,0.0,0.0,0.1125,0.005,2
0.0,0.5595238095238095,0.05357142857142857,0.0,0.0,0.3333333333333333,0.3333333333333333,0.0,1.0,0.0,0.0,1.0,0.0,0.05,0.00027,2
0.0,0.23412698412698413,0.10857142857142857,0.5,0.5,0.75,0.08333333333333333,0.08912280701754387,1.0,1.0,0.014925373134328358,0.0,0.0,0.035,0.0,1
1.0,0.4642857142857143,0.010357142857142856,0.5,0.5,0.16666666666666666,0.08333333333333333,0.06140350877192982,1.0,1.0,0.11940298507462686,0.0,0.0,0.05,0.00375,1
1.0,0.22888888888888892,0.004464285714285714,0.5,0.5,0.4166666666666667,0.0,0.0029824561403508773,0.0,0.0,0.0,0.0,0.0,0.108,0.021,2
0.0,0.03301587301587302,0.27232142857142855,0.0,0.0,0.25,0.0,0.0043859649122807015,0.0,1.0,0.014925373134328358,1.0,0.0,0.0,0.0016,2
0.0,0.14158730158730162,0.028214285714285716,0.0,0.0,0.25,0.0,0.0029824561403508773,0.0,0.0,0.0,0.0,0.0,0.072,0.0,2
1.0,0.14809523809523806,0.08928571428571429,0.0,0.0,1.0,1.0,0.0029824561403508773,0.0,0.0,0.0,1.0,0.0,0.05,0.04208,2
0.0,0.18253968253968253,0.48214285714285715,0.5,0.5,1.0,1.0,0.07017543859649122,0.0,1.0,0.014925373134328358,1.0,0.0,0.1,1.0e-5,2
0.0,0.06222222222222225,0.0,0.5,0.5,0.3333333333333333,1.0,0.0,0.0,0.0,0.0,0.0,0.0,0.043,0.0,2
1.0,0.10984126984126986,0.18892857142857142,0.0,0.0,0.25,0.0,0.013157894736842105,1.0,1.0,0.014925373134328358,0.0,0.0,0.08,0.0,2
1.0,0.35984126984126985,0.026785714285714284,0.5,0.5,0.08333333333333333,0.0,0.020526315789473684,0.0,0.0,0.0,0.0,0.0,0.12,3.0e-5,2
0.0,0.19571428571428567,0.3094642857142857,0.0,0.0,0.9166666666666666,0.0,0.04964912280701755,1.0,0.0,0.0,0.0,0.0,0.08,0.0015,1
0.0,0.19047619047619047,0.017857142857142856,0.0,0.0,0.0,0.08333333333333333,0.03070175438596491,1.0,0.0,0.0,1.0,0.0,0.2455,0.0,1
0.0,0.08603174603174606,0.02089285714285714,0.5,0.5,0.9166666666666666,0.0,0.020526315789473684,1.0,0.0,0.0,1.0,0.0,0.08,0.0,2
1.0,0.3280952380952381,0.047678571428571424,0.0,0.0,0.25,0.16666666666666666,0.0043859649122807015,0.0,0.0,0.0,1.0,0.0,0.22,0.045,2
1.0,0.2222222222222222,0.02089285714285714,0.5,0.5,0.16666666666666666,0.0,0.008771929824561403,1.0,1.0,0.029850746268656716,0.0,0.0,0.13,0.005,1
0.0,0.11238095238095236,0.017857142857142856,0.5,0.5,0.8333333333333334,0.4166666666666667,0.03508771929824561,0.0,0.0,0.0,0.0,0.0,0.13,0.0,2
1.0,0.43523809523809526,0.044642857142857144,0.5,0.5,0.6666666666666666,0.0,0.008771929824561403,0.0,0.0,0.0,0.0,0.0,0.0,0.00195,2
1.0,0.15476190476190477,0.09821428571428571,0.0,0.0,1.0,1.0,0.15789473684210525,0.0,0.0,0.0,0.0,0.0,0.08,0.00025,2
1.0,0.09126984126984126,0.010357142857142856,0.0,0.0,0.4166666666666667,0.0,0.010175438596491228,0.0,0.0,0.0,0.0,0.0,0.14,0.00364,2
1.0,0.5463492063492064,0.125,0.0,0.0,0.9166666666666666,0.0,0.12280701754385964,1.0,0.0,0.0,0.0,1.0,0.115,0.0,1
1.0,0.07539682539682539,0.07142857142857142,0.0,0.0,0.25,0.0,0.05263157894736842,1.0,1.0,0.029850746268656716,0.0,0.0,0.06,0.003,1
1.0,0.2909523809523809,0.14285714285714285,0.5,0.5,0.16666666666666666,0.0,0.05263157894736842,0.0,0.0,0.0,1.0,0.0,0.06,0.0,2
1.0,0.12825396825396823,0.39285714285714285,0.0,0.0,0.75,0.0,0.010175438596491228,1.0,1.0,0.08955223880597014,0.0,0.0,0.0605,0.0,1
1.0,0.12301587301587301,0.3482142857142857,0.0,0.0,0.0,0.0,0.008771929824561403,1.0,0.0,0.0,0.0,0.0,0.07,0.0,2
0.0,0.22095238095238098,0.07285714285714286,0.0,0.0,0.6666666666666666,0.0,0.008771929824561403,0.0,0.0,0.0,1.0,0.0,0.09,0.0005,2
1.0,0.786984126984127,0.019285714285714288,0.0,0.0,0.0,0.0,0.020526315789473684,1.0,1.0,0.04477611940298507,1.0,0.0,0.09,0.0,2
1.0,0.36380952380952386,0.07142857142857142,0.0,0.0,0.25,0.0,0.008771929824561403,0.0,0.0,0.0,1.0,0.0,0.1105,0.0,2
0.0,0.11904761904761904,0.08339285714285714,0.0,0.0,0.25,0.16666666666666666,0.017543859649122806,1.0,1.0,0.05970149253731343,0.0,1.0,0.04,0.0,1
1.0,0.24873015873015875,0.044642857142857144,0.0,0.0,0.6666666666666666,0.0,0.06140350877192982,0.0,0.0,0.0,0.0,0.0,0.1,0.0,2
1.0,0.05285714285714283,0.11750000000000001,0.0,0.0,0.25,0.0,0.011754385964912281,0.0,0.0,0.0,1.0,0.0,0.07,2.0e-5,2
1.0,0.7353968253968254,0.5178571428571429,0.0,0.0,1.0,1.0,0.631578947368421,1.0,1.0,0.22388059701492538,1.0,0.0,0.0,0.01,1
1.0,0.3742857142857143,0.23214285714285715,0.0,0.0,0.5,0.08333333333333333,0.14912280701754385,1.0,1.0,0.1791044776119403,1.0,0.0,0.0465,0.0,1
0.0,0.1746031746031746,0.48803571428571424,0.0,0.0,0.25,0.08333333333333333,0.05263157894736842,0.0,0.0,0.0,0.0,0.0,0.14,1.0e-5,2
1.0,0.08333333333333333,0.0625,0.5,0.5,0.0,0.0,0.0819298245614035,0.0,0.0,0.0,1.0,0.0,0.056,6.0e-5,2
1.0,0.216984126984127,0.44642857142857145,0.0,0.0,0.9166666666666666,0.16666666666666666,0.008771929824561403,0.0,0.0,0.0,1.0,0.0,0.36,0.0,2
0.0,0.10444444444444442,0.35714285714285715,0.0,0.0,0.0,0.08333333333333333,0.03508771929824561,1.0,1.0,0.05970149253731343,0.0,0.0,0.025,0.01465,1
1.0,1.0,0.7960714285714285,0.0,0.0,0.8333333333333334,0.3333333333333333,0.4473684210526316,1.0,1.0,0.014925373134328358,1.0,0.0,0.0,0.00109,1
1.0,0.09000000000000002,0.25892857142857145,0.0,0.0,0.5,0.0,0.0014035087719298247,0.0,1.0,0.014925373134328358,0.0,0.0,0.05,1.0e-5,2
