0.9523162086044479,0.36850675138999206,2.393463077565583e-12,0.5892012246033955,0.0,1.0,1.0,0.0,1.0,1.0,0.0,0.0,0.0,1.0,0.0,0.0,0.6666666666666666,0.5,7.312080700696077e-5,1.0,0.21052631578947367,0.08108108108108109,0.7275204359673025,0.0,0.10416666666666667,0.5,0.5555555555555556,0.13128491620111735,0.5384615384615384,0.49582172701949845,0.45307443365695793,0.0,0.0,0.6451612903225806,0.3333333333333333,0.0,0.6666666666666666,0.4712746858168762,1.0,2
0.0676896183354375,0.2591739475774424,1.6137338492838962e-10,0.9564629636992565,1.0,1.0,1.0,0.0,1.0,1.0,1.0,0.0,0.0,0.0,0.0,0.0,0.6666666666666666,0.5,7.312080700696077e-5,0.0,0.3157894736842105,0.2702702702702703,0.2724795640326976,0.12799999999999997,0.6875,0.5,0.5370370370370371,0.0,0.5330769230769231,0.5988857938718662,0.4854368932038835,0.0,0.0,0.9677419354838709,0.2333333333333333,0.5454545454545454,0.6666666666666666,0.24308797127468573,1.0,1
0.019131785957074876,0.29118347895154884,4.773738545441724e-5,0.5158443004254304,1.0,1.0,1.0,0.0,1.0,0.0,1.0,0.0,0.0,0.0,1.0,0.5,0.8888888888888888,0.0,0.0,0.0,0.5789473684210527,0.5135135135135135,0.8174386920980926,0.3440000000000001,0.6875,0.5,0.4074074074074074,0.0,0.6923076923076923,0.5988857938718662,0.5177993527508091,0.0,0.0,0.9354838709677419,0.3666666666666667,0.22727272727272727,0.3333333333333333,0.35906642728904853,1.0,2
0.9522190929396912,0.961715647339158,2.226841147475972e-11,0.5050296210886247,0.0,1.0,1.0,0.0,1.0,0.0,0.0,0.0,0.0,1.0,0.5659794686711295,0.8461538461538461,0.8888888888888888,0.0,0.0,0.0,0.5263157894736842,0.21621621621621623,0.18256130790190736,0.32,0.5208333333333334,0.625,0.25925925925925924,0.0,0.8730769230769231,0.4066852367688022,0.7087378640776699,0.75,0.0,0.6451612903225806,0.3333333333333333,0.09090909090909091,0.6666666666666666,0.47468581687612216,1.0,2
0.06895212197727493,0.2913820492454329,1.0374966041433267e-15,0.4664228062502485,0.0,1.0,1.0,0.0,1.0,1.0,0.0,0.0,0.0,1.0,1.0,0.5384615384615384,0.8888888888888888,0.0,7.312080700696077e-5,0.0,0.9473684210526315,0.21621621621621623,0.2724795640326976,0.32,0.4166666666666667,0.5675,0.2222222222222222,0.44413407821229056,0.8173076923076923,0.15320334261838436,0.48867313915857613,0.1875,0.0,0.564516129032258,0.19999999999999998,0.22727272727272727,0.6666666666666666,0.35906642728904853,1.0,2
0.06778673400019423,0.965011914217633,1.3655398669129257e-11,0.521490199196851,0.0,1.0,1.0,0.0,1.0,1.0,0.0,0.0,0.0,0.0,0.5659794686711295,1.0,0.8888888888888888,0.0,7.312080700696077e-5,0.0,0.5263157894736842,0.21621621621621623,0.18256130790190736,0.28,0.3125,0.5,0.25925925925925924,0.1424581005586592,0.8461538461538461,0.26740947075208915,0.7055016181229773,0.0,0.0,0.8064516129032258,0.43333333333333335,0.3181818181818182,0.6666666666666666,0.24308797127468573,1.0,2
0.06856365931824804,0.0,0.0028402051934469552,0.4750109339588883,0.0,1.0,1.0,0.0,1.0,0.0,0.0,0.0,0.0,1.0,1.0,0.5,0.1111111111111111,0.0,0.0,0.0,0.5263157894736842,0.32432432432432434,0.3651226158038147,0.32,0.7291666666666666,0.5,0.35185185185185186,0.0,0.6923076923076923,0.7520891364902506,0.3074433656957929,0.0625,0.0,0.8387096774193549,0.39999999999999997,0.09090909090909091,0.6666666666666666,0.35906642728904853,1.0,1
0.03010585607458483,0.9828435266084193,2.8359172873921555e-12,0.5175142141465549,0.0,1.0,1.0,0.0,1.0,0.0,0.0,0.0,0.0,1.0,0.5659794686711295,0.9615384615384616,0.1111111111111111,0.0,0.0,1.0,0.3157894736842105,0.5135135135135135,0.6376021798365122,0.24,0.4375,0.5,0.07407407407407407,0.0,0.9615384615384616,0.5598885793871866,0.5307443365695793,0.0,0.0,0.8064516129032258,0.2333333333333333,0.09090909090909091,0.6666666666666666,0.35906642728904853,1.0,2
0.05807516752452171,0.05123113582208102,3.826517655428046e-7,0.5967555961989582,1.0,1.0,1.0,0.0,1.0,1.0,1.0,0.0,0.0,0.0,0.0,0.0,0.1111111111111111,0.5,7.312080700696077e-5,0.0,0.3684210526315789,0.4594594594594595,0.2724795640326976,0.48,0.2708333333333333,0.375,0.5370370370370371,0.0,0.6538461538461539,0.49582172701949845,0.6051779935275082,0.0,0.0,0.9677419354838709,0.2333333333333333,0.2727272727272727,0.6666666666666666,0.4712746858168762,1.0,2
0.9440613771001263,0.9828435266084193,3.865880395118416e-6,0.5049898612381217,0.0,1.0,1.0,0.0,1.0,0.0,0.0,0.0,0.058158094812675344,1.0,0.5659794686711295,0.8461538461538461,0.8888888888888888,0.0,0.0,1.0,0.3157894736842105,0.2702702702702703,0.18256130790190736,0.24,0.3958333333333333,0.5625,0.25925925925925924,0.0,0.9230769230769231,0.5988857938718662,0.4854368932038835,0.0,0.0,0.3225806451612903,0.3333333333333333,0.09090909090909091,0.6666666666666666,0.6247755834829447,1.0,2
0.9828105273380596,0.9658856235107228,2.8359172873921555e-12,0.5680887439863226,0.0,1.0,1.0,0.0,1.0,0.0,0.0,0.0,0.0,1.0,0.5659794686711295,0.8461538461538461,0.1111111111111111,0.0,0.0,1.0,0.47368421052631576,0.6756756756756757,0.7275204359673025,0.2,0.3541666666666667,0.5625,0.07407407407407407,0.24022346368715083,0.6153846153846154,0.3565459610027854,0.48867313915857613,0.0,0.0,0.6451612903225806,0.5,0.3181818181818182,0.6666666666666666,0.7181328545780971,1.0,2
0.02107409925220938,0.09610802223987291,2.4814534945695844e-10,0.09450916464554093,1.0,1.0,1.0,0.0,1.0,1.0,1.0,0.0,0.0,0.0,0.5659794686711295,0.7307692307692307,0.6666666666666666,0.0,7.312080700696077e-5,0.0,0.631578947368421,0.3783783783783784,0.2724795640326976,0.288,0.4791666666666667,0.75,0.25925925925925924,1.0,0.75,0.01949860724233991,0.0,0.0625,0.0,0.8709677419354839,0.3333333333333333,0.5454545454545454,0.4666666666666667,0.35906642728904853,1.0,1
0.0004855783237836263,0.05742652899126291,2.4681262869791947e-11,0.45703948153154944,0.0,1.0,1.0,0.0,1.0,0.0,0.0,0.0,0.0,0.0,0.5659794686711295,0.9615384615384616,0.1111111111111111,1.0,0.0,0.0,0.3157894736842105,0.16216216216216217,0.2724795640326976,0.16,0.4583333333333333,0.5,0.07407407407407407,0.0,0.5884615384615385,0.5766016713091922,0.5113268608414239,0.3125,0.0,1.0,0.6,0.22727272727272727,0.2,0.2477558348294437,1.0,2
0.944158492764883,0.020214455917394757,1.3655398669129257e-11,0.5686453818933641,0.0,1.0,1.0,0.0,1.0,0.0,0.0,0.0,0.0,1.0,0.5659794686711295,0.9615384615384616,0.8888888888888888,0.0,1.0,1.0,0.3157894736842105,0.1891891891891892,0.18256130790190736,0.2,0.3541666666666667,0.75,0.16666666666666666,0.223463687150838,0.8076923076923077,0.45961002785515315,0.3883495145631068,0.0,0.0,0.7419354838709676,0.2333333333333333,0.3181818181818182,0.6666666666666666,0.6247755834829447,1.0,1
0.07798387879965038,0.9826846703733122,2.4814534945695844e-10,0.09546340105761203,1.0,1.0,1.0,0.0,1.0,1.0,1.0,0.0,0.0,1.0,0.5659794686711295,0.7307692307692307,0.6666666666666666,0.0,7.312080700696077e-5,0.0,0.631578947368421,0.13513513513513514,0.45504087193460485,0.24799999999999997,0.25,0.375,0.07407407407407407,0.5446927374301677,0.5576923076923077,0.08913649025069645,0.44660194174757273,0.0,0.0,0.8064516129032258,0.3,0.2727272727272727,0.6666666666666666,0.590664272890485,1.0,2
0.0776925318053802,0.08955520254169975,2.4353766767298354e-7,0.47516997336090017,1.0,1.0,1.0,0.0,1.0,1.0,1.0,0.0,0.0,1.0,1.0,0.5384615384615384,0.8888888888888888,1.0,7.312080700696077e-5,0.0,0.3157894736842105,0.1891891891891892,0.18256130790190736,0.055999999999999946,0.5625,0.25,0.2962962962962963,0.0,0.6730769230769231,0.5988857938718662,0.4854368932038835,0.0,0.0,0.8064516129032258,0.3,0.5454545454545454,0.6666666666666666,0.35906642728904853,1.0,2
0.05797805185976498,0.027640984908657663,1.3655398669129257e-11,0.5227227545624429,0.0,1.0,1.0,0.0,1.0,1.0,1.0,0.0,0.0,0.0,1.0,0.5384615384615384,0.8888888888888888,0.0,7.312080700696077e-5,1.0,0.47368421052631576,0.4594594594594595,0.45504087193460485,0.25599999999999995,0.3958333333333333,0.5,0.25925925925925924,0.4888268156424581,0.6538461538461539,0.2144846796657382,0.36569579288025883,0.0,0.0,0.8064516129032258,0.26666666666666666,0.3181818181818182,0.6666666666666666,0.8725314183123879,1.0,1
0.009517335146159076,0.5304606830818109,1.0,0.5517872052801082,0.0,1.0,1.0,0.0,1.0,0.0,0.0,0.0,0.0,1.0,1.0,0.5,0.8888888888888888,0.5,0.0,0.0,0.3157894736842105,0.5135135135135135,0.2724795640326976,0.24,0.4791666666666667,0.5,0.2222222222222222,0.0,0.6923076923076923,0.49582172701949845,0.6051779935275082,0.0,0.0,0.8064516129032258,0.39999999999999997,0.09090909090909091,0.2,0.35906642728904853,1.0,2
0.07895503544721763,0.35484511517077044,1.4867717143709706e-9,0.599220706930142,1.0,1.0,1.0,0.0,1.0,1.0,1.0,0.0,0.0,1.0,1.0,0.5,0.8888888888888888,0.5,0.0,1.0,0.42105263157894735,0.6756756756756757,0.45504087193460485,0.32,0.6458333333333334,0.5,0.3148148148148148,0.0,0.5769230769230769,0.4401114206128132,0.6699029126213594,0.0,0.0,0.9354838709677419,0.3666666666666667,0.5454545454545454,0.6666666666666666,0.47468581687612216,1.0,1
0.05758958920073808,0.027005559968228753,1.3655398669129257e-11,0.5227227545624429,0.0,1.0,1.0,0.0,1.0,1.0,0.0,0.0,0.0,0.0,1.0,0.5,0.0,0.0,7.312080700696077e-5,0.0,0.631578947368421,0.40540540540540543,0.0,0.16,0.4791666666666667,0.375,0.2962962962962963,0.223463687150838,0.7692307692307693,0.5292479108635096,0.3074433656957929,0.0,0.0,0.8064516129032258,0.3,0.3181818181818182,0.6666666666666666,0.12746858168761213,0.0,1
0.05749247353598135,0.2809769658459095,1.3655398669129257e-11,0.5227227545624429,0.0,1.0,1.0,0.0,1.0,1.0,1.0,0.0,0.0,1.0,1.0,0.5384615384615384,0.1111111111111111,0.0,0.722121712606847,0.0,0.631578947368421,0.35135135135135137,0.2724795640326976,0.48,0.3958333333333333,0.0,0.14814814814814814,0.2793296089385475,0.6153846153846154,0.5292479108635096,0.24271844660194175,0.0,0.0,0.9677419354838709,0.3,0.3181818181818182,0.6666666666666666,0.12746858168761213,0.0,1
0.9435757987763427,0.9826052422557585,0.0008856753617756706,7.951970100592422e-5,1.0,1.0,1.0,0.0,1.0,1.0,1.0,0.0,0.0,1.0,0.5659794686711295,0.7307692307692307,0.6666666666666666,0.0,7.312080700696077e-5,1.0,0.3157894736842105,0.2702702702702703,0.45504087193460485,0.2,0.2708333333333333,0.375,0.16666666666666666,0.0,0.5769230769230769,0.5153203342618383,0.5825242718446603,0.0,0.0,0.6451612903225806,0.3333333333333333,0.5454545454545454,0.6666666666666666,0.35906642728904853,1.0,1
0.9609595027677964,0.017911040508339953,1.3655398669129257e-11,0.5699972168104648,1.0,1.0,1.0,0.0,1.0,1.0,1.0,0.0,0.0,1.0,0.5659794686711295,0.9615384615384616,0.1111111111111111,0.0,9.901375186683185e-5,0.0,0.3157894736842105,0.32432432432432434,0.5449591280653951,1.0,0.4375,0.625,0.25925925925925924,0.24581005586592183,0.8076923076923077,0.38718662952646227,0.44660194174757273,1.0,0.0,0.7419354838709676,0.3333333333333333,0.5454545454545454,0.6666666666666666,0.35906642728904853,1.0,1
0.9415363698164514,0.7965845909451946,1.6094479406298203e-10,0.6357202496918611,1.0,1.0,1.0,0.0,1.0,1.0,1.0,0.0,0.0,1.0,1.0,0.5384615384615384,0.8888888888888888,0.5,7.312080700696077e-5,0.0,0.5684210526315789,0.13513513513513514,0.45504087193460485,0.32,0.375,0.0625,0.25925925925925924,0.1564245810055866,0.5642307692307692,0.4066852367688022,0.5275080906148867,0.0,0.0,0.8064516129032258,0.43333333333333335,0.5454545454545454,0.6666666666666666,0.6484739676840218,1.0,2
0.057686704865494806,0.9800635424940429,2.4814534945695844e-10,0.0950658025525824,1.0,1.0,1.0,0.0,1.0,1.0,1.0,0.0,0.0,0.0,0.5659794686711295,0.7307692307692307,0.6666666666666666,0.0,7.312080700696077e-5,0.0,0.631578947368421,0.40540540540540543,0.3651226158038147,0.4,0.6666666666666666,0.75,0.1111111111111111,0.2905027932960894,0.6346153846153846,0.30919220055710306,0.4854368932038835,0.046875,0.0,0.8064516129032258,0.3666666666666667,0.2727272727272727,0.6666666666666666,0.12746858168761213,0.0,1
0.9528989025929883,0.038403494837172356,1.3655398669129257e-11,0.5687249015943701,0.0,1.0,1.0,0.0,1.0,1.0,1.0,0.0,0.0,1.0,1.0,0.5384615384615384,0.8888888888888888,0.0,1.0,1.0,0.3157894736842105,0.2972972972972973,0.5449591280653951,0.31200000000000006,0.4375,0.25,0.3333333333333333,0.0670391061452514,0.7692307692307693,0.5571030640668523,0.45631067961165056,0.0,0.0,0.7741935483870968,0.43333333333333335,0.3181818181818182,0.6666666666666666,0.47468581687612216,1.0,2
0.9523162086044479,0.3686656076250993,2.393463077565583e-12,0.5892012246033955,0.0,1.0,1.0,0.0,1.0,1.0,0.0,0.0,0.0,1.0,0.0,0.0,0.1111111111111111,0.5,7.312080700696077e-5,1.0,0.21052631578947367,0.08108108108108109,0.8174386920980926,0.32,0.2708333333333333,0.5,0.6296296296296297,0.0,0.5384615384615384,0.5988857938718662,0.4854368932038835,0.0,0.0,0.9032258064516128,0.5,0.0,0.6666666666666666,0.4712746858168762,1.0,2
0.009517335146159076,0.5235107227958697,1.0,0.5517872052801082,0.0,1.0,1.0,0.0,1.0,0.0,0.0,0.0,0.0,1.0,1.0,0.5,0.1111111111111111,0.5,0.0,0.0,0.3157894736842105,0.5135135135135135,0.45504087193460485,0.24,0.6458333333333334,0.5,0.2222222222222222,0.0,0.6923076923076923,0.49582172701949845,0.6051779935275082,0.0,0.0,0.8064516129032258,0.39999999999999997,0.09090909090909091,0.2,0.35906642728904853,1.0,2
0.030785665727881908,0.005281969817315329,0.0,0.5404954077372669,1.0,1.0,1.0,0.0,1.0,1.0,1.0,0.0,1.0,0.0,1.0,0.5384615384615384,0.1111111111111111,0.5,7.312080700696077e-5,1.0,0.7368421052631579,0.5675675675675675,0.45504087193460485,0.32,0.625,0.375,0.18518518518518517,0.29329608938547486,0.5576923076923077,0.2646239554317548,0.5339805825242718,0.1875,0.0,0.9677419354838709,0.43333333333333335,0.5454545454545454,0.6666666666666666,0.1346499102333932,1.0,1
0.00980868214042925,0.2619936457505957,1.6137338492838962e-10,0.9563436841477476,1.0,1.0,1.0,0.0,1.0,1.0,1.0,0.0,0.0,1.0,1.0,0.5384615384615384,0.1111111111111111,0.5,7.312080700696077e-5,0.0,0.7368421052631579,0.40540540540540543,0.45504087193460485,0.24,0.3125,0.5,0.25925925925925924,0.44413407821229056,0.6538461538461539,0.08913649025069645,0.5598705501618122,0.0625,0.0,0.9677419354838709,0.16666666666666666,0.5454545454545454,0.2,0.35906642728904853,1.0,1
0.9425075264640187,0.36715647339158064,4.773739606122642e-7,0.5546499145163214,1.0,1.0,1.0,0.0,1.0,1.0,1.0,0.0,0.0,1.0,1.0,0.5,0.1111111111111111,0.5,7.312080700696077e-5,1.0,0.8421052631578947,0.21621621621621623,0.5449591280653951,0.32,0.375,0.75,0.2962962962962963,0.6340782122905029,0.6730769230769231,0.12534818941504175,0.3009708737864078,0.0,0.0,0.9677419354838709,0.3333333333333333,0.45454545454545453,0.6666666666666666,0.5982046678635548,1.0,2
0.03913761289696028,0.06910246227164417,2.4681262869791947e-11,0.4571985209335613,0.0,1.0,1.0,0.0,1.0,0.0,0.0,0.0,0.0,0.0,1.0,0.5,0.1111111111111111,1.0,0.0,1.0,0.42105263157894735,0.5135135135135135,0.3651226158038147,0.16,0.6875,0.5,0.25925925925925924,0.0,0.7692307692307693,0.49582172701949845,0.6051779935275082,0.0,0.0,0.9677419354838709,0.3333333333333333,0.22727272727272727,0.6666666666666666,0.47755834829443444,1.0,2
0.06846654365349131,0.9803415409054805,2.4814534945695844e-10,0.09530436165560018,1.0,1.0,1.0,0.0,1.0,1.0,1.0,0.0,0.0,0.0,0.5659794686711295,0.7307692307692307,0.1111111111111111,0.0,7.312080700696077e-5,1.0,0.42105263157894735,0.16216216216216217,0.18256130790190736,0.24,0.4375,0.5,0.07407407407407407,0.40782122905027934,0.6923076923076923,0.2089136490250696,0.4660194174757281,0.0,0.0,0.8064516129032258,0.3333333333333333,0.2727272727272727,0.6666666666666666,0.35906642728904853,1.0,2
0.06788384966495095,0.29336775218427324,0.0028402051934469552,0.4750109339588883,0.0,1.0,1.0,0.0,1.0,0.0,0.0,0.0,0.0,0.0,1.0,0.5,0.0,0.0,0.0,0.0,0.15789473684210525,0.21621621621621623,0.18256130790190736,0.08,0.4791666666666667,0.5,0.2222222222222222,0.0,0.5769230769230769,0.5988857938718662,0.4854368932038835,0.0,0.0,0.0,0.0,0.09090909090909091,0.6666666666666666,0.35906642728904853,1.0,1
0.04894629503738953,0.004447974583002383,2.4681262869791947e-11,0.45727804063456723,0.0,1.0,1.0,0.0,1.0,0.0,0.0,0.0,0.0,0.0,1.0,0.5,0.0,1.0,0.0,0.0,0.3157894736842105,0.6756756756756757,0.18256130790190736,0.28,0.3333333333333333,0.5,0.2222222222222222,0.0,0.7115384615384616,0.6740947075208913,0.3980582524271844,0.0,0.0,0.9032258064516128,0.3333333333333333,0.09090909090909091,0.6666666666666666,0.35906642728904853,0.0,1
0.9807710983781684,0.9797855440826052,2.4814534945695844e-10,0.09820683074231641,1.0,1.0,1.0,0.0,1.0,1.0,1.0,0.0,0.0,1.0,0.5659794686711295,0.7307692307692307,0.6666666666666666,0.0,7.312080700696077e-5,0.0,0.42105263157894735,0.5945945945945946,0.3651226158038147,0.16,0.3958333333333333,0.5,0.07407407407407407,0.09497206703910616,0.6923076923076923,0.4233983286908078,0.5792880258899676,0.125,0.0,0.6451612903225806,0.26666666666666666,0.2727272727272727,0.6666666666666666,0.4712746858168762,1.0,1
0.9899970865300572,0.01981731532962669,1.3655398669129257e-11,0.5691622599499025,0.0,1.0,1.0,0.0,1.0,1.0,0.0,0.0,0.0,0.0,0.5659794686711295,0.9615384615384616,0.1111111111111111,0.0,0.0,1.0,0.2631578947368421,0.9459459459459459,0.5449591280653951,0.23200000000000004,0.14583333333333334,0.5,0.2222222222222222,0.09497206703910616,0.5769230769230769,0.45961002785515315,0.5372168284789645,0.0,0.0,0.8064516129032258,0.3333333333333333,0.5454545454545454,0.6666666666666666,0.606463195691203,1.0,2
0.02068563659318248,0.24066719618745036,0.03826618122202709,0.5954037612818576,1.0,1.0,1.0,0.0,1.0,1.0,1.0,0.0,0.0,0.0,1.0,0.5,0.8888888888888888,0.5,7.312080700696077e-5,0.0,0.6842105263157895,0.5405405405405406,0.5449591280653951,0.16,0.6041666666666666,0.5,0.25925925925925924,0.36312849162011174,0.6538461538461539,0.2506963788300835,0.46925566343042074,0.0,0.0,0.9354838709677419,0.3,0.2727272727272727,0.3333333333333333,0.35906642728904853,1.0,2
0.06953481596581529,0.9265687053216839,2.4722916181214386e-6,0.4655480895391833,0.0,1.0,0.0,0.0,1.0,0.0,0.0,0.0,0.0,1.0,1.0,0.5384615384615384,0.8888888888888888,1.0,0.0,0.0,0.3157894736842105,0.32432432432432434,0.18256130790190736,0.3624000000000001,0.4375,0.5625,0.14814814814814814,0.0,0.8419230769230769,0.49582172701949845,0.6051779935275082,0.0,0.0,0.6451612903225806,0.26666666666666666,0.09090909090909091,0.6666666666666666,0.35906642728904853,1.0,2
0.05807516752452171,0.027482128673550436,1.3655398669129257e-11,0.5227227545624429,0.0,1.0,1.0,0.0,1.0,1.0,1.0,0.0,0.0,1.0,1.0,0.5,0.8888888888888888,0.0,0.722121712606847,1.0,0.47368421052631576,0.4864864864864865,0.45504087193460485,0.24,0.3125,0.5,0.16666666666666666,0.6145251396648045,0.5769230769230769,0.13649025069637877,0.3106796116504855,0.0,0.0,0.8064516129032258,0.26666666666666666,0.3181818181818182,0.6666666666666666,0.8725314183123879,1.0,1
0.9721278042148198,0.9559968228752979,1.3698341116074713e-14,0.9589678342809431,0.0,1.0,1.0,0.0,1.0,0.0,0.0,0.0,0.0,1.0,0.5659794686711295,0.8461538461538461,0.8888888888888888,0.0,0.0,1.0,0.3157894736842105,0.40540540540540543,0.2724795640326976,0.32,0.2708333333333333,0.3125,0.25925925925925924,0.0,0.9230769230769231,0.49582172701949845,0.6051779935275082,0.5,0.0,0.48387096774193544,0.16666666666666666,0.22727272727272727,0.6666666666666666,0.4712746858168762,1.0,2
0.07788676313489366,0.368308181096108,1.4867717143709706e-9,0.599220706930142,1.0,1.0,1.0,0.0,1.0,1.0,4.9498580889309365e-8,0.0,0.0,0.0,1.0,0.5,0.1111111111111111,0.5,0.0,0.0,0.42105263157894735,0.13513513513513514,0.45504087193460485,0.32,0.6666666666666666,0.375,0.1111111111111111,0.0,0.5,0.5292479108635096,0.5663430420711975,0.0625,0.0,0.8064516129032258,0.3333333333333333,0.5454545454545454,0.6666666666666666,0.590664272890485,1.0,1
0.028940468097504127,0.801032565528197,1.6094479406298203e-10,0.5460617868076816,1.0,1.0,1.0,0.0,1.0,1.0,1.0,0.0,0.0,1.0,1.0,0.5,0.1111111111111111,0.5,7.312080700696077e-5,0.0,0.7368421052631579,0.6216216216216216,0.5449591280653951,0.24799999999999997,0.75,0.75,0.16666666666666666,0.0,0.6346153846153846,0.4206128133704735,0.3689320388349514,0.0,0.0,0.8064516129032258,0.3333333333333333,0.5454545454545454,0.3333333333333333,0.35906642728904853,1.0,1
0.039234728561717,0.26044479745830024,5.1664995077499676e-11,0.5950459226273309,1.0,1.0,1.0,0.0,1.0,1.0,1.0,0.0,0.0,0.0,0.0,0.0,0.6666666666666666,0.5,0.722121712606847,0.0,0.42105263157894735,0.5135135135135135,0.5449591280653951,0.22400000000000006,0.2708333333333333,0.5,0.6296296296296297,0.36312849162011174,0.5461538461538461,0.37047353760445667,0.3268608414239483,0.0,0.0,0.9677419354838709,0.3,0.0,0.3333333333333333,0.6068222621184922,1.0,2
0.030785665727881908,0.24567116759332805,0.0,0.5404954077372669,1.0,1.0,1.0,0.0,1.0,1.0,1.0,0.0,0.0,0.0,0.0,0.0,0.6666666666666666,0.5,7.312080700696077e-5,0.0,0.6842105263157895,0.4864864864864865,0.6376021798365122,0.2,0.2708333333333333,0.375,0.7777777777777778,0.5642458100558659,0.6153846153846154,0.027855153203342614,0.4951456310679611,0.1875,0.0,0.9677419354838709,0.3333333333333333,0.5454545454545454,0.3333333333333333,0.5457809694793538,1.0,2
0.039234728561717,0.5212470214455918,5.1664995077499676e-11,0.5950459226273309,1.0,1.0,1.0,0.0,1.0,1.0,1.0,0.0,0.0,0.0,0.0,0.0,0.1111111111111111,0.5,0.722121712606847,0.0,0.42105263157894735,0.5135135135135135,0.2724795640326976,0.18400000000000005,0.20833333333333334,0.5,0.5370370370370371,0.34357541899441346,0.5461538461538461,0.29247910863509746,0.44012944983818775,0.0,0.0,0.9677419354838709,0.19999999999999998,0.0,0.3333333333333333,0.6068222621184922,1.0,2
0.011168301447023405,0.2443208895949166,1.2407167836198464e-7,0.5406544471392788,0.0,1.0,1.0,0.0,1.0,1.0,0.0,0.0,0.0,1.0,1.0,0.5,0.0,0.5,0.0,1.0,0.5263157894736842,0.6756756756756757,0.45504087193460485,0.16,0.375,0.375,0.3148148148148148,0.0,0.7692307692307693,0.6740947075208913,0.3980582524271844,0.0,0.0,0.0,0.0,0.3181818181818182,0.6666666666666666,0.2477558348294437,1.0,1
0.07740118481111004,0.0,1.498140753545103e-10,0.5468967436682438,1.0,1.0,1.0,0.0,1.0,1.0,4.9498580889309365e-8,0.0,0.0,1.0,1.0,0.5,0.1111111111111111,0.0,0.722121712606847,0.0,0.5263157894736842,0.1891891891891892,0.2724795640326976,0.24,0.6875,0.75,0.35185185185185186,0.0,0.6346153846153846,0.4038997214484679,0.7119741100323624,0.0,0.0,0.8064516129032258,0.3333333333333333,0.45454545454545453,0.6666666666666666,0.35906642728904853,1.0,1
0.9704768379139556,0.9834392374900714,2.4814534945695844e-10,0.0980080314898016,1.0,1.0,1.0,0.0,1.0,1.0,1.0,0.0,0.0,1.0,0.5659794686711295,0.7307692307692307,0.6666666666666666,0.0,7.312080700696077e-5,1.0,0.3684210526315789,0.2972972972972973,0.45504087193460485,0.16,0.4166666666666667,0.375,0.48148148148148145,0.44134078212290506,0.7115384615384616,0.2367688022284122,0.3915857605177994,0.5,0.0,0.48387096774193544,0.26666666666666666,0.2727272727272727,0.6666666666666666,0.35906642728904853,1.0,1
0.06759250267068079,0.028038125496425734,1.0933077138870358e-11,0.463838415967556,0.0,1.0,1.0,0.0,1.0,1.0,0.0,0.0,0.0,1.0,1.0,0.5384615384615384,0.8888888888888888,0.0,7.312080700696077e-5,0.0,0.3157894736842105,0.21621621621621623,0.3651226158038147,0.35199999999999987,0.4583333333333333,0.0625,0.35185185185185186,0.013966480446927375,0.9230769230769231,0.5153203342618383,0.5663430420711975,0.03125,0.0,0.8387096774193549,0.3666666666666667,0.3181818181818182,0.6666666666666666,0.24308797127468573,1.0,2
0.9607652714382829,0.9609213661636219,6.515891488974915e-12,0.4933004651902509,0.0,1.0,1.0,0.0,1.0,0.0,0.0,0.0,0.0,1.0,0.5659794686711295,1.0,0.8888888888888888,0.0,0.0,0.0,0.21052631578947367,0.10810810810810811,0.18256130790190736,0.33599999999999997,0.5625,0.75,0.25925925925925924,0.0,0.8076923076923077,0.5988857938718662,0.4854368932038835,0.25,0.0,0.6451612903225806,0.3,0.09090909090909091,0.6666666666666666,0.14782764811490146,1.0,2
0.9711566475672526,0.2579030976965846,3.0905322479111297e-7,0.5873325116297563,0.0,1.0,1.0,0.0,1.0,1.0,4.9498580889309365e-8,0.0,0.0,1.0,1.0,0.5384615384615384,0.1111111111111111,0.5,7.312080700696077e-5,1.0,0.3157894736842105,0.5135135135135135,0.18256130790190736,0.272,0.4375,0.25,0.3333333333333333,0.1592178770949721,0.6676923076923077,0.4401114206128132,0.4660194174757281,0.0,0.0,0.8064516129032258,0.3666666666666667,0.3181818181818182,0.6666666666666666,0.4712746858168762,1.0,2
0.0,0.2935663224781573,6.515891488974915e-12,0.46252634090095823,0.0,1.0,1.0,0.0,1.0,0.0,0.0,0.0,0.0,1.0,1.0,0.5,0.1111111111111111,0.0,7.312080700696077e-5,0.0,0.3157894736842105,0.08108108108108109,0.45504087193460485,0.32,0.7291666666666666,0.375,0.16666666666666666,0.03072625698324023,0.7307692307692307,0.3565459610027854,0.7346278317152105,0.0,0.0,0.8064516129032258,0.3333333333333333,0.09090909090909091,0.2,0.35906642728904853,1.0,2
0.9830047586675731,0.5266878474980143,1.6137338492838962e-10,0.9603196691980438,1.0,1.0,1.0,0.0,1.0,1.0,1.0,0.0,0.0,0.0,0.0,0.0,0.6666666666666666,0.5,7.312080700696077e-5,0.0,0.5263157894736842,0.918918918918919,0.6376021798365122,0.4,0.5208333333333334,0.5,0.6296296296296297,0.0,0.6538461538461539,0.5988857938718662,0.4854368932038835,0.0,0.0,0.9677419354838709,0.3333333333333333,0.5454545454545454,0.6666666666666666,0.590664272890485,1.0,1
0.057880936195008253,0.9830420969023034,2.6807135073482116e-9,0.6030774124289293,0.0,1.0,1.0,0.0,1.0,0.0,0.0,0.0,0.0,1.0,0.5659794686711295,0.7307692307692307,0.6666666666666666,0.0,0.0,1.0,0.10526315789473684,0.4594594594594595,0.5449591280653951,0.36,0.4791666666666667,0.375,0.4444444444444444,0.0,0.6923076923076923,0.47632311977715874,0.627831715210356,0.0625,0.0,0.8064516129032258,0.13333333333333333,0.3181818181818182,0.6666666666666666,0.6247755834829447,1.0,1
0.9621248907448772,0.09305003971405877,1.3655398669129257e-11,0.5687646614448729,0.0,1.0,1.0,0.0,1.0,1.0,0.0,0.0,0.0,1.0,0.5659794686711295,1.0,0.8888888888888888,0.0,1.0,0.0,0.3157894736842105,0.24324324324324326,0.18256130790190736,0.3280000000000001,0.4375,0.6875,0.25925925925925924,0.1564245810055866,0.6923076923076923,0.4066852367688022,0.5307443365695793,0.0,0.0,0.6451612903225806,0.3333333333333333,0.3181818181818182,0.6666666666666666,0.47468581687612216,1.0,2
0.05807516752452171,0.05158856235107228,3.826517655428046e-7,0.5967555961989582,1.0,1.0,1.0,0.0,1.0,1.0,1.0,0.0,0.0,1.0,0.0,0.0,0.6666666666666666,0.5,7.312080700696077e-5,1.0,0.3684210526315789,0.4594594594594595,0.5449591280653951,0.38400000000000006,0.4791666666666667,0.375,0.4444444444444444,0.0,0.6538461538461539,0.37047353760445667,0.7508090614886732,0.1875,0.0,0.9677419354838709,0.3333333333333333,0.2727272727272727,0.6666666666666666,0.6247755834829447,1.0,2
0.9910653588423812,0.9564336775218427,2.226841147475972e-11,0.5053079400421454,0.0,1.0,1.0,0.0,1.0,0.0,0.0,0.0,0.0,1.0,0.5659794686711295,0.9615384615384616,0.1111111111111111,0.0,0.0,0.0,0.42105263157894735,0.918918918918919,0.3651226158038147,0.288,0.3125,0.5,0.09259259259259259,0.1564245810055866,0.933076923076923,0.4066852367688022,0.5307443365695793,0.0,0.0,0.9193548387096774,0.3666666666666667,0.09090909090909091,0.6666666666666666,0.47468581687612216,1.0,2
0.972807613868117,0.9556791104050834,9.955177020647597e-8,0.5941712059162657,1.0,1.0,1.0,0.0,1.0,1.0,1.0,0.0,0.0,0.0,0.5659794686711295,0.7307692307692307,0.1111111111111111,0.0,7.312080700696077e-5,1.0,0.631578947368421,0.2702702702702703,0.3651226158038147,0.28,0.4583333333333333,0.375,0.07407407407407407,0.46648044692737434,0.7115384615384616,0.37047353760445667,0.3818770226537216,0.25,0.0,0.8064516129032258,0.3333333333333333,0.2727272727272727,0.6666666666666666,0.35906642728904853,1.0,2
0.06720404001165388,0.9575059571088165,2.4814534945695844e-10,0.09522484195459426,1.0,1.0,1.0,0.0,1.0,1.0,1.0,0.0,0.0,1.0,0.5659794686711295,0.7307692307692307,0.6666666666666666,0.0,7.312080700696077e-5,0.0,0.5789473684210527,0.21621621621621623,0.3651226158038147,0.24,0.2916666666666667,0.5,0.2222222222222222,0.20670391061452517,0.5769230769230769,0.33983286908078,0.546925566343042,0.0,0.0,0.8064516129032258,0.3333333333333333,0.2727272727272727,0.6666666666666666,0.2980251346499102,1.0,1
0.07798387879965038,0.004209690230341541,2.4681262869791947e-11,0.45747683988708204,0.0,1.0,1.0,0.0,1.0,0.0,0.0,0.0,0.0,1.0,1.0,0.5384615384615384,0.8888888888888888,1.0,0.0,0.0,0.2631578947368421,0.13513513513513514,0.18256130790190736,0.16,0.4791666666666667,0.0,0.14814814814814814,0.0,0.9230769230769231,0.49582172701949845,0.6051779935275082,0.125,0.0,0.8064516129032258,0.26666666666666666,0.09090909090909091,0.6666666666666666,0.590664272890485,1.0,2
0.06040594347868311,0.9601270849880857,1.3655398669129257e-11,0.521450439346348,1.0,1.0,1.0,0.0,1.0,1.0,1.0,0.0,0.0,0.0,0.5659794686711295,1.0,0.8888888888888888,0.0,7.312080700696077e-5,0.0,0.8421052631578947,0.1891891891891892,0.2724795640326976,0.44,0.8958333333333334,0.875,0.16666666666666666,0.4888268156424581,0.8653846153846154,0.2089136490250696,0.37216828478964403,0.0,0.0,0.8064516129032258,0.3333333333333333,0.5454545454545454,0.6666666666666666,0.35906642728904853,1.0,2
0.9422161794697484,0.9600476568705322,2.226841147475972e-11,0.5049898612381217,0.0,1.0,1.0,0.0,1.0,0.0,0.0,0.0,0.0,1.0,0.5659794686711295,0.9615384615384616,0.1111111111111111,0.0,0.0,1.0,0.5263157894736842,0.2972972972972973,0.45504087193460485,0.36,0.375,0.5,0.25925925925925924,0.0,1.0,0.5988857938718662,0.4854368932038835,0.375,0.0,0.8064516129032258,0.19999999999999998,0.09090909090909091,0.6666666666666666,0.598563734290844,1.0,2
0.07798387879965038,0.3670373312152502,1.4867717143709706e-9,0.599220706930142,1.0,1.0,1.0,0.0,1.0,1.0,4.9498580889309365e-8,0.0,0.0,0.0,1.0,0.5,0.1111111111111111,0.5,0.0,0.0,0.42105263157894735,0.1891891891891892,0.3651226158038147,0.16,0.6666666666666666,0.5,0.18518518518518517,0.0,0.5576923076923077,0.49582172701949845,0.6051779935275082,0.0625,0.0,0.8064516129032258,0.3333333333333333,0.5454545454545454,0.6666666666666666,0.47468581687612216,1.0,1
0.04855783237836263,0.24868943606036537,1.6137338492838962e-10,0.9563436841477476,1.0,1.0,1.0,0.0,1.0,1.0,1.0,0.0,0.0,0.0,0.0,0.0,0.1111111111111111,0.5,7.312080700696077e-5,0.0,0.7368421052631579,0.40540540540540543,0.45504087193460485,0.2,0.0625,0.5,0.4444444444444444,0.5307262569832403,0.6346153846153846,0.18384401114206128,0.349514563106796,0.0,0.0,0.8064516129032258,0.3333333333333333,0.5454545454545454,0.6666666666666666,0.47755834829443444,1.0,2
0.9730018451976303,0.006910246227164416,2.4722916181214386e-6,0.5097610432984772,0.0,1.0,0.0,0.0,1.0,0.0,0.0,0.0,0.0,1.0,0.5659794686711295,0.8461538461538461,0.8888888888888888,0.0,0.0,1.0,0.21052631578947367,0.5675675675675675,0.2724795640326976,0.32,0.5208333333333334,0.3125,0.2222222222222222,0.1564245810055866,0.8076923076923077,0.4233983286908078,0.5080906148867315,0.0,0.0,0.5483870967741935,0.13333333333333333,0.09090909090909091,0.6666666666666666,0.4712746858168762,1.0,2
0.07827522579392056,0.2500794281175536,5.0939961977051875e-11,0.4960041350244523,1.0,1.0,1.0,0.0,1.0,1.0,1.0,0.0,0.0,1.0,1.0,0.5,0.1111111111111111,0.5,7.312080700696077e-5,0.0,0.3157894736842105,0.5135135135135135,0.3651226158038147,0.816,0.4166666666666667,0.375,0.2962962962962963,0.1745810055865922,0.38461538461538464,0.42479108635097484,0.4854368932038835,0.0,0.0,0.9677419354838709,0.39999999999999997,0.5454545454545454,0.6666666666666666,0.590664272890485,1.0,1
0.03894338156744683,0.9389197776012709,2.4353766767298354e-7,0.5457437080036579,1.0,1.0,1.0,0.0,1.0,1.0,1.0,0.0,1.0,1.0,0.0,0.0,0.6666666666666666,0.5,7.312080700696077e-5,0.0,0.42105263157894735,0.40540540540540543,0.18256130790190736,0.2,0.2708333333333333,0.5,0.48148148148148145,0.14804469273743018,0.6538461538461539,0.3231197771587744,0.6343042071197412,0.0,0.0,0.9677419354838709,0.26666666666666666,0.5454545454545454,1.0,0.35906642728904853,1.0,2
0.9828105273380596,0.9652899126290707,2.8359172873921555e-12,0.5680887439863226,0.0,1.0,1.0,0.0,1.0,0.0,0.0,0.0,0.0,0.0,0.5659794686711295,0.8461538461538461,0.8888888888888888,0.0,0.0,1.0,0.5263157894736842,0.6756756756756757,0.7275204359673025,0.32,0.3958333333333333,0.3125,0.2222222222222222,0.1564245810055866,0.6153846153846154,0.4066852367688022,0.5307443365695793,0.0,0.0,0.3225806451612903,0.16666666666666666,0.3181818181818182,0.6666666666666666,0.7181328545780971,1.0,2
0.9907740118481111,0.9831612390786338,2.8359172873921555e-12,0.5616874080553457,0.0,1.0,1.0,0.0,1.0,0.0,0.0,0.0,0.0,1.0,0.5659794686711295,1.0,0.8888888888888888,0.0,0.0,0.0,0.10526315789473684,0.5675675675675675,0.40871934604904625,0.4,0.3125,0.5,0.25925925925925924,0.0,0.9807692307692307,0.3231197771587744,0.8058252427184466,0.0,0.0,0.6451612903225806,0.3333333333333333,0.22727272727272727,0.6666666666666666,0.47468581687612216,1.0,2
0.04098281052733806,0.9579825258141382,2.4814534945695844e-10,0.09490676315057055,1.0,1.0,1.0,0.0,1.0,1.0,1.0,0.0,0.0,0.0,0.5659794686711295,0.7307692307692307,0.6666666666666666,0.0,7.312080700696077e-5,1.0,0.6842105263157895,0.43243243243243246,0.5449591280653951,0.25599999999999995,0.2708333333333333,0.375,0.16666666666666666,0.31005586592178774,0.7115384615384616,0.2646239554317548,0.5145631067961165,0.1875,0.0,0.8064516129032258,0.26666666666666666,0.2727272727272727,0.0,0.35906642728904853,1.0,2
0.9528017869282315,0.9829626687847498,2.4722916181214386e-6,0.5097212834479742,0.0,1.0,0.0,0.0,1.0,0.0,0.0,0.0,0.0,0.0,0.5659794686711295,0.8461538461538461,0.8888888888888888,0.0,0.0,1.0,0.3157894736842105,0.2972972972972973,0.3651226158038147,0.36,0.22916666666666666,0.625,0.16666666666666666,0.0,0.6538461538461539,0.49582172701949845,0.6051779935275082,0.0,0.0,0.3225806451612903,0.3333333333333333,0.22727272727272727,0.6666666666666666,0.4712746858168762,1.0,2
0.029231815091774305,0.9638999205718825,1.0933077138870358e-11,0.46375889626655004,0.0,1.0,1.0,0.0,1.0,0.0,0.0,0.0,0.0,1.0,0.5659794686711295,0.8461538461538461,0.8888888888888888,0.0,0.0,1.0,0.10526315789473684,0.5675675675675675,0.18256130790190736,0.21599999999999994,0.625,0.625,0.07407407407407407,0.0,0.8269230769230769,0.49582172701949845,0.6051779935275082,0.75,0.0,0.48387096774193544,0.19999999999999998,0.09090909090909091,0.6666666666666666,0.2441651705565529,1.0,2
0.030494318733611733,0.24698173153296266,2.5997237081717066e-12,0.5022861914039203,1.0,1.0,1.0,0.0,1.0,1.0,1.0,0.0,0.0,0.0,0.0,0.0,0.1111111111111111,0.5,7.312080700696077e-5,0.0,0.8421052631578947,0.7027027027027027,0.6376021798365122,0.22400000000000006,0.4791666666666667,0.125,0.5370370370370371,0.5446927374301677,0.6384615384615384,0.03899721448467962,0.5048543689320389,0.0,0.0,0.9677419354838709,0.3333333333333333,0.18181818181818182,0.3333333333333333,0.5457809694793538,1.0,2
0.9800912887248713,0.29916600476568705,6.515891488974915e-12,0.49334022504075387,0.0,1.0,1.0,0.0,1.0,0.0,0.0,0.0,0.0,0.0,1.0,0.5384615384615384,0.1111111111111111,0.0,0.0,0.0,0.3157894736842105,0.6756756756756757,0.2724795640326976,0.24,0.4375,0.75,0.2222222222222222,0.0,0.9153846153846154,0.5292479108635096,0.5663430420711975,0.1875,0.0,0.8064516129032258,0.3333333333333333,0.09090909090909091,0.6666666666666666,0.5982046678635548,1.0,1
0.9899970865300572,0.020293884034948372,1.3655398669129257e-11,0.5691622599499025,0.0,1.0,1.0,0.0,1.0,1.0,0.0,0.0,0.0,1.0,0.5659794686711295,0.9615384615384616,0.8888888888888888,0.0,0.0,1.0,0.2631578947368421,0.9459459459459459,0.7275204359673025,0.24,0.16666666666666666,0.5,0.16666666666666666,0.15083798882681568,0.5769230769230769,0.37047353760445667,0.5728155339805826,0.0,0.0,0.7419354838709676,0.3,0.5454545454545454,0.6666666666666666,0.5982046678635548,1.0,2
0.990094202194814,0.9984511517077045,1.3655398669129257e-11,0.5667766689197249,0.0,1.0,1.0,0.0,1.0,1.0,0.0,0.0,0.0,1.0,1.0,0.5,0.8888888888888888,0.0,1.0,1.0,0.21052631578947367,0.8918918918918919,0.7275204359673025,0.24799999999999997,0.6875,0.625,0.25925925925925924,0.1675977653631285,0.5769230769230769,0.5153203342618383,0.3883495145631068,0.0625,0.0,0.8064516129032258,0.3333333333333333,0.3181818181818182,0.6666666666666666,0.606463195691203,1.0,1
0.9428959891230455,0.9617553613979348,1.3698341116074713e-14,0.5608922110452864,0.0,1.0,1.0,0.0,1.0,0.0,0.0,0.0,0.0,0.0,0.5659794686711295,1.0,0.1111111111111111,0.0,0.0,0.0,0.10526315789473684,0.2702702702702703,0.2724795640326976,0.4,0.2708333333333333,0.5,0.35185185185185186,0.0,0.8461538461538461,0.49582172701949845,0.6051779935275082,0.0,0.0,0.8064516129032258,0.3333333333333333,0.22727272727272727,0.6666666666666666,0.590664272890485,1.0,1
0.03117412838690881,0.2505162827640985,5.0939961977051875e-11,0.0,1.0,1.0,1.0,0.0,1.0,1.0,1.0,0.0,0.0,1.0,1.0,0.5384615384615384,0.8888888888888888,0.5,7.312080700696077e-5,0.0,0.631578947368421,0.5135135135135135,0.45504087193460485,0.30400000000000005,0.4583333333333333,0.25,0.25925925925925924,0.3463687150837989,0.5769230769230769,0.29247910863509746,0.44012944983818775,0.0,0.0,0.9677419354838709,0.16666666666666666,0.18181818181818182,0.3333333333333333,0.11849192100538591,1.0,2
0.030008740409828105,0.09471803018268467,2.8359172873921555e-12,0.5175142141465549,0.0,1.0,1.0,0.0,1.0,0.0,0.0,0.0,0.0,1.0,0.5659794686711295,0.8461538461538461,0.8888888888888888,0.0,0.0,0.0,0.42105263157894735,0.5135135135135135,0.18256130790190736,0.24,0.4791666666666667,0.5625,0.07407407407407407,0.0,0.7692307692307693,0.49582172701949845,0.6051779935275082,0.0,0.0,0.48387096774193544,0.19999999999999998,0.22727272727272727,0.3333333333333333,0.7576301615798923,1.0,2
0.9915509371661649,0.9803415409054805,2.8359172873921555e-12,0.5625621247664109,0.0,1.0,1.0,0.0,1.0,1.0,0.0,0.0,0.0,1.0,0.5659794686711295,0.8461538461538461,0.8888888888888888,0.0,0.0,0.0,0.3157894736842105,0.7837837837837838,0.18256130790190736,0.36,0.5208333333333334,0.3125,0.25925925925925924,0.06424581005586592,0.7307692307692307,0.45961002785515315,0.5728155339805826,0.0,0.0,0.41935483870967744,0.26666666666666666,0.09090909090909091,0.6666666666666666,0.590664272890485,1.0,1
0.9522190929396912,0.9619539316918189,1.2656199830400537e-8,0.5066995348097492,0.0,1.0,1.0,0.0,1.0,1.0,0.0,0.0,0.0,1.0,0.5659794686711295,0.9615384615384616,0.1111111111111111,0.0,7.312080700696077e-5,1.0,0.7368421052631579,0.21621621621621623,0.3651226158038147,0.30400000000000005,0.0,0.5,0.14814814814814814,0.0335195530726257,0.5692307692307692,0.47632311977715874,0.5889967637540454,0.0,0.0,0.4516129032258064,0.5666666666666667,0.22727272727272727,0.6666666666666666,0.47109515260323187,1.0,2
0.9613479654268233,0.8024622716441621,1.6137338492838962e-10,0.9602799093475408,0.0,1.0,1.0,0.0,1.0,1.0,1.0,0.0,1.0,1.0,0.0,0.0,0.1111111111111111,0.5,7.312080700696077e-5,0.0,0.5263157894736842,0.21621621621621623,0.5449591280653951,0.16159999999999997,0.22916666666666666,0.5,0.7407407407407407,0.20670391061452517,0.6923076923076923,0.33983286908078,0.546925566343042,0.0,0.08333333333333333,0.9677419354838709,0.43333333333333335,0.5454545454545454,0.6666666666666666,0.7062836624775586,1.0,2
0.9634845100514713,0.9542096902303415,3.05902628871168e-14,0.49636197367897894,1.0,1.0,1.0,0.0,1.0,1.0,1.0,0.0,0.0,0.0,0.5659794686711295,0.9615384615384616,0.1111111111111111,0.0,7.312080700696077e-5,0.0,0.35789473684210527,0.24324324324324326,0.45504087193460485,0.24,0.4791666666666667,1.0,0.07407407407407407,0.46648044692737434,0.5,0.2228412256267409,0.3818770226537216,0.0,0.0,0.8064516129032258,0.06666666666666667,0.5454545454545454,0.6666666666666666,0.7181328545780971,1.0,2
0.06856365931824804,0.05714853057982526,2.4681262869791947e-11,0.4573973201860761,0.0,1.0,1.0,0.0,1.0,1.0,0.0,0.0,0.0,1.0,0.5659794686711295,0.9615384615384616,0.8888888888888888,1.0,7.312080700696077e-5,1.0,0.42105263157894735,0.1891891891891892,0.5449591280653951,0.16,0.375,0.75,0.07407407407407407,0.0,0.6923076923076923,0.4986072423398327,0.6019417475728156,0.5,0.0,0.9677419354838709,0.6666666666666666,0.3181818181818182,0.6666666666666666,0.35906642728904853,1.0,2
0.0776925318053802,0.2538125496425735,1.503126869357322e-5,0.17653373623315177,0.0,1.0,1.0,0.0,1.0,1.0,0.0,0.0,0.0,0.0,0.0,0.0,0.6666666666666666,0.5,7.312080700696077e-5,0.0,0.14736842105263157,0.1891891891891892,0.2724795640326976,0.32,0.2708333333333333,0.375,0.5925925925925926,0.0,0.5192307692307693,0.6378830083565458,0.44012944983818775,0.0,0.0,0.9677419354838709,0.3333333333333333,0.2727272727272727,0.6666666666666666,0.35906642728904853,1.0,2
0.9901913178595707,0.9547656870532168,6.515891488974915e-12,0.49341974474175976,0.0,1.0,1.0,0.0,1.0,0.0,0.0,0.0,0.0,1.0,0.5659794686711295,0.8461538461538461,0.1111111111111111,0.0,0.0,0.0,0.42105263157894735,0.5135135135135135,0.5449591280653951,0.28,0.3958333333333333,0.5625,0.25925925925925924,0.1564245810055866,0.8653846153846154,0.4066852367688022,0.5307443365695793,0.125,0.0,0.8064516129032258,0.43333333333333335,0.09090909090909091,0.6666666666666666,0.590664272890485,1.0,2
0.05836651451879188,0.9647339158061954,2.4814534945695844e-10,0.09514532225358832,1.0,1.0,1.0,0.0,1.0,1.0,1.0,0.0,0.0,1.0,0.5659794686711295,0.7307692307692307,0.6666666666666666,0.0,7.312080700696077e-5,1.0,0.47368421052631576,0.5135135135135135,0.45504087193460485,0.16,0.16666666666666666,0.375,0.16666666666666666,0.4497206703910615,0.5769230769230769,0.10027855153203345,0.5436893203883495,0.25,0.0,0.8064516129032258,0.3333333333333333,0.2727272727272727,0.6666666666666666,0.8721723518850991,1.0,1
0.028746236767990676,0.9561556791104051,2.4814534945695844e-10,0.09454892449604389,1.0,1.0,1.0,0.0,1.0,1.0,1.0,0.0,0.0,1.0,0.5659794686711295,0.7307692307692307,0.1111111111111111,0.0,7.312080700696077e-5,1.0,0.42105263157894735,0.32432432432432434,0.18256130790190736,0.16,0.4791666666666667,0.5,0.07407407407407407,0.5027932960893855,0.6923076923076923,0.11142061281337046,0.46925566343042074,0.0,0.0,0.8064516129032258,0.26666666666666666,0.5454545454545454,0.6666666666666666,0.2477558348294437,1.0,2
0.9422161794697484,0.9641382049245433,0.09954363689869695,0.49656077293149375,1.0,1.0,1.0,0.0,1.0,1.0,1.0,0.0,0.0,1.0,0.5659794686711295,0.7307692307692307,0.1111111111111111,0.0,7.312080700696077e-5,1.0,0.5263157894736842,0.40540540540540543,0.6376021798365122,0.16,0.4791666666666667,0.5,0.4444444444444444,0.29329608938547486,0.6538461538461539,0.3231197771587744,0.46278317152103554,0.0,0.0,0.8064516129032258,0.3333333333333333,0.45454545454545453,0.6666666666666666,0.5385996409335728,1.0,1
0.981645139360979,0.9662430500397141,2.4722916181214386e-6,0.5098008031489801,0.0,1.0,0.0,0.0,1.0,0.0,0.0,0.0,0.0,1.0,0.5659794686711295,0.8461538461538461,0.8888888888888888,0.0,0.0,0.0,0.4631578947368421,0.8648648648648649,0.5449591280653951,0.32,0.5208333333333334,0.3125,0.25925925925925924,0.04189944134078213,0.7307692307692307,0.2646239554317548,0.3818770226537216,0.0,0.0,0.8064516129032258,0.3666666666666667,0.22727272727272727,0.6666666666666666,0.4712746858168762,1.0,2
0.06856365931824804,0.0030182684670373313,2.4681262869791947e-11,0.4573973201860761,0.0,1.0,1.0,0.0,1.0,1.0,0.0,0.0,0.0,1.0,0.5659794686711295,0.9615384615384616,0.1111111111111111,1.0,7.312080700696077e-5,0.0,0.42105263157894735,0.1891891891891892,0.18256130790190736,0.16,0.375,0.75,0.07407407407407407,0.3128491620111732,0.6923076923076923,0.27855153203342614,0.4951456310679611,0.5,0.0,0.8064516129032258,0.3333333333333333,0.3181818181818182,0.6666666666666666,0.35906642728904853,1.0,2
1.0,0.9816521048451152,2.8359172873921555e-12,0.5747286390203172,0.0,1.0,1.0,0.0,1.0,0.0,0.0,0.0,0.0,0.0,0.5659794686711295,0.8461538461538461,0.1111111111111111,0.0,0.0,0.0,0.3157894736842105,0.7837837837837838,0.18256130790190736,0.32,0.3958333333333333,0.5625,0.12962962962962962,0.1340782122905028,0.7057692307692308,0.5153203342618383,0.42718446601941756,0.1875,0.0,0.6451612903225806,0.2333333333333333,0.09090909090909091,0.6666666666666666,0.590664272890485,1.0,2
0.06914635330678838,0.2591739475774424,1.6137338492838962e-10,0.9564629636992565,1.0,1.0,1.0,0.0,1.0,1.0,1.0,0.0,0.0,0.0,0.0,0.0,0.6666666666666666,0.5,7.312080700696077e-5,1.0,0.3157894736842105,0.40540540540540543,0.2724795640326976,0.16,0.2708333333333333,0.5,0.5370370370370371,0.0,0.6923076923076923,0.5348189415041783,0.5598705501618122,0.0,0.0,0.8064516129032258,0.3333333333333333,0.5454545454545454,0.6666666666666666,0.35906642728904853,1.0,1
0.04855783237836263,0.2403097696584591,1.6137338492838962e-10,0.9563436841477476,1.0,1.0,1.0,0.0,1.0,1.0,1.0,0.0,0.0,0.0,0.0,0.0,0.6666666666666666,0.5,7.312080700696077e-5,1.0,0.7368421052631579,0.40540540540540543,0.2724795640326976,0.2,0.2708333333333333,0.5,0.5370370370370371,0.4357541899441341,0.6346153846153846,0.13370473537604446,0.5177993527508091,0.125,0.0,0.8064516129032258,0.3333333333333333,0.5454545454545454,0.6666666666666666,0.35906642728904853,1.0,2
0.9514421676216374,0.41727561556791104,1.3655398669129257e-11,0.5686453818933641,0.0,1.0,1.0,0.0,1.0,1.0,0.0,0.0,0.0,1.0,1.0,0.5,0.8888888888888888,0.0,7.312080700696077e-5,1.0,0.2631578947368421,0.24324324324324326,0.18256130790190736,0.36,0.7083333333333334,0.5,0.25925925925925924,0.6061452513966481,0.7884615384615384,0.06963788300835654,0.3980582524271844,0.0,0.0,0.8709677419354839,0.26666666666666666,0.3181818181818182,0.6666666666666666,0.6247755834829447,1.0,2
0.9522190929396912,0.9552819698173153,2.226841147475972e-11,0.5050296210886247,0.0,1.0,1.0,0.0,1.0,0.0,0.0,0.0,0.0,1.0,0.5659794686711295,0.8461538461538461,0.1111111111111111,0.0,0.0,0.0,0.5263157894736842,0.21621621621621623,0.45504087193460485,0.3440000000000001,0.4791666666666667,0.5625,0.25925925925925924,0.0,0.8730769230769231,0.4066852367688022,0.7087378640776699,0.75,0.0,0.48387096774193544,0.5,0.09090909090909091,0.6666666666666666,0.47468581687612216,1.0,2
0.06953481596581529,0.9246227164416203,2.4722916181214386e-6,0.4655480895391833,0.0,1.0,0.0,0.0,1.0,0.0,0.0,0.0,0.0,1.0,1.0,0.5384615384615384,0.0,1.0,0.0,0.0,0.15789473684210525,0.32432432432432434,0.3651226158038147,0.3280000000000001,0.6458333333333334,0.0625,0.2222222222222222,0.0,0.8419230769230769,0.5988857938718662,0.4854368932038835,0.0,0.0,0.7741935483870968,0.26666666666666666,0.09090909090909091,0.6666666666666666,0.35906642728904853,1.0,2
0.9806739827134117,0.5295869737887212,1.6137338492838962e-10,0.9603196691980438,1.0,1.0,1.0,0.0,1.0,1.0,1.0,0.0,0.0,0.0,0.0,0.0,0.1111111111111111,0.5,7.312080700696077e-5,0.0,0.5263157894736842,0.5405405405405406,0.2724795640326976,0.14879999999999996,0.2708333333333333,0.375,0.5740740740740741,0.2849162011173184,0.6288461538461538,0.27855153203342614,0.5275080906148867,0.0,0.0,0.9677419354838709,0.3333333333333333,0.5454545454545454,0.6666666666666666,0.35906642728904853,1.0,2
0.970671069243469,0.09586973788721208,0.0028402051934469552,0.5578704624070614,0.0,1.0,0.0,0.0,1.0,0.0,0.0,0.0,0.0,1.0,0.5659794686711295,1.0,0.0,0.0,0.0,1.0,0.21052631578947367,0.24324324324324326,0.18256130790190736,0.28,0.8958333333333334,0.625,0.25925925925925924,0.0,0.8461538461538461,0.33983286908078,0.7864077669902912,0.0,0.0,0.0,0.0,0.09090909090909091,0.6666666666666666,0.35906642728904853,1.0,1
0.9440613771001263,0.2079030976965846,1.3655398669129257e-11,0.5686453818933641,0.0,1.0,1.0,0.0,1.0,1.0,0.0,0.0,0.0,1.0,0.5659794686711295,0.9615384615384616,0.1111111111111111,0.0,1.0,1.0,0.5263157894736842,0.2702702702702703,0.45504087193460485,0.25599999999999995,0.3125,0.75,0.16666666666666666,0.16480446927374304,0.8269230769230769,0.49582172701949845,0.41423948220064716,0.0,0.0,0.8064516129032258,0.3333333333333333,0.3181818181818182,0.6666666666666666,0.6247755834829447,1.0,2
0.05817228318927843,0.9656076250992851,1.3698341116074713e-14,0.45870939525267385,0.0,1.0,1.0,0.0,1.0,0.0,0.0,0.0,0.0,0.0,0.5659794686711295,0.9615384615384616,0.8888888888888888,0.0,0.0,1.0,0.10526315789473684,0.4864864864864865,0.45504087193460485,0.24,0.4791666666666667,0.5,0.25925925925925924,0.4189944134078213,0.8807692307692307,0.2506963788300835,0.4045307443365696,0.0,0.0,0.8064516129032258,0.3333333333333333,0.22727272727272727,0.6666666666666666,0.7432675044883306,1.0,2
0.06040594347868311,0.9580619539316918,1.3655398669129257e-11,0.521450439346348,1.0,1.0,1.0,0.0,1.0,1.0,1.0,0.0,0.0,0.0,0.5659794686711295,1.0,0.1111111111111111,0.0,7.312080700696077e-5,0.0,0.8421052631578947,0.1891891891891892,0.18256130790190736,0.4,0.4791666666666667,0.75,0.1111111111111111,0.4189944134078213,0.8653846153846154,0.2506963788300835,0.4045307443365696,0.0625,0.0,0.8064516129032258,0.3333333333333333,0.5454545454545454,0.6666666666666666,0.35906642728904853,1.0,2
0.9415363698164514,0.7999602859412231,1.6094479406298203e-10,0.5959603991888991,1.0,1.0,1.0,0.0,1.0,1.0,1.0,0.0,0.0,1.0,1.0,0.5384615384615384,0.1111111111111111,0.5,7.312080700696077e-5,0.0,0.5263157894736842,0.13513513513513514,0.3651226158038147,0.38400000000000006,0.3958333333333333,0.1875,0.2222222222222222,0.24022346368715083,0.5642307692307692,0.3565459610027854,0.48867313915857613,0.3125,0.0,0.8064516129032258,0.26666666666666666,0.5454545454545454,0.6666666666666666,0.4980251346499105,1.0,2
0.9521219772749344,0.03844320889594917,3.081606592005829e-12,0.48841000357838654,1.0,1.0,1.0,0.0,1.0,1.0,1.0,0.0,0.0,1.0,1.0,0.5384615384615384,0.8888888888888888,0.0,7.312080700696077e-5,1.0,0.15789473684210525,0.21621621621621623,0.18256130790190736,0.24,0.5208333333333334,0.75,0.2777777777777778,0.2122905027932961,0.5769230769230769,0.37047353760445667,0.5016181229773463,0.25,0.0,0.8064516129032258,0.3333333333333333,0.5454545454545454,0.6666666666666666,0.47109515260323187,1.0,2
0.010197144799456152,0.26227164416203336,1.6137338492838962e-10,0.9563436841477476,1.0,1.0,1.0,0.0,1.0,1.0,1.0,0.0,0.0,1.0,1.0,0.5384615384615384,0.8888888888888888,0.5,7.312080700696077e-5,0.0,0.47368421052631576,0.7567567567567568,0.45504087193460485,0.35199999999999987,0.5625,0.25,0.2037037037037037,0.5782122905027933,0.6923076923076923,0.008356545961002704,0.5016181229773463,0.3125,0.0,0.8387096774193549,0.09999999999999999,0.5454545454545454,0.2,0.24057450628366264,1.0,1
0.0016509663008643293,0.05714853057982526,2.4681262869791947e-11,0.45703948153154944,0.0,1.0,1.0,0.0,1.0,1.0,0.0,0.0,0.0,0.0,0.5659794686711295,0.9615384615384616,0.1111111111111111,0.0,0.0,0.0,0.3157894736842105,0.35135135135135137,0.5449591280653951,0.24,0.375,0.75,0.25925925925925924,0.0,0.6615384615384615,0.5766016713091922,0.5113268608414239,0.0,0.0,0.8064516129032258,1.0,0.22727272727272727,0.2,0.4739676840215442,1.0,2
0.040011653879770806,0.3684670373312153,1.4867717143709706e-9,0.4379945131406306,1.0,1.0,1.0,0.0,1.0,1.0,1.0,0.0,0.0,0.0,0.0,0.0,0.6666666666666666,0.5,0.0,0.0,0.5789473684210527,0.5405405405405406,0.5449591280653951,0.16,0.2708333333333333,0.375,0.7222222222222222,0.22067039106145253,0.6153846153846154,0.45961002785515315,0.3864077669902912,0.25,0.0,0.9677419354838709,0.26666666666666666,0.5454545454545454,1.0,0.1346499102333932,1.0,2
0.9634845100514713,0.9831215250198571,3.05902628871168e-14,0.49636197367897894,1.0,1.0,1.0,0.0,1.0,1.0,1.0,0.0,0.0,0.0,0.5659794686711295,0.9615384615384616,0.8888888888888888,0.0,7.312080700696077e-5,0.0,0.42105263157894735,0.24324324324324326,0.45504087193460485,0.28,0.375,1.0,0.07407407407407407,0.39385474860335196,0.5,0.2646239554317548,0.4174757281553398,0.0,0.0,0.8064516129032258,0.5,0.5454545454545454,0.6666666666666666,0.7181328545780971,1.0,2
0.9731960765271438,0.29559173947577444,6.515891488974915e-12,0.49334022504075387,0.0,1.0,1.0,0.0,1.0,0.0,0.0,0.0,0.0,1.0,1.0,0.5384615384615384,0.8888888888888888,0.0,0.0,0.0,0.3157894736842105,0.7837837837837838,0.18256130790190736,0.28,0.5833333333333334,0.75,0.18518518518518517,0.0,0.9230769230769231,0.49582172701949845,0.6051779935275082,0.0,0.0,0.8064516129032258,0.3333333333333333,0.09090909090909091,0.6666666666666666,0.4712746858168762,1.0,2
0.06798096532970768,0.028038125496425734,1.0933077138870358e-11,0.463838415967556,0.0,1.0,1.0,0.0,1.0,1.0,0.0,0.0,0.0,0.0,1.0,0.5384615384615384,0.8888888888888888,0.0,7.312080700696077e-5,0.0,0.3157894736842105,0.43243243243243246,0.2724795640326976,0.24,0.2708333333333333,0.0,0.14814814814814814,0.013966480446927375,0.0,0.5153203342618383,0.5663430420711975,0.0,0.0,0.9677419354838709,0.3333333333333333,0.3181818181818182,0.6666666666666666,0.35906642728904853,1.0,1
0.019131785957074876,0.2579825258141382,0.0173224299763519,0.5490437755954037,1.0,1.0,1.0,0.0,1.0,1.0,4.9498580889309365e-8,0.0,0.0,0.0,0.0,0.0,0.1111111111111111,0.5,7.312080700696077e-5,1.0,0.6842105263157895,0.5135135135135135,0.3651226158038147,0.28,0.4791666666666667,0.375,0.7222222222222222,0.0,0.6153846153846154,0.5988857938718662,0.4854368932038835,0.0,0.0,0.9677419354838709,0.16666666666666666,0.7727272727272727,0.6666666666666666,0.47755834829443444,1.0,2
0.0008740409828105274,0.03943606036536934,2.8359172873921555e-12,0.5169973360900163,0.0,1.0,1.0,0.0,1.0,0.0,0.0,0.0,0.0,1.0,1.0,0.5,0.8888888888888888,0.0,0.0,0.0,0.42105263157894735,0.1891891891891892,0.2724795640326976,0.24,0.3958333333333333,0.5,0.25925925925925924,0.0,0.8538461538461538,0.49582172701949845,0.6051779935275082,0.0,0.0,0.8064516129032258,0.3333333333333333,0.09090909090909091,0.3333333333333333,0.35906642728904853,1.0,2
0.06895212197727493,0.027204130262112786,1.0374966041433267e-15,0.4664228062502485,0.0,1.0,1.0,0.0,1.0,1.0,0.0,0.0,0.0,1.0,1.0,0.5384615384615384,0.1111111111111111,0.0,7.312080700696077e-5,0.0,0.9473684210526315,0.21621621621621623,0.45504087193460485,0.4880000000000001,0.4375,0.25,0.2222222222222222,0.4022346368715084,0.8173076923076923,0.1977715877437326,0.4854368932038835,0.3125,0.0,0.9677419354838709,0.3,0.22727272727272727,0.6666666666666666,0.35906642728904853,1.0,2
0.07973196076527143,0.08141382049245433,1.6137338492838962e-10,1.0,1.0,1.0,1.0,0.0,1.0,1.0,1.0,0.0,0.0,1.0,1.0,0.5,0.1111111111111111,0.5,7.312080700696077e-5,1.0,0.7789473684210526,0.4594594594594595,0.8174386920980926,0.24,0.4375,0.5,0.2222222222222222,0.16480446927374304,0.5384615384615384,0.49582172701949845,0.41423948220064716,0.25,0.0,0.8064516129032258,0.26666666666666666,0.5454545454545454,0.6666666666666666,0.47468581687612216,1.0,1
0.03894338156744683,0.9309372517871326,2.4353766767298354e-7,0.5457437080036579,1.0,1.0,1.0,0.0,1.0,1.0,1.0,0.0,1.0,1.0,0.0,0.0,0.1111111111111111,1.0,7.312080700696077e-5,0.0,0.3157894736842105,0.40540540540540543,0.3651226158038147,0.12,0.375,0.5,0.5370370370370371,0.0,0.6538461538461539,0.49582172701949845,0.6051779935275082,0.0,0.0,0.9677419354838709,0.19999999999999998,0.5454545454545454,0.3333333333333333,0.35906642728904853,1.0,2
0.009711566475672525,0.2449166004765687,1.6137338492838962e-10,0.9563436841477476,1.0,1.0,1.0,0.0,1.0,1.0,1.0,0.0,1.0,1.0,1.0,0.5384615384615384,0.8888888888888888,0.5,7.312080700696077e-5,0.0,0.5263157894736842,0.40540540540540543,0.45504087193460485,0.2,0.5625,0.0,0.14814814814814814,0.5782122905027933,0.5769230769230769,0.008356545961002704,0.5016181229773463,0.0,0.0,0.9677419354838709,0.19999999999999998,0.5454545454545454,0.2,0.47755834829443444,1.0,1
0.010488491793726329,0.9660444797458301,2.8359172873921555e-12,0.5170370959405193,0.0,1.0,1.0,0.0,1.0,0.0,0.0,0.0,0.0,1.0,0.5659794686711295,0.9615384615384616,0.1111111111111111,0.0,0.0,0.0,0.42105263157894735,0.5405405405405406,0.45504087193460485,0.24,0.375,0.5,0.16666666666666666,0.0,0.8846153846153846,0.5236768802228411,0.5728155339805826,0.0,0.0,0.6451612903225806,0.7666666666666666,0.09090909090909091,0.2,0.23698384201077183,1.0,2
0.02068563659318248,0.798371723590151,0.03826618122202709,0.5954037612818576,1.0,1.0,1.0,0.0,1.0,1.0,1.0,0.0,0.0,0.0,1.0,0.5,0.1111111111111111,0.5,7.312080700696077e-5,0.0,0.631578947368421,0.5405405405405406,0.45504087193460485,0.08,0.6041666666666666,0.5,0.2222222222222222,0.38268156424581007,0.6538461538461539,0.2228412256267409,0.4789644012944983,0.0,0.0,0.9677419354838709,0.26666666666666666,0.2727272727272727,0.3333333333333333,0.35906642728904853,1.0,2
0.982324949014276,0.09348689436060366,2.226841147475972e-11,0.5052681801916424,0.0,1.0,1.0,0.0,1.0,0.0,0.0,0.0,0.0,1.0,0.5659794686711295,1.0,0.1111111111111111,0.0,0.0,0.0,0.3157894736842105,0.7297297297297297,0.3651226158038147,0.32,0.5625,0.6875,0.2962962962962963,0.0,0.8461538461538461,0.49582172701949845,0.6051779935275082,0.25,0.0,0.4516129032258064,0.3333333333333333,0.09090909090909091,0.6666666666666666,0.590664272890485,1.0,2
0.9725162668738467,0.29559173947577444,6.515891488974915e-12,0.49334022504075387,0.0,1.0,1.0,0.0,1.0,0.0,0.0,0.0,0.0,0.0,1.0,0.5384615384615384,0.8888888888888888,0.0,0.0,0.0,0.3157894736842105,0.5675675675675675,0.2724795640326976,0.36,0.4583333333333333,0.25,0.2222222222222222,0.0,0.8846153846153846,0.5348189415041783,0.5598705501618122,0.0,0.0,0.8064516129032258,0.5,0.09090909090909091,0.6666666666666666,0.590664272890485,1.0,1
0.9606681557735263,0.019618745035742652,1.3655398669129257e-11,0.5699972168104648,1.0,1.0,1.0,0.0,1.0,1.0,1.0,0.0,0.0,1.0,0.5659794686711295,0.9615384615384616,0.1111111111111111,0.0,9.901375186683185e-5,0.0,0.3157894736842105,0.10810810810810811,0.2724795640326976,0.24,0.4166666666666667,0.5,0.07407407407407407,0.2625698324022347,0.7692307692307693,0.30919220055710306,0.5177993527508091,0.0,0.0,0.8064516129032258,0.3333333333333333,0.5454545454545454,0.6666666666666666,0.47468581687612216,1.0,2
0.05836651451879188,0.06985702938840349,2.4681262869791947e-11,0.4561250049699813,0.0,1.0,1.0,0.0,1.0,0.0,1.0,0.0,0.0,1.0,1.0,0.5384615384615384,0.8888888888888888,1.0,7.312080700696077e-5,1.0,0.21052631578947367,0.40540540540540543,0.45504087193460485,0.16,0.3541666666666667,0.0,0.2222222222222222,0.0,0.9615384615384616,0.49582172701949845,0.6051779935275082,0.0,0.0,0.8064516129032258,0.2333333333333333,0.09090909090909091,0.6666666666666666,0.8721723518850991,1.0,2
0.9910653588423812,0.9820889594916601,2.226841147475972e-11,0.5776708679575365,0.0,1.0,1.0,0.0,1.0,0.0,0.0,0.0,0.0,1.0,0.5659794686711295,0.9615384615384616,0.8888888888888888,0.0,0.0,0.0,0.42105263157894735,0.918918918918919,0.3651226158038147,0.3280000000000001,0.3958333333333333,0.5,0.1111111111111111,0.1564245810055866,0.933076923076923,0.4066852367688022,0.5307443365695793,0.0,0.0,0.8709677419354839,0.2333333333333333,0.09090909090909091,0.6666666666666666,0.47468581687612216,1.0,2
0.972807613868117,0.028594122319301033,2.8359172873921555e-12,0.5678899447338078,0.0,1.0,1.0,0.0,1.0,0.0,0.0,0.0,0.0,0.0,1.0,0.5,0.1111111111111111,0.0,0.0,0.0,0.21052631578947367,0.5675675675675675,0.45504087193460485,0.26400000000000007,0.4791666666666667,0.5,0.07407407407407407,0.0,0.7307692307692307,1.0,0.019417475728155387,0.0,0.0,0.8064516129032258,0.4166666666666667,0.22727272727272727,0.6666666666666666,0.5982046678635548,1.0,1
0.943770030105856,0.003137410643367752,2.4681262869791947e-11,0.5075742515208143,0.0,1.0,1.0,0.0,1.0,0.0,0.0,0.0,0.0,1.0,0.5659794686711295,0.9615384615384616,0.1111111111111111,1.0,0.0,1.0,0.3157894736842105,0.16216216216216217,0.18256130790190736,0.30400000000000005,0.3125,0.75,0.25925925925925924,0.0,0.7692307692307693,0.5988857938718662,0.4854368932038835,0.0,0.0,0.8064516129032258,0.3333333333333333,0.09090909090909091,0.6666666666666666,0.6247755834829447,1.0,1
0.04855783237836263,0.26227164416203336,1.6137338492838962e-10,0.9564232038487536,1.0,1.0,1.0,1.0,1.0,1.0,1.0,0.0,0.0,0.0,1.0,0.5384615384615384,0.8888888888888888,0.5,7.312080700696077e-5,0.0,0.8421052631578947,0.40540540540540543,0.3651226158038147,0.24,0.6041666666666666,0.0,0.2222222222222222,0.29329608938547486,0.6538461538461539,0.3231197771587744,0.46278317152103554,0.125,0.0,0.8064516129032258,0.19999999999999998,0.5454545454545454,0.6666666666666666,0.47755834829443444,1.0,2
0.9523162086044479,0.019579030976965846,4.3111401737511025e-8,0.5721840085881277,0.0,1.0,1.0,0.0,1.0,0.0,0.0,0.0,0.0,1.0,0.5659794686711295,0.7307692307692307,0.6666666666666666,0.0,0.0,1.0,0.0,0.08108108108108109,0.2724795640326976,0.16,0.2708333333333333,0.375,0.16666666666666666,0.0,0.6153846153846154,0.49582172701949845,0.6051779935275082,0.3125,0.0,0.5483870967741935,0.3,0.09090909090909091,0.6666666666666666,0.47109515260323187,1.0,2
0.9530931339225017,0.9827640984908658,3.05902628871168e-14,0.5679694644348138,1.0,1.0,1.0,0.0,1.0,1.0,1.0,0.0,0.0,1.0,0.5659794686711295,0.9615384615384616,0.1111111111111111,0.0,7.312080700696077e-5,1.0,0.47368421052631576,0.16216216216216217,0.2724795640326976,0.36,0.3125,0.5,0.07407407407407407,0.39385474860335196,0.5,0.2646239554317548,0.4174757281553398,0.25,0.0,0.8064516129032258,0.3333333333333333,1.0,0.6666666666666666,0.2502692998204668,1.0,1
0.9918422841604351,0.004249404289118348,2.4353766767298354e-7,0.4961234145759612,1.0,1.0,1.0,0.0,1.0,1.0,1.0,0.0,0.0,1.0,1.0,0.5384615384615384,0.1111111111111111,1.0,7.312080700696077e-5,0.0,0.3157894736842105,0.8918918918918919,0.45504087193460485,0.16,0.6458333333333334,0.5,0.2962962962962963,0.0,0.67,0.5292479108635096,0.5663430420711975,0.1875,0.0,0.8064516129032258,0.3333333333333333,0.5454545454545454,0.6666666666666666,0.4712746858168762,1.0,1
0.01971447994561523,0.9669579030976966,2.8359172873921555e-12,0.5504353703630074,0.0,1.0,1.0,0.0,1.0,0.0,0.0,0.0,0.0,1.0,0.5659794686711295,0.8461538461538461,0.1111111111111111,0.0,0.0,0.0,0.10526315789473684,0.43243243243243246,0.45504087193460485,0.32,0.2708333333333333,0.5625,0.07407407407407407,0.0,0.8653846153846154,0.49582172701949845,0.6051779935275082,0.0,0.0,0.48387096774193544,0.19999999999999998,0.09090909090909091,0.3333333333333333,0.47755834829443444,1.0,2
0.06730115567641061,0.9580619539316918,1.3655398669129257e-11,0.521450439346348,1.0,1.0,1.0,0.0,1.0,1.0,1.0,0.0,0.0,0.0,0.5659794686711295,1.0,0.1111111111111111,0.0,7.312080700696077e-5,0.0,0.8421052631578947,0.21621621621621623,0.18256130790190736,0.32,0.4375,0.5,0.25925925925925924,0.335195530726257,0.8076923076923077,0.14763231197771579,0.621359223300971,0.0,0.0,0.6451612903225806,0.3333333333333333,0.5454545454545454,0.6666666666666666,0.35906642728904853,1.0,1
0.9524133242692047,0.06942017474185862,2.4681262869791947e-11,0.5073754522682995,0.0,1.0,1.0,0.0,1.0,0.0,0.0,0.0,0.0,1.0,1.0,0.5,0.8888888888888888,1.0,0.0,1.0,0.3157894736842105,0.0,0.2724795640326976,0.48,0.5833333333333334,0.375,0.25925925925925924,0.0,0.7692307692307693,0.5988857938718662,0.4854368932038835,0.0,0.0,0.8064516129032258,0.3,0.09090909090909091,0.6666666666666666,0.4712746858168762,1.0,2
0.9901913178595707,0.9542494042891183,6.515891488974915e-12,0.49341974474175976,0.0,1.0,1.0,0.0,1.0,0.0,0.0,0.0,0.0,1.0,0.5659794686711295,0.8461538461538461,0.8888888888888888,0.0,0.0,0.0,0.42105263157894735,0.5135135135135135,0.6376021798365122,0.28,0.3541666666666667,0.3125,0.4444444444444444,0.29329608938547486,0.8653846153846154,0.3231197771587744,0.46278317152103554,0.125,0.0,0.8064516129032258,0.6,0.09090909090909091,0.6666666666666666,0.590664272890485,1.0,2
0.0284548897737205,0.0012311358220810167,3.183674096122962e-5,0.4499622281420222,1.0,1.0,1.0,0.0,1.0,1.0,1.0,0.0,0.0,1.0,1.0,0.5384615384615384,0.8888888888888888,0.0,7.312080700696077e-5,1.0,0.7894736842105263,0.32432432432432434,0.09264305177111717,0.4,0.375,0.5,0.25925925925925924,0.39944134078212296,0.6538461538461539,0.18384401114206128,0.5048543689320389,0.0,0.0,0.9677419354838709,0.16666666666666666,0.5454545454545454,0.6666666666666666,0.2477558348294437,1.0,1
0.010585607458483054,0.3675933280381255,1.4867717143709706e-9,0.45135382290962583,1.0,1.0,1.0,0.0,1.0,1.0,1.0,0.0,1.0,1.0,1.0,0.5,0.8888888888888888,0.5,7.312080700696077e-5,1.0,0.5684210526315789,0.5135135135135135,1.0,0.32,0.5208333333333334,0.625,0.1111111111111111,0.44134078212290506,0.34615384615384615,0.2367688022284122,0.394822006472492,0.0,0.0,0.8064516129032258,0.3333333333333333,1.0,0.6666666666666666,0.24057450628366264,1.0,1
0.9907740118481111,0.965647339158062,1.3698341116074713e-14,0.5616874080553457,0.0,1.0,1.0,0.0,1.0,0.0,0.0,0.0,0.0,1.0,0.5659794686711295,1.0,0.1111111111111111,0.0,0.0,0.0,0.3157894736842105,0.5675675675675675,0.45504087193460485,0.4,0.5208333333333334,0.5,0.25925925925925924,0.0,0.9807692307692307,0.3231197771587744,0.8058252427184466,0.0,0.0,0.6451612903225806,0.3333333333333333,0.22727272727272727,0.6666666666666666,0.47468581687612216,1.0,2
0.981645139360979,0.9579030976965845,2.4722916181214386e-6,0.514174386704306,0.0,1.0,0.0,0.0,1.0,0.0,0.0,0.0,0.0,0.0,0.5659794686711295,0.8461538461538461,0.1111111111111111,0.0,0.0,0.0,0.4631578947368421,0.8648648648648649,0.7275204359673025,0.32,0.3541666666666667,0.5625,0.4074074074074074,0.0,0.7307692307692307,0.49582172701949845,0.6051779935275082,0.125,0.0,0.8064516129032258,0.3666666666666667,0.22727272727272727,0.6666666666666666,0.4712746858168762,1.0,2
