0.01762114537444934,1.0,0.425,0.0,0.48333333333333334,0.17250000000000001,0.030211480362537787,0.37791044776119403,0.255,0.7739938080495358,1.0,2
0.34801762114537443,1.0,0.325,0.0,0.03333333333333333,0.5325,0.8670694864048337,0.34328358208955223,0.15500000000000003,0.8839009287925699,1.0,1
0.3303964757709251,0.0,0.0,0.0,0.55,0.0,0.5045317220543806,0.31343283582089554,0.06999999999999995,1.0,0.0,1
0.5594713656387665,0.0,0.2,0.0,0.5666666666666667,0.2325,0.06344410876132929,0.16417910447761194,0.11099999999999999,0.43808049535603727,1.0,1
0.45374449339207046,0.0,0.55,0.0,0.4166666666666667,0.125,0.268882175226586,0.19402985074626866,0.0,0.7739938080495358,0.0,1
0.17180616740088106,0.0,0.5,0.0,0.4666666666666666,0.39,0.824773413897281,0.2537313432835821,0.0,0.995356037151703,1.0,1
0.17180616740088106,1.0,0.775,0.0,0.2,0.4,0.24471299093655602,0.373134328358209,0.4,0.5526315789473685,0.0,2
0.9295154185022027,0.0,0.325,0.0,0.5566666666666666,0.22749999999999998,0.18731117824773413,0.1044776119402985,0.0,0.4427244582043345,1.0,1
0.9118942731277533,0.0,0.4,1.0,0.7333333333333334,0.225,0.054380664652568016,0.31343283582089554,0.06999999999999995,1.0,0.0,1
0.5770925110132159,0.0,0.25,0.0,0.4,0.275,0.39274924471299083,0.16417910447761194,0.0,0.6625386996904027,1.0,1
0.004405286343612335,1.0,0.4,0.0,0.18333333333333335,0.575,0.7190332326283987,0.18417910447761193,0.665,0.0015479876160990728,0.0,2
0.2775330396475771,0.0,0.225,0.0,0.4166666666666667,0.1,0.0,0.2537313432835821,0.0,0.995356037151703,0.0,1
0.7709251101321586,0.0,0.35,0.0,0.2333333333333333,0.25,0.09365558912386707,0.2537313432835821,0.0,0.995356037151703,0.0,1
0.00881057268722467,1.0,0.8,0.0,0.06666666666666667,0.25,0.3081570996978853,0.2835820895522388,0.18000000000000005,0.6640866873065017,1.0,2
0.004405286343612335,1.0,0.675,0.0,0.3666666666666667,0.318325,0.7975830815709968,0.05970149253731343,0.25,0.004643962848297219,0.0,2
0.43612334801762115,0.0,0.275,0.0,0.36333333333333334,0.2425,0.2628398791540785,0.16417910447761194,0.0,0.6640866873065017,1.0,1
0.45374449339207046,0.0,0.825,0.0,0.26666666666666666,0.2975,0.5226586102719034,0.14925373134328357,0.025000000000000022,0.5526315789473685,1.0,1
0.7004405286343612,1.0,0.7,0.0,0.3166666666666667,0.12,0.34441087613293037,0.208955223880597,0.020000000000000018,0.7739938080495358,1.0,1
0.00881057268722467,1.0,0.575,0.0,0.2333333333333333,0.3,0.5951661631419938,0.417910447761194,0.3125,0.7739938080495358,0.0,2
0.0,1.0,1.0,0.0,0.35833333333333334,0.305,0.5377643504531722,0.5522388059701493,0.5900000000000001,0.6640866873065017,1.0,2
0.9647577092511013,0.0,0.225,0.0,0.45000000000000007,0.1375,0.3202416918429004,0.4925373134328358,0.41500000000000004,0.7739938080495358,1.0,1
0.08370044052863436,1.0,0.625,0.0,0.26666666666666666,0.0,0.37160120845921457,0.07462686567164178,0.0,0.32972136222910214,0.0,2
0.00881057268722467,1.0,0.975,1.0,0.2833333333333333,0.475,0.6163141993957703,0.24865671641791046,0.18999999999999995,0.5464396284829722,0.0,2
0.22466960352422907,0.0,0.4,0.0,0.3666666666666667,0.775,0.6072507552870089,0.5074626865671642,0.4375,0.7739938080495358,0.0,1
0.3303964757709251,0.0,0.65,0.0,0.6166666666666667,0.15,0.20543806646525667,0.2537313432835821,0.35,0.35758513931888547,0.0,1
0.3832599118942731,0.0,0.275,0.0,0.2,0.465,0.28700906344410876,0.20388059701492536,0.18500000000000005,0.4411764705882354,1.0,1
0.2775330396475771,0.0,0.6,1.0,0.43333333333333335,0.11750000000000001,0.3232628398791541,0.4925373134328358,0.5,0.6640866873065017,1.0,1
0.9295154185022027,0.0,0.6,0.0,0.15000000000000002,0.24500000000000002,0.5679758308157099,0.5223880597014925,0.6499999999999999,0.5526315789473685,1.0,1
0.1894273127753304,0.0,0.625,0.0,0.4166666666666667,0.225,0.3564954682779455,0.2537313432835821,0.0,0.995356037151703,0.0,1
0.004405286343612335,1.0,0.575,1.0,0.4166666666666667,0.275,0.37160120845921457,0.373134328358209,0.31999999999999995,0.6609907120743036,0.0,2
