0.8237885462555066,0.0,0.475,0.0,0.5833333333333334,0.22000000000000003,0.7129909365558912,0.19402985074626866,0.0,0.7739938080495358,1.0,1
0.00881057268722467,1.0,0.8,0.0,0.06666666666666667,0.25,0.3081570996978853,0.2835820895522388,0.18000000000000005,0.6640866873065017,1.0,2
0.7004405286343612,1.0,0.7,0.0,0.3166666666666667,0.12,0.34441087613293037,0.208955223880597,0.020000000000000018,0.7739938080495358,1.0,1
0.4185022026431718,0.0,0.325,0.0,0.26666666666666666,0.35750000000000004,0.6253776435045317,0.23880597014925373,0.25,0.4427244582043345,1.0,1
0.004405286343612335,1.0,0.575,1.0,0.4166666666666667,0.275,0.37160120845921457,0.373134328358209,0.31999999999999995,0.6609907120743036,0.0,2
0.5594713656387665,0.0,0.2,0.0,0.5666666666666667,0.2325,0.06344410876132929,0.16417910447761194,0.11099999999999999,0.43808049535603727,1.0,1
0.20704845814977973,0.0,0.45,0.0,0.3166666666666667,0.1775,0.35045317220543803,0.2537313432835821,0.0,0.995356037151703,1.0,1
0.45374449339207046,0.0,0.375,0.0,1.0,0.3275,0.19637462235649555,0.22388059701492538,0.3125,0.33126934984520123,1.0,1
0.00881057268722467,1.0,0.975,1.0,0.2833333333333333,0.475,0.6163141993957703,0.24865671641791046,0.18999999999999995,0.5464396284829722,0.0,2
0.43612334801762115,0.0,0.275,0.0,0.36333333333333334,0.2425,0.2628398791540785,0.16417910447761194,0.0,0.6640866873065017,1.0,1
0.9118942731277533,0.0,0.4,1.0,0.7333333333333334,0.225,0.054380664652568016,0.31343283582089554,0.06999999999999995,1.0,0.0,1
0.788546255506608,0.0,0.425,0.0,0.2333333333333333,0.325,0.34743202416918434,0.22388059701492538,0.040000000000000036,0.7739938080495358,1.0,1
0.34801762114537443,1.0,0.325,0.0,0.03333333333333333,0.5325,0.8670694864048337,0.34328358208955223,0.15500000000000003,0.8839009287925699,1.0,1
0.3832599118942731,0.0,0.6,0.0,0.6166666666666667,0.0,0.34138972809667667,0.13432835820895522,0.0,0.5526315789473685,1.0,1
0.8590308370044053,0.0,0.125,0.0,0.25,0.32999999999999996,0.5558912386706948,0.16417910447761194,0.0,0.6640866873065017,1.0,1
0.8590308370044053,0.0,0.6,1.0,0.4,0.2425,0.649546827794562,0.0,0.050000000000000044,0.0,1.0,1
0.08370044052863436,1.0,0.625,0.0,0.26666666666666666,0.0,0.37160120845921457,0.07462686567164178,0.0,0.32972136222910214,0.0,2
0.7180616740088106,0.0,0.325,0.0,0.4666666666666666,0.1875,0.40181268882175225,0.22388059701492538,0.040000000000000036,0.7739938080495358,1.0,1
0.3832599118942731,0.0,0.275,0.0,0.2,0.465,0.28700906344410876,0.20388059701492536,0.18500000000000005,0.4411764705882354,1.0,1
0.013215859030837005,1.0,0.35,0.0,0.0,0.615,0.6737160120845922,1.0,1.0,0.8839009287925699,1.0,2
0.2599118942731278,0.0,0.2,0.0,0.345,0.44749999999999995,0.3383685800604229,0.3283582089552239,0.08999999999999997,0.995356037151703,1.0,1
0.45374449339207046,0.0,0.65,0.0,0.295,0.3,0.48338368580060403,0.22388059701492538,0.08999999999999997,0.6625386996904027,1.0,1
0.06607929515418502,1.0,0.3,0.0,0.26666666666666666,0.7224999999999999,1.0,0.6143283582089551,0.5049999999999999,0.8839009287925699,1.0,2
0.3303964757709251,0.0,0.0,0.0,0.55,0.0,0.5045317220543806,0.31343283582089554,0.06999999999999995,1.0,0.0,1
0.2775330396475771,0.0,0.6,1.0,0.43333333333333335,0.11750000000000001,0.3232628398791541,0.4925373134328358,0.5,0.6640866873065017,1.0,1
0.3303964757709251,1.0,0.275,0.0,0.25,0.55,0.7039274924471298,0.373134328358209,0.625,0.33126934984520123,0.0,1
0.5770925110132159,0.0,0.25,0.0,0.4,0.275,0.39274924471299083,0.16417910447761194,0.0,0.6625386996904027,1.0,1
0.8766519823788547,0.0,0.35,0.0,0.5333333333333333,0.2,0.552870090634441,0.2537313432835821,0.0,0.995356037151703,0.0,1
0.17180616740088106,1.0,0.775,0.0,0.2,0.4,0.24471299093655602,0.373134328358209,0.4,0.5526315789473685,0.0,2
0.00881057268722467,1.0,0.8,0.0,0.3666666666666667,1.0,0.8489425981873112,0.2537313432835821,0.19999999999999996,0.5526315789473685,1.0,2
