1.0,0.0,0.35,0.0,0.405,0.30155,0.35740181268882165,0.31343283582089554,0.22499999999999998,0.6671826625386998,0.0,1
0.7180616740088106,0.0,0.325,0.0,0.4666666666666666,0.1875,0.40181268882175225,0.22388059701492538,0.040000000000000036,0.7739938080495358,1.0,1
0.9295154185022027,0.0,0.325,0.0,0.5566666666666666,0.22749999999999998,0.18731117824773413,0.1044776119402985,0.0,0.4427244582043345,1.0,1
0.9295154185022027,0.0,0.6,0.0,0.15000000000000002,0.24500000000000002,0.5679758308157099,0.5223880597014925,0.6499999999999999,0.5526315789473685,1.0,1
0.1894273127753304,0.0,0.625,0.0,0.4166666666666667,0.225,0.3564954682779455,0.2537313432835821,0.0,0.995356037151703,0.0,1
0.3832599118942731,0.0,0.275,0.0,0.2,0.465,0.28700906344410876,0.20388059701492536,0.18500000000000005,0.4411764705882354,1.0,1
0.8237885462555066,0.0,0.475,0.0,0.5833333333333334,0.22000000000000003,0.7129909365558912,0.19402985074626866,0.0,0.7739938080495358,1.0,1
0.00881057268722467,1.0,0.8,0.0,0.3666666666666667,1.0,0.8489425981873112,0.2537313432835821,0.19999999999999996,0.5526315789473685,1.0,2
0.20704845814977973,0.0,0.3,0.0,0.48333333333333334,0.23500000000000001,0.02114803625377652,0.2537313432835821,0.0,0.995356037151703,1.0,1
0.45374449339207046,0.0,0.55,0.0,0.4166666666666667,0.125,0.268882175226586,0.19402985074626866,0.0,0.7739938080495358,0.0,1
0.45374449339207046,0.0,0.375,0.0,1.0,0.3275,0.19637462235649555,0.22388059701492538,0.3125,0.33126934984520123,1.0,1
0.5770925110132159,0.0,0.25,0.0,0.4,0.275,0.39274924471299083,0.16417910447761194,0.0,0.6625386996904027,1.0,1
0.00881057268722467,1.0,0.575,0.0,0.2333333333333333,0.3,0.5951661631419938,0.417910447761194,0.3125,0.7739938080495358,0.0,2
0.5594713656387665,0.0,0.2,0.0,0.5666666666666667,0.2325,0.06344410876132929,0.16417910447761194,0.11099999999999999,0.43808049535603727,1.0,1
0.08370044052863436,1.0,0.625,0.0,0.26666666666666666,0.0,0.37160120845921457,0.07462686567164178,0.0,0.32972136222910214,0.0,2
0.013215859030837005,1.0,0.5,1.0,0.35,0.375,0.5981873111782477,0.6417910447761194,0.625,0.7739938080495358,0.0,2
0.8590308370044053,0.0,0.6,1.0,0.4,0.2425,0.649546827794562,0.0,0.050000000000000044,0.0,1.0,1
0.8590308370044053,0.0,0.125,0.0,0.25,0.32999999999999996,0.5558912386706948,0.16417910447761194,0.0,0.6640866873065017,1.0,1
0.43612334801762115,0.0,0.2,0.0,0.21666666666666667,0.325,0.3232628398791541,0.29850746268656714,0.09499999999999997,0.886996904024768,0.0,1
0.4713656387665198,0.0,0.2,1.0,0.1,0.42000000000000004,0.22356495468277948,0.373134328358209,0.25,0.7739938080495358,1.0,1
0.5066079295154186,0.0,0.35,0.0,0.18333333333333335,0.255,0.268882175226586,0.2835820895522388,0.33499999999999996,0.43808049535603727,1.0,1
0.22466960352422907,0.0,0.4,0.0,0.3666666666666667,0.775,0.6072507552870089,0.5074626865671642,0.4375,0.7739938080495358,0.0,1
0.3303964757709251,0.0,0.0,0.0,0.55,0.0,0.5045317220543806,0.31343283582089554,0.06999999999999995,1.0,0.0,1
0.3832599118942731,1.0,0.5,0.0,0.13333333333333333,0.425,0.7247734138972809,0.07462686567164178,0.16649999999999998,0.11145510835913315,0.0,1
0.7004405286343612,0.0,0.825,0.0,0.2333333333333333,0.4375,0.25679758308157086,0.22388059701492538,0.15000000000000002,0.5526315789473685,1.0,1
0.45374449339207046,0.0,0.825,0.0,0.26666666666666666,0.2975,0.5226586102719034,0.14925373134328357,0.025000000000000022,0.5526315789473685,1.0,1
0.06607929515418502,1.0,0.3,0.0,0.26666666666666666,0.7224999999999999,1.0,0.6143283582089551,0.5049999999999999,0.8839009287925699,1.0,2
0.9118942731277533,0.0,0.675,0.0,0.5333333333333333,0.15,0.17522658610271902,0.2537313432835821,0.0,0.995356037151703,0.0,1
0.013215859030837005,1.0,0.35,0.0,0.0,0.615,0.6737160120845922,1.0,1.0,0.8839009287925699,1.0,2
0.00881057268722467,1.0,0.8,0.0,0.06666666666666667,0.25,0.3081570996978853,0.2835820895522388,0.18000000000000005,0.6640866873065017,1.0,2
