0.2775330396475771,0.0,0.225,0.0,0.4166666666666667,0.1,0.0,0.2537313432835821,0.0,0.995356037151703,0.0,1
0.788546255506608,0.0,0.425,0.0,0.2333333333333333,0.325,0.34743202416918434,0.22388059701492538,0.040000000000000036,0.7739938080495358,1.0,1
0.9118942731277533,0.0,0.675,0.0,0.5333333333333333,0.15,0.17522658610271902,0.2537313432835821,0.0,0.995356037151703,0.0,1
0.4185022026431718,0.0,0.325,0.0,0.26666666666666666,0.35750000000000004,0.6253776435045317,0.23880597014925373,0.25,0.4427244582043345,1.0,1
0.08370044052863436,1.0,0.625,0.0,0.26666666666666666,0.0,0.37160120845921457,0.07462686567164178,0.0,0.32972136222910214,0.0,2
0.17180616740088106,1.0,0.775,0.0,0.2,0.4,0.24471299093655602,0.373134328358209,0.4,0.5526315789473685,0.0,2
0.08370044052863436,1.0,0.475,1.0,0.25,0.2125,0.619335347432024,0.31343283582089554,0.22499999999999998,0.6640866873065017,1.0,2
0.00881057268722467,1.0,0.575,0.0,0.2333333333333333,0.3,0.5951661631419938,0.417910447761194,0.3125,0.7739938080495358,0.0,2
0.9647577092511013,0.0,0.225,0.0,0.45000000000000007,0.1375,0.3202416918429004,0.4925373134328358,0.41500000000000004,0.7739938080495358,1.0,1
0.4185022026431718,0.0,0.225,1.0,0.4,0.30157500000000004,0.2628398791540785,0.2537313432835821,0.0,0.995356037151703,0.0,1
0.43612334801762115,0.0,0.275,0.0,0.36333333333333334,0.2425,0.2628398791540785,0.16417910447761194,0.0,0.6640866873065017,1.0,1
0.8237885462555066,0.0,0.475,0.0,0.5833333333333334,0.22000000000000003,0.7129909365558912,0.19402985074626866,0.0,0.7739938080495358,1.0,1
0.013215859030837005,1.0,0.35,0.0,0.0,0.615,0.6737160120845922,1.0,1.0,0.8839009287925699,1.0,2
0.7004405286343612,1.0,0.7,0.0,0.3166666666666667,0.12,0.34441087613293037,0.208955223880597,0.020000000000000018,0.7739938080495358,1.0,1
0.3832599118942731,1.0,0.5,0.0,0.13333333333333333,0.425,0.7247734138972809,0.07462686567164178,0.16649999999999998,0.11145510835913315,0.0,1
0.004405286343612335,1.0,0.675,0.0,0.3666666666666667,0.318325,0.7975830815709968,0.05970149253731343,0.25,0.004643962848297219,0.0,2
0.20704845814977973,0.0,0.45,0.0,0.3166666666666667,0.1775,0.35045317220543803,0.2537313432835821,0.0,0.995356037151703,1.0,1
0.8590308370044053,0.0,0.6,1.0,0.4,0.2425,0.649546827794562,0.0,0.050000000000000044,0.0,1.0,1
0.7180616740088106,0.0,0.325,0.0,0.4666666666666666,0.1875,0.40181268882175225,0.22388059701492538,0.040000000000000036,0.7739938080495358,1.0,1
0.7180616740088106,0.0,0.8,0.0,0.08333333333333333,0.4025,0.6646525679758307,0.24388059701492537,0.1835,0.5526315789473685,1.0,1
0.17180616740088106,0.0,0.5,0.0,0.4666666666666666,0.39,0.824773413897281,0.2537313432835821,0.0,0.995356037151703,1.0,1
0.45374449339207046,0.0,0.375,0.0,1.0,0.3275,0.19637462235649555,0.22388059701492538,0.3125,0.33126934984520123,1.0,1
0.0,1.0,1.0,0.0,0.35833333333333334,0.305,0.5377643504531722,0.5522388059701493,0.5900000000000001,0.6640866873065017,1.0,2
0.3303964757709251,0.0,0.0,0.0,0.55,0.0,0.5045317220543806,0.31343283582089554,0.06999999999999995,1.0,0.0,1
0.00881057268722467,1.0,0.8,0.0,0.06666666666666667,0.25,0.3081570996978853,0.2835820895522388,0.18000000000000005,0.6640866873065017,1.0,2
0.45374449339207046,0.0,0.65,0.0,0.295,0.3,0.48338368580060403,0.22388059701492538,0.08999999999999997,0.6625386996904027,1.0,1
0.004405286343612335,1.0,0.575,1.0,0.4166666666666667,0.275,0.37160120845921457,0.373134328358209,0.31999999999999995,0.6609907120743036,0.0,2
0.9295154185022027,0.0,0.325,0.0,0.5566666666666666,0.22749999999999998,0.18731117824773413,0.1044776119402985,0.0,0.4427244582043345,1.0,1
0.4713656387665198,0.0,0.2,1.0,0.1,0.42000000000000004,0.22356495468277948,0.373134328358209,0.25,0.7739938080495358,1.0,1
0.01762114537444934,1.0,0.425,0.0,0.48333333333333334,0.17250000000000001,0.030211480362537787,0.37791044776119403,0.255,0.7739938080495358,1.0,2
