0.9295154185022027,0.0,0.6,0.0,0.15000000000000002,0.24500000000000002,0.5679758308157099,0.5223880597014925,0.6499999999999999,0.5526315789473685,1.0,1
0.3832599118942731,1.0,0.5,0.0,0.13333333333333333,0.425,0.7247734138972809,0.07462686567164178,0.16649999999999998,0.11145510835913315,0.0,1
0.004405286343612335,1.0,0.675,0.0,0.3666666666666667,0.318325,0.7975830815709968,0.05970149253731343,0.25,0.004643962848297219,0.0,2
0.3303964757709251,0.0,0.0,0.0,0.55,0.0,0.5045317220543806,0.31343283582089554,0.06999999999999995,1.0,0.0,1
0.5066079295154186,0.0,0.35,0.0,0.18333333333333335,0.255,0.268882175226586,0.2835820895522388,0.33499999999999996,0.43808049535603727,1.0,1
0.9118942731277533,0.0,0.675,0.0,0.5333333333333333,0.15,0.17522658610271902,0.2537313432835821,0.0,0.995356037151703,0.0,1
0.4185022026431718,0.0,0.225,1.0,0.4,0.30157500000000004,0.2628398791540785,0.2537313432835821,0.0,0.995356037151703,0.0,1
0.43612334801762115,0.0,0.275,0.0,0.36333333333333334,0.2425,0.2628398791540785,0.16417910447761194,0.0,0.6640866873065017,1.0,1
0.01762114537444934,1.0,0.425,0.0,0.48333333333333334,0.17250000000000001,0.030211480362537787,0.37791044776119403,0.255,0.7739938080495358,1.0,2
0.45374449339207046,0.0,0.65,0.0,0.295,0.3,0.48338368580060403,0.22388059701492538,0.08999999999999997,0.6625386996904027,1.0,1
0.06607929515418502,1.0,0.3,0.0,0.26666666666666666,0.7224999999999999,1.0,0.6143283582089551,0.5049999999999999,0.8839009287925699,1.0,2
0.00881057268722467,1.0,0.975,1.0,0.2833333333333333,0.475,0.6163141993957703,0.24865671641791046,0.18999999999999995,0.5464396284829722,0.0,2
0.7709251101321586,0.0,0.35,0.0,0.2333333333333333,0.25,0.09365558912386707,0.2537313432835821,0.0,0.995356037151703,0.0,1
0.3832599118942731,0.0,0.6,0.0,0.6166666666666667,0.0,0.34138972809667667,0.13432835820895522,0.0,0.5526315789473685,1.0,1
0.2775330396475771,0.0,0.6,1.0,0.43333333333333335,0.11750000000000001,0.3232628398791541,0.4925373134328358,0.5,0.6640866873065017,1.0,1
1.0,0.0,0.35,0.0,0.405,0.30155,0.35740181268882165,0.31343283582089554,0.22499999999999998,0.6671826625386998,0.0,1
0.6299559471365639,0.0,0.225,1.0,0.3333333333333333,0.10500000000000001,0.22356495468277948,0.2537313432835821,0.28,0.43808049535603727,1.0,1
0.43612334801762115,0.0,0.2,0.0,0.21666666666666667,0.325,0.3232628398791541,0.29850746268656714,0.09499999999999997,0.886996904024768,0.0,1
0.5770925110132159,0.0,0.25,0.0,0.4,0.275,0.39274924471299083,0.16417910447761194,0.0,0.6625386996904027,1.0,1
0.08370044052863436,1.0,0.625,0.0,0.26666666666666666,0.0,0.37160120845921457,0.07462686567164178,0.0,0.32972136222910214,0.0,2
0.8590308370044053,0.0,0.6,1.0,0.4,0.2425,0.649546827794562,0.0,0.050000000000000044,0.0,1.0,1
0.1894273127753304,0.0,0.625,0.0,0.4166666666666667,0.225,0.3564954682779455,0.2537313432835821,0.0,0.995356037151703,0.0,1
0.9118942731277533,0.0,0.4,1.0,0.7333333333333334,0.225,0.054380664652568016,0.31343283582089554,0.06999999999999995,1.0,0.0,1
0.22466960352422907,0.0,0.4,0.0,0.3666666666666667,0.775,0.6072507552870089,0.5074626865671642,0.4375,0.7739938080495358,0.0,1
0.3303964757709251,1.0,0.275,0.0,0.25,0.55,0.7039274924471298,0.373134328358209,0.625,0.33126934984520123,0.0,1
0.3832599118942731,0.0,0.275,0.0,0.2,0.465,0.28700906344410876,0.20388059701492536,0.18500000000000005,0.4411764705882354,1.0,1
0.20704845814977973,0.0,0.3,0.0,0.48333333333333334,0.23500000000000001,0.02114803625377652,0.2537313432835821,0.0,0.995356037151703,1.0,1
0.17180616740088106,0.0,0.5,0.0,0.4666666666666666,0.39,0.824773413897281,0.2537313432835821,0.0,0.995356037151703,1.0,1
0.20704845814977973,0.0,0.45,0.0,0.3166666666666667,0.1775,0.35045317220543803,0.2537313432835821,0.0,0.995356037151703,1.0,1
0.9647577092511013,0.0,0.225,0.0,0.45000000000000007,0.1375,0.3202416918429004,0.4925373134328358,0.41500000000000004,0.7739938080495358,1.0,1
