0.45374449339207046,0.0,0.375,0.0,1.0,0.3275,0.19637462235649555,0.22388059701492538,0.3125,0.33126934984520123,1.0,1
0.34801762114537443,1.0,0.325,0.0,0.03333333333333333,0.5325,0.8670694864048337,0.34328358208955223,0.15500000000000003,0.8839009287925699,1.0,1
0.3303964757709251,0.0,0.65,0.0,0.6166666666666667,0.15,0.20543806646525667,0.2537313432835821,0.35,0.35758513931888547,0.0,1
0.8590308370044053,0.0,0.125,0.0,0.25,0.32999999999999996,0.5558912386706948,0.16417910447761194,0.0,0.6640866873065017,1.0,1
0.048458149779735685,1.0,0.4,0.0,0.4166666666666667,0.19,0.30211480362537757,0.2537313432835821,0.0,0.995356037151703,1.0,2
0.45374449339207046,0.0,0.65,0.0,0.295,0.3,0.48338368580060403,0.22388059701492538,0.08999999999999997,0.6625386996904027,1.0,1
0.45374449339207046,0.0,0.825,0.0,0.26666666666666666,0.2975,0.5226586102719034,0.14925373134328357,0.025000000000000022,0.5526315789473685,1.0,1
0.00881057268722467,1.0,0.975,1.0,0.2833333333333333,0.475,0.6163141993957703,0.24865671641791046,0.18999999999999995,0.5464396284829722,0.0,2
0.004405286343612335,1.0,0.41322500000000006,1.0,0.1,0.5,0.5377643504531722,0.5522388059701493,0.5,0.7739938080495358,0.0,2
0.43612334801762115,0.0,0.2,0.0,0.21666666666666667,0.325,0.3232628398791541,0.29850746268656714,0.09499999999999997,0.886996904024768,0.0,1
0.3303964757709251,1.0,0.275,0.0,0.25,0.55,0.7039274924471298,0.373134328358209,0.625,0.33126934984520123,0.0,1
0.7709251101321586,0.0,0.35,0.0,0.2333333333333333,0.25,0.09365558912386707,0.2537313432835821,0.0,0.995356037151703,0.0,1
0.013215859030837005,1.0,0.35,0.0,0.0,0.615,0.6737160120845922,1.0,1.0,0.8839009287925699,1.0,2
0.45374449339207046,0.0,0.55,0.0,0.4166666666666667,0.125,0.268882175226586,0.19402985074626866,0.0,0.7739938080495358,0.0,1
0.08370044052863436,1.0,0.475,1.0,0.25,0.2125,0.619335347432024,0.31343283582089554,0.22499999999999998,0.6640866873065017,1.0,2
0.7004405286343612,1.0,0.7,0.0,0.3166666666666667,0.12,0.34441087613293037,0.208955223880597,0.020000000000000018,0.7739938080495358,1.0,1
0.0,1.0,1.0,0.0,0.35833333333333334,0.305,0.5377643504531722,0.5522388059701493,0.5900000000000001,0.6640866873065017,1.0,2
0.5066079295154186,0.0,0.35,0.0,0.18333333333333335,0.255,0.268882175226586,0.2835820895522388,0.33499999999999996,0.43808049535603727,1.0,1
0.4713656387665198,0.0,0.2,1.0,0.1,0.42000000000000004,0.22356495468277948,0.373134328358209,0.25,0.7739938080495358,1.0,1
0.08370044052863436,1.0,0.625,0.0,0.26666666666666666,0.0,0.37160120845921457,0.07462686567164178,0.0,0.32972136222910214,0.0,2
0.5770925110132159,0.0,0.25,0.0,0.4,0.275,0.39274924471299083,0.16417910447761194,0.0,0.6625386996904027,1.0,1
0.3303964757709251,0.0,0.0,0.0,0.55,0.0,0.5045317220543806,0.31343283582089554,0.06999999999999995,1.0,0.0,1
0.5594713656387665,0.0,0.2,0.0,0.5666666666666667,0.2325,0.06344410876132929,0.16417910447761194,0.11099999999999999,0.43808049535603727,1.0,1
0.7180616740088106,0.0,0.8,0.0,0.08333333333333333,0.4025,0.6646525679758307,0.24388059701492537,0.1835,0.5526315789473685,1.0,1
0.4185022026431718,0.0,0.325,0.0,0.26666666666666666,0.35750000000000004,0.6253776435045317,0.23880597014925373,0.25,0.4427244582043345,1.0,1
0.9118942731277533,0.0,0.675,0.0,0.5333333333333333,0.15,0.17522658610271902,0.2537313432835821,0.0,0.995356037151703,0.0,1
0.01762114537444934,1.0,0.425,0.0,0.48333333333333334,0.17250000000000001,0.030211480362537787,0.37791044776119403,0.255,0.7739938080495358,1.0,2
0.013215859030837005,1.0,0.5,1.0,0.35,0.375,0.5981873111782477,0.6417910447761194,0.625,0.7739938080495358,0.0,2
0.9647577092511013,0.0,0.225,0.0,0.45000000000000007,0.1375,0.3202416918429004,0.4925373134328358,0.41500000000000004,0.7739938080495358,1.0,1
0.004405286343612335,1.0,0.4,0.0,0.18333333333333335,0.575,0.7190332326283987,0.18417910447761193,0.665,0.0015479876160990728,0.0,2
