0.8166666666666664,1.0,1.0,1.0,1.0,0.0,2
0.75,1.0,1.0,1.0,1.0,0.0,2
0.0,0.0,1.0,0.0,0.0,0.0,1
0.2333333333333331,0.0,1.0,0.0,0.0,0.0,1
0.11666666666666714,0.0,0.0,1.0,1.0,1.0,2
0.8500000000000002,1.0,1.0,0.0,1.0,0.0,1
0.8166666666666664,1.0,1.0,1.0,1.0,0.0,2
0.3333333333333333,0.0,1.0,0.0,0.0,0.0,1
0.8666666666666671,0.0,0.0,0.0,0.0,0.0,1
1.0,0.0,1.0,1.0,0.0,1.0,1
0.9333333333333336,1.0,1.0,0.0,1.0,0.0,1
0.8333333333333334,1.0,1.0,1.0,1.0,0.0,2
0.2833333333333338,0.0,0.0,1.0,1.0,0.0,2
0.25,0.0,0.0,1.0,1.0,1.0,2
0.9666666666666662,1.0,1.0,1.0,1.0,0.0,2
0.8666666666666671,1.0,1.0,1.0,1.0,0.0,2
0.25,0.0,0.0,1.0,1.0,1.0,2
0.8999999999999998,1.0,1.0,1.0,1.0,0.0,2
0.8166666666666664,1.0,1.0,0.0,1.0,0.0,1
0.8666666666666671,1.0,1.0,0.0,1.0,0.0,1
0.06666666666666643,0.0,1.0,0.0,0.0,0.0,1
0.3333333333333333,0.0,0.0,1.0,0.0,0.0,2
0.2333333333333331,0.0,0.0,1.0,1.0,1.0,2
0.75,1.0,1.0,1.0,1.0,1.0,2
0.20000000000000048,0.0,1.0,0.0,0.0,0.0,1
0.7000000000000005,0.0,1.0,1.0,0.0,1.0,1
0.4166666666666667,0.0,1.0,1.0,0.0,1.0,1
0.9500000000000005,1.0,1.0,0.0,1.0,0.0,1
0.5833333333333334,0.0,1.0,1.0,0.0,1.0,1
0.6499999999999998,0.0,1.0,1.0,0.0,1.0,1
0.7833333333333338,1.0,1.0,0.0,1.0,0.0,1
0.7833333333333338,0.0,0.0,0.0,0.0,0.0,1
0.3333333333333333,0.0,1.0,0.0,0.0,0.0,1
0.35000000000000026,0.0,0.0,1.0,1.0,1.0,2
0.18333333333333357,0.0,0.0,1.0,1.0,1.0,2
0.29999999999999954,0.0,0.0,1.0,1.0,1.0,2
0.18333333333333357,0.0,1.0,0.0,0.0,0.0,1
0.9166666666666666,1.0,1.0,0.0,1.0,0.0,1
0.9333333333333336,1.0,1.0,1.0,1.0,0.0,2
1.0,1.0,1.0,0.0,1.0,0.0,1
0.35000000000000026,0.0,0.0,1.0,1.0,0.0,2
0.9333333333333336,1.0,1.0,1.0,1.0,1.0,2
0.08333333333333333,0.0,0.0,1.0,1.0,1.0,2
0.9166666666666666,1.0,1.0,1.0,1.0,1.0,2
0.31666666666666643,0.0,0.0,1.0,0.0,0.0,2
0.75,1.0,1.0,0.0,1.0,0.0,1
0.36666666666666714,0.0,1.0,0.0,0.0,0.0,1
0.18333333333333357,0.0,0.0,1.0,1.0,1.0,2
0.75,0.0,1.0,1.0,0.0,1.0,1
0.25,0.0,0.0,1.0,1.0,1.0,2
0.5,0.0,1.0,1.0,0.0,1.0,1
0.20000000000000048,0.0,1.0,0.0,0.0,0.0,1
0.2666666666666669,0.0,1.0,0.0,0.0,0.0,1
0.29999999999999954,0.0,1.0,0.0,0.0,0.0,1
0.13333333333333286,0.0,0.0,1.0,1.0,1.0,2
0.25,0.0,0.0,1.0,1.0,0.0,2
0.8500000000000002,0.0,0.0,0.0,0.0,0.0,1
0.3333333333333333,0.0,0.0,1.0,1.0,0.0,2
0.35000000000000026,0.0,0.0,1.0,1.0,0.0,2
0.08333333333333333,0.0,1.0,0.0,0.0,0.0,1
