0.5471698113207547,0.8181818181818182,0.057692307692307696,1
0.32075471698113206,0.6363636363636364,0.0,2
0.5471698113207547,0.36363636363636365,0.6730769230769231,2
0.1320754716981132,0.18181818181818182,0.0,1
0.8867924528301887,0.6363636363636364,0.057692307692307696,1
0.018867924528301886,0.09090909090909091,0.038461538461538464,1
0.16981132075471697,0.45454545454545453,0.0,1
0.4528301886792453,0.8181818181818182,0.8846153846153846,1
0.41509433962264153,0.09090909090909091,0.038461538461538464,2
0.05660377358490566,0.0,0.19230769230769232,1
0.07547169811320754,0.09090909090909091,0.0,2
0.22641509433962265,0.2727272727272727,0.07692307692307693,1
0.3584905660377358,0.36363636363636365,0.019230769230769232,1
0.6226415094339622,0.18181818181818182,0.019230769230769232,2
0.32075471698113206,0.2727272727272727,0.0,1
0.2830188679245283,0.8181818181818182,0.0,1
0.5094339622641509,0.36363636363636365,0.0,1
0.4528301886792453,1.0,0.1346153846153846,1
0.660377358490566,0.09090909090909091,0.038461538461538464,1
0.5283018867924528,0.09090909090909091,0.0,1
0.2641509433962264,0.5454545454545454,0.11538461538461539,2
0.37735849056603776,0.2727272727272727,0.0,1
0.5471698113207547,0.18181818181818182,0.0,1
0.20754716981132076,0.09090909090909091,0.15384615384615385,1
0.3584905660377358,0.5454545454545454,0.19230769230769232,2
0.3018867924528302,0.45454545454545453,0.0,1
0.37735849056603776,0.5454545454545454,0.0,2
0.41509433962264153,0.6363636363636364,0.0,1
0.660377358490566,0.0,0.0,2
0.32075471698113206,0.18181818181818182,0.07692307692307693,1
0.4528301886792453,0.6363636363636364,0.4423076923076923,2
0.18867924528301888,0.0,0.038461538461538464,1
0.7547169811320755,0.7272727272727273,0.2692307692307692,1
0.49056603773584906,0.7272727272727273,0.057692307692307696,2
0.4339622641509434,0.45454545454545453,0.46153846153846156,2
0.32075471698113206,0.0,0.057692307692307696,1
0.32075471698113206,0.9090909090909091,0.07692307692307693,1
0.1320754716981132,0.45454545454545453,0.0,1
0.1320754716981132,0.45454545454545453,0.0,1
0.7547169811320755,0.0,0.07692307692307693,2
0.1509433962264151,0.09090909090909091,0.038461538461538464,1
0.4716981132075472,1.0,0.4230769230769231,1
0.07547169811320754,0.0,0.5769230769230769,1
0.660377358490566,0.5454545454545454,0.0,1
0.41509433962264153,0.45454545454545453,0.07692307692307693,1
0.7169811320754716,0.8181818181818182,0.0,1
0.6037735849056604,0.0,0.0,2
0.2830188679245283,0.18181818181818182,0.0,1
0.5094339622641509,0.45454545454545453,0.0,1
0.018867924528301886,0.6363636363636364,0.07692307692307693,1
0.1509433962264151,1.0,0.40384615384615385,2
0.4339622641509434,0.6363636363636364,0.019230769230769232,2
0.33962264150943394,0.36363636363636365,0.038461538461538464,1
0.3018867924528302,0.6363636363636364,0.38461538461538464,2
0.7735849056603774,0.9090909090909091,0.038461538461538464,1
0.49056603773584906,0.18181818181818182,0.0,1
0.3018867924528302,0.0,0.038461538461538464,2
0.22641509433962265,0.18181818181818182,0.019230769230769232,1
0.37735849056603776,0.2727272727272727,0.11538461538461539,1
0.41509433962264153,0.7272727272727273,0.07692307692307693,2
0.5283018867924528,0.0,0.0,1
0.32075471698113206,0.7272727272727273,0.23076923076923078,1
0.4528301886792453,0.36363636363636365,0.0,1
0.8113207547169812,0.9090909090909091,0.0,1
0.41509433962264153,0.2727272727272727,0.0,1
0.4339622641509434,0.45454545454545453,0.0,1
0.6981132075471698,0.2727272727272727,0.0,1
0.4716981132075472,0.0,0.019230769230769232,1
0.5283018867924528,0.8181818181818182,0.0,1
0.5283018867924528,0.0,0.057692307692307696,1
0.1509433962264151,0.18181818181818182,0.0,1
0.660377358490566,0.2727272727272727,0.038461538461538464,2
0.5660377358490566,0.8181818181818182,0.038461538461538464,1
0.6981132075471698,0.45454545454545453,0.019230769230769232,2
0.3584905660377358,0.2727272727272727,0.0,1
0.7547169811320755,0.9090909090909091,0.0,1
0.6037735849056604,0.36363636363636365,0.11538461538461539,1
0.6415094339622641,0.9090909090909091,0.0,1
0.7547169811320755,0.8181818181818182,0.0,1
0.5471698113207547,0.5454545454545454,0.07692307692307693,1
0.05660377358490566,0.18181818181818182,0.0,1
0.3018867924528302,0.0,0.057692307692307696,1
0.1509433962264151,0.18181818181818182,0.019230769230769232,1
0.4716981132075472,0.0,0.019230769230769232,1
0.39622641509433965,0.6363636363636364,0.0,1
0.6226415094339622,0.2727272727272727,0.17307692307692307,1
0.37735849056603776,0.09090909090909091,0.038461538461538464,1
0.7358490566037735,0.8181818181818182,0.15384615384615385,2
0.24528301886792453,0.5454545454545454,0.0,2
0.24528301886792453,0.0,1.0,2
0.11320754716981132,1.0,0.0,1
0.1509433962264151,0.8181818181818182,0.09615384615384616,1
0.6037735849056604,0.7272727272727273,0.0,1
0.24528301886792453,0.5454545454545454,0.057692307692307696,1
0.07547169811320754,0.18181818181818182,0.019230769230769232,1
0.41509433962264153,0.18181818181818182,0.07692307692307693,1
0.24528301886792453,0.18181818181818182,0.0,1
0.24528301886792453,0.45454545454545453,0.2692307692307692,1
0.3018867924528302,0.36363636363636365,0.09615384615384616,2
0.2641509433962264,0.45454545454545453,0.019230769230769232,1
0.5849056603773585,0.6363636363636364,0.15384615384615385,1
0.37735849056603776,0.7272727272727273,0.019230769230769232,1
0.6415094339622641,0.2727272727272727,0.0,1
0.0,0.5454545454545454,0.019230769230769232,1
0.16981132075471697,0.7272727272727273,0.0,2
0.2641509433962264,0.8181818181818182,0.3076923076923077,1
0.7358490566037735,0.18181818181818182,0.0,1
0.8301886792452831,0.45454545454545453,0.0,1
0.49056603773584906,0.6363636363636364,0.17307692307692307,2
0.41509433962264153,0.18181818181818182,0.09615384615384616,1
0.20754716981132076,0.5454545454545454,0.0,2
0.0,0.36363636363636365,0.057692307692307696,1
0.24528301886792453,0.6363636363636364,0.0,1
0.22641509433962265,1.0,0.019230769230769232,2
0.07547169811320754,0.18181818181818182,0.0,1
0.5094339622641509,0.5454545454545454,0.0,1
1.0,0.0,0.038461538461538464,2
0.22641509433962265,0.6363636363636364,0.0,1
0.39622641509433965,0.09090909090909091,0.057692307692307696,2
0.4528301886792453,0.7272727272727273,0.0,1
0.1320754716981132,0.09090909090909091,0.11538461538461539,1
0.7924528301886793,0.0,0.0,1
0.1320754716981132,0.0,0.0,1
0.33962264150943394,0.0,0.21153846153846154,2
0.7169811320754716,0.9090909090909091,0.0,1
0.41509433962264153,1.0,0.0,1
0.22641509433962265,0.45454545454545453,0.019230769230769232,1
0.20754716981132076,0.8181818181818182,0.0,2
0.7358490566037735,0.7272727272727273,0.0,1
0.5283018867924528,0.2727272727272727,0.019230769230769232,1
0.6415094339622641,0.6363636363636364,0.4230769230769231,1
0.24528301886792453,0.5454545454545454,0.038461538461538464,1
0.16981132075471697,0.8181818181818182,0.0,1
0.24528301886792453,0.45454545454545453,0.038461538461538464,1
0.4716981132075472,0.9090909090909091,0.28846153846153844,2
0.07547169811320754,0.8181818181818182,0.1346153846153846,1
0.5849056603773585,0.09090909090909091,0.0,1
0.6981132075471698,0.7272727272727273,0.0,1
0.3584905660377358,0.8181818181818182,0.019230769230769232,1
0.1509433962264151,0.5454545454545454,0.019230769230769232,1
0.11320754716981132,0.18181818181818182,0.019230769230769232,1
0.32075471698113206,0.45454545454545453,0.11538461538461539,1
0.2641509433962264,0.45454545454545453,0.36538461538461536,2
0.3584905660377358,0.36363636363636365,0.0,1
0.49056603773584906,0.7272727272727273,0.038461538461538464,1
0.33962264150943394,0.0,0.21153846153846154,2
0.2830188679245283,0.5454545454545454,0.0,1
0.5094339622641509,0.5454545454545454,0.0,1
0.0,0.6363636363636364,0.0,1
0.39622641509433965,0.7272727272727273,0.019230769230769232,1
0.6792452830188679,0.9090909090909091,0.0,1
0.660377358490566,0.8181818181818182,0.0,1
0.5471698113207547,0.5454545454545454,0.1346153846153846,1
