0.8549618320610687,0.0,0.0,0.6666666666666666,0.3333333333333333,2
0.25190839694656486,0.5,0.3333333333333333,0.0,0.3333333333333333,2
0.5114503816793893,1.0,0.6666666666666666,0.3333333333333333,0.0,1
0.8244274809160306,0.5,0.3333333333333333,0.0,0.6666666666666666,2
0.44274809160305345,0.0,0.0,0.0,0.3333333333333333,1
0.5801526717557252,1.0,0.3333333333333333,0.3333333333333333,0.0,2
0.8015267175572519,1.0,0.0,0.3333333333333333,0.0,1
0.6793893129770993,0.0,0.3333333333333333,0.0,0.3333333333333333,2
0.007633587786259542,0.5,0.0,0.6666666666666666,0.3333333333333333,2
0.40458015267175573,0.0,0.0,0.0,0.3333333333333333,1
0.8778625954198473,1.0,0.0,0.3333333333333333,0.3333333333333333,2
0.5343511450381679,1.0,0.0,0.3333333333333333,0.3333333333333333,2
0.05343511450381679,0.5,1.0,0.0,1.0,3
0.22900763358778625,1.0,0.6666666666666666,0.3333333333333333,0.0,2
0.17557251908396945,0.0,0.3333333333333333,0.6666666666666666,0.6666666666666666,2
0.29770992366412213,0.5,0.0,0.3333333333333333,0.0,1
0.4198473282442748,0.5,0.3333333333333333,0.0,0.3333333333333333,2
0.10687022900763359,0.0,0.6666666666666666,0.3333333333333333,0.0,1
0.5419847328244275,0.5,0.3333333333333333,0.0,1.0,3
0.061068702290076333,1.0,0.0,0.0,0.3333333333333333,1
0.8625954198473282,0.5,0.3333333333333333,0.0,0.6666666666666666,1
0.7175572519083969,0.5,0.6666666666666666,0.3333333333333333,0.0,1
0.6335877862595419,0.5,0.3333333333333333,0.3333333333333333,0.0,2
0.3435114503816794,1.0,1.0,0.0,0.3333333333333333,3
0.3282442748091603,0.0,0.0,1.0,0.6666666666666666,3
0.022900763358778626,0.5,1.0,1.0,0.3333333333333333,3
0.030534351145038167,0.0,0.6666666666666666,0.3333333333333333,0.0,1
0.3893129770992366,0.0,0.3333333333333333,0.3333333333333333,0.0,2
0.9847328244274809,0.5,0.0,0.0,0.3333333333333333,1
0.8702290076335878,0.0,0.3333333333333333,0.0,0.6666666666666666,2
0.9618320610687023,1.0,0.0,0.3333333333333333,0.0,1
0.6641221374045801,0.0,0.0,0.3333333333333333,0.3333333333333333,2
0.04580152671755725,0.0,0.3333333333333333,0.0,0.0,1
0.8320610687022901,0.5,1.0,0.6666666666666666,0.0,3
0.9083969465648855,0.0,0.0,0.6666666666666666,0.3333333333333333,1
0.37404580152671757,0.0,0.3333333333333333,0.0,0.0,1
0.19083969465648856,0.0,0.0,0.3333333333333333,0.3333333333333333,2
0.06870229007633588,0.5,0.0,0.6666666666666666,0.3333333333333333,2
0.48091603053435117,1.0,1.0,0.6666666666666666,0.3333333333333333,3
0.31297709923664124,0.5,0.3333333333333333,0.0,0.6666666666666666,1
0.4351145038167939,0.0,0.3333333333333333,0.3333333333333333,0.0,2
0.9694656488549618,0.0,0.0,0.3333333333333333,1.0,3
0.7022900763358778,0.5,0.0,0.3333333333333333,0.0,1
0.4732824427480916,0.5,0.3333333333333333,0.3333333333333333,0.0,2
0.549618320610687,1.0,0.0,0.3333333333333333,0.3333333333333333,2
0.3969465648854962,1.0,0.3333333333333333,0.0,0.3333333333333333,2
0.8931297709923665,0.5,0.0,0.3333333333333333,0.0,1
0.7557251908396947,0.5,0.6666666666666666,1.0,0.0,3
0.24427480916030533,0.0,0.3333333333333333,0.3333333333333333,0.6666666666666666,2
0.11450381679389313,1.0,0.3333333333333333,0.0,0.6666666666666666,1
0.8396946564885496,0.5,0.6666666666666666,0.3333333333333333,0.0,2
0.9923664122137404,0.5,0.6666666666666666,0.0,0.6666666666666666,1
0.7938931297709924,1.0,0.3333333333333333,0.0,0.0,1
1.0,0.5,0.3333333333333333,0.0,0.0,1
0.5877862595419847,0.5,0.0,0.3333333333333333,0.3333333333333333,2
0.648854961832061,0.5,0.3333333333333333,0.0,0.3333333333333333,2
0.1984732824427481,0.0,1.0,1.0,0.0,3
0.8854961832061069,0.0,0.6666666666666666,0.3333333333333333,0.0,2
0.366412213740458,0.0,0.3333333333333333,0.0,0.3333333333333333,2
0.9312977099236641,0.5,0.0,0.3333333333333333,0.0,1
0.12213740458015267,0.5,0.0,0.0,0.3333333333333333,1
0.6564885496183206,0.5,0.3333333333333333,1.0,0.0,3
0.0,1.0,0.3333333333333333,0.0,0.0,1
0.9541984732824428,1.0,0.0,0.3333333333333333,0.0,1
0.916030534351145,0.5,0.0,0.6666666666666666,0.3333333333333333,1
0.16030534351145037,1.0,0.0,1.0,1.0,3
