0.40458015267175573,0.0,0.0,0.0,0.3333333333333333,1
0.32061068702290074,1.0,0.3333333333333333,0.3333333333333333,1.0,3
0.061068702290076333,1.0,0.0,0.0,0.3333333333333333,1
0.9847328244274809,0.5,0.0,0.0,0.3333333333333333,1
0.6946564885496184,0.5,0.0,0.0,0.3333333333333333,1
0.12213740458015267,0.5,0.0,0.0,0.3333333333333333,1
0.22900763358778625,1.0,0.6666666666666666,0.3333333333333333,0.0,2
0.9618320610687023,1.0,0.0,0.3333333333333333,0.0,1
0.7938931297709924,1.0,0.3333333333333333,0.0,0.0,1
0.10687022900763359,0.0,0.6666666666666666,0.3333333333333333,0.0,1
0.8854961832061069,0.0,0.6666666666666666,0.3333333333333333,0.0,2
0.007633587786259542,0.5,0.0,0.6666666666666666,0.3333333333333333,2
0.16793893129770993,1.0,0.3333333333333333,0.0,0.6666666666666666,2
0.45038167938931295,0.5,0.0,0.3333333333333333,0.3333333333333333,2
0.9465648854961832,1.0,1.0,0.3333333333333333,1.0,3
0.732824427480916,0.5,0.0,0.6666666666666666,0.0,1
0.25190839694656486,0.5,0.3333333333333333,0.0,0.3333333333333333,2
0.31297709923664124,0.5,0.3333333333333333,0.0,0.6666666666666666,1
0.6717557251908397,1.0,0.0,0.6666666666666666,0.3333333333333333,1
0.3816793893129771,1.0,0.0,0.0,0.3333333333333333,1
0.6106870229007634,0.0,0.3333333333333333,0.0,0.0,1
0.3435114503816794,1.0,1.0,0.0,0.3333333333333333,3
0.20610687022900764,0.0,0.0,0.3333333333333333,0.0,1
0.2595419847328244,0.0,0.3333333333333333,0.0,0.6666666666666666,1
0.46564885496183206,1.0,0.0,0.3333333333333333,0.3333333333333333,2
0.1297709923664122,0.5,0.3333333333333333,1.0,0.6666666666666666,3
0.9541984732824428,1.0,0.0,0.3333333333333333,0.0,1
0.3893129770992366,0.0,0.3333333333333333,0.3333333333333333,0.0,2
0.0916030534351145,1.0,0.6666666666666666,1.0,0.3333333333333333,3
0.7862595419847328,0.0,0.0,0.3333333333333333,0.3333333333333333,2
0.9236641221374046,0.5,0.3333333333333333,0.6666666666666666,1.0,3
0.19083969465648856,0.0,0.0,0.3333333333333333,0.3333333333333333,2
0.15267175572519084,0.0,0.3333333333333333,0.3333333333333333,0.0,2
0.1450381679389313,0.0,0.0,0.6666666666666666,0.6666666666666666,1
0.07633587786259542,0.0,0.3333333333333333,1.0,0.3333333333333333,3
0.366412213740458,0.0,0.3333333333333333,0.0,0.3333333333333333,2
0.16030534351145037,1.0,0.0,1.0,1.0,3
0.3511450381679389,0.0,1.0,0.3333333333333333,0.0,3
0.7480916030534351,0.5,0.3333333333333333,0.6666666666666666,0.3333333333333333,2
0.4122137404580153,0.0,1.0,0.3333333333333333,0.6666666666666666,3
0.04580152671755725,0.0,0.3333333333333333,0.0,0.0,1
0.3282442748091603,0.0,0.0,1.0,0.6666666666666666,3
0.48091603053435117,1.0,1.0,0.6666666666666666,0.3333333333333333,3
0.5725190839694656,1.0,0.3333333333333333,0.3333333333333333,0.0,2
0.7022900763358778,0.5,0.0,0.3333333333333333,0.0,1
0.4580152671755725,0.5,1.0,0.3333333333333333,0.3333333333333333,3
0.7251908396946565,0.0,0.0,0.0,0.3333333333333333,1
0.4732824427480916,0.5,0.3333333333333333,0.3333333333333333,0.0,2
0.6564885496183206,0.5,0.3333333333333333,1.0,0.0,3
0.48854961832061067,0.5,0.6666666666666666,0.3333333333333333,0.6666666666666666,2
1.0,0.5,0.3333333333333333,0.0,0.0,1
0.37404580152671757,0.0,0.3333333333333333,0.0,0.0,1
0.5954198473282443,1.0,0.3333333333333333,0.3333333333333333,0.0,2
0.6641221374045801,0.0,0.0,0.3333333333333333,0.3333333333333333,2
0.7404580152671756,1.0,0.6666666666666666,0.6666666666666666,0.3333333333333333,2
0.8244274809160306,0.5,0.3333333333333333,0.0,0.6666666666666666,2
0.4961832061068702,0.0,0.0,0.0,0.3333333333333333,1
0.21374045801526717,1.0,0.6666666666666666,0.3333333333333333,0.0,2
0.5114503816793893,1.0,0.6666666666666666,0.3333333333333333,0.0,1
0.17557251908396945,0.0,0.3333333333333333,0.6666666666666666,0.6666666666666666,2
0.13740458015267176,1.0,0.3333333333333333,0.0,0.6666666666666666,1
0.9083969465648855,0.0,0.0,0.6666666666666666,0.3333333333333333,1
0.5343511450381679,1.0,0.0,0.3333333333333333,0.3333333333333333,2
0.09923664122137404,0.0,0.3333333333333333,0.3333333333333333,0.0,2
0.08396946564885496,1.0,1.0,0.0,0.6666666666666666,3
0.5801526717557252,1.0,0.3333333333333333,0.3333333333333333,0.0,2
