0.40458015267175573,0.0,0.0,0.0,0.3333333333333333,1
0.7251908396946565,0.0,0.0,0.0,0.3333333333333333,1
0.6717557251908397,1.0,0.0,0.6666666666666666,0.3333333333333333,1
0.3511450381679389,0.0,1.0,0.3333333333333333,0.0,3
0.916030534351145,0.5,0.0,0.6666666666666666,0.3333333333333333,1
0.4122137404580153,0.0,1.0,0.3333333333333333,0.6666666666666666,3
0.3053435114503817,0.0,0.0,0.6666666666666666,0.3333333333333333,2
0.7862595419847328,0.0,0.0,0.3333333333333333,0.3333333333333333,2
0.1297709923664122,0.5,0.3333333333333333,1.0,0.6666666666666666,3
0.1984732824427481,0.0,1.0,1.0,0.0,3
0.9312977099236641,0.5,0.0,0.3333333333333333,0.0,1
0.26717557251908397,0.5,0.3333333333333333,0.0,0.0,1
0.8549618320610687,0.0,0.0,0.6666666666666666,0.3333333333333333,2
0.13740458015267176,1.0,0.3333333333333333,0.0,0.6666666666666666,1
0.4198473282442748,0.5,0.3333333333333333,0.0,0.3333333333333333,2
0.20610687022900764,0.0,0.0,0.3333333333333333,0.0,1
0.9236641221374046,0.5,0.3333333333333333,0.6666666666666666,1.0,3
0.46564885496183206,1.0,0.0,0.3333333333333333,0.3333333333333333,2
0.11450381679389313,1.0,0.3333333333333333,0.0,0.6666666666666666,1
0.6641221374045801,0.0,0.0,0.3333333333333333,0.3333333333333333,2
0.22900763358778625,1.0,0.6666666666666666,0.3333333333333333,0.0,2
0.5648854961832062,0.0,0.3333333333333333,1.0,1.0,3
0.5038167938931297,1.0,0.6666666666666666,0.0,0.0,1
0.7633587786259542,1.0,0.6666666666666666,0.0,1.0,3
0.6259541984732825,1.0,0.0,1.0,0.0,3
0.5954198473282443,1.0,0.3333333333333333,0.3333333333333333,0.0,2
0.3282442748091603,0.0,0.0,1.0,0.6666666666666666,3
0.6564885496183206,0.5,0.3333333333333333,1.0,0.0,3
0.21374045801526717,1.0,0.6666666666666666,0.3333333333333333,0.0,2
0.5419847328244275,0.5,0.3333333333333333,0.0,1.0,3
0.4732824427480916,0.5,0.3333333333333333,0.3333333333333333,0.0,2
0.09923664122137404,0.0,0.3333333333333333,0.3333333333333333,0.0,2
0.05343511450381679,0.5,1.0,0.0,1.0,3
0.16030534351145037,1.0,0.0,1.0,1.0,3
1.0,0.5,0.3333333333333333,0.0,0.0,1
0.5343511450381679,1.0,0.0,0.3333333333333333,0.3333333333333333,2
0.6946564885496184,0.5,0.0,0.0,0.3333333333333333,1
0.8091603053435115,0.0,0.0,0.6666666666666666,1.0,3
0.9770992366412213,0.5,0.3333333333333333,0.0,0.3333333333333333,2
0.9541984732824428,1.0,0.0,0.3333333333333333,0.0,1
0.7404580152671756,1.0,0.6666666666666666,0.6666666666666666,0.3333333333333333,2
0.7709923664122137,1.0,0.0,1.0,0.3333333333333333,3
0.8778625954198473,1.0,0.0,0.3333333333333333,0.3333333333333333,2
0.24427480916030533,0.0,0.3333333333333333,0.3333333333333333,0.6666666666666666,2
0.015267175572519083,0.0,1.0,0.0,0.0,3
0.12213740458015267,0.5,0.0,0.0,0.3333333333333333,1
0.4961832061068702,0.0,0.0,0.0,0.3333333333333333,1
0.7938931297709924,1.0,0.3333333333333333,0.0,0.0,1
0.3893129770992366,0.0,0.3333333333333333,0.3333333333333333,0.0,2
0.549618320610687,1.0,0.0,0.3333333333333333,0.3333333333333333,2
0.6183206106870229,0.0,0.3333333333333333,0.0,0.3333333333333333,2
0.17557251908396945,0.0,0.3333333333333333,0.6666666666666666,0.6666666666666666,2
0.9923664122137404,0.5,0.6666666666666666,0.0,0.6666666666666666,1
0.3435114503816794,1.0,1.0,0.0,0.3333333333333333,3
0.5572519083969466,1.0,0.3333333333333333,0.0,0.0,1
0.45038167938931295,0.5,0.0,0.3333333333333333,0.3333333333333333,2
0.5114503816793893,1.0,0.6666666666666666,0.3333333333333333,0.0,1
0.0,1.0,0.3333333333333333,0.0,0.0,1
0.030534351145038167,0.0,0.6666666666666666,0.3333333333333333,0.0,1
0.9847328244274809,0.5,0.0,0.0,0.3333333333333333,1
0.03816793893129771,1.0,0.3333333333333333,0.0,0.6666666666666666,2
0.6106870229007634,0.0,0.3333333333333333,0.0,0.0,1
0.183206106870229,0.5,0.0,0.3333333333333333,0.3333333333333333,2
0.48854961832061067,0.5,0.6666666666666666,0.3333333333333333,0.6666666666666666,2
0.8244274809160306,0.5,0.3333333333333333,0.0,0.6666666666666666,2
0.5190839694656488,1.0,0.6666666666666666,0.6666666666666666,0.0,1
