0.22900763358778625,1.0,0.6666666666666666,0.3333333333333333,0.0,2
0.4580152671755725,0.5,1.0,0.3333333333333333,0.3333333333333333,3
0.061068702290076333,1.0,0.0,0.0,0.3333333333333333,1
0.10687022900763359,0.0,0.6666666666666666,0.3333333333333333,0.0,1
0.1297709923664122,0.5,0.3333333333333333,1.0,0.6666666666666666,3
0.33587786259541985,1.0,0.0,0.0,0.3333333333333333,1
0.6641221374045801,0.0,0.0,0.3333333333333333,0.3333333333333333,2
0.5343511450381679,1.0,0.0,0.3333333333333333,0.3333333333333333,2
0.09923664122137404,0.0,0.3333333333333333,0.3333333333333333,0.0,2
0.7938931297709924,1.0,0.3333333333333333,0.0,0.0,1
0.7709923664122137,1.0,0.0,1.0,0.3333333333333333,3
0.2900763358778626,1.0,0.3333333333333333,0.0,0.3333333333333333,2
0.35877862595419846,0.0,0.6666666666666666,0.3333333333333333,1.0,3
0.816793893129771,0.0,0.0,0.3333333333333333,0.0,1
0.44274809160305345,0.0,0.0,0.0,0.3333333333333333,1
0.07633587786259542,0.0,0.3333333333333333,1.0,0.3333333333333333,3
0.8778625954198473,1.0,0.0,0.3333333333333333,0.3333333333333333,2
0.0,1.0,0.3333333333333333,0.0,0.0,1
0.03816793893129771,1.0,0.3333333333333333,0.0,0.6666666666666666,2
0.8549618320610687,0.0,0.0,0.6666666666666666,0.3333333333333333,2
0.8320610687022901,0.5,1.0,0.6666666666666666,0.0,3
0.40458015267175573,0.0,0.0,0.0,0.3333333333333333,1
0.5038167938931297,1.0,0.6666666666666666,0.0,0.0,1
0.015267175572519083,0.0,1.0,0.0,0.0,3
0.6793893129770993,0.0,0.3333333333333333,0.0,0.3333333333333333,2
0.3816793893129771,1.0,0.0,0.0,0.3333333333333333,1
0.6564885496183206,0.5,0.3333333333333333,1.0,0.0,3
0.3511450381679389,0.0,1.0,0.3333333333333333,0.0,3
0.26717557251908397,0.5,0.3333333333333333,0.0,0.0,1
0.48091603053435117,1.0,1.0,0.6666666666666666,0.3333333333333333,3
0.16030534351145037,1.0,0.0,1.0,1.0,3
0.9083969465648855,0.0,0.0,0.6666666666666666,0.3333333333333333,1
0.21374045801526717,1.0,0.6666666666666666,0.3333333333333333,0.0,2
0.6259541984732825,1.0,0.0,1.0,0.0,3
0.24427480916030533,0.0,0.3333333333333333,0.3333333333333333,0.6666666666666666,2
0.4961832061068702,0.0,0.0,0.0,0.3333333333333333,1
0.183206106870229,0.5,0.0,0.3333333333333333,0.3333333333333333,2
0.6412213740458015,1.0,0.3333333333333333,0.0,0.3333333333333333,2
0.7404580152671756,1.0,0.6666666666666666,0.6666666666666666,0.3333333333333333,2
0.366412213740458,0.0,0.3333333333333333,0.0,0.3333333333333333,2
0.7175572519083969,0.5,0.6666666666666666,0.3333333333333333,0.0,1
0.6030534351145038,1.0,0.0,0.6666666666666666,0.3333333333333333,2
0.3435114503816794,1.0,1.0,0.0,0.3333333333333333,3
0.4198473282442748,0.5,0.3333333333333333,0.0,0.3333333333333333,2
0.0916030534351145,1.0,0.6666666666666666,1.0,0.3333333333333333,3
0.4122137404580153,0.0,1.0,0.3333333333333333,0.6666666666666666,3
0.732824427480916,0.5,0.0,0.6666666666666666,0.0,1
0.8854961832061069,0.0,0.6666666666666666,0.3333333333333333,0.0,2
0.5954198473282443,1.0,0.3333333333333333,0.3333333333333333,0.0,2
0.549618320610687,1.0,0.0,0.3333333333333333,0.3333333333333333,2
0.5572519083969466,1.0,0.3333333333333333,0.0,0.0,1
0.648854961832061,0.5,0.3333333333333333,0.0,0.3333333333333333,2
0.3893129770992366,0.0,0.3333333333333333,0.3333333333333333,0.0,2
0.05343511450381679,0.5,1.0,0.0,1.0,3
0.25190839694656486,0.5,0.3333333333333333,0.0,0.3333333333333333,2
0.32061068702290074,1.0,0.3333333333333333,0.3333333333333333,1.0,3
0.8244274809160306,0.5,0.3333333333333333,0.0,0.6666666666666666,2
0.8396946564885496,0.5,0.6666666666666666,0.3333333333333333,0.0,2
0.1984732824427481,0.0,1.0,1.0,0.0,3
0.3053435114503817,0.0,0.0,0.6666666666666666,0.3333333333333333,2
0.5419847328244275,0.5,0.3333333333333333,0.0,1.0,3
0.12213740458015267,0.5,0.0,0.0,0.3333333333333333,1
0.16793893129770993,1.0,0.3333333333333333,0.0,0.6666666666666666,2
0.916030534351145,0.5,0.0,0.6666666666666666,0.3333333333333333,1
0.46564885496183206,1.0,0.0,0.3333333333333333,0.3333333333333333,2
0.37404580152671757,0.0,0.3333333333333333,0.0,0.0,1
