0.1297709923664122,0.5,0.3333333333333333,1.0,0.6666666666666666,3
0.061068702290076333,1.0,0.0,0.0,0.3333333333333333,1
0.7404580152671756,1.0,0.6666666666666666,0.6666666666666666,0.3333333333333333,2
0.7938931297709924,1.0,0.3333333333333333,0.0,0.0,1
0.3053435114503817,0.0,0.0,0.6666666666666666,0.3333333333333333,2
0.8244274809160306,0.5,0.3333333333333333,0.0,0.6666666666666666,2
0.4732824427480916,0.5,0.3333333333333333,0.3333333333333333,0.0,2
0.007633587786259542,0.5,0.0,0.6666666666666666,0.3333333333333333,2
0.21374045801526717,1.0,0.6666666666666666,0.3333333333333333,0.0,2
0.12213740458015267,0.5,0.0,0.0,0.3333333333333333,1
0.6259541984732825,1.0,0.0,1.0,0.0,3
0.2595419847328244,0.0,0.3333333333333333,0.0,0.6666666666666666,1
0.5801526717557252,1.0,0.3333333333333333,0.3333333333333333,0.0,2
0.7022900763358778,0.5,0.0,0.3333333333333333,0.0,1
0.29770992366412213,0.5,0.0,0.3333333333333333,0.0,1
0.10687022900763359,0.0,0.6666666666666666,0.3333333333333333,0.0,1
0.8320610687022901,0.5,1.0,0.6666666666666666,0.0,3
0.4122137404580153,0.0,1.0,0.3333333333333333,0.6666666666666666,3
0.4351145038167939,0.0,0.3333333333333333,0.3333333333333333,0.0,2
0.31297709923664124,0.5,0.3333333333333333,0.0,0.6666666666666666,1
0.08396946564885496,1.0,1.0,0.0,0.6666666666666666,3
0.3511450381679389,0.0,1.0,0.3333333333333333,0.0,3
0.3435114503816794,1.0,1.0,0.0,0.3333333333333333,3
0.7709923664122137,1.0,0.0,1.0,0.3333333333333333,3
0.48854961832061067,0.5,0.6666666666666666,0.3333333333333333,0.6666666666666666,2
0.549618320610687,1.0,0.0,0.3333333333333333,0.3333333333333333,2
0.22900763358778625,1.0,0.6666666666666666,0.3333333333333333,0.0,2
0.48091603053435117,1.0,1.0,0.6666666666666666,0.3333333333333333,3
0.9312977099236641,0.5,0.0,0.3333333333333333,0.0,1
0.7557251908396947,0.5,0.6666666666666666,1.0,0.0,3
0.6412213740458015,1.0,0.3333333333333333,0.0,0.3333333333333333,2
0.6564885496183206,0.5,0.3333333333333333,1.0,0.0,3
0.7099236641221374,0.0,0.0,0.3333333333333333,0.0,1
0.11450381679389313,1.0,0.3333333333333333,0.0,0.6666666666666666,1
0.4580152671755725,0.5,1.0,0.3333333333333333,0.3333333333333333,3
0.24427480916030533,0.0,0.3333333333333333,0.3333333333333333,0.6666666666666666,2
0.732824427480916,0.5,0.0,0.6666666666666666,0.0,1
0.42748091603053434,1.0,0.3333333333333333,0.0,0.0,1
0.015267175572519083,0.0,1.0,0.0,0.0,3
0.183206106870229,0.5,0.0,0.3333333333333333,0.3333333333333333,2
0.2900763358778626,1.0,0.3333333333333333,0.0,0.3333333333333333,2
0.5038167938931297,1.0,0.6666666666666666,0.0,0.0,1
0.6183206106870229,0.0,0.3333333333333333,0.0,0.3333333333333333,2
0.5725190839694656,1.0,0.3333333333333333,0.3333333333333333,0.0,2
0.2748091603053435,0.0,0.3333333333333333,0.0,0.6666666666666666,2
0.3282442748091603,0.0,0.0,1.0,0.6666666666666666,3
0.030534351145038167,0.0,0.6666666666666666,0.3333333333333333,0.0,1
0.8091603053435115,0.0,0.0,0.6666666666666666,1.0,3
0.17557251908396945,0.0,0.3333333333333333,0.6666666666666666,0.6666666666666666,2
0.2366412213740458,0.5,0.6666666666666666,0.3333333333333333,0.0,2
0.06870229007633588,0.5,0.0,0.6666666666666666,0.3333333333333333,2
0.8778625954198473,1.0,0.0,0.3333333333333333,0.3333333333333333,2
0.9236641221374046,0.5,0.3333333333333333,0.6666666666666666,1.0,3
0.4198473282442748,0.5,0.3333333333333333,0.0,0.3333333333333333,2
0.2824427480916031,0.5,0.0,0.0,1.0,3
0.6030534351145038,1.0,0.0,0.6666666666666666,0.3333333333333333,2
0.9007633587786259,1.0,0.0,0.6666666666666666,0.3333333333333333,1
0.09923664122137404,0.0,0.3333333333333333,0.3333333333333333,0.0,2
0.9465648854961832,1.0,1.0,0.3333333333333333,1.0,3
0.0916030534351145,1.0,0.6666666666666666,1.0,0.3333333333333333,3
0.9389312977099237,1.0,0.6666666666666666,0.3333333333333333,0.3333333333333333,2
0.7175572519083969,0.5,0.6666666666666666,0.3333333333333333,0.0,1
0.816793893129771,0.0,0.0,0.3333333333333333,0.0,1
0.7862595419847328,0.0,0.0,0.3333333333333333,0.3333333333333333,2
0.366412213740458,0.0,0.3333333333333333,0.0,0.3333333333333333,2
0.6106870229007634,0.0,0.3333333333333333,0.0,0.0,1
