0.42748091603053434,1.0,0.3333333333333333,0.0,0.0,1
0.7938931297709924,1.0,0.3333333333333333,0.0,0.0,1
0.29770992366412213,0.5,0.0,0.3333333333333333,0.0,1
0.0916030534351145,1.0,0.6666666666666666,1.0,0.3333333333333333,3
0.6946564885496184,0.5,0.0,0.0,0.3333333333333333,1
0.7862595419847328,0.0,0.0,0.3333333333333333,0.3333333333333333,2
0.2824427480916031,0.5,0.0,0.0,1.0,3
0.183206106870229,0.5,0.0,0.3333333333333333,0.3333333333333333,2
0.26717557251908397,0.5,0.3333333333333333,0.0,0.0,1
0.7404580152671756,1.0,0.6666666666666666,0.6666666666666666,0.3333333333333333,2
0.8931297709923665,0.5,0.0,0.3333333333333333,0.0,1
0.4122137404580153,0.0,1.0,0.3333333333333333,0.6666666666666666,3
0.2595419847328244,0.0,0.3333333333333333,0.0,0.6666666666666666,1
0.21374045801526717,1.0,0.6666666666666666,0.3333333333333333,0.0,2
0.648854961832061,0.5,0.3333333333333333,0.0,0.3333333333333333,2
0.32061068702290074,1.0,0.3333333333333333,0.3333333333333333,1.0,3
0.2366412213740458,0.5,0.6666666666666666,0.3333333333333333,0.0,2
0.37404580152671757,0.0,0.3333333333333333,0.0,0.0,1
0.4198473282442748,0.5,0.3333333333333333,0.0,0.3333333333333333,2
0.3053435114503817,0.0,0.0,0.6666666666666666,0.3333333333333333,2
0.20610687022900764,0.0,0.0,0.3333333333333333,0.0,1
0.1984732824427481,0.0,1.0,1.0,0.0,3
0.08396946564885496,1.0,1.0,0.0,0.6666666666666666,3
0.6564885496183206,0.5,0.3333333333333333,1.0,0.0,3
0.6793893129770993,0.0,0.3333333333333333,0.0,0.3333333333333333,2
0.12213740458015267,0.5,0.0,0.0,0.3333333333333333,1
0.5725190839694656,1.0,0.3333333333333333,0.3333333333333333,0.0,2
0.16793893129770993,1.0,0.3333333333333333,0.0,0.6666666666666666,2
0.549618320610687,1.0,0.0,0.3333333333333333,0.3333333333333333,2
0.22900763358778625,1.0,0.6666666666666666,0.3333333333333333,0.0,2
0.6106870229007634,0.0,0.3333333333333333,0.0,0.0,1
0.25190839694656486,0.5,0.3333333333333333,0.0,0.3333333333333333,2
0.3511450381679389,0.0,1.0,0.3333333333333333,0.0,3
0.6183206106870229,0.0,0.3333333333333333,0.0,0.3333333333333333,2
0.7175572519083969,0.5,0.6666666666666666,0.3333333333333333,0.0,1
0.7480916030534351,0.5,0.3333333333333333,0.6666666666666666,0.3333333333333333,2
0.03816793893129771,1.0,0.3333333333333333,0.0,0.6666666666666666,2
0.4961832061068702,0.0,0.0,0.0,0.3333333333333333,1
0.5954198473282443,1.0,0.3333333333333333,0.3333333333333333,0.0,2
0.8625954198473282,0.5,0.3333333333333333,0.0,0.6666666666666666,1
0.015267175572519083,0.0,1.0,0.0,0.0,3
0.6412213740458015,1.0,0.3333333333333333,0.0,0.3333333333333333,2
0.1450381679389313,0.0,0.0,0.6666666666666666,0.6666666666666666,1
0.2900763358778626,1.0,0.3333333333333333,0.0,0.3333333333333333,2
0.5877862595419847,0.5,0.0,0.3333333333333333,0.3333333333333333,2
0.8702290076335878,0.0,0.3333333333333333,0.0,0.6666666666666666,2
0.3969465648854962,1.0,0.3333333333333333,0.0,0.3333333333333333,2
0.8015267175572519,1.0,0.0,0.3333333333333333,0.0,1
0.5343511450381679,1.0,0.0,0.3333333333333333,0.3333333333333333,2
1.0,0.5,0.3333333333333333,0.0,0.0,1
0.8854961832061069,0.0,0.6666666666666666,0.3333333333333333,0.0,2
0.007633587786259542,0.5,0.0,0.6666666666666666,0.3333333333333333,2
0.48854961832061067,0.5,0.6666666666666666,0.3333333333333333,0.6666666666666666,2
0.9083969465648855,0.0,0.0,0.6666666666666666,0.3333333333333333,1
0.9694656488549618,0.0,0.0,0.3333333333333333,1.0,3
0.8473282442748091,0.0,0.0,0.0,0.6666666666666666,1
0.9389312977099237,1.0,0.6666666666666666,0.3333333333333333,0.3333333333333333,2
0.5190839694656488,1.0,0.6666666666666666,0.6666666666666666,0.0,1
0.33587786259541985,1.0,0.0,0.0,0.3333333333333333,1
0.4580152671755725,0.5,1.0,0.3333333333333333,0.3333333333333333,3
0.7709923664122137,1.0,0.0,1.0,0.3333333333333333,3
0.07633587786259542,0.0,0.3333333333333333,1.0,0.3333333333333333,3
0.9923664122137404,0.5,0.6666666666666666,0.0,0.6666666666666666,1
0.04580152671755725,0.0,0.3333333333333333,0.0,0.0,1
0.030534351145038167,0.0,0.6666666666666666,0.3333333333333333,0.0,1
0.24427480916030533,0.0,0.3333333333333333,0.3333333333333333,0.6666666666666666,2
