0.11450381679389313,1.0,0.3333333333333333,0.0,0.6666666666666666,1
0.07633587786259542,0.0,0.3333333333333333,1.0,0.3333333333333333,3
0.6946564885496184,0.5,0.0,0.0,0.3333333333333333,1
0.9847328244274809,0.5,0.0,0.0,0.3333333333333333,1
0.732824427480916,0.5,0.0,0.6666666666666666,0.0,1
0.007633587786259542,0.5,0.0,0.6666666666666666,0.3333333333333333,2
0.7022900763358778,0.5,0.0,0.3333333333333333,0.0,1
0.6030534351145038,1.0,0.0,0.6666666666666666,0.3333333333333333,2
0.6717557251908397,1.0,0.0,0.6666666666666666,0.3333333333333333,1
0.7175572519083969,0.5,0.6666666666666666,0.3333333333333333,0.0,1
0.3893129770992366,0.0,0.3333333333333333,0.3333333333333333,0.0,2
0.32061068702290074,1.0,0.3333333333333333,0.3333333333333333,1.0,3
0.16793893129770993,1.0,0.3333333333333333,0.0,0.6666666666666666,2
0.3435114503816794,1.0,1.0,0.0,0.3333333333333333,3
0.0,1.0,0.3333333333333333,0.0,0.0,1
0.6335877862595419,0.5,0.3333333333333333,0.3333333333333333,0.0,2
0.33587786259541985,1.0,0.0,0.0,0.3333333333333333,1
0.8625954198473282,0.5,0.3333333333333333,0.0,0.6666666666666666,1
0.48854961832061067,0.5,0.6666666666666666,0.3333333333333333,0.6666666666666666,2
0.46564885496183206,1.0,0.0,0.3333333333333333,0.3333333333333333,2
0.9770992366412213,0.5,0.3333333333333333,0.0,0.3333333333333333,2
0.48091603053435117,1.0,1.0,0.6666666666666666,0.3333333333333333,3
0.16030534351145037,1.0,0.0,1.0,1.0,3
0.35877862595419846,0.0,0.6666666666666666,0.3333333333333333,1.0,3
0.4122137404580153,0.0,1.0,0.3333333333333333,0.6666666666666666,3
0.7709923664122137,1.0,0.0,1.0,0.3333333333333333,3
0.9389312977099237,1.0,0.6666666666666666,0.3333333333333333,0.3333333333333333,2
0.19083969465648856,0.0,0.0,0.3333333333333333,0.3333333333333333,2
0.08396946564885496,1.0,1.0,0.0,0.6666666666666666,3
0.8702290076335878,0.0,0.3333333333333333,0.0,0.6666666666666666,2
0.3053435114503817,0.0,0.0,0.6666666666666666,0.3333333333333333,2
0.6259541984732825,1.0,0.0,1.0,0.0,3
0.7786259541984732,0.5,0.3333333333333333,0.0,0.0,1
0.5114503816793893,1.0,0.6666666666666666,0.3333333333333333,0.0,1
0.648854961832061,0.5,0.3333333333333333,0.0,0.3333333333333333,2
0.1450381679389313,0.0,0.0,0.6666666666666666,0.6666666666666666,1
0.21374045801526717,1.0,0.6666666666666666,0.3333333333333333,0.0,2
0.6412213740458015,1.0,0.3333333333333333,0.0,0.3333333333333333,2
0.40458015267175573,0.0,0.0,0.0,0.3333333333333333,1
0.12213740458015267,0.5,0.0,0.0,0.3333333333333333,1
0.5190839694656488,1.0,0.6666666666666666,0.6666666666666666,0.0,1
0.22900763358778625,1.0,0.6666666666666666,0.3333333333333333,0.0,2
0.6106870229007634,0.0,0.3333333333333333,0.0,0.0,1
0.8778625954198473,1.0,0.0,0.3333333333333333,0.3333333333333333,2
0.7099236641221374,0.0,0.0,0.3333333333333333,0.0,1
0.022900763358778626,0.5,1.0,1.0,0.3333333333333333,3
0.2824427480916031,0.5,0.0,0.0,1.0,3
0.6564885496183206,0.5,0.3333333333333333,1.0,0.0,3
0.061068702290076333,1.0,0.0,0.0,0.3333333333333333,1
0.5572519083969466,1.0,0.3333333333333333,0.0,0.0,1
0.1297709923664122,0.5,0.3333333333333333,1.0,0.6666666666666666,3
0.09923664122137404,0.0,0.3333333333333333,0.3333333333333333,0.0,2
0.4580152671755725,0.5,1.0,0.3333333333333333,0.3333333333333333,3
0.7557251908396947,0.5,0.6666666666666666,1.0,0.0,3
0.6183206106870229,0.0,0.3333333333333333,0.0,0.3333333333333333,2
0.44274809160305345,0.0,0.0,0.0,0.3333333333333333,1
0.5267175572519084,0.5,0.3333333333333333,0.3333333333333333,0.0,2
0.7862595419847328,0.0,0.0,0.3333333333333333,0.3333333333333333,2
0.2595419847328244,0.0,0.3333333333333333,0.0,0.6666666666666666,1
0.7938931297709924,1.0,0.3333333333333333,0.0,0.0,1
0.8473282442748091,0.0,0.0,0.0,0.6666666666666666,1
0.5954198473282443,1.0,0.3333333333333333,0.3333333333333333,0.0,2
0.9083969465648855,0.0,0.0,0.6666666666666666,0.3333333333333333,1
0.05343511450381679,0.5,1.0,0.0,1.0,3
0.8396946564885496,0.5,0.6666666666666666,0.3333333333333333,0.0,2
0.22137404580152673,0.0,0.0,0.6666666666666666,0.3333333333333333,1
