0.7022900763358778,0.5,0.0,0.3333333333333333,0.0,1
0.45038167938931295,0.5,0.0,0.3333333333333333,0.3333333333333333,2
0.8854961832061069,0.0,0.6666666666666666,0.3333333333333333,0.0,2
0.26717557251908397,0.5,0.3333333333333333,0.0,0.0,1
0.5801526717557252,1.0,0.3333333333333333,0.3333333333333333,0.0,2
0.8931297709923665,0.5,0.0,0.3333333333333333,0.0,1
0.5038167938931297,1.0,0.6666666666666666,0.0,0.0,1
0.5190839694656488,1.0,0.6666666666666666,0.6666666666666666,0.0,1
0.16793893129770993,1.0,0.3333333333333333,0.0,0.6666666666666666,2
0.48854961832061067,0.5,0.6666666666666666,0.3333333333333333,0.6666666666666666,2
0.9083969465648855,0.0,0.0,0.6666666666666666,0.3333333333333333,1
0.549618320610687,1.0,0.0,0.3333333333333333,0.3333333333333333,2
0.9694656488549618,0.0,0.0,0.3333333333333333,1.0,3
0.4351145038167939,0.0,0.3333333333333333,0.3333333333333333,0.0,2
0.06870229007633588,0.5,0.0,0.6666666666666666,0.3333333333333333,2
0.25190839694656486,0.5,0.3333333333333333,0.0,0.3333333333333333,2
0.7480916030534351,0.5,0.3333333333333333,0.6666666666666666,0.3333333333333333,2
0.5114503816793893,1.0,0.6666666666666666,0.3333333333333333,0.0,1
0.2824427480916031,0.5,0.0,0.0,1.0,3
0.32061068702290074,1.0,0.3333333333333333,0.3333333333333333,1.0,3
0.0916030534351145,1.0,0.6666666666666666,1.0,0.3333333333333333,3
0.1297709923664122,0.5,0.3333333333333333,1.0,0.6666666666666666,3
0.9770992366412213,0.5,0.3333333333333333,0.0,0.3333333333333333,2
0.8244274809160306,0.5,0.3333333333333333,0.0,0.6666666666666666,2
0.31297709923664124,0.5,0.3333333333333333,0.0,0.6666666666666666,1
0.09923664122137404,0.0,0.3333333333333333,0.3333333333333333,0.0,2
0.03816793893129771,1.0,0.3333333333333333,0.0,0.6666666666666666,2
0.8320610687022901,0.5,1.0,0.6666666666666666,0.0,3
0.11450381679389313,1.0,0.3333333333333333,0.0,0.6666666666666666,1
0.2595419847328244,0.0,0.3333333333333333,0.0,0.6666666666666666,1
0.40458015267175573,0.0,0.0,0.0,0.3333333333333333,1
0.33587786259541985,1.0,0.0,0.0,0.3333333333333333,1
0.22900763358778625,1.0,0.6666666666666666,0.3333333333333333,0.0,2
0.6335877862595419,0.5,0.3333333333333333,0.3333333333333333,0.0,2
0.1450381679389313,0.0,0.0,0.6666666666666666,0.6666666666666666,1
0.7557251908396947,0.5,0.6666666666666666,1.0,0.0,3
0.5343511450381679,1.0,0.0,0.3333333333333333,0.3333333333333333,2
0.5572519083969466,1.0,0.3333333333333333,0.0,0.0,1
0.3053435114503817,0.0,0.0,0.6666666666666666,0.3333333333333333,2
0.3511450381679389,0.0,1.0,0.3333333333333333,0.0,3
0.19083969465648856,0.0,0.0,0.3333333333333333,0.3333333333333333,2
0.648854961832061,0.5,0.3333333333333333,0.0,0.3333333333333333,2
0.4198473282442748,0.5,0.3333333333333333,0.0,0.3333333333333333,2
0.21374045801526717,1.0,0.6666666666666666,0.3333333333333333,0.0,2
0.7099236641221374,0.0,0.0,0.3333333333333333,0.0,1
0.04580152671755725,0.0,0.3333333333333333,0.0,0.0,1
0.732824427480916,0.5,0.0,0.6666666666666666,0.0,1
0.8091603053435115,0.0,0.0,0.6666666666666666,1.0,3
0.5267175572519084,0.5,0.3333333333333333,0.3333333333333333,0.0,2
0.015267175572519083,0.0,1.0,0.0,0.0,3
0.6259541984732825,1.0,0.0,1.0,0.0,3
0.7709923664122137,1.0,0.0,1.0,0.3333333333333333,3
0.9847328244274809,0.5,0.0,0.0,0.3333333333333333,1
0.29770992366412213,0.5,0.0,0.3333333333333333,0.0,1
0.7251908396946565,0.0,0.0,0.0,0.3333333333333333,1
0.4961832061068702,0.0,0.0,0.0,0.3333333333333333,1
0.007633587786259542,0.5,0.0,0.6666666666666666,0.3333333333333333,2
0.3816793893129771,1.0,0.0,0.0,0.3333333333333333,1
0.20610687022900764,0.0,0.0,0.3333333333333333,0.0,1
0.7633587786259542,1.0,0.6666666666666666,0.0,1.0,3
0.9923664122137404,0.5,0.6666666666666666,0.0,0.6666666666666666,1
0.4122137404580153,0.0,1.0,0.3333333333333333,0.6666666666666666,3
0.8549618320610687,0.0,0.0,0.6666666666666666,0.3333333333333333,2
0.022900763358778626,0.5,1.0,1.0,0.3333333333333333,3
0.6564885496183206,0.5,0.3333333333333333,1.0,0.0,3
0.24427480916030533,0.0,0.3333333333333333,0.3333333333333333,0.6666666666666666,2
