0.35877862595419846,0.0,0.6666666666666666,0.3333333333333333,1.0,3
0.3969465648854962,1.0,0.3333333333333333,0.0,0.3333333333333333,2
0.2748091603053435,0.0,0.3333333333333333,0.0,0.6666666666666666,2
0.4580152671755725,0.5,1.0,0.3333333333333333,0.3333333333333333,3
0.5801526717557252,1.0,0.3333333333333333,0.3333333333333333,0.0,2
0.7251908396946565,0.0,0.0,0.0,0.3333333333333333,1
0.7709923664122137,1.0,0.0,1.0,0.3333333333333333,3
0.2595419847328244,0.0,0.3333333333333333,0.0,0.6666666666666666,1
0.26717557251908397,0.5,0.3333333333333333,0.0,0.0,1
0.21374045801526717,1.0,0.6666666666666666,0.3333333333333333,0.0,2
0.5190839694656488,1.0,0.6666666666666666,0.6666666666666666,0.0,1
0.40458015267175573,0.0,0.0,0.0,0.3333333333333333,1
0.9923664122137404,0.5,0.6666666666666666,0.0,0.6666666666666666,1
0.015267175572519083,0.0,1.0,0.0,0.0,3
0.3893129770992366,0.0,0.3333333333333333,0.3333333333333333,0.0,2
0.10687022900763359,0.0,0.6666666666666666,0.3333333333333333,0.0,1
0.7786259541984732,0.5,0.3333333333333333,0.0,0.0,1
0.8244274809160306,0.5,0.3333333333333333,0.0,0.6666666666666666,2
0.6870229007633588,0.5,0.6666666666666666,0.3333333333333333,0.0,1
0.32061068702290074,1.0,0.3333333333333333,0.3333333333333333,1.0,3
0.183206106870229,0.5,0.0,0.3333333333333333,0.3333333333333333,2
0.0,1.0,0.3333333333333333,0.0,0.0,1
0.5343511450381679,1.0,0.0,0.3333333333333333,0.3333333333333333,2
0.8778625954198473,1.0,0.0,0.3333333333333333,0.3333333333333333,2
0.9847328244274809,0.5,0.0,0.0,0.3333333333333333,1
0.7099236641221374,0.0,0.0,0.3333333333333333,0.0,1
0.1450381679389313,0.0,0.0,0.6666666666666666,0.6666666666666666,1
0.9541984732824428,1.0,0.0,0.3333333333333333,0.0,1
0.45038167938931295,0.5,0.0,0.3333333333333333,0.3333333333333333,2
0.3053435114503817,0.0,0.0,0.6666666666666666,0.3333333333333333,2
0.6412213740458015,1.0,0.3333333333333333,0.0,0.3333333333333333,2
0.29770992366412213,0.5,0.0,0.3333333333333333,0.0,1
0.4198473282442748,0.5,0.3333333333333333,0.0,0.3333333333333333,2
0.9007633587786259,1.0,0.0,0.6666666666666666,0.3333333333333333,1
0.4122137404580153,0.0,1.0,0.3333333333333333,0.6666666666666666,3
0.916030534351145,0.5,0.0,0.6666666666666666,0.3333333333333333,1
0.37404580152671757,0.0,0.3333333333333333,0.0,0.0,1
0.6030534351145038,1.0,0.0,0.6666666666666666,0.3333333333333333,2
0.9465648854961832,1.0,1.0,0.3333333333333333,1.0,3
0.022900763358778626,0.5,1.0,1.0,0.3333333333333333,3
0.3816793893129771,1.0,0.0,0.0,0.3333333333333333,1
0.3282442748091603,0.0,0.0,1.0,0.6666666666666666,3
0.3511450381679389,0.0,1.0,0.3333333333333333,0.0,3
0.4351145038167939,0.0,0.3333333333333333,0.3333333333333333,0.0,2
0.9389312977099237,1.0,0.6666666666666666,0.3333333333333333,0.3333333333333333,2
0.6106870229007634,0.0,0.3333333333333333,0.0,0.0,1
0.5419847328244275,0.5,0.3333333333333333,0.0,1.0,3
0.5114503816793893,1.0,0.6666666666666666,0.3333333333333333,0.0,1
0.9083969465648855,0.0,0.0,0.6666666666666666,0.3333333333333333,1
0.7480916030534351,0.5,0.3333333333333333,0.6666666666666666,0.3333333333333333,2
0.2366412213740458,0.5,0.6666666666666666,0.3333333333333333,0.0,2
0.6183206106870229,0.0,0.3333333333333333,0.0,0.3333333333333333,2
0.9236641221374046,0.5,0.3333333333333333,0.6666666666666666,1.0,3
0.8931297709923665,0.5,0.0,0.3333333333333333,0.0,1
0.11450381679389313,1.0,0.3333333333333333,0.0,0.6666666666666666,1
0.7938931297709924,1.0,0.3333333333333333,0.0,0.0,1
0.0916030534351145,1.0,0.6666666666666666,1.0,0.3333333333333333,3
0.8549618320610687,0.0,0.0,0.6666666666666666,0.3333333333333333,2
0.8473282442748091,0.0,0.0,0.0,0.6666666666666666,1
0.2824427480916031,0.5,0.0,0.0,1.0,3
0.7175572519083969,0.5,0.6666666666666666,0.3333333333333333,0.0,1
0.816793893129771,0.0,0.0,0.3333333333333333,0.0,1
0.3435114503816794,1.0,1.0,0.0,0.3333333333333333,3
0.16030534351145037,1.0,0.0,1.0,1.0,3
0.44274809160305345,0.0,0.0,0.0,0.3333333333333333,1
0.19083969465648856,0.0,0.0,0.3333333333333333,0.3333333333333333,2
