0.05343511450381679,0.5,1.0,0.0,1.0,3
0.3511450381679389,0.0,1.0,0.3333333333333333,0.0,3
0.9541984732824428,1.0,0.0,0.3333333333333333,0.0,1
0.816793893129771,0.0,0.0,0.3333333333333333,0.0,1
0.0916030534351145,1.0,0.6666666666666666,1.0,0.3333333333333333,3
0.9770992366412213,0.5,0.3333333333333333,0.0,0.3333333333333333,2
0.26717557251908397,0.5,0.3333333333333333,0.0,0.0,1
0.44274809160305345,0.0,0.0,0.0,0.3333333333333333,1
0.5725190839694656,1.0,0.3333333333333333,0.3333333333333333,0.0,2
0.3969465648854962,1.0,0.3333333333333333,0.0,0.3333333333333333,2
0.4198473282442748,0.5,0.3333333333333333,0.0,0.3333333333333333,2
0.6641221374045801,0.0,0.0,0.3333333333333333,0.3333333333333333,2
0.45038167938931295,0.5,0.0,0.3333333333333333,0.3333333333333333,2
0.08396946564885496,1.0,1.0,0.0,0.6666666666666666,3
0.8244274809160306,0.5,0.3333333333333333,0.0,0.6666666666666666,2
0.19083969465648856,0.0,0.0,0.3333333333333333,0.3333333333333333,2
0.5267175572519084,0.5,0.3333333333333333,0.3333333333333333,0.0,2
0.22900763358778625,1.0,0.6666666666666666,0.3333333333333333,0.0,2
0.7938931297709924,1.0,0.3333333333333333,0.0,0.0,1
0.3053435114503817,0.0,0.0,0.6666666666666666,0.3333333333333333,2
0.5572519083969466,1.0,0.3333333333333333,0.0,0.0,1
0.31297709923664124,0.5,0.3333333333333333,0.0,0.6666666666666666,1
0.9389312977099237,1.0,0.6666666666666666,0.3333333333333333,0.3333333333333333,2
0.8396946564885496,0.5,0.6666666666666666,0.3333333333333333,0.0,2
1.0,0.5,0.3333333333333333,0.0,0.0,1
0.916030534351145,0.5,0.0,0.6666666666666666,0.3333333333333333,1
0.9007633587786259,1.0,0.0,0.6666666666666666,0.3333333333333333,1
0.03816793893129771,1.0,0.3333333333333333,0.0,0.6666666666666666,2
0.6183206106870229,0.0,0.3333333333333333,0.0,0.3333333333333333,2
0.7557251908396947,0.5,0.6666666666666666,1.0,0.0,3
0.7633587786259542,1.0,0.6666666666666666,0.0,1.0,3
0.5648854961832062,0.0,0.3333333333333333,1.0,1.0,3
0.7099236641221374,0.0,0.0,0.3333333333333333,0.0,1
0.7175572519083969,0.5,0.6666666666666666,0.3333333333333333,0.0,1
0.8091603053435115,0.0,0.0,0.6666666666666666,1.0,3
0.3435114503816794,1.0,1.0,0.0,0.3333333333333333,3
0.12213740458015267,0.5,0.0,0.0,0.3333333333333333,1
0.4732824427480916,0.5,0.3333333333333333,0.3333333333333333,0.0,2
0.7251908396946565,0.0,0.0,0.0,0.3333333333333333,1
0.17557251908396945,0.0,0.3333333333333333,0.6666666666666666,0.6666666666666666,2
0.5801526717557252,1.0,0.3333333333333333,0.3333333333333333,0.0,2
0.5190839694656488,1.0,0.6666666666666666,0.6666666666666666,0.0,1
0.48091603053435117,1.0,1.0,0.6666666666666666,0.3333333333333333,3
0.6793893129770993,0.0,0.3333333333333333,0.0,0.3333333333333333,2
0.8931297709923665,0.5,0.0,0.3333333333333333,0.0,1
0.46564885496183206,1.0,0.0,0.3333333333333333,0.3333333333333333,2
0.3816793893129771,1.0,0.0,0.0,0.3333333333333333,1
0.9618320610687023,1.0,0.0,0.3333333333333333,0.0,1
0.8702290076335878,0.0,0.3333333333333333,0.0,0.6666666666666666,2
0.3893129770992366,0.0,0.3333333333333333,0.3333333333333333,0.0,2
0.35877862595419846,0.0,0.6666666666666666,0.3333333333333333,1.0,3
0.06870229007633588,0.5,0.0,0.6666666666666666,0.3333333333333333,2
0.648854961832061,0.5,0.3333333333333333,0.0,0.3333333333333333,2
0.5954198473282443,1.0,0.3333333333333333,0.3333333333333333,0.0,2
0.37404580152671757,0.0,0.3333333333333333,0.0,0.0,1
0.9694656488549618,0.0,0.0,0.3333333333333333,1.0,3
0.10687022900763359,0.0,0.6666666666666666,0.3333333333333333,0.0,1
0.4961832061068702,0.0,0.0,0.0,0.3333333333333333,1
0.7480916030534351,0.5,0.3333333333333333,0.6666666666666666,0.3333333333333333,2
0.5038167938931297,1.0,0.6666666666666666,0.0,0.0,1
0.2900763358778626,1.0,0.3333333333333333,0.0,0.3333333333333333,2
0.7404580152671756,1.0,0.6666666666666666,0.6666666666666666,0.3333333333333333,2
0.9083969465648855,0.0,0.0,0.6666666666666666,0.3333333333333333,1
0.8549618320610687,0.0,0.0,0.6666666666666666,0.3333333333333333,2
0.15267175572519084,0.0,0.3333333333333333,0.3333333333333333,0.0,2
0.732824427480916,0.5,0.0,0.6666666666666666,0.0,1
