0.3076923076923077,0.0,0.0,1.0,1.0,1.0,1.0,0.0,0.0,0.0,1.0,1.0,1.0,0.08888888888888888,0.5433070866141733,0.07389162561576355,0.3448275862068966,0.41,0.0,1
0.34615384615384615,0.0,1.0,0.0,0.0,0.0,0.0,1.0,1.0,1.0,0.0,1.0,1.0,0.08888888888888888,0.38976377952755903,0.12561576354679804,0.7241379310344828,0.77,0.0,1
0.36538461538461536,0.0,0.0,0.0,1.0,1.0,1.0,0.0,0.0,1.0,1.0,1.0,1.0,0.2222222222222222,0.2047244094488189,0.03940886699507389,0.7931034482758622,0.85,0.0,1
0.34615384615384615,0.0,1.0,1.0,1.0,1.0,1.0,1.0,0.0,1.0,0.0,1.0,0.0,0.2888888888888889,0.4094488188976378,0.3103448275862069,0.48275862068965514,0.56,1.0,1
0.4807692307692308,0.0,1.0,0.0,1.0,1.0,1.0,1.0,1.0,1.0,1.0,1.0,1.0,0.2222222222222222,0.23228346456692914,0.07389162561576355,0.7241379310344828,0.85,1.0,1
0.5961538461538461,0.0,0.0,1.0,0.0,0.0,0.0,1.0,0.0,0.0,0.0,1.0,0.0,0.9555555555555555,0.7440944881889764,0.6280788177339901,0.6206896551724137,0.51,1.0,1
0.21153846153846154,0.0,1.0,1.0,1.0,1.0,1.0,1.0,1.0,1.0,1.0,1.0,1.0,0.15555555555555556,0.23228346456692914,0.014778325123152709,0.6551724137931034,1.0,0.0,1
0.3076923076923077,0.0,0.0,1.0,1.0,1.0,1.0,1.0,1.0,0.0,1.0,1.0,1.0,0.1111111111111111,0.23228346456692914,0.07389162561576355,0.7241379310344828,0.85,0.0,1
0.2692307692307692,0.0,1.0,1.0,1.0,1.0,1.0,1.0,1.0,1.0,1.0,1.0,1.0,0.13333333333333336,0.27165354330708663,0.034482758620689655,0.6551724137931034,0.75,0.0,1
0.23076923076923078,0.0,1.0,0.0,0.0,1.0,1.0,1.0,0.0,1.0,0.0,1.0,1.0,0.15555555555555556,0.12992125984251968,0.5788177339901478,0.5517241379310345,0.54,0.0,1
0.23076923076923078,0.0,1.0,1.0,0.0,0.0,0.0,1.0,1.0,1.0,0.0,1.0,0.0,0.7111111111111111,0.7440944881889764,0.09852216748768473,0.44827586206896547,0.29,0.0,1
1.0,0.0,1.0,0.0,0.0,1.0,1.0,1.0,0.0,1.0,1.0,1.0,1.0,0.15555555555555556,0.35039370078740156,0.09359605911330049,0.44827586206896547,0.5,1.0,1
0.38461538461538464,0.0,0.0,1.0,0.0,1.0,1.0,1.0,0.0,1.0,1.0,1.0,1.0,0.06666666666666667,0.14173228346456693,0.37438423645320196,0.6551724137931034,0.63,0.0,1
0.6538461538461539,0.0,1.0,1.0,1.0,1.0,1.0,1.0,1.0,1.0,1.0,1.0,1.0,0.15555555555555556,0.23228346456692914,0.03940886699507389,0.8275862068965517,0.0,1.0,1
0.4230769230769231,0.0,1.0,1.0,1.0,1.0,1.0,1.0,1.0,1.0,1.0,1.0,1.0,0.13333333333333336,0.13385826771653545,0.1206896551724138,0.896551724137931,0.47,0.0,1
0.7115384615384616,0.0,0.0,1.0,0.0,0.0,1.0,1.0,1.0,1.0,0.0,0.0,1.0,0.9555555555555555,0.2204724409448819,0.10098522167487685,0.4137931034482758,0.3,1.0,2
0.6923076923076923,0.0,0.0,1.0,0.0,1.0,1.0,1.0,1.0,1.0,1.0,1.0,1.0,0.08888888888888888,0.17716535433070865,0.009852216748768473,0.7931034482758622,1.0,0.0,1
0.4230769230769231,0.0,0.0,0.0,0.0,0.0,1.0,1.0,1.0,1.0,0.0,1.0,1.0,0.044444444444444446,0.14173228346456693,0.1330049261083744,0.5862068965517241,0.29,1.0,2
0.5192307692307693,0.0,1.0,1.0,0.0,0.0,1.0,1.0,0.0,1.0,1.0,0.0,0.0,0.3111111111111111,0.23622047244094488,0.014778325123152709,0.0,0.46,1.0,2
0.1346153846153846,0.0,1.0,1.0,0.0,0.0,0.0,0.0,0.0,0.0,0.0,1.0,1.0,0.19999999999999998,0.421259842519685,0.20689655172413793,0.6896551724137929,0.39,0.0,1
0.038461538461538464,1.0,1.0,0.0,0.0,1.0,1.0,1.0,1.0,1.0,1.0,1.0,1.0,0.13333333333333336,0.08661417322834646,0.014778325123152709,0.7241379310344828,0.64,0.0,1
0.6538461538461539,0.0,0.0,0.0,1.0,1.0,1.0,0.0,0.0,1.0,1.0,1.0,1.0,0.15555555555555556,0.5078740157480315,0.5197044334975369,0.5172413793103449,0.67,1.0,1
0.4230769230769231,0.0,0.0,1.0,1.0,1.0,1.0,1.0,1.0,1.0,1.0,1.0,1.0,0.15555555555555556,0.23228346456692914,0.0,0.6551724137931034,1.0,0.0,1
0.0,0.0,0.0,1.0,0.0,0.0,0.0,1.0,1.0,1.0,0.0,0.0,1.0,0.15555555555555556,0.5275590551181102,0.2561576354679803,0.2758620689655172,0.23,1.0,1
0.7884615384615384,0.0,0.0,1.0,0.0,1.0,1.0,0.0,0.0,1.0,1.0,1.0,1.0,0.2222222222222222,0.2047244094488189,0.027093596059113302,0.5862068965517241,1.0,0.0,1
0.6346153846153846,1.0,0.0,1.0,0.0,1.0,1.0,1.0,1.0,0.0,0.0,1.0,0.0,0.26666666666666666,0.21653543307086615,0.012315270935960592,0.6896551724137929,0.48,1.0,1
0.40384615384615385,1.0,1.0,0.0,0.0,0.0,0.0,1.0,1.0,1.0,1.0,1.0,1.0,0.08888888888888888,0.21653543307086615,0.0960591133004926,1.0,0.74,0.0,1
0.057692307692307696,0.0,1.0,1.0,0.0,0.0,0.0,1.0,1.0,0.0,1.0,1.0,1.0,0.2222222222222222,0.6614173228346457,0.33497536945812806,0.6896551724137929,0.9,0.0,1
0.8461538461538461,0.0,1.0,0.0,0.0,0.0,1.0,0.0,0.0,1.0,1.0,1.0,1.0,0.15555555555555556,0.2125984251968504,0.059113300492610835,0.7586206896551724,0.74,0.0,1
0.75,0.0,0.0,1.0,0.0,0.0,1.0,1.0,0.0,0.0,0.0,1.0,1.0,0.26666666666666666,0.3188976377952756,0.3522167487684729,0.5172413793103449,0.38,1.0,2
0.5769230769230769,0.0,1.0,1.0,1.0,1.0,1.0,1.0,1.0,1.0,1.0,1.0,1.0,0.15555555555555556,0.4448818897637795,0.16502463054187191,0.6206896551724137,0.62,1.0,1
0.2692307692307692,1.0,1.0,1.0,0.0,0.0,0.0,0.0,0.0,1.0,0.0,1.0,1.0,0.08888888888888888,0.1732283464566929,0.024630541871921183,0.6896551724137929,1.0,1.0,1
0.36538461538461536,0.0,1.0,1.0,0.0,1.0,1.0,1.0,1.0,1.0,1.0,1.0,1.0,0.15555555555555556,0.031496062992125984,0.0024630541871921183,0.6551724137931034,0.54,0.0,1
0.6153846153846154,0.0,0.0,0.0,1.0,1.0,1.0,1.0,1.0,1.0,1.0,1.0,1.0,0.08888888888888888,0.19291338582677164,0.10098522167487685,0.6551724137931034,0.21,0.0,1
0.23076923076923078,0.0,1.0,1.0,1.0,1.0,1.0,1.0,1.0,1.0,1.0,1.0,1.0,0.08888888888888888,0.2992125984251969,0.12315270935960591,0.6551724137931034,0.9,0.0,1
0.4423076923076923,0.0,1.0,1.0,0.0,1.0,1.0,1.0,1.0,0.0,0.0,0.0,1.0,0.19999999999999998,0.29133858267716534,0.012315270935960592,0.3448275862068966,0.42,1.0,2
0.09615384615384616,0.0,1.0,1.0,0.0,1.0,1.0,0.0,0.0,0.0,0.0,0.0,0.0,0.2222222222222222,0.610236220472441,0.41133004926108374,0.8275862068965517,0.57,1.0,1
0.19230769230769232,0.0,1.0,1.0,0.0,1.0,1.0,1.0,0.0,1.0,1.0,1.0,1.0,0.4222222222222223,0.1220472440944882,0.32019704433497537,0.9655172413793105,0.78,0.0,1
0.34615384615384615,0.0,0.0,0.0,1.0,1.0,1.0,0.0,0.0,1.0,1.0,1.0,1.0,0.08888888888888888,0.1732283464566929,0.034482758620689655,0.7241379310344828,0.62,0.0,1
0.5769230769230769,0.0,1.0,1.0,1.0,1.0,1.0,1.0,0.0,0.0,0.0,1.0,1.0,0.15555555555555556,0.23228346456692914,0.15024630541871922,0.6551724137931034,0.72,1.0,1
