0.3426294820717131,0.7740585774058577,1,1.0,0.0,0.05228753333333334,0.0015169864941559843,0.04968943293854453,0.0012038171741603654,0.4293829304223991,0.40178571102446664,0.5014727724486541,0.3795790918291787,0.52674892984301,0.5866833787767365,0.1546609941243538,0.5014727724486541,0.28752622,0.08936705774955121,6
0.5577689243027888,0.02510460251046025,1,1.0,1.0,0.1459695137254902,0.007764974963193485,0.11180123529184874,0.0016727657471255746,0.31087014596034535,0.29464287423179486,0.3578792315325535,0.276695226759307,0.6563785835124212,0.4283919373705847,0.2881355689816147,0.3578792315325535,0.26818594,0.09283049594367444,4
0.2908366533864542,0.49372384937238495,1,0.0,0.0,0.008714596862745097,5.170998805577138e-5,0.002484471870529697,2.1372726622219314e-5,0.0036147688958874952,0.0,0.010309278569151115,0.0,0.864197525697302,0.14447236240846187,0.5529660843965457,0.010309278569151115,1.0,0.08090525126305143,3
0.8844621513944223,0.7280334728033473,1,0.0,0.0,0.0196078431372549,0.0006101314423615925,0.05341613929092302,0.0015009246721485777,0.0903692258828575,0.08441557967195146,0.0648011791988131,0.12314886209980162,0.8148148069272974,0.001256291420986558,0.8453389677400532,0.1163475654171755,0.44541803,0.80983996514823,7
0.16733067729083664,0.5899581589958159,1,0.0,0.0,0.07625272549019607,0.002979788703733566,0.0273291903522242,0.0005984364319816679,0.010586109855495272,0.007305194745899393,0.019145801920870384,0.004676539448899782,0.864197525697302,0.15577889248377572,0.5338982879883656,0.019145801920870384,0.64867723,0.1107717926094329,5
0.2589641434262948,0.12552301255230125,1,0.0,0.0,0.02396517411764706,0.0005719595620496045,0.008695717844986468,0.0002364035612897716,0.7647818556090429,0.694805217574633,0.8541973501163671,0.7373343768562937,0.08230444795000426,0.7600502493955329,0.31991523601784705,0.8541973501163671,0.26204562,0.023389193041677418,2
0.24302788844621515,0.8870292887029289,1,0.0,0.0,0.09803921568627451,0.009986490316518567,0.037267076939933114,0.0017632494504191357,0.046475600587934957,0.03571428623608534,0.030927837032931983,0.07326578493325689,0.7942386727175731,0.041457289003118535,0.7987287881490593,0.06921944352563002,0.5931498,0.8483393323229207,7
0.03187250996015936,0.28870292887029286,1,0.0,0.0,0.11546840784313726,0.023999894240173236,0.3726707693993311,0.0515830583385245,0.16473019100635758,0.1266233804657193,0.20986744617181555,0.15354637868912302,0.5432098379515301,0.38190952790964927,0.483050830264292,0.20986744617181555,0.5142537,0.018428279245377772,3
0.15139442231075698,0.41841004184100417,1,0.0,0.0,0.028322441960784317,0.0006528385867694805,0.01987577541144252,0.000309904386346331,0.04208623910414374,0.05113636322129575,0.050810013248821694,0.02416211896610697,0.9465020551287912,0.16457286459148754,0.4343220201872667,0.05228276912899286,0.56291884,0.2511504284685009,1
0.9083665338645418,0.47280334728033474,1,0.0,0.0,0.03485839215686275,0.0001292747825291747,0.01987577541144252,0.00024578628221925936,0.04105344898693878,0.05194805071470738,0.04712812851893867,0.02416211896610697,0.9609053501867093,0.15075376863399914,0.4427965917076631,0.05007363564010577,0.5458554,0.27674585997626455,1
0.8207171314741036,0.4351464435146444,1,0.0,0.0,0.04139433333333334,0.0005752732477900385,0.0037267083648007226,2.4044320064815775e-5,0.008520526832549245,0.0032467532609841455,0.019145801920870384,0.002338269654301803,0.8497942343430878,0.1658291447059418,0.5317796441548766,0.019145801920870384,0.93333334,0.08625357168279975,5
0.3665338645418327,0.9414225941422594,1,1.0,0.0,0.0697167725490196,0.004705608098061349,0.04472049188071479,0.0006732407713838821,0.08727084855990237,0.06980519018015267,0.07142857237534188,0.12081060184534366,0.7283950495427521,0.050251257718870686,0.8516948935201811,0.11413844319485682,0.44724658,0.8892241672717425,7
0.3147410358565737,0.3514644351464435,1,0.0,0.0,0.047930286274509806,0.0017581400162374494,0.021118001172794956,0.0003980666352551761,0.14923832530560266,0.1558441594493169,0.1767304802891717,0.11379579302273442,0.88888888563786,0.2876884401798566,0.2860169461227018,0.1767304802891717,0.39043593,0.17858492762507047,1
0.5139442231075697,0.08786610878661087,1,0.0,0.0,0.04357299215686274,0.001827308164588818,0.018633553451332083,0.0006035064831643162,0.4146656363955271,0.396103876655001,0.4698085458776985,0.3741231278527473,0.6008230255906104,0.49623112008377407,0.23093217975707428,0.4698085458776985,0.24900064,0.0905372651942707,4
1.0,0.7949790794979079,1,0.0,0.0,0.1808278705882353,0.00959013878621227,0.12422358905443545,0.004180301475291728,0.2809191837620197,0.2613636504759444,0.32474226564990966,0.25331253302221246,0.6419753051211704,0.40452259258288986,0.3432203353472422,0.32474226564990966,0.2753682,0.06581403603626615,6
0.9043824701195219,0.03765690376569038,1,0.0,0.0,0.041394301960784315,0.0008562971425300404,0.018633538469966557,0.0005429975073741504,0.8714175328092187,0.8327922010325308,0.93151695926718,0.8448947203462285,0.2818929749695156,0.636934673807164,0.32203387794455635,0.93151695926718,0.18889166,0.03390443625247555,2
0.5537848605577689,0.4769874476987448,1,0.0,0.0,0.010893250980392158,0.0001098837793745301,0.014906833235600419,0.00022441363854992018,0.0431190292213487,0.05357142935412801,0.050810013248821694,0.024941542792157666,0.9567901222336533,0.159547740741711,0.4322033725402185,0.05154639085753762,0.5456349,0.26114959283107975,1
0.6533864541832669,0.3682008368200837,1,0.0,0.0,0.03485845333333333,0.0008273593341947698,0.01739132165271294,0.0003419631715179916,0.6511748381463932,0.577110384926052,0.7820323948303948,0.5837879630931265,0.09259259653635134,0.9434673383168986,0.0,0.7820323948303948,0.33041757,0.059896392450026155,2
0.9083665338645418,0.7698744769874477,1,0.0,0.0,0.16339866666666666,0.003975444173820289,0.09192545764438151,0.0016212846126302468,0.33255875933567036,0.31006492199622626,0.39027982775935327,0.29306313973302756,0.6008230255906104,0.48869347331664575,0.24364403131733015,0.39027982775935327,0.29027814,0.08863162639486724,6
0.9083665338645418,0.3891213389121339,1,0.0,0.0,0.01960783725490196,0.0009558914157226816,0.06335403258670605,0.0014724079244670025,0.1378776270450078,0.11931818571981992,0.1730485922455921,0.11847233457607685,0.7016460854404813,0.3241205974186259,0.4173728599854569,0.1730485922455921,0.37553233,0.07048204121777413,5
0.7051792828685259,0.7280334728033473,1,0.0,0.0,0.10239654509803922,0.0031524938027533856,0.06956521953011058,0.0016425397373149178,0.34185387039051496,0.3214285688195733,0.4020618615459362,0.2977396532271347,0.6131687113016303,0.5037688459966289,0.20550843850096992,0.4020618615459362,0.30003616,0.09725275811777094,6
0.42231075697211157,0.04184100418410042,1,0.0,0.0,0.026143590588235295,0.0009012235155404117,0.026086953410748237,0.0002944814983338734,0.8838110421010394,0.8457792301478959,0.9403534614112411,0.8604831968672424,0.2818929749695156,0.6218592672075839,0.34745761920066076,0.9403534614112411,0.18402189,0.029759459664871438,2
0.06772908366533864,0.5313807531380753,1,0.0,0.0,0.03485838588235294,0.0009824894187816888,0.0186335373519542,0.00021639871684156982,0.04002065886973382,0.05357142935412801,0.043446242463577006,0.02338269584153715,0.9814814806927298,0.1369346726765107,0.44491523744793177,0.04860088439910983,0.5438712,0.3092808442084035,1
0.05179282868525897,0.41422594142259417,1,0.0,0.0,0.06753813333333333,0.009340111909952663,0.05962732623432756,0.0007373594237212923,0.12496772966592502,0.13798701998387158,0.14212076846744648,0.09431021140108459,0.9465020551287912,0.22864320696131438,0.3262711617979749,0.14212076846744648,0.36884832,0.21977036224057506,1
0.5657370517928287,0.05439330543933055,1,0.0,0.0,0.050108913725490194,0.0015836148359745367,0.019875756628834992,0.0008228557113274394,0.8897495783036277,0.8595778956203093,0.9388807220995529,0.8667186323704245,0.3395061255715572,0.5854271099688146,0.34957626112737,0.9388807220995529,0.16939692,0.033673519369191475,2
0.3545816733067729,0.5146443514644351,1,0.0,0.0,0.015250543921568627,3.231875104276397e-5,0.0211180092224839,0.0001095355273480498,0.014717274507119273,0.007305194745899393,0.030927837032931983,0.004676539448899782,0.8312757150358174,0.19597989571917387,0.4999999809322035,0.030927837032931983,0.88148147,0.09596334863506721,5
0.3386454183266932,0.7615062761506276,1,0.0,0.0,0.12854036470588237,0.0028833676790988565,0.04968943293854453,0.0013052020400349355,0.42809192186187217,0.3920454611035271,0.5073637959693388,0.37879967642089857,0.46296296416323734,0.6231155473220381,0.15889831611336525,0.5073637959693388,0.29957896,0.07812913365081878,6
0.398406374501992,0.4602510460251046,1,1.0,0.0,0.026143792156862744,0.0014716916197030207,0.03354037058755462,0.0006406804098189665,0.023754197095405025,0.00811688370034997,0.03976435905917261,0.021823850293878396,0.7654320881572927,0.19723617809493452,0.565677949304259,0.03976435905917261,0.8435185,0.0021841660737916264,3
0.26294820717131473,0.08786610878661087,1,0.0,0.0,0.037037019607843134,0.0018548844285932685,0.03975156871108269,0.0009456062095496511,0.8799380443048194,0.8409091124926208,0.9425626366527051,0.8511301558494105,0.2757201598917846,0.6520100351806145,0.3029660815363762,0.9425626366527051,0.19062504,0.03654719287818234,2
0.47808764940239046,0.20502092050209206,1,0.0,0.0,0.0893246274509804,0.0040656957007059735,0.06459627176420672,0.002073154197430163,0.1864187974103423,0.1801947988620552,0.23343150049019512,0.1426344507362603,0.7777777683127568,0.39698492320269696,0.2161017053379056,0.23343150049019512,0.4223002,0.13989139382227658,1
0.3784860557768924,0.3054393305439331,1,0.0,0.0,0.058823545098039214,0.0022299918463711114,0.03602483329038302,0.0016483734166459164,0.16627937618216504,0.17207791662274416,0.19882179529586305,0.1262665588069662,0.8765432058527662,0.31783919684635487,0.2478813533063416,0.19882179529586305,0.39879107,0.1727397837858134,1
0.8844621513944223,0.21338912133891214,1,0.0,0.0,0.013071898039215686,0.0005203216459998702,0.009937887034913849,0.0003619980449088139,0.044926416806395565,0.0300324664770092,0.07584683670215879,0.026500388339816418,0.7633744769585425,0.27889446807214474,0.43008473061350916,0.07584683670215879,0.6703704,0.08937057895403147,5
0.20318725099601595,0.6652719665271967,1,0.0,0.0,0.02178649568627451,0.0007948044699757276,0.0211180092224839,0.00028108952765331643,0.17738188388479892,0.14691557510620473,0.16789396489032427,0.21667965809260611,0.5967078031931101,0.10552763883525666,0.8940677892577564,0.2047128188165477,0.34911168,0.9516450780075594,7
0.01195219123505976,0.7447698744769874,1,0.0,0.0,0.08061005882352941,0.0067804705230259735,0.2621117576328101,0.0826617083445981,0.18435322414727265,0.17126623643452732,0.21870397482544937,0.16056118751173226,0.726337438344002,0.3316582781053512,0.37923726716909667,0.21870397482544937,0.27147257,0.07968089139995665,6
0.7848605577689243,0.48535564853556484,1,0.0,0.0,0.09586056470588236,0.007653079495787409,0.1913043235214706,0.042948493041912415,0.28401756108497483,0.27759740034417696,0.3195876117850691,0.2525331176139324,0.740740735253772,0.36306532619283605,0.3114406683110098,0.3195876117850691,0.24899939,0.11538477433777312,4
0.06772908366533864,0.5606694560669456,1,0.0,0.0,0.015250547450980392,3.231869519599076e-5,0.0136645951761121,0.0002698306433998505,0.02736896599129252,0.04058441338811353,0.026509572706115075,0.015588464595838982,0.9835390974470356,0.11180904573918586,0.4851694779113402,0.03681884928704824,0.6005291,0.363241949984478,1
0.13147410358565736,0.5271966527196653,1,0.0,0.0,0.019607850980392156,0.00029086872099021914,0.024844716469272266,0.0003419636403820969,0.04079525145763754,0.05681818078881346,0.04270986883129699,0.02338269584153715,1.0,0.12939698520586598,0.4385593116678038,0.05154639085753762,0.57363313,0.3311189948614322,1
0.44223107569721115,0.7782426778242678,1,0.0,0.0,0.16557738431372548,0.005224851499939616,0.11055900505844689,0.0022525635325289263,0.3508907839160584,0.32629870839043257,0.4123711162564719,0.30943100360308634,0.5781892838858399,0.5125628181043407,0.22669491497145214,0.4123711162564719,0.29632849,0.08520006436761791,6
0.08366533864541832,0.4393305439330544,1,0.0,0.0,0.015250539215686275,0.00018744866459893987,0.007453413822769328,9.617725717672253e-5,0.039246063493293994,0.04951298604291407,0.04639175223570138,0.021823850293878396,0.9567901222336533,0.15577889248377572,0.4385593116678038,0.04860088439910983,0.57539684,0.26526282298039605,1
0.08764940239043825,0.30962343096234307,1,0.0,0.0,0.05664488235294117,0.0018357052505041918,0.03975155529493445,0.0006946134222665151,0.12522592719522624,0.13798701998387158,0.1450662802277888,0.09197193711700896,0.9444444420781892,0.24246231083337544,0.3050847425308819,0.1450662802277888,0.39975148,0.21202901272339056,1
0.7450199203187251,0.5104602510460251,1,0.0,0.0,0.01307189568627451,0.00046538990471842406,0.011180123529184873,5.610336707904588e-5,0.046475600587934957,0.06087662775262478,0.05154639085753762,0.027279811464386235,0.9855967086457857,0.14698492376802355,0.42372880483338127,0.05596465717257248,0.53858024,0.29765909770173027,1
0.099601593625498,0.23430962343096234,1,1.0,0.0,0.0392156862745098,0.00155130171847502,0.05465838741252252,0.0022975673454760964,0.139426805249475,0.1428571376391466,0.17157585293390387,0.10210443563197394,0.8683127517985061,0.3090452134321106,0.27118641450014386,0.17157585293390387,0.4369392,0.16822982508750337,1
0.3346613545816733,0.37656903765690375,1,0.0,0.0,0.05228758431372549,0.0022493825441137153,0.02857142505767546,0.0008789529211387887,0.14846373271769894,0.15503245734551577,0.17746686982719534,0.1114575187386588,0.88888888563786,0.2952261321731143,0.27330509456244595,0.17746686982719534,0.4047922,0.18020247630002365,1
0.1752988047808765,0.40585774058577406,1,0.0,0.5,1.0,0.022330683054902264,0.6099378776436101,0.01149148485078436,0.34727603244852157,0.30519481895134076,0.405007353424099,0.32657833198508707,0.4465020560547172,0.49246231366000853,0.39618642165056756,0.405007353424099,0.35897508,0.03159057865787959,3
0.5418326693227091,0.7154811715481172,1,0.0,0.0,0.07189542745098039,0.006728760075979535,0.08074532740712251,0.006649590876395016,0.24348051412797875,0.22970779440172245,0.28424153693489296,0.21356196138544156,0.6995884557232119,0.3793969902938055,0.3262711617979749,0.28424153693489296,0.28575617,0.09819076992600048,6
0.9641434262948207,0.4560669456066946,1,0.0,0.0,0.17429194901960784,0.007608684801510096,0.03478258740480824,0.0013228017558888612,0.33359154248153505,0.32711040318903895,0.37334314010792974,0.2977396532271347,0.7222222159465017,0.39698492320269696,0.27330509456244595,0.37334314010792974,0.2453213,0.11494238132646704,4
0.545816733067729,0.4393305439330544,1,0.0,0.0,0.02396514117647059,0.00026501367198816605,0.009937888823733613,0.00014960904668241857,0.045184613638562784,0.05519480287991231,0.054491897978704726,0.02572096591672748,0.9526748979843012,0.16834170832680992,0.4216101438388755,0.05522828088933519,0.5591711,0.24831537701286185,1
0.47410358565737054,0.26359832635983266,1,0.0,0.0,0.013071945098039215,0.00015513050343771793,0.011180151479493696,5.610352865682985e-5,0.710043902712437,0.6509740490992366,0.8166421000247267,0.6539360513192188,0.18518519307270268,0.8341708779071227,0.08898301812517986,0.8166421000247267,0.2767844,0.05752482416726439,2
0.8685258964143426,0.6903765690376569,1,0.0,0.5,0.08278870196078432,0.0032424584168417115,0.11428570470275126,0.0020496524923517448,0.42034598901149467,0.389610376707708,0.5014727724486541,0.36399064336740006,0.5061727993369896,0.6306532393152958,0.10169492688882487,0.5014727724486541,0.31446242,0.0927192629474087,6
0.08366533864541832,0.3179916317991632,1,0.0,0.0,0.07407411372549019,0.002197295305869286,0.026086953410748237,0.0004498287491888651,0.44642399524164206,0.40746754539393226,0.5324006028541929,0.39282929406611705,0.43415633330665865,0.6620602987093129,0.12288136522371432,0.5324006028541929,0.30969977,0.07892637141045872,4
0.027888446215139442,0.7866108786610879,1,0.0,0.0,0.06535949411764706,0.001376641685706926,0.031055907884726217,0.0005138211977357182,0.10457010393710625,0.097402594176927,0.07805596555187065,0.13951676104390456,0.8004115155730831,0.0,0.8622881222215242,0.13181149387473126,0.40888458,0.8221554519485411,7
0.6414342629482072,0.6192468619246861,1,0.0,0.0,0.08496732156862745,0.0016759682957868496,0.04968943964661865,0.001049904164176878,0.18202943244088096,0.18425323632911333,0.19587628353552072,0.16523771503545703,0.8436213933394296,0.2261306467324059,0.43644066592753533,0.19587628353552072,0.20284556,0.13499113740631305,4
0.4860557768924303,0.5899581589958159,1,0.0,0.0,0.0,0.0,0.0,0.0,0.0,0.0,0.0,0.0,0.8930041121094344,0.1092964830228403,0.5826271018789502,0.0,0.0,0.4690522913506116,5
0.26294820717131473,0.5230125523012552,1,0.0,0.0,0.2636165882352941,0.006471853575345325,0.05962732623432756,0.0023062496988449786,0.10818486934732362,0.06574675271309453,0.16789396489032427,0.08573655071748867,0.5308641892775489,0.44221105254917814,0.39406777972385826,0.16789396489032427,0.66081303,0.04140925349186269,3
0.11155378486055777,0.7698744769874477,1,0.0,0.0,0.017429189411764707,0.0007045184228033544,0.013664590033255276,0.0004908023289129307,0.11179964172888125,0.10551948372143276,0.08836524014458585,0.1426344507362603,0.8045267435261391,0.017587944215423732,0.8283898132585824,0.13475699900768043,0.34230694,0.8291491756239469,7
0.9322709163346613,0.7740585774058577,1,0.0,0.0,0.06535947450980392,0.002326950047155619,0.04968943293854453,0.0008282796034304118,0.32946038201271516,0.30519481895134076,0.3880706989096414,0.29072484440452545,0.5884773398795904,0.49246231366000853,0.2499999761652544,0.3880706989096414,0.29423782,0.08457095485558254,6
0.28286852589641437,0.7531380753138075,1,1.0,0.0,0.0501089294117647,0.0008855334867723428,0.06956521953011058,0.0033234578049715757,0.10586109158361245,0.08847402444420434,0.09867452136469425,0.13016367092241085,0.7222222159465017,0.09924623193132746,0.7754237078874607,0.12297495859370426,0.3503698,0.940769337588604,7
0.22709163346613545,0.42677824267782427,1,0.0,0.0,0.13507626274509804,0.002134798403619988,0.016149069059064033,0.0002810889505898022,0.1453653553947438,0.1233766304920728,0.18851252070314786,0.12081060184534366,0.6728394916209414,0.366834177842731,0.37499998331567813,0.18851252070314786,0.4148072,0.07510501204724522,5
0.20318725099601595,0.3807531380753138,1,0.0,0.0,0.028322441960784317,0.000885533050469427,0.018633538469966557,0.00040875341874065704,0.020139426805249477,0.004870130074106086,0.041973491222581066,0.011691347570028135,0.7695473198140526,0.2261306467324059,0.5127118477466964,0.041973491222581066,0.89973545,0.04989561574644843,3
0.3107569721115538,0.07112970711297072,1,0.0,0.0,0.16775596078431373,0.006565304947814681,0.018633538469966557,0.0004748371454629968,0.4350632621243459,0.3904220642011196,0.5243004637385827,0.3834762249890499,0.395061683493368,0.675879368661777,0.13983051970518512,0.5243004637385827,0.32455578,0.0716181300443455,4
0.4063745019920319,0.2217573221757322,1,0.0,0.0,0.026143792156862744,0.0012202614187453882,0.02981360609853378,0.0006628555107978683,0.7583269173765119,0.7037337800021609,0.8365242795543131,0.7279812867348001,0.20164608266270354,0.701004993563926,0.29661015575624833,0.8365242795543131,0.2367968,0.03252625535155902,2
0.3784860557768924,0.3472803347280335,1,0.0,0.0,0.028322454901960788,0.0004977088337727776,0.009937892401373142,0.00030990486242373026,0.1409759834539422,0.11688311593439028,0.19072165618025289,0.1114575187386588,0.6584361947111713,0.39949747212507297,0.3347457485726085,0.19072165618025289,0.45154575,0.08266626122159222,5
0.8087649402390438,0.606694560669456,1,0.0,0.0,0.01960785490196078,0.0004867155535357639,0.04472048517264067,0.0004023382252930978,0.1652465790936198,0.1266233804657193,0.16863034117356157,0.19875292131713415,0.5390946525910685,0.16834170832680992,0.8474576096667625,0.18777614441991058,0.38903406,1.0,7
0.9681274900398407,0.7656903765690377,1,0.0,0.0,0.06753811764705882,0.001995509919434049,0.05093167882411933,0.0014697879839795627,0.3467596234472386,0.32467531148802503,0.408689254722465,0.3024161947804771,0.5987654143918603,0.5138191095253272,0.2033897965742606,0.408689254722465,0.30085307,0.09435211959552332,6
0.16334661354581673,0.19246861924686193,1,0.0,0.0,0.05446629803921569,0.0017026765613187098,0.022360219108060925,0.00026339225199902016,0.45804288406019783,0.43425323267651594,0.5265095395691491,0.40841774252789576,0.5452674491502802,0.5753768464401161,0.1546609941243538,0.5265095395691491,0.26677614,0.09270914411769178,4
0.9482071713147411,0.34309623430962344,1,0.0,0.0,0.13507623529411764,0.02355390190933137,0.023602481763821008,0.0006224801223259238,0.10043894346828641,0.07224025996558231,0.15169367340431758,0.07326578493325689,0.6419753051211704,0.39698492320269696,0.355932186907498,0.15169367340431758,0.57700235,0.07291801047721426,5
0.3147410358565737,0.4393305439330544,1,0.0,0.0,0.058823529411764705,0.0028505114517298888,0.03478260976505529,0.0006304952964995616,0.15130389856867232,0.15503245734551577,0.18262149718246318,0.11457521544582336,0.866255140599756,0.3077889333176564,0.2754237364891553,0.18262149718246318,0.40736422,0.1665543989304879,1
0.7928286852589641,0.8535564853556485,1,0.0,0.0,0.06100219215686275,0.0016726004735806367,0.10559005058446891,0.0019079533923111482,0.1605990235661975,0.12499999086850656,0.14948453129981934,0.20654715256283235,0.5637859684575505,0.0929648257057902,0.9491524984199947,0.19513991387967664,0.42076695,0.9436826153816702,7
0.749003984063745,0.5564853556485355,1,0.0,0.0,0.0,0.0,0.0,0.0,0.0,0.0,0.0,0.0,0.8930041121094344,0.1092964830228403,0.5826271018789502,0.0,0.0,0.4690522913506116,5
0.46215139442231074,0.891213389121339,1,0.0,0.0,0.11982570980392157,0.004467145866885027,0.0683229781165852,0.0021795164525135876,0.14123419492592396,0.11282467846733216,0.11782033123843644,0.19329695032589395,0.6255143784941309,0.02512562829410873,1.0,0.18262149718246318,0.44151622,0.896073058247079,7
0.5737051792828686,0.3807531380753138,1,0.0,0.0,0.034858378823529414,0.0010600560492177614,0.05838508705682689,0.0010713080991152752,0.16085722109549874,0.16152596459800353,0.19734904935678166,0.1215900242684326,0.8395061690900776,0.3366833985631681,0.2542372981542658,0.19734904935678166,0.41776258,0.15669543410418865,1
0.7569721115537849,0.45188284518828453,1,0.0,0.0,0.043572968627450984,0.0022580621797972903,0.021118043657264367,0.0005570119997472463,0.27782082038174505,0.2646103712288119,0.3195876117850691,0.24629772419960325,0.6913580109282116,0.3932160602462696,0.3114406683110098,0.3195876117850691,0.27171725,0.09728726592167743,4
0.749003984063745,0.7364016736401674,1,0.0,0.0,0.047930301960784315,0.0017516644083627752,0.0683229714085111,0.0017232698409584105,0.3382391119516379,0.32224024900779014,0.39690722093588204,0.29150428787204086,0.6481481387174207,0.4949748512758522,0.18432200016608047,0.39690722093588204,0.30575457,0.1081341139312397,6
0.06772908366533864,0.3305439330543933,1,0.0,0.0,0.04139433333333334,0.0006528385867694805,0.014906832117588066,0.0001602954550766153,0.019623031746646997,0.004058441850174985,0.04565537595246409,0.007014808822609233,0.7674897049115985,0.24748743129119227,0.4788135387837549,0.04565537595246409,0.9261464,0.06794584735923286,3
0.36254980079681276,0.18828451882845187,1,0.0,0.0,0.01742912745098039,5.1709584911877283e-5,0.018633538469966557,0.00040875406793711047,0.8783888730716926,0.846590873810139,0.9322533289230241,0.8519095291688377,0.3312756807765568,0.6067839058341333,0.32203387794455635,0.9322533289230241,0.17606053,0.037837677254885356,2
0.7848605577689243,0.7196652719665272,1,0.0,0.0,0.041394301960784315,0.0020622288377378983,0.07577637516916924,0.0011522880712604192,0.37671057170288375,0.3571428623608534,0.44108986420405105,0.327357754408176,0.6069958591868606,0.533919602663127,0.16101695804007457,0.44108986420405105,0.2986217,0.10303996887700026,6
1.0,0.5271966527196653,1,0.0,0.0,0.03485838588235294,0.0009499728096022942,0.0136645951761121,0.0005138211977357182,0.00516395546596299,0.0024350649640010958,0.011782032461104326,0.000779423194717905,0.8703703667009601,0.14447236240846187,0.5466101548028585,0.011782032461104326,0.75,0.09698953881654435,5
0.6334661354581673,0.41422594142259417,1,0.0,0.0,0.03267972549019608,0.0012063156068694322,0.009937870935535966,0.00019632090271199656,0.22050091310614758,0.19886362582091213,0.2606774826165134,0.19875292131713415,0.6481481387174207,0.370602995573029,0.39406777972385826,0.2606774826165134,0.3074441,0.06369834812328791,5
0.6175298804780877,0.08786610878661087,1,0.0,0.0,0.030500923921568626,0.00028440698754826383,0.0583850535164563,0.0007507148374282243,0.950167883816201,0.9480520296424348,0.9698085790146643,0.9314108127385561,0.5308641892775489,0.44974872192937104,0.3813559281636024,0.9698085790146643,0.113055356,0.0463678321736123,2
0.8127490039840638,0.7489539748953975,1,0.0,0.0,0.050108913725490194,0.001741974644168794,0.03602483329038302,0.0008106413685869129,0.3449522337707896,0.32711040318903895,0.4020618615459362,0.301636779372197,0.6316872306089005,0.48869347331664575,0.21186438334889418,0.4020618615459362,0.29078844,0.10069744126487302,6
0.1593625498007968,0.26778242677824265,1,0.0,0.5,0.603485843137255,0.03339681889798959,0.5950310611781949,0.02287594461690629,0.3834237144360563,0.3465908957257232,0.43372603509774643,0.3655494741839602,0.4732510201569879,0.4635678371079644,0.4173728599854569,0.43372603509774643,0.29780185,0.03228314398118021,3
0.22310756972111553,0.694560669456067,1,0.0,0.0,0.037037056862745096,0.0009630979007896036,0.03229813141005395,0.0012396189880441097,0.1365866254558211,0.11525974094756704,0.12223858893786017,0.17225252385806625,0.6810699364159417,0.07035176103254961,0.8665254060749427,0.16273931765287689,0.3589904,0.9162938158994577,7
0.01195219123505976,0.7949790794979079,1,0.0,1.0,0.10675380392156862,0.0029299412701371246,0.11677016069750554,0.0022538472103162802,0.37438680091051285,0.3441558332454883,0.4455080821391157,0.3281371838460737,0.52674892984301,0.5678391996729878,0.1864406420927898,0.4455080821391157,0.30885938,0.08445772033255966,6
0.0,0.2928870292887029,1,0.0,0.0,0.4771241960784314,0.4667665276780098,0.20621116234713277,0.1481343392319804,0.14872193024700017,0.1022727264425915,0.2025036767120495,0.13639906433674,0.4855966873494885,0.42211053679831356,0.47457625874389553,0.2025036767120495,0.5952822,0.017150360008872725,3
0.2788844621513944,0.7071129707112971,1,1.0,0.0,0.047930274509803916,0.0009824887206970237,0.06708074117510925,0.0013464800424026271,0.15569327050947393,0.13392857521161872,0.14212076846744648,0.19095867604181835,0.6707818804221912,0.07914572974830177,0.8622881222215242,0.18041236170535815,0.3273826,0.923812273173042,7
0.7370517928286853,0.8661087866108786,1,0.0,0.0,0.04575163137254903,0.0012992127873752786,0.02608695117472353,0.00047287114056315056,0.09553318344022257,0.07792207972465845,0.08394698244516213,0.12470772097559714,0.7242798271452519,0.07412060363721873,0.8156779426305303,0.11782033123843644,0.40134683,0.9106268079415912,7
0.44223107569721115,0.0794979079497908,1,0.0,0.0,0.021786558823529412,0.000474984485068318,0.027329201532347733,0.0005194166724613461,0.7895688393359827,0.7362013089594049,0.862297482604584,0.7638347111820822,0.19958847146395342,0.6809045230391908,0.33262710664589923,0.862297482604584,0.22538376,0.026991459355598497,2
0.9203187250996016,0.6861924686192469,1,0.0,0.0,0.0457516431372549,0.0010883306422169493,0.06335403258670605,0.00156380547996825,0.10715207923011864,0.09090909422963397,0.08983799271106044,0.14107559186046478,0.7304526607415023,0.047738692967349325,0.8538135354468905,0.1332842331864195,0.38741234,0.8845907069594513,7
0.7171314741035857,0.06694560669456066,1,0.0,0.0,0.028322407843137255,0.0008079699628130299,0.011180123529184873,0.00018433921034051654,0.9625613931080216,0.9683441804517519,0.9712813183263527,0.9477786064605266,0.5864197471993596,0.39698492320269696,0.4131355761320384,0.9712813183263527,0.09626316,0.04937440335275007,2
0.7410358565737052,0.28870292887029286,1,0.0,0.0,0.052287556862745097,0.0012410399088022192,0.029813664235176132,0.0005129435346236666,0.2824683898518479,0.27597403996774317,0.3159057502510622,0.25331253302221246,0.740740735253772,0.3517587938562157,0.33050846471918993,0.3159057502510622,0.24472968,0.10901877022526575,4
0.22310756972111553,0.3263598326359833,1,0.0,0.0,0.06753812549019608,0.0022804302086365637,0.13788818646657225,0.003392719708998411,0.11851278446205375,0.09496753169669211,0.16273931765287689,0.09431021140108459,0.6707818804221912,0.36557787511521206,0.37923726716909667,0.16273931765287689,0.47748852,0.0743537352724001,5
0.08764940239043825,0.49372384937238495,1,0.0,0.0,0.0196078431372549,0.00013573871493782508,0.008695651211450234,0.000109535209963117,0.0036147688958874952,0.0,0.010309278569151115,0.0,0.864197525697302,0.14447236240846187,0.5529660843965457,0.010309278569151115,0.7777778,0.08090525126305143,3
0.5537848605577689,0.2594142259414226,1,0.0,0.0,0.06753809411764707,0.001444616056924616,0.01739129482041647,0.0007239952097957686,0.3227472253368622,0.333603903136332,0.3387334216588113,0.29540138595786786,0.8580246883973479,0.27261306749987363,0.3432203353472422,0.3387334216588113,0.1761556,0.1574092193176466,4
0.7808764940239044,0.9414225941422594,1,0.0,0.0,0.09586056470588236,0.011919146437918283,0.07453415611589093,0.00548210194230923,0.11205783925818248,0.09577921919010374,0.11045656177867039,0.12938425551413077,0.7283950495427521,0.12939698520586598,0.7182203186629204,0.12297495859370426,0.29272884,0.9860763420482467,7
0.14342629482071714,0.2803347280334728,1,0.0,0.0,0.03921570980392156,0.00031025910459472347,0.05714287471162268,0.002073153187569013,0.3054479908736791,0.30032466477009195,0.3438880755236519,0.2696804179366978,0.7427983464525221,0.3831658080241035,0.2754237364891553,0.3438880755236519,0.25891644,0.11951301593776843,4
0.3665338645418327,0.07531380753138076,1,0.0,0.0,0.04793034901960784,0.00214597561171414,0.031055936953047394,0.0011354315410798531,0.8956881145062159,0.8693181747620278,0.946244418657994,0.8674980056898516,0.36625510819234713,0.5942211046895912,0.30720336538979476,0.946244418657994,0.16648434,0.04321626150050872,2
0.41434262948207173,0.7615062761506276,1,0.0,0.0,0.12636164705882352,0.003324906927862025,0.06459627847228085,0.0015705688807535756,0.41905500136498847,0.3879870017208847,0.49779089103246765,0.3655494741839602,0.5041152066567588,0.6180904381707536,0.1249999880826272,0.49779089103246765,0.30846536,0.0895468801025612,6
0.24701195219123506,0.7949790794979079,1,0.0,0.0,0.05664488235294117,0.0016030093731827983,0.021118006539254254,0.00039806692378693316,0.05422153483258048,0.04545454565377804,0.03681884928704824,0.08106000916414624,0.8065843584285931,0.03391960266312706,0.7987287881490593,0.07658320635800289,0.54320127,0.836552396847751,7
0.4940239043824701,0.14644351464435146,1,1.0,0.0,0.023965076078431374,0.0010673990970972943,0.04844723177346386,0.0005638885771142958,0.8683191903429649,0.8238636459101977,0.9344624378905564,0.8409976082307837,0.2386831212772441,0.6670853965540651,0.31567795216442845,0.9344624378905564,0.20012376,0.03211010457995843,2
0.41434262948207173,0.5355648535564853,1,0.0,0.0,0.010893247843137254,0.0001874487099744431,0.0186335373519542,0.0003766941935580669,0.04260263416274622,0.05519480287991231,0.04786450679039391,0.024941542792157666,0.9732510321940254,0.14698492376802355,0.43644066592753533,0.05007363564010577,0.5326279,0.2900368797984404,1
0.8247011952191236,0.9581589958158996,1,1.0,0.0,0.04139434117647059,0.0015060535458861523,0.0546583807044484,0.003611989850606912,0.09863156076317772,0.07954545471148171,0.086156111294874,0.13016367092241085,0.711934141434232,0.07035176103254961,0.8347457390387104,0.12297495859370426,0.42162097,0.9124437123880922,7
0.5537848605577689,0.058577405857740586,1,0.0,0.0,0.039215637254901965,0.0025596490658580055,0.02484470976119815,8.549019597942538e-5,0.89233155359664,0.8603896196396946,0.9432990063085492,0.8690568435212207,0.3251028656988258,0.5954773734975131,0.34745761920066076,0.9432990063085492,0.17250364,0.03269132571106237,2
0.896414342629482,0.41422594142259417,1,0.0,0.0,0.01307189568627451,0.00015512989261363597,0.011180122858377462,0.00015228064156767382,0.011618899972700233,0.0008116882969830496,0.029455082478239452,0.0031176928490197083,0.8065843584285931,0.20351758205916531,0.5127118477466964,0.029455082478239452,0.9777778,0.06949126694030627,3
0.8605577689243028,0.5732217573221757,1,0.0,0.0,0.08061002352941177,0.00445352536246301,0.023602477291771597,0.0003660081602551544,0.20268526267034123,0.15665584694272852,0.2754050149086523,0.16991424957399065,0.46913576072244906,0.5326632886290757,0.3050847425308819,0.2754050149086523,0.4837708,0.05429675069366342,4
0.6454183266932271,0.6485355648535565,1,0.0,0.0,0.06971676862745098,0.0019132704847709338,0.054658394120596636,0.0007587316922993471,0.1182545869327525,0.0900973994310276,0.10824742630156535,0.1558846319287722,0.6358024530064008,0.08793970072536039,0.8834745605564135,0.14727539582271432,0.4462137,0.9353015556736993,7
