0.5657370517928287,0.05439330543933055,1,0.0,0.0,0.050108913725490194,0.0015836148359745367,0.019875756628834992,0.0008228557113274394,0.8897495783036277,0.8595778956203093,0.9388807220995529,0.8667186323704245,0.3395061255715572,0.5854271099688146,0.34957626112737,0.9388807220995529,0.16939692,0.033673519369191475,2
0.42231075697211157,0.04184100418410042,1,0.0,0.0,0.026143590588235295,0.0009012235155404117,0.026086953410748237,0.0002944814983338734,0.8838110421010394,0.8457792301478959,0.9403534614112411,0.8604831968672424,0.2818929749695156,0.6218592672075839,0.34745761920066076,0.9403534614112411,0.18402189,0.029759459664871438,2
0.3147410358565737,0.3514644351464435,1,0.0,0.0,0.047930286274509806,0.0017581400162374494,0.021118001172794956,0.0003980666352551761,0.14923832530560266,0.1558441594493169,0.1767304802891717,0.11379579302273442,0.88888888563786,0.2876884401798566,0.2860169461227018,0.1767304802891717,0.39043593,0.17858492762507047,1
0.41434262948207173,0.7615062761506276,1,0.0,0.0,0.12636164705882352,0.003324906927862025,0.06459627847228085,0.0015705688807535756,0.41905500136498847,0.3879870017208847,0.49779089103246765,0.3655494741839602,0.5041152066567588,0.6180904381707536,0.1249999880826272,0.49779089103246765,0.30846536,0.0895468801025612,6
0.6454183266932271,0.2384937238493724,1,0.0,0.0,0.07189545098039216,0.0038588549596472164,0.03478261423710471,0.0006946134222665151,0.39581722372787687,0.37987012678676846,0.45213547531564446,0.35151985653874174,0.6275720082114002,0.49748741150476067,0.2012711737153477,0.45213547531564446,0.26505277,0.10130736947881859,4
0.6533864541832669,0.3682008368200837,1,0.0,0.0,0.03485845333333333,0.0008273593341947698,0.01739132165271294,0.0003419631715179916,0.6511748381463932,0.577110384926052,0.7820323948303948,0.5837879630931265,0.09259259653635134,0.9434673383168986,0.0,0.7820323948303948,0.33041757,0.059896392450026155,2
0.26693227091633465,0.38493723849372385,1,0.0,0.0,0.026143794117647057,0.0010083444503316253,0.024844716469272266,0.0006946137612913296,0.01497547064215246,0.0008116882969830496,0.03755522689576416,0.004676539448899782,0.7798353850670626,0.22864320696131438,0.497881335191935,0.03755522689576416,0.9876543,0.06402745101360566,3
0.05976095617529881,0.4895397489539749,1,0.0,0.0,0.0196078431372549,0.00013573866432668686,0.014906833235600419,0.00022441363854992018,0.038729666343289434,0.05032467572788412,0.04418262007229293,0.021823850293878396,0.9670781893385154,0.14698492376802355,0.4427965917076631,0.04712812851893867,0.56150794,0.2863553826771825,1
0.5418326693227091,0.7154811715481172,1,0.0,0.0,0.07189542745098039,0.006728760075979535,0.08074532740712251,0.006649590876395016,0.24348051412797875,0.22970779440172245,0.28424153693489296,0.21356196138544156,0.6995884557232119,0.3793969902938055,0.3262711617979749,0.28424153693489296,0.28575617,0.09819076992600048,6
0.1394422310756972,0.9707112970711297,1,1.0,0.0,0.07407407843137255,0.003231872486458903,0.04472049411673949,0.0005129448330165736,0.09295120117586991,0.07224025996558231,0.08026509440158251,0.1262665588069662,0.7016460854404813,0.06783919741168147,0.8495762515934718,0.11929307717751785,0.4522286,0.9079631094155545,7
0.3784860557768924,0.3054393305439331,1,0.0,0.0,0.058823545098039214,0.0022299918463711114,0.03602483329038302,0.0016483734166459164,0.16627937618216504,0.17207791662274416,0.19882179529586305,0.1262665588069662,0.8765432058527662,0.31783919684635487,0.2478813533063416,0.19882179529586305,0.39879107,0.1727397837858134,1
0.5378486055776892,0.14225941422594143,1,0.0,0.0,0.047930274509803916,0.0026953151887167182,0.04596272435014134,0.0011009745015830297,0.3699974289697113,0.35146102799138773,0.42268042398615296,0.3320342749170919,0.6172839336991305,0.47236178660261163,0.2542372981542658,0.42268042398615296,0.25936732,0.08989179134772975,4
0.3147410358565737,0.3179916317991632,1,0.0,0.5,0.9564270980392158,1.0,1.0,1.0,0.4701781400519951,0.42938312963163044,0.5235640609457727,0.45284491183647974,0.4115226101204075,0.5012562857677204,0.4173728599854569,0.5235640609457727,0.30628127,0.020167809856589013,3
0.16733067729083664,0.5899581589958159,1,0.0,0.0,0.07625272549019607,0.002979788703733566,0.0273291903522242,0.0005984364319816679,0.010586109855495272,0.007305194745899393,0.019145801920870384,0.004676539448899782,0.864197525697302,0.15577889248377572,0.5338982879883656,0.019145801920870384,0.64867723,0.1107717926094329,5
0.7529880478087649,0.39330543933054396,1,0.0,0.0,0.07407409019607843,0.0040075265743379895,0.04844718705296975,0.0012102318121842922,0.31887426239734357,0.3011363449583089,0.37334314010792974,0.27825409264991136,0.6419753051211704,0.46859296887231366,0.23516950174608572,0.37334314010792974,0.29599184,0.09912533466037032,4
0.4063745019920319,0.8577405857740585,1,0.0,0.0,0.03485838588235294,0.0011376191892305083,0.048447193761043866,0.0008255212398325016,0.1014717266141511,0.07954545471148171,0.0905743756216909,0.13406078303785554,0.6893003997294614,0.07914572974830177,0.843220325813344,0.12665684000989072,0.43169576,0.9226476811228359,7
0.7171314741035857,0.06694560669456066,1,0.0,0.0,0.028322407843137255,0.0008079699628130299,0.011180123529184873,0.00018433921034051654,0.9625613931080216,0.9683441804517519,0.9712813183263527,0.9477786064605266,0.5864197471993596,0.39698492320269696,0.4131355761320384,0.9712813183263527,0.09626316,0.04937440335275007,2
0.2788844621513944,0.7071129707112971,1,1.0,0.0,0.047930274509803916,0.0009824887206970237,0.06708074117510925,0.0013464800424026271,0.15569327050947393,0.13392857521161872,0.14212076846744648,0.19095867604181835,0.6707818804221912,0.07914572974830177,0.8622881222215242,0.18041236170535815,0.3273826,0.923812273173042,7
0.36254980079681276,0.18828451882845187,1,0.0,0.0,0.01742912745098039,5.1709584911877283e-5,0.018633538469966557,0.00040875406793711047,0.8783888730716926,0.846590873810139,0.9322533289230241,0.8519095291688377,0.3312756807765568,0.6067839058341333,0.32203387794455635,0.9322533289230241,0.17606053,0.037837677254885356,2
0.5537848605577689,0.4769874476987448,1,0.0,0.0,0.026143787058823528,0.00038782489732919786,0.05962732623432756,0.0027250223828510574,0.02736896599129252,0.011363636596074377,0.05154639085753762,0.017147310143497733,0.7613168657597924,0.23994973929793467,0.497881335191935,0.05154639085753762,0.85319865,0.054988148459689024,3
0.4860557768924303,0.5899581589958159,1,0.0,0.0,0.0,0.0,0.0,0.0,0.0,0.0,0.0,0.0,0.8930041121094344,0.1092964830228403,0.5826271018789502,0.0,0.0,0.4690522913506116,5
0.06772908366533864,0.3179916317991632,1,0.0,0.0,0.06100217647058824,0.0034251754461284574,0.04223601799776286,0.001260130133593089,0.02039762572881877,0.008928571193761597,0.03755522689576416,0.013250193819167767,0.798353904374333,0.2022613019447111,0.5233050669141411,0.03755522689576416,0.86277056,0.05586796773071849,3
0.26294820717131473,0.2510460251046025,1,0.0,0.0,0.06535947450980392,0.0015513031146443504,0.03354034151923344,0.00021639770698042,0.8781306546283705,0.8441558697714621,0.9337260682347123,0.8519095291688377,0.3148148097050752,0.6155779005549098,0.3241525389390621,0.9337260682347123,0.17967218,0.03543300965000922,2
0.0,0.2928870292887029,1,0.0,0.0,0.4771241960784314,0.4667665276780098,0.20621116234713277,0.1481343392319804,0.14872193024700017,0.1022727264425915,0.2025036767120495,0.13639906433674,0.4855966873494885,0.42211053679831356,0.47457625874389553,0.2025036767120495,0.5952822,0.017150360008872725,3
0.08366533864541832,0.4393305439330544,1,0.0,0.0,0.015250539215686275,0.00018744866459893987,0.007453413822769328,9.617725717672253e-5,0.039246063493293994,0.04951298604291407,0.04639175223570138,0.021823850293878396,0.9567901222336533,0.15577889248377572,0.4385593116678038,0.04860088439910983,0.57539684,0.26526282298039605,1
0.4900398406374502,0.07531380753138076,1,0.0,0.0,0.03921573725490196,0.0012410332769979009,0.023602434807302185,0.0006545462939105661,0.8954298960628937,0.8709415351384615,0.9469808545877698,0.8643803159974959,0.38065842362063657,0.5992462025343434,0.2838982851281961,0.9469808545877698,0.16561614,0.048151970885791824,2
0.9601593625498008,0.7196652719665272,1,0.0,0.0,0.05882352549019607,0.0016350851418961794,0.04844720270514269,0.0012970562836013264,0.10715207923011864,0.09253246921645723,0.08247422987868755,0.1473109852747939,0.7427983464525221,0.010050252222166085,0.9046610179590994,0.13917525670710415,0.42024404,0.8537667871801989,7
0.50199203187251,0.5523012552301255,1,0.0,0.0,0.058823529411764705,0.00021330350417559345,0.019875774069827698,0.0004381408470657619,0.0291763486964012,0.006493506521968291,0.06259205034910124,0.015588464595838982,0.7098765302354818,0.2876884401798566,0.4703389653565787,0.06259205034910124,0.915376,0.050693835736811764,3
0.11155378486055777,0.7698744769874477,1,0.0,0.0,0.017429189411764707,0.0007045184228033544,0.013664590033255276,0.0004908023289129307,0.11179964172888125,0.10551948372143276,0.08836524014458585,0.1426344507362603,0.8045267435261391,0.017587944215423732,0.8283898132585824,0.13475699900768043,0.34230694,0.8291491756239469,7
0.24701195219123506,0.7949790794979079,1,0.0,0.0,0.05664488235294117,0.0016030093731827983,0.021118006539254254,0.00039806692378693316,0.05422153483258048,0.04545454565377804,0.03681884928704824,0.08106000916414624,0.8065843584285931,0.03391960266312706,0.7987287881490593,0.07658320635800289,0.54320127,0.836552396847751,7
0.22310756972111553,0.694560669456067,1,0.0,0.0,0.037037056862745096,0.0009630979007896036,0.03229813141005395,0.0012396189880441097,0.1365866254558211,0.11525974094756704,0.12223858893786017,0.17225252385806625,0.6810699364159417,0.07035176103254961,0.8665254060749427,0.16273931765287689,0.3589904,0.9162938158994577,7
0.16334661354581673,0.19246861924686193,1,0.0,0.0,0.05446629803921569,0.0017026765613187098,0.022360219108060925,0.00026339225199902016,0.45804288406019783,0.43425323267651594,0.5265095395691491,0.40841774252789576,0.5452674491502802,0.5753768464401161,0.1546609941243538,0.5265095395691491,0.26677614,0.09270914411769178,4
0.28286852589641437,0.7531380753138075,1,1.0,0.0,0.0501089294117647,0.0008855334867723428,0.06956521953011058,0.0033234578049715757,0.10586109158361245,0.08847402444420434,0.09867452136469425,0.13016367092241085,0.7222222159465017,0.09924623193132746,0.7754237078874607,0.12297495859370426,0.3503698,0.940769337588604,7
0.20318725099601595,0.3807531380753138,1,0.0,0.0,0.028322441960784317,0.000885533050469427,0.018633538469966557,0.00040875341874065704,0.020139426805249477,0.004870130074106086,0.041973491222581066,0.011691347570028135,0.7695473198140526,0.2261306467324059,0.5127118477466964,0.041973491222581066,0.89973545,0.04989561574644843,3
0.9083665338645418,0.47280334728033474,1,0.0,0.0,0.03485839215686275,0.0001292747825291747,0.01987577541144252,0.00024578628221925936,0.04105344898693878,0.05194805071470738,0.04712812851893867,0.02416211896610697,0.9609053501867093,0.15075376863399914,0.4427965917076631,0.05007363564010577,0.5458554,0.27674585997626455,1
0.47410358565737054,0.26359832635983266,1,0.0,0.0,0.013071945098039215,0.00015513050343771793,0.011180151479493696,5.610352865682985e-5,0.710043902712437,0.6509740490992366,0.8166421000247267,0.6539360513192188,0.18518519307270268,0.8341708779071227,0.08898301812517986,0.8166421000247267,0.2767844,0.05752482416726439,2
0.1752988047808765,0.3263598326359833,1,0.0,0.0,0.030501086274509804,0.0005946649926596398,0.017391302199298,0.0003419634961162183,0.016008263547893527,0.0008116882969830496,0.04270986883129699,0.002338269654301803,0.7716049347165064,0.25000000282663304,0.4703389653565787,0.04270986883129699,0.9861111,0.07543635738883711,3
0.46613545816733065,0.4811715481171548,1,0.0,0.0,0.026143792156862744,0.0006980842113493208,0.04099379223641042,0.0015308213950914402,0.1432997681889936,0.11769479612260716,0.18998526664222926,0.11847233457607685,0.6460905275186706,0.38442211075162236,0.3728813413889688,0.18998526664222926,0.437078,0.06896846073826428,4
0.7848605577689243,0.48535564853556484,1,0.0,0.0,0.09586056470588236,0.007653079495787409,0.1913043235214706,0.042948493041912415,0.28401756108497483,0.27759740034417696,0.3195876117850691,0.2525331176139324,0.740740735253772,0.36306532619283605,0.3114406683110098,0.3195876117850691,0.24899939,0.11538477433777312,4
0.5537848605577689,0.47280334728033474,1,0.0,0.0,0.0392156862745098,0.0007756497946583957,0.02484472094132168,0.0007587314759005293,0.01755744872370097,0.0016233765939660991,0.0405007353424099,0.008573655071748867,0.7654320881572927,0.23115577849675514,0.5084745619864982,0.0405007353424099,0.97376543,0.04883137802392935,3
0.8804780876494024,0.21338912133891214,1,0.0,0.0,0.010893247843137254,0.0004379158403089443,0.014906832117588066,0.0004023383118526249,0.044668216488558225,0.0300324664770092,0.07584683670215879,0.02572096591672748,0.7654320881572927,0.2801507481865989,0.4258474467600905,0.07584683670215879,0.68080807,0.09206986017797392,5
0.47410358565737054,0.5230125523012552,1,0.0,0.0,0.023965143529411766,0.0007304037163235232,0.022360249294394455,0.00032059080916711563,0.043635424279951186,0.05681818078881346,0.04786450679039391,0.026500388339816418,0.9773662508878218,0.1419597976569405,0.4406779459673946,0.05301914541223015,0.52954143,0.2976981460061508,1
0.08366533864541832,0.3179916317991632,1,0.0,0.0,0.07407411372549019,0.002197295305869286,0.026086953410748237,0.0004498287491888651,0.44642399524164206,0.40746754539393226,0.5324006028541929,0.39282929406611705,0.43415633330665865,0.6620602987093129,0.12288136522371432,0.5324006028541929,0.30969977,0.07892637141045872,4
0.9203187250996016,0.6861924686192469,1,0.0,0.0,0.0457516431372549,0.0010883306422169493,0.06335403258670605,0.00156380547996825,0.10715207923011864,0.09090909422963397,0.08983799271106044,0.14107559186046478,0.7304526607415023,0.047738692967349325,0.8538135354468905,0.1332842331864195,0.38741234,0.8845907069594513,7
0.6693227091633466,0.3807531380753138,1,0.0,0.0,0.0392156862745098,0.0006205184709711963,0.019875784355541343,0.00021372665309220927,0.4058869064566044,0.3904220642011196,0.46170841338948143,0.3616523760981332,0.6275720082114002,0.49748741150476067,0.2012711737153477,0.46170841338948143,0.25975996,0.10107080013571097,4
0.13147410358565736,0.5271966527196653,1,0.0,0.0,0.019607850980392156,0.00029086872099021914,0.024844716469272266,0.0003419636403820969,0.04079525145763754,0.05681818078881346,0.04270986883129699,0.02338269584153715,1.0,0.12939698520586598,0.4385593116678038,0.05154639085753762,0.57363313,0.3311189948614322,1
0.8605577689243028,0.5732217573221757,1,0.0,0.0,0.08061002352941177,0.00445352536246301,0.023602477291771597,0.0003660081602551544,0.20268526267034123,0.15665584694272852,0.2754050149086523,0.16991424957399065,0.46913576072244906,0.5326632886290757,0.3050847425308819,0.2754050149086523,0.4837708,0.05429675069366342,4
0.848605577689243,0.6276150627615062,1,0.0,0.0,0.14596950196078431,0.001273365015905859,0.2571428411712521,0.013649163560862746,0.2819519738792246,0.2581169005022979,0.32916053660411976,0.2548714059276257,0.60905348890413,0.42211053679831356,0.34745761920066076,0.32916053660411976,0.29805613,0.0615305093186916,6
0.3386454183266932,0.7615062761506276,1,0.0,0.0,0.12854036470588237,0.0028833676790988565,0.04968943293854453,0.0013052020400349355,0.42809192186187217,0.3920454611035271,0.5073637959693388,0.37879967642089857,0.46296296416323734,0.6231155473220381,0.15889831611336525,0.5073637959693388,0.29957896,0.07812913365081878,6
0.0796812749003984,0.3305439330543933,1,0.0,0.0,0.026143840784313723,7.756444368585912e-5,0.01739132165271294,0.0004060816363097597,0.7911180105691097,0.7735389263511451,0.8519882411488349,0.7435697351965788,0.4711933719211992,0.6206029757865973,0.1546609941243538,0.8519882411488349,0.17969723,0.08027150858722626,2
0.896414342629482,0.301255230125523,1,0.0,0.0,0.03485840392156863,0.0009049247080784453,0.02360240573898101,0.0003660071143275349,0.6318099885920989,0.5446428851895869,0.774668598861056,0.5643023674418591,0.0,1.0,0.0,0.774668598861056,0.36206177,0.05409635709342661,2
0.7848605577689243,0.7196652719665272,1,0.0,0.0,0.041394301960784315,0.0020622288377378983,0.07577637516916924,0.0011522880712604192,0.37671057170288375,0.3571428623608534,0.44108986420405105,0.327357754408176,0.6069958591868606,0.533919602663127,0.16101695804007457,0.44108986420405105,0.2986217,0.10303996887700026,6
0.4940239043824701,0.14644351464435146,1,1.0,0.0,0.023965076078431374,0.0010673990970972943,0.04844723177346386,0.0005638885771142958,0.8683191903429649,0.8238636459101977,0.9344624378905564,0.8409976082307837,0.2386831212772441,0.6670853965540651,0.31567795216442845,0.9344624378905564,0.20012376,0.03211010457995843,2
0.027888446215139442,0.11715481171548117,1,1.0,0.0,0.05446629803921569,0.0019714417053929133,0.040993787764361,0.0005049298536018718,0.7903434249525462,0.7491883380747699,0.8748158993017975,0.7404520735634583,0.29218106800030474,0.741206025065655,0.13559319771617367,0.8748158993017975,0.22295359,0.06167528642079555,2
0.2908366533864542,0.49372384937238495,1,0.0,0.0,0.008714596862745097,5.170998805577138e-5,0.002484471870529697,2.1372726622219314e-5,0.0036147688958874952,0.0,0.010309278569151115,0.0,0.864197525697302,0.14447236240846187,0.5529660843965457,0.010309278569151115,1.0,0.08090525126305143,3
0.21115537848605578,0.33472803347280333,1,0.0,0.0,0.05664487450980392,0.0026889191624938653,0.018633538469966557,0.00018433985232367607,0.022721404886797983,0.004058441850174985,0.05301914541223015,0.008573655071748867,0.7427983464525221,0.27010049596443286,0.46610168150316006,0.05301914541223015,0.94481075,0.0637944584729437,3
0.9243027888446215,0.8368200836820083,1,1.0,0.0,0.10457516470588235,0.010626401143183448,0.037267076939933114,0.0012503042567378658,0.1076684812600614,0.09090909422963397,0.10088365021440611,0.13094310737511747,0.726337438344002,0.10175879442154236,0.7669491401806235,0.12371134813172793,0.33542147,0.942555051576472,7
0.0796812749003984,0.46443514644351463,1,0.0,0.0,0.017429194117647057,0.0007045187369414537,0.00993788770572126,0.00029119108217586415,0.003872967122322762,0.0,0.00810014706848198,0.0031176928490197083,0.8621399144985519,0.1319095476960809,0.5762711696157715,0.00810014706848198,0.5555556,0.0160099160083389,3
0.6175298804780877,0.08786610878661087,1,0.0,0.0,0.030500923921568626,0.00028440698754826383,0.0583850535164563,0.0007507148374282243,0.950167883816201,0.9480520296424348,0.9698085790146643,0.9314108127385561,0.5308641892775489,0.44974872192937104,0.3813559281636024,0.9698085790146643,0.113055356,0.0463678321736123,2
0.9322709163346613,0.7740585774058577,1,0.0,0.0,0.06535947450980392,0.002326950047155619,0.04968943293854453,0.0008282796034304118,0.32946038201271516,0.30519481895134076,0.3880706989096414,0.29072484440452545,0.5884773398795904,0.49246231366000853,0.2499999761652544,0.3880706989096414,0.29423782,0.08457095485558254,6
0.7450199203187251,0.5104602510460251,1,0.0,0.0,0.01307189568627451,0.00046538990471842406,0.011180123529184873,5.610336707904588e-5,0.046475600587934957,0.06087662775262478,0.05154639085753762,0.027279811464386235,0.9855967086457857,0.14698492376802355,0.42372880483338127,0.05596465717257248,0.53858024,0.29765909770173027,1
0.9641434262948207,0.4560669456066946,1,0.0,0.0,0.17429194901960784,0.007608684801510096,0.03478258740480824,0.0013228017558888612,0.33359154248153505,0.32711040318903895,0.37334314010792974,0.2977396532271347,0.7222222159465017,0.39698492320269696,0.27330509456244595,0.37334314010792974,0.2453213,0.11494238132646704,4
0.9083665338645418,0.3891213389121339,1,0.0,0.0,0.01960783725490196,0.0009558914157226816,0.06335403258670605,0.0014724079244670025,0.1378776270450078,0.11931818571981992,0.1730485922455921,0.11847233457607685,0.7016460854404813,0.3241205974186259,0.4173728599854569,0.1730485922455921,0.37553233,0.07048204121777413,5
0.20318725099601595,0.6652719665271967,1,0.0,0.0,0.02178649568627451,0.0007948044699757276,0.0211180092224839,0.00028108952765331643,0.17738188388479892,0.14691557510620473,0.16789396489032427,0.21667965809260611,0.5967078031931101,0.10552763883525666,0.8940677892577564,0.2047128188165477,0.34911168,0.9516450780075594,7
0.1752988047808765,0.40585774058577406,1,0.0,0.5,1.0,0.022330683054902264,0.6099378776436101,0.01149148485078436,0.34727603244852157,0.30519481895134076,0.405007353424099,0.32657833198508707,0.4465020560547172,0.49246231366000853,0.39618642165056756,0.405007353424099,0.35897508,0.03159057865787959,3
0.17131474103585656,0.28451882845188287,1,0.0,0.0,0.017429177647058824,0.0006008150487507426,0.01739132165271294,0.00029119086577704634,0.751097358670716,0.6858765894003523,0.8387334547957772,0.7209664779121908,0.12345672748056431,0.7474874030248614,0.29872879768295757,0.8387334547957772,0.2580791,0.028352201028010168,2
0.5617529880478087,0.09205020920502092,1,0.0,0.0,0.019607792941176472,0.0010883290889785694,0.011180151479493696,0.00025217870329788915,0.7709785753982519,0.7069805299758074,0.8527246108046789,0.745908023510272,0.12551439423487235,0.72236176681618,0.3389830324260272,0.8527246108046789,0.24777646,0.022782508042384717,2
0.8326693227091634,0.5941422594142259,1,0.0,0.0,0.0,0.0,0.0,0.0,0.0,0.0,0.0,0.0,0.8930041121094344,0.1092964830228403,0.5826271018789502,0.0,0.0,0.4690522913506116,5
0.9163346613545816,0.47280334728033474,1,0.0,0.0,0.13507626274509804,0.026113541027482895,0.040993787764361,0.0046405538453637134,0.02091402078742125,0.010551947641623802,0.039027982775935326,0.011691347570028135,0.8065843584285931,0.2072864337090603,0.5063559162462297,0.039027982775935326,0.895369,0.07635700409918246,3
0.5976095617529881,0.6359832635983264,1,0.0,0.0,0.08061002352941177,0.00398813378234139,0.4062111399868857,0.030287852264815604,0.27885361049895,0.252435073438027,0.3181148724733809,0.26266560911408854,0.5905349510783405,0.3806532591017274,0.43644066592753533,0.318851242129225,0.2638465,0.0024945324497433526,6
0.5936254980079682,0.6150627615062761,1,0.0,0.0,0.08496733333333333,0.0028505131969415514,0.0310559011766521,0.00030188938529174746,0.058869099422745146,0.05113636322129575,0.0810014706848198,0.04286827535874434,0.8127571920248433,0.2374371790690262,0.4491525270216893,0.0810014706848198,0.50308645,0.10887964558298538,4
0.27091633466135456,0.5355648535564853,1,0.0,0.0,0.11111109019607843,0.0030947119388533683,0.04720496799969142,0.001203817318426244,0.12600051978312998,0.11688311593439028,0.14948453129981934,0.10989867389248092,0.7777777683127568,0.2613065351632533,0.44491523744793177,0.15832106658084633,0.38661182,0.153472049392343,3
0.21115537848605578,0.5104602510460251,1,0.0,0.0,0.06100218431372549,0.0017581391436316178,0.011180124870799696,0.00024845779775828136,0.037438679393917255,0.026785714311804265,0.05964653858875892,0.02416211896610697,0.798353904374333,0.23241205861120937,0.47245761300362693,0.05964653858875892,0.6304714,0.08950345809152316,5
0.44223107569721115,0.7782426778242678,1,0.0,0.0,0.16557738431372548,0.005224851499939616,0.11055900505844689,0.0022525635325289263,0.3508907839160584,0.32629870839043257,0.4123711162564719,0.30943100360308634,0.5781892838858399,0.5125628181043407,0.22669491497145214,0.4123711162564719,0.29632849,0.08520006436761791,6
0.15139442231075698,0.41841004184100417,1,0.0,0.0,0.028322441960784317,0.0006528385867694805,0.01987577541144252,0.000309904386346331,0.04208623910414374,0.05113636322129575,0.050810013248821694,0.02416211896610697,0.9465020551287912,0.16457286459148754,0.4343220201872667,0.05228276912899286,0.56291884,0.2511504284685009,1
0.8087649402390438,0.606694560669456,1,0.0,0.0,0.01960785490196078,0.0004867155535357639,0.04472048517264067,0.0004023382252930978,0.1652465790936198,0.1266233804657193,0.16863034117356157,0.19875292131713415,0.5390946525910685,0.16834170832680992,0.8474576096667625,0.18777614441991058,0.38903406,1.0,7
0.8844621513944223,0.21338912133891214,1,0.0,0.0,0.013071898039215686,0.0005203216459998702,0.009937887034913849,0.0003619980449088139,0.044926416806395565,0.0300324664770092,0.07584683670215879,0.026500388339816418,0.7633744769585425,0.27889446807214474,0.43008473061350916,0.07584683670215879,0.6703704,0.08937057895403147,5
0.9083665338645418,0.7698744769874477,1,0.0,0.0,0.16339866666666666,0.003975444173820289,0.09192545764438151,0.0016212846126302468,0.33255875933567036,0.31006492199622626,0.39027982775935327,0.29306313973302756,0.6008230255906104,0.48869347331664575,0.24364403131733015,0.39027982775935327,0.29027814,0.08863162639486724,6
0.8167330677290837,0.20920502092050208,1,0.0,0.0,0.02178649019607843,0.0007045187892978037,0.011180121293160167,0.00033142786720498997,0.04931577898732081,0.034090911249262085,0.0810014706848198,0.03039750606710815,0.7592592490054866,0.2839195998364939,0.4258474467600905,0.0810014706848198,0.64589113,0.08937057895403147,5
0.06772908366533864,0.5606694560669456,1,0.0,0.0,0.015250547450980392,3.231869519599076e-5,0.0136645951761121,0.0002698306433998505,0.02736896599129252,0.04058441338811353,0.026509572706115075,0.015588464595838982,0.9835390974470356,0.11180904573918586,0.4851694779113402,0.03681884928704824,0.6005291,0.363241949984478,1
0.01593625498007968,0.8326359832635983,1,0.0,0.5,0.08496734117647059,0.0029145003354296814,0.09937886587708906,0.001885090496542957,0.3576039266492309,0.33198050623392444,0.4263623120297326,0.30943100360308634,0.5679012278920893,0.5515075129589537,0.1716101676736211,0.4263623120297326,0.3175664,0.09452669720712335,6
0.350597609561753,0.8786610878661087,1,0.0,0.0,0.05446622745098039,0.0025919618343151897,0.03229813588210336,0.0011434413990558665,0.09811515873323498,0.07792207972465845,0.08247422987868755,0.13406078303785554,0.7037036966392315,0.054020101454193045,0.8707626899283613,0.12665684000989072,0.44601154,0.898493182086358,7
0.545816733067729,0.4393305439330544,1,0.0,0.0,0.02396514117647059,0.00026501367198816605,0.009937888823733613,0.00014960904668241857,0.045184613638562784,0.05519480287991231,0.054491897978704726,0.02572096591672748,0.9526748979843012,0.16834170832680992,0.4216101438388755,0.05522828088933519,0.5591711,0.24831537701286185,1
0.6334661354581673,0.12552301255230125,1,0.0,0.0,0.03267973725490196,0.0014130347066752952,0.004968944411866807,0.00012416428940543127,0.004905757936661749,0.004058441850174985,0.00810014706848198,0.002338269654301803,0.8847736589811003,0.1268844227156511,0.5614406597305014,0.00810014706848198,0.537037,0.12710247181326784,5
0.5577689243027888,0.02510460251046025,1,1.0,1.0,0.1459695137254902,0.007764974963193485,0.11180123529184874,0.0016727657471255746,0.31087014596034535,0.29464287423179486,0.3578792315325535,0.276695226759307,0.6563785835124212,0.4283919373705847,0.2881355689816147,0.3578792315325535,0.26818594,0.09283049594367444,4
0.4820717131474104,0.0,1,0.0,0.0,0.0392156862745098,0.0005429628702728324,0.06459630530457731,0.003644049335468084,1.0,1.0,1.0,1.0,0.5288065780787987,0.36180904607838177,0.5317796441548766,1.0,0.09277301,0.0017240187788430008,2
0.9362549800796812,0.4435146443514644,1,0.0,0.0,0.03050112156862745,0.0007045193652176523,0.02857143176574958,0.0005358523574342949,0.31990706645722905,0.28896104716752397,0.3873343027442246,0.27825409264991136,0.5411522452712993,0.5351758827775813,0.22669491497145214,0.3873343027442246,0.33047688,0.0799628657482044,4
0.7569721115537849,0.37656903765690375,1,0.0,0.0,0.04357301960784314,0.0013601542697301414,0.024844723177346383,0.0008557433544644375,0.31396850934062,0.2849025950900763,0.3784977807179839,0.2735775440817601,0.5576131718983388,0.5188441847570147,0.23728814367279505,0.3784977807179839,0.32273299,0.08092239396907373,4
0.00398406374501992,0.13807531380753138,1,0.0,0.0,0.08496734117647059,0.0041691145005448545,0.05341616165117009,0.0011033659970517825,0.1306480753105523,0.1266233804657193,0.16715757535230064,0.09586905624726247,0.8148148069272974,0.32914572918297513,0.2923728719028297,0.16715757535230064,0.45768142,0.1440403919960502,1
0.2589641434262948,0.6234309623430963,1,0.0,0.0,0.11764708627450982,0.0070584160738182645,0.0621118023533042,0.000309904386346331,0.1593080359196913,0.13311687310781758,0.20913106988857827,0.13172252979820637,0.6358024530064008,0.40452259258288986,0.34957626112737,0.20913106988857827,0.4260139,0.07268961403503184,4
0.5617529880478087,0.41841004184100417,1,0.0,0.0,0.04357299215686274,0.0007948040685770452,0.012422354656996603,0.00024832840569180824,0.2003614779352898,0.17938311136864357,0.2378497846991916,0.180826191556471,0.6604938244284407,0.3517587938562157,0.4131355761320384,0.2378497846991916,0.31548372,0.060839574869045045,5
0.8844621513944223,0.7280334728033473,1,0.0,0.0,0.0196078431372549,0.0006101314423615925,0.05341613929092302,0.0015009246721485777,0.0903692258828575,0.08441557967195146,0.0648011791988131,0.12314886209980162,0.8148148069272974,0.001256291420986558,0.8453389677400532,0.1163475654171755,0.44541803,0.80983996514823,7
0.01195219123505976,0.7447698744769874,1,0.0,0.0,0.08061005882352941,0.0067804705230259735,0.2621117576328101,0.0826617083445981,0.18435322414727265,0.17126623643452732,0.21870397482544937,0.16056118751173226,0.726337438344002,0.3316582781053512,0.37923726716909667,0.21870397482544937,0.27147257,0.07968089139995665,6
0.23107569721115537,0.3682008368200837,1,0.0,0.0,0.030501092156862745,0.0014478794282128127,0.022360245716754924,0.0002564727050400439,0.014200878751382767,0.0008116882969830496,0.03681884928704824,0.0031176928490197083,0.7860082242188687,0.22864320696131438,0.491525409411807,0.03681884928704824,0.9861111,0.07064783435082866,3
0.9043824701195219,0.03765690376569038,1,0.0,0.0,0.041394301960784315,0.0008562971425300404,0.018633538469966557,0.0005429975073741504,0.8714175328092187,0.8327922010325308,0.93151695926718,0.8448947203462285,0.2818929749695156,0.636934673807164,0.32203387794455635,0.93151695926718,0.18889166,0.03390443625247555,2
0.6613545816733067,0.7447698744769874,1,0.0,0.0,0.14814813333333335,0.0039052992305012735,0.08447203599552572,0.0011140247208238853,0.4071779010744509,0.37499998721590916,0.4801177873334478,0.3608729326306178,0.5000000027777779,0.5854271099688146,0.18432200016608047,0.4801177873334478,0.29552308,0.07962082706458552,6
0.5537848605577689,0.2594142259414226,1,0.0,0.0,0.06753809411764707,0.001444616056924616,0.01739129482041647,0.0007239952097957686,0.3227472253368622,0.333603903136332,0.3387334216588113,0.29540138595786786,0.8580246883973479,0.27261306749987363,0.3432203353472422,0.3387334216588113,0.1761556,0.1574092193176466,4
0.0398406374501992,0.40585774058577406,1,0.0,0.0,0.052287588235294113,0.001396169766511622,0.031055896704602685,0.0006865985871176919,0.12316033998947608,0.13879870017208848,0.13991162636294827,0.09041309227083111,0.9670781893385154,0.2261306467324059,0.3093220263843005,0.13991162636294827,0.38875645,0.2277324171480509,1
0.5976095617529881,0.3263598326359833,1,0.0,0.0,0.3289760392156863,0.007988387012553656,0.016149063021797326,0.00028108935453426213,0.22101730119340982,0.19967532792471324,0.2717231202376795,0.18784100037908025,0.6502057499161707,0.4246231196402867,0.3008474396096669,0.2717231202376795,0.35127252,0.08977381246498606,4
0.4063745019920319,0.4769874476987448,1,0.0,0.0,0.037037039215686275,0.0014446149225370351,0.018633541376798672,0.00049859340768412,0.012393493954872006,0.0032467532609841455,0.025773195097399153,0.007014808822609233,0.8189300348803533,0.18090452303919088,0.538135577562123,0.025773195097399153,0.9238095,0.05437269751450595,3
0.2589641434262948,0.12552301255230125,1,0.0,0.0,0.02396517411764706,0.0005719595620496045,0.008695717844986468,0.0002364035612897716,0.7647818556090429,0.694805217574633,0.8541973501163671,0.7373343768562937,0.08230444795000426,0.7600502493955329,0.31991523601784705,0.8541973501163671,0.26204562,0.023389193041677418,2
0.9243027888446215,0.7238493723849372,1,0.0,0.0,0.019607850980392156,0.00013573866432668686,0.01739130152849059,0.0005663770192534357,0.08262328606113978,0.07142857247217067,0.06553755548205041,0.1114575187386588,0.7777777683127568,0.04271356911757275,0.8135593007038209,0.10530191454122302,0.40555555,0.8635468584934854,7
0.9402390438247012,0.7531380753138075,1,0.0,0.0,0.0392156862745098,0.0005429546503259008,0.03354037058755462,0.0007293440115089549,0.051123163086697544,0.038961039862329225,0.03608247565476822,0.07872174189487943,0.7818929962658128,0.045226134999747356,0.8050847329969838,0.07437407750829103,0.5358197,0.8623935342976158,7
0.3107569721115538,0.07112970711297072,1,0.0,0.0,0.16775596078431373,0.006565304947814681,0.018633538469966557,0.0004748371454629968,0.4350632621243459,0.3904220642011196,0.5243004637385827,0.3834762249890499,0.395061683493368,0.675879368661777,0.13983051970518512,0.5243004637385827,0.32455578,0.0716181300443455,4
0.8685258964143426,0.6903765690376569,1,0.0,0.5,0.08278870196078432,0.0032424584168417115,0.11428570470275126,0.0020496524923517448,0.42034598901149467,0.389610376707708,0.5014727724486541,0.36399064336740006,0.5061727993369896,0.6306532393152958,0.10169492688882487,0.5014727724486541,0.31446242,0.0927192629474087,6
