0.0398406374501992,0.40585774058577406,1,0.0,0.0,0.052287588235294113,0.001396169766511622,0.031055896704602685,0.0006865985871176919,0.12316033998947608,0.13879870017208848,0.13991162636294827,0.09041309227083111,0.9670781893385154,0.2261306467324059,0.3093220263843005,0.13991162636294827,0.38875645,0.2277324171480509,1
0.8167330677290837,0.20920502092050208,1,0.0,0.0,0.02178649019607843,0.0007045187892978037,0.011180121293160167,0.00033142786720498997,0.04931577898732081,0.034090911249262085,0.0810014706848198,0.03039750606710815,0.7592592490054866,0.2839195998364939,0.4258474467600905,0.0810014706848198,0.64589113,0.08937057895403147,5
0.6334661354581673,0.41422594142259417,1,0.0,0.0,0.03267972549019608,0.0012063156068694322,0.009937870935535966,0.00019632090271199656,0.22050091310614758,0.19886362582091213,0.2606774826165134,0.19875292131713415,0.6481481387174207,0.370602995573029,0.39406777972385826,0.2606774826165134,0.3074441,0.06369834812328791,5
0.9641434262948207,0.4560669456066946,1,0.0,0.0,0.17429194901960784,0.007608684801510096,0.03478258740480824,0.0013228017558888612,0.33359154248153505,0.32711040318903895,0.37334314010792974,0.2977396532271347,0.7222222159465017,0.39698492320269696,0.27330509456244595,0.37334314010792974,0.2453213,0.11494238132646704,4
0.896414342629482,0.41422594142259417,1,0.0,0.0,0.01307189568627451,0.00015512989261363597,0.011180122858377462,0.00015228064156767382,0.011618899972700233,0.0008116882969830496,0.029455082478239452,0.0031176928490197083,0.8065843584285931,0.20351758205916531,0.5127118477466964,0.029455082478239452,0.9777778,0.06949126694030627,3
0.9243027888446215,0.7238493723849372,1,0.0,0.0,0.019607850980392156,0.00013573866432668686,0.01739130152849059,0.0005663770192534357,0.08262328606113978,0.07142857247217067,0.06553755548205041,0.1114575187386588,0.7777777683127568,0.04271356911757275,0.8135593007038209,0.10530191454122302,0.40555555,0.8635468584934854,7
0.08366533864541832,0.3179916317991632,1,0.0,0.0,0.07407411372549019,0.002197295305869286,0.026086953410748237,0.0004498287491888651,0.44642399524164206,0.40746754539393226,0.5324006028541929,0.39282929406611705,0.43415633330665865,0.6620602987093129,0.12288136522371432,0.5324006028541929,0.30969977,0.07892637141045872,4
0.4063745019920319,0.4769874476987448,1,0.0,0.0,0.037037039215686275,0.0014446149225370351,0.018633541376798672,0.00049859340768412,0.012393493954872006,0.0032467532609841455,0.025773195097399153,0.007014808822609233,0.8189300348803533,0.18090452303919088,0.538135577562123,0.025773195097399153,0.9238095,0.05437269751450595,3
0.8844621513944223,0.6276150627615062,1,0.0,0.0,0.05446624705882353,0.005306727930576876,0.20124220116508068,0.022377249213246034,0.2930544885531987,0.26298701085237813,0.3460971844911842,0.2657833198508708,0.5576131718983388,0.45477385369372025,0.345338958206155,0.3460971844911842,0.30841646,0.04608242928416012,6
0.44223107569721115,0.7782426778242678,1,0.0,0.0,0.16557738431372548,0.005224851499939616,0.11055900505844689,0.0022525635325289263,0.3508907839160584,0.32629870839043257,0.4123711162564719,0.30943100360308634,0.5781892838858399,0.5125628181043407,0.22669491497145214,0.4123711162564719,0.29632849,0.08520006436761791,6
0.7768924302788844,0.49372384937238495,1,0.0,0.0,0.03267973529411765,0.0007562583988311271,0.014906832117588066,0.00012823630924025837,0.044151822824223794,0.05762987047378352,0.04860088439910983,0.026500388339816418,0.9794238657902757,0.1432160800327012,0.43644066592753533,0.054491897978704726,0.54012346,0.2961829087072697,1
0.9083665338645418,0.47280334728033474,1,0.0,0.0,0.03485839215686275,0.0001292747825291747,0.01987577541144252,0.00024578628221925936,0.04105344898693878,0.05194805071470738,0.04712812851893867,0.02416211896610697,0.9609053501867093,0.15075376863399914,0.4427965917076631,0.05007363564010577,0.5458554,0.27674585997626455,1
0.8247011952191236,0.9581589958158996,1,1.0,0.0,0.04139434117647059,0.0015060535458861523,0.0546583807044484,0.003611989850606912,0.09863156076317772,0.07954545471148171,0.086156111294874,0.13016367092241085,0.711934141434232,0.07035176103254961,0.8347457390387104,0.12297495859370426,0.42162097,0.9124437123880922,7
0.3784860557768924,0.3472803347280335,1,0.0,0.0,0.028322454901960788,0.0004977088337727776,0.009937892401373142,0.00030990486242373026,0.1409759834539422,0.11688311593439028,0.19072165618025289,0.1114575187386588,0.6584361947111713,0.39949747212507297,0.3347457485726085,0.19072165618025289,0.45154575,0.08266626122159222,5
0.7410358565737052,0.28870292887029286,1,0.0,0.0,0.052287556862745097,0.0012410399088022192,0.029813664235176132,0.0005129435346236666,0.2824683898518479,0.27597403996774317,0.3159057502510622,0.25331253302221246,0.740740735253772,0.3517587938562157,0.33050846471918993,0.3159057502510622,0.24472968,0.10901877022526575,4
0.8804780876494024,0.21338912133891214,1,0.0,0.0,0.010893247843137254,0.0004379158403089443,0.014906832117588066,0.0004023383118526249,0.044668216488558225,0.0300324664770092,0.07584683670215879,0.02572096591672748,0.7654320881572927,0.2801507481865989,0.4258474467600905,0.07584683670215879,0.68080807,0.09206986017797392,5
0.9163346613545816,0.47280334728033474,1,0.0,0.0,0.13507626274509804,0.026113541027482895,0.040993787764361,0.0046405538453637134,0.02091402078742125,0.010551947641623802,0.039027982775935326,0.011691347570028135,0.8065843584285931,0.2072864337090603,0.5063559162462297,0.039027982775935326,0.895369,0.07635700409918246,3
0.22310756972111553,0.694560669456067,1,0.0,0.0,0.037037056862745096,0.0009630979007896036,0.03229813141005395,0.0012396189880441097,0.1365866254558211,0.11525974094756704,0.12223858893786017,0.17225252385806625,0.6810699364159417,0.07035176103254961,0.8665254060749427,0.16273931765287689,0.3589904,0.9162938158994577,7
0.5378486055776892,0.14225941422594143,1,0.0,0.0,0.047930274509803916,0.0026953151887167182,0.04596272435014134,0.0011009745015830297,0.3699974289697113,0.35146102799138773,0.42268042398615296,0.3320342749170919,0.6172839336991305,0.47236178660261163,0.2542372981542658,0.42268042398615296,0.25936732,0.08989179134772975,4
0.46613545816733065,0.4811715481171548,1,0.0,0.0,0.026143792156862744,0.0006980842113493208,0.04099379223641042,0.0015308213950914402,0.1432997681889936,0.11769479612260716,0.18998526664222926,0.11847233457607685,0.6460905275186706,0.38442211075162236,0.3728813413889688,0.18998526664222926,0.437078,0.06896846073826428,4
0.7450199203187251,0.1297071129707113,1,0.0,0.0,0.03050112156862745,0.0009499708898694652,0.03726710600825428,0.0009124153916688763,0.7593597214363973,0.6988636112105227,0.8365242795543131,0.7357754758916453,0.15637852517908532,0.6959798957191738,0.35169490305407936,0.8365242795543131,0.24193405,0.02234343237635214,2
0.7171314741035857,0.06694560669456066,1,0.0,0.0,0.028322407843137255,0.0008079699628130299,0.011180123529184873,0.00018433921034051654,0.9625613931080216,0.9683441804517519,0.9712813183263527,0.9477786064605266,0.5864197471993596,0.39698492320269696,0.4131355761320384,0.9712813183263527,0.09626316,0.04937440335275007,2
0.13147410358565736,0.5271966527196653,1,0.0,0.0,0.019607850980392156,0.00029086872099021914,0.024844716469272266,0.0003419636403820969,0.04079525145763754,0.05681818078881346,0.04270986883129699,0.02338269584153715,1.0,0.12939698520586598,0.4385593116678038,0.05154639085753762,0.57363313,0.3311189948614322,1
0.5537848605577689,0.4769874476987448,1,0.0,0.0,0.026143787058823528,0.00038782489732919786,0.05962732623432756,0.0027250223828510574,0.02736896599129252,0.011363636596074377,0.05154639085753762,0.017147310143497733,0.7613168657597924,0.23994973929793467,0.497881335191935,0.05154639085753762,0.85319865,0.054988148459689024,3
0.26294820717131473,0.5230125523012552,1,0.0,0.0,0.2636165882352941,0.006471853575345325,0.05962732623432756,0.0023062496988449786,0.10818486934732362,0.06574675271309453,0.16789396489032427,0.08573655071748867,0.5308641892775489,0.44221105254917814,0.39406777972385826,0.16789396489032427,0.66081303,0.04140925349186269,3
0.8605577689243028,0.5732217573221757,1,0.0,0.0,0.08061002352941177,0.00445352536246301,0.023602477291771597,0.0003660081602551544,0.20268526267034123,0.15665584694272852,0.2754050149086523,0.16991424957399065,0.46913576072244906,0.5326632886290757,0.3050847425308819,0.2754050149086523,0.4837708,0.05429675069366342,4
0.896414342629482,0.301255230125523,1,0.0,0.0,0.03485840392156863,0.0009049247080784453,0.02360240573898101,0.0003660071143275349,0.6318099885920989,0.5446428851895869,0.774668598861056,0.5643023674418591,0.0,1.0,0.0,0.774668598861056,0.36206177,0.05409635709342661,2
0.848605577689243,0.6276150627615062,1,0.0,0.0,0.14596950196078431,0.001273365015905859,0.2571428411712521,0.013649163560862746,0.2819519738792246,0.2581169005022979,0.32916053660411976,0.2548714059276257,0.60905348890413,0.42211053679831356,0.34745761920066076,0.32916053660411976,0.29805613,0.0615305093186916,6
0.896414342629482,0.502092050209205,1,0.0,0.0,0.0,0.0,0.0,0.0,0.0,0.0,0.0,0.0,0.8930041121094344,0.1092964830228403,0.5826271018789502,0.0,0.0,0.4690522913506116,5
0.6175298804780877,0.08786610878661087,1,0.0,0.0,0.030500923921568626,0.00028440698754826383,0.0583850535164563,0.0007507148374282243,0.950167883816201,0.9480520296424348,0.9698085790146643,0.9314108127385561,0.5308641892775489,0.44974872192937104,0.3813559281636024,0.9698085790146643,0.113055356,0.0463678321736123,2
0.8924302788844621,0.19665271966527198,1,0.0,0.0,0.013071901960784314,0.0007358459145642102,0.009937888823733613,0.0002483286220906261,0.05809449986350116,0.04058441338811353,0.09351988075464004,0.037412314889717385,0.7386831240550219,0.3052763843952803,0.41101693420532903,0.09351988075464004,0.62222224,0.08569251408050914,5
0.8247011952191236,0.09623430962343096,1,0.0,0.0,0.06753813333333333,0.0030209284037386623,0.009937888823733613,0.0003619979583492868,0.10069714099758764,0.07873376721807007,0.13917525670710415,0.08106000916414624,0.6893003997294614,0.3316582781053512,0.4173728599854569,0.13917525670710415,0.479958,0.06830538086932206,5
0.8207171314741036,0.4351464435146444,1,0.0,0.0,0.04139433333333334,0.0005752732477900385,0.0037267083648007226,2.4044320064815775e-5,0.008520526832549245,0.0032467532609841455,0.019145801920870384,0.002338269654301803,0.8497942343430878,0.1658291447059418,0.5317796441548766,0.019145801920870384,0.93333334,0.08625357168279975,5
0.24701195219123506,0.8744769874476988,1,0.0,0.0,0.11982572549019609,0.026637094927647015,0.0819875732926973,0.004392095037744282,0.05706170974629621,0.04788960813401292,0.04270986883129699,0.08106000916414624,0.8024691267718331,0.050251257718870686,0.7754237078874607,0.07658320635800289,0.48671728,0.8569685072181634,7
0.24302788844621515,0.8870292887029289,1,0.0,0.0,0.09803921568627451,0.009986490316518567,0.037267076939933114,0.0017632494504191357,0.046475600587934957,0.03571428623608534,0.030927837032931983,0.07326578493325689,0.7942386727175731,0.041457289003118535,0.7987287881490593,0.06921944352563002,0.5931498,0.8483393323229207,7
0.16334661354581673,0.19246861924686193,1,0.0,0.0,0.05446629803921569,0.0017026765613187098,0.022360219108060925,0.00026339225199902016,0.45804288406019783,0.43425323267651594,0.5265095395691491,0.40841774252789576,0.5452674491502802,0.5753768464401161,0.1546609941243538,0.5265095395691491,0.26677614,0.09270914411769178,4
0.41434262948207173,0.7615062761506276,1,0.0,0.0,0.12636164705882352,0.003324906927862025,0.06459627847228085,0.0015705688807535756,0.41905500136498847,0.3879870017208847,0.49779089103246765,0.3655494741839602,0.5041152066567588,0.6180904381707536,0.1249999880826272,0.49779089103246765,0.30846536,0.0895468801025612,6
0.2788844621513944,0.7071129707112971,1,1.0,0.0,0.047930274509803916,0.0009824887206970237,0.06708074117510925,0.0013464800424026271,0.15569327050947393,0.13392857521161872,0.14212076846744648,0.19095867604181835,0.6707818804221912,0.07914572974830177,0.8622881222215242,0.18041236170535815,0.3273826,0.923812273173042,7
0.23107569721115537,0.3682008368200837,1,0.0,0.0,0.030501092156862745,0.0014478794282128127,0.022360245716754924,0.0002564727050400439,0.014200878751382767,0.0008116882969830496,0.03681884928704824,0.0031176928490197083,0.7860082242188687,0.22864320696131438,0.491525409411807,0.03681884928704824,0.9861111,0.07064783435082866,3
0.00398406374501992,0.9790794979079498,1,0.0,0.0,0.07407407058823529,0.0037748282537202675,0.07080744976351243,0.002364357686471583,0.044668216488558225,0.04545454565377804,0.03976435905917261,0.04910366175826463,0.8827160450045723,0.0954773881960051,0.6165254070283326,0.04786450679039391,0.19104938,0.7946052701052021,7
0.2350597609561753,0.7112970711297071,1,1.0,0.0,0.06535947450980392,0.002094254867918891,0.05962732623432756,0.0015067759519167597,0.13684482995646258,0.12499999086850656,0.11855670752167373,0.16757599633434148,0.7530864154092362,0.050251257718870686,0.8262711713318731,0.15832106658084633,0.28569087,0.8747571874686856,7
0.4900398406374502,0.07531380753138076,1,0.0,0.0,0.03921573725490196,0.0012410332769979009,0.023602434807302185,0.0006545462939105661,0.8954298960628937,0.8709415351384615,0.9469808545877698,0.8643803159974959,0.38065842362063657,0.5992462025343434,0.2838982851281961,0.9469808545877698,0.16561614,0.048151970885791824,2
0.099601593625498,0.23430962343096234,1,1.0,0.0,0.0392156862745098,0.00155130171847502,0.05465838741252252,0.0022975673454760964,0.139426805249475,0.1428571376391466,0.17157585293390387,0.10210443563197394,0.8683127517985061,0.3090452134321106,0.27118641450014386,0.17157585293390387,0.4369392,0.16822982508750337,1
0.9322709163346613,0.7740585774058577,1,0.0,0.0,0.06535947450980392,0.002326950047155619,0.04968943293854453,0.0008282796034304118,0.32946038201271516,0.30519481895134076,0.3880706989096414,0.29072484440452545,0.5884773398795904,0.49246231366000853,0.2499999761652544,0.3880706989096414,0.29423782,0.08457095485558254,6
0.3665338645418327,0.07531380753138076,1,0.0,0.0,0.04793034901960784,0.00214597561171414,0.031055936953047394,0.0011354315410798531,0.8956881145062159,0.8693181747620278,0.946244418657994,0.8674980056898516,0.36625510819234713,0.5942211046895912,0.30720336538979476,0.946244418657994,0.16648434,0.04321626150050872,2
0.46613545816733065,0.7071129707112971,1,0.0,0.0,0.07625273333333334,0.0025863885008701624,0.06956521953011058,0.0007852845485761969,0.33849730948093915,0.32224024900779014,0.3910161974151974,0.2985190966946501,0.6460905275186706,0.4635678371079644,0.23940676653170795,0.3910161974151974,0.27882218,0.09913265505915822,6
0.23107569721115537,0.4560669456066946,1,0.0,0.0,0.08496732156862745,0.0034661010086625326,0.03229812693800453,0.0013487694697623047,0.13297186004560374,0.07711038492605207,0.21944034448129346,0.09508962680936471,0.4197530734339272,0.5854271099688146,0.2669491497145217,0.21944034448129346,0.6812664,0.05554042158343421,3
0.5139442231075697,0.08786610878661087,1,0.0,0.0,0.04357299215686274,0.001827308164588818,0.018633553451332083,0.0006035064831643162,0.4146656363955271,0.396103876655001,0.4698085458776985,0.3741231278527473,0.6008230255906104,0.49623112008377407,0.23093217975707428,0.4698085458776985,0.24900064,0.0905372651942707,4
0.350597609561753,0.8786610878661087,1,0.0,0.0,0.05446622745098039,0.0025919618343151897,0.03229813588210336,0.0011434413990558665,0.09811515873323498,0.07792207972465845,0.08247422987868755,0.13406078303785554,0.7037036966392315,0.054020101454193045,0.8707626899283613,0.12665684000989072,0.44601154,0.898493182086358,7
0.08764940239043825,0.30962343096234307,1,0.0,0.0,0.05664488235294117,0.0018357052505041918,0.03975155529493445,0.0006946134222665151,0.12522592719522624,0.13798701998387158,0.1450662802277888,0.09197193711700896,0.9444444420781892,0.24246231083337544,0.3050847425308819,0.1450662802277888,0.39975148,0.21202901272339056,1
0.02390438247011952,0.029288702928870293,1,0.0,0.0,0.05010896470588235,0.0012733526772594032,0.021118030241116133,0.00026983427889999,0.9664342514774361,0.9740260148212173,0.9779087115028814,0.9469991910522465,0.5987654143918603,0.41206030718921216,0.37499998331567813,0.9779087115028814,0.096352234,0.058625978938860575,2
0.3784860557768924,0.3054393305439331,1,0.0,0.0,0.058823545098039214,0.0022299918463711114,0.03602483329038302,0.0016483734166459164,0.16627937618216504,0.17207791662274416,0.19882179529586305,0.1262665588069662,0.8765432058527662,0.31783919684635487,0.2478813533063416,0.19882179529586305,0.39879107,0.1727397837858134,1
0.05976095617529881,0.4895397489539749,1,0.0,0.0,0.0196078431372549,0.00013573866432668686,0.014906833235600419,0.00022441363854992018,0.038729666343289434,0.05032467572788412,0.04418262007229293,0.021823850293878396,0.9670781893385154,0.14698492376802355,0.4427965917076631,0.04712812851893867,0.56150794,0.2863553826771825,1
0.01593625498007968,0.8326359832635983,1,0.0,0.5,0.08496734117647059,0.0029145003354296814,0.09937886587708906,0.001885090496542957,0.3576039266492309,0.33198050623392444,0.4263623120297326,0.30943100360308634,0.5679012278920893,0.5515075129589537,0.1716101676736211,0.4263623120297326,0.3175664,0.09452669720712335,6
0.9123505976095617,0.4435146443514644,1,0.0,0.0,0.12854033725490197,0.0016212282311023245,0.03229810904980689,0.0006208216922791499,0.2721404677657775,0.2451298786921276,0.3298969195147502,0.2369446691521537,0.5884773398795904,0.4736180554105335,0.2817796432014868,0.3298969195147502,0.33502588,0.07871105902281869,4
0.42231075697211157,0.04184100418410042,1,0.0,0.0,0.026143590588235295,0.0009012235155404117,0.026086953410748237,0.0002944814983338734,0.8838110421010394,0.8457792301478959,0.9403534614112411,0.8604831968672424,0.2818929749695156,0.6218592672075839,0.34745761920066076,0.9403534614112411,0.18402189,0.029759459664871438,2
1.0,0.7949790794979079,1,0.0,0.0,0.1808278705882353,0.00959013878621227,0.12422358905443545,0.004180301475291728,0.2809191837620197,0.2613636504759444,0.32474226564990966,0.25331253302221246,0.6419753051211704,0.40452259258288986,0.3432203353472422,0.32474226564990966,0.2753682,0.06581403603626615,6
0.6972111553784861,0.3723849372384937,1,0.0,0.0,0.07625270980392157,0.0013509243688092979,0.03229814035415277,0.00047019957453107097,0.3860056897290687,0.3676947924700098,0.4432989731715834,0.34294621689957233,0.6131687113016303,0.5000000056532661,0.21186438334889418,0.4432989731715834,0.26862052,0.09725201681156455,4
0.21115537848605578,0.33472803347280333,1,0.0,0.0,0.05664487450980392,0.0026889191624938653,0.018633538469966557,0.00018433985232367607,0.022721404886797983,0.004058441850174985,0.05301914541223015,0.008573655071748867,0.7427983464525221,0.27010049596443286,0.46610168150316006,0.05301914541223015,0.94481075,0.0637944584729437,3
0.4063745019920319,0.8577405857740585,1,0.0,0.0,0.03485838588235294,0.0011376191892305083,0.048447193761043866,0.0008255212398325016,0.1014717266141511,0.07954545471148171,0.0905743756216909,0.13406078303785554,0.6893003997294614,0.07914572974830177,0.843220325813344,0.12665684000989072,0.43169576,0.9226476811228359,7
0.47410358565737054,0.5230125523012552,1,0.0,0.0,0.023965143529411766,0.0007304037163235232,0.022360249294394455,0.00032059080916711563,0.043635424279951186,0.05681818078881346,0.04786450679039391,0.026500388339816418,0.9773662508878218,0.1419597976569405,0.4406779459673946,0.05301914541223015,0.52954143,0.2976981460061508,1
0.26693227091633465,0.38493723849372385,1,0.0,0.0,0.026143794117647057,0.0010083444503316253,0.024844716469272266,0.0006946137612913296,0.01497547064215246,0.0008116882969830496,0.03755522689576416,0.004676539448899782,0.7798353850670626,0.22864320696131438,0.497881335191935,0.03755522689576416,0.9876543,0.06402745101360566,3
0.8087649402390438,0.606694560669456,1,0.0,0.0,0.01960785490196078,0.0004867155535357639,0.04472048517264067,0.0004023382252930978,0.1652465790936198,0.1266233804657193,0.16863034117356157,0.19875292131713415,0.5390946525910685,0.16834170832680992,0.8474576096667625,0.18777614441991058,0.38903406,1.0,7
0.6334661354581673,0.12552301255230125,1,0.0,0.0,0.03267973725490196,0.0014130347066752952,0.004968944411866807,0.00012416428940543127,0.004905757936661749,0.004058441850174985,0.00810014706848198,0.002338269654301803,0.8847736589811003,0.1268844227156511,0.5614406597305014,0.00810014706848198,0.537037,0.12710247181326784,5
0.21115537848605578,0.5104602510460251,1,0.0,0.0,0.06100218431372549,0.0017581391436316178,0.011180124870799696,0.00024845779775828136,0.037438679393917255,0.026785714311804265,0.05964653858875892,0.02416211896610697,0.798353904374333,0.23241205861120937,0.47245761300362693,0.05964653858875892,0.6304714,0.08950345809152316,5
0.9920318725099602,0.6903765690376569,1,0.0,0.5,0.06318086274509804,0.0018548805891276106,0.07701861881871933,0.0012228763557746603,0.3741286033812116,0.3441558332454883,0.44845362703642394,0.32424003665658496,0.5288065780787987,0.5841708411608928,0.15677963605106313,0.44845362703642394,0.3181372,0.08871433763484293,6
0.3147410358565737,0.12133891213389121,1,0.0,0.0,0.02396512549019608,0.00100198238592773,0.01614907576713815,0.0005570123604119427,0.7717531958715166,0.7029220559827755,0.8549337197722112,0.7498050935368638,0.08847735562033182,0.7298994927290348,0.36440675461433514,0.8549337197722112,0.2540513,0.01783914467052087,2
0.027888446215139442,0.7866108786610879,1,0.0,0.0,0.06535949411764706,0.001376641685706926,0.031055907884726217,0.0005138211977357182,0.10457010393710625,0.097402594176927,0.07805596555187065,0.13951676104390456,0.8004115155730831,0.0,0.8622881222215242,0.13181149387473126,0.40888458,0.8221554519485411,7
0.9043824701195219,0.03765690376569038,1,0.0,0.0,0.041394301960784315,0.0008562971425300404,0.018633538469966557,0.0005429975073741504,0.8714175328092187,0.8327922010325308,0.93151695926718,0.8448947203462285,0.2818929749695156,0.636934673807164,0.32203387794455635,0.93151695926718,0.18889166,0.03390443625247555,2
0.28286852589641437,0.7531380753138075,1,1.0,0.0,0.0501089294117647,0.0008855334867723428,0.06956521953011058,0.0033234578049715757,0.10586109158361245,0.08847402444420434,0.09867452136469425,0.13016367092241085,0.7222222159465017,0.09924623193132746,0.7754237078874607,0.12297495859370426,0.3503698,0.940769337588604,7
0.6414342629482072,0.6192468619246861,1,0.0,0.0,0.08496732156862745,0.0016759682957868496,0.04968943964661865,0.001049904164176878,0.18202943244088096,0.18425323632911333,0.19587628353552072,0.16523771503545703,0.8436213933394296,0.2261306467324059,0.43644066592753533,0.19587628353552072,0.20284556,0.13499113740631305,4
0.9083665338645418,0.7698744769874477,1,0.0,0.0,0.16339866666666666,0.003975444173820289,0.09192545764438151,0.0016212846126302468,0.33255875933567036,0.31006492199622626,0.39027982775935327,0.29306313973302756,0.6008230255906104,0.48869347331664575,0.24364403131733015,0.39027982775935327,0.29027814,0.08863162639486724,6
0.3426294820717131,0.7740585774058577,1,1.0,0.0,0.05228753333333334,0.0015169864941559843,0.04968943293854453,0.0012038171741603654,0.4293829304223991,0.40178571102446664,0.5014727724486541,0.3795790918291787,0.52674892984301,0.5866833787767365,0.1546609941243538,0.5014727724486541,0.28752622,0.08936705774955121,6
0.9601593625498008,0.7196652719665272,1,0.0,0.0,0.05882352549019607,0.0016350851418961794,0.04844720270514269,0.0012970562836013264,0.10715207923011864,0.09253246921645723,0.08247422987868755,0.1473109852747939,0.7427983464525221,0.010050252222166085,0.9046610179590994,0.13917525670710415,0.42024404,0.8537667871801989,7
0.9402390438247012,0.7531380753138075,1,0.0,0.0,0.0392156862745098,0.0005429546503259008,0.03354037058755462,0.0007293440115089549,0.051123163086697544,0.038961039862329225,0.03608247565476822,0.07872174189487943,0.7818929962658128,0.045226134999747356,0.8050847329969838,0.07437407750829103,0.5358197,0.8623935342976158,7
0.4820717131474104,0.0,1,0.0,0.0,0.0392156862745098,0.0005429628702728324,0.06459630530457731,0.003644049335468084,1.0,1.0,1.0,1.0,0.5288065780787987,0.36180904607838177,0.5317796441548766,1.0,0.09277301,0.0017240187788430008,2
0.7370517928286853,0.6778242677824268,1,0.0,0.0,0.05664488235294117,0.0014478809116427258,0.04720497247174084,0.0014319725069629927,0.11954557457925871,0.09902596916375025,0.10309277906411797,0.15666406838147875,0.6934156221269617,0.05527638496060697,0.8792372576351984,0.14801178536073795,0.39643326,0.9013707659855874,7
0.46215139442231074,0.891213389121339,1,0.0,0.0,0.11982570980392157,0.004467145866885027,0.0683229781165852,0.0021795164525135876,0.14123419492592396,0.11282467846733216,0.11782033123843644,0.19329695032589395,0.6255143784941309,0.02512562829410873,1.0,0.18262149718246318,0.44151622,0.896073058247079,7
0.27091633466135456,0.5355648535564853,1,0.0,0.0,0.11111109019607843,0.0030947119388533683,0.04720496799969142,0.001203817318426244,0.12600051978312998,0.11688311593439028,0.14948453129981934,0.10989867389248092,0.7777777683127568,0.2613065351632533,0.44491523744793177,0.15832106658084633,0.38661182,0.153472049392343,3
0.6693227091633466,0.3807531380753138,1,0.0,0.0,0.0392156862745098,0.0006205184709711963,0.019875784355541343,0.00021372665309220927,0.4058869064566044,0.3904220642011196,0.46170841338948143,0.3616523760981332,0.6275720082114002,0.49748741150476067,0.2012711737153477,0.46170841338948143,0.25975996,0.10107080013571097,4
0.7051792828685259,0.7280334728033473,1,0.0,0.0,0.10239654509803922,0.0031524938027533856,0.06956521953011058,0.0016425397373149178,0.34185387039051496,0.3214285688195733,0.4020618615459362,0.2977396532271347,0.6131687113016303,0.5037688459966289,0.20550843850096992,0.4020618615459362,0.30003616,0.09725275811777094,6
0.5776892430278885,0.47280334728033474,1,0.0,0.0,0.019607839215686273,0.0002908685639211695,0.008695648528220587,7.747609730791215e-5,0.04208623910414374,0.05438311830857859,0.04860088439910983,0.02338269584153715,0.9711934172915714,0.1532663299935608,0.42796608868679986,0.050810013248821694,0.56349206,0.27914259560473254,1
0.5577689243027888,0.02510460251046025,1,1.0,1.0,0.1459695137254902,0.007764974963193485,0.11180123529184874,0.0016727657471255746,0.31087014596034535,0.29464287423179486,0.3578792315325535,0.276695226759307,0.6563785835124212,0.4283919373705847,0.2881355689816147,0.3578792315325535,0.26818594,0.09283049594367444,4
0.44223107569721115,0.3305439330543933,1,0.0,0.0,0.2897603921568627,0.012121464811995329,0.028571416113576636,0.0006346358065602312,0.4544281395640013,0.42126624008712465,0.5287187148106133,0.4076383271196156,0.47530863135573803,0.6042713682182895,0.17796611252154534,0.5287187148106133,0.27834544,0.07823325010750333,4
0.1394422310756972,0.9707112970711297,1,1.0,0.0,0.07407407843137255,0.003231872486458903,0.04472049411673949,0.0005129448330165736,0.09295120117586991,0.07224025996558231,0.08026509440158251,0.1262665588069662,0.7016460854404813,0.06783919741168147,0.8495762515934718,0.11929307717751785,0.4522286,0.9079631094155545,7
0.749003984063745,0.5439330543933054,1,0.0,0.0,0.0,0.0,0.0,0.0,0.0,0.0,0.0,0.0,0.8930041121094344,0.1092964830228403,0.5826271018789502,0.0,0.0,0.4690522913506116,5
0.7928286852589641,0.8535564853556485,1,0.0,0.0,0.06100219215686275,0.0016726004735806367,0.10559005058446891,0.0019079533923111482,0.1605990235661975,0.12499999086850656,0.14948453129981934,0.20654715256283235,0.5637859684575505,0.0929648257057902,0.9491524984199947,0.19513991387967664,0.42076695,0.9436826153816702,7
0.50199203187251,0.5523012552301255,1,0.0,0.0,0.058823529411764705,0.00021330350417559345,0.019875774069827698,0.0004381408470657619,0.0291763486964012,0.006493506521968291,0.06259205034910124,0.015588464595838982,0.7098765302354818,0.2876884401798566,0.4703389653565787,0.06259205034910124,0.915376,0.050693835736811764,3
0.3346613545816733,0.37656903765690375,1,0.0,0.0,0.05228758431372549,0.0022493825441137153,0.02857142505767546,0.0008789529211387887,0.14846373271769894,0.15503245734551577,0.17746686982719534,0.1114575187386588,0.88888888563786,0.2952261321731143,0.27330509456244595,0.17746686982719534,0.4047922,0.18020247630002365,1
0.47808764940239046,0.20502092050209206,1,0.0,0.0,0.0893246274509804,0.0040656957007059735,0.06459627176420672,0.002073154197430163,0.1864187974103423,0.1801947988620552,0.23343150049019512,0.1426344507362603,0.7777777683127568,0.39698492320269696,0.2161017053379056,0.23343150049019512,0.4223002,0.13989139382227658,1
0.06772908366533864,0.3305439330543933,1,0.0,0.0,0.04139433333333334,0.0006528385867694805,0.014906832117588066,0.0001602954550766153,0.019623031746646997,0.004058441850174985,0.04565537595246409,0.007014808822609233,0.7674897049115985,0.24748743129119227,0.4788135387837549,0.04565537595246409,0.9261464,0.06794584735923286,3
0.3745019920318725,0.19246861924686193,1,0.0,0.0,0.0718954,0.005953110002087273,0.04720495681956789,0.0012396171847206276,0.18332043403006767,0.1801947988620552,0.2282768930171068,0.1387373386208156,0.8024691267718331,0.38567839086607664,0.20974576048998134,0.2282768930171068,0.42569095,0.14676619344952557,1
0.027888446215139442,0.11715481171548117,1,1.0,0.0,0.05446629803921569,0.0019714417053929133,0.040993787764361,0.0005049298536018718,0.7903434249525462,0.7491883380747699,0.8748158993017975,0.7404520735634583,0.29218106800030474,0.741206025065655,0.13559319771617367,0.8748158993017975,0.22295359,0.06167528642079555,2
0.2589641434262948,0.6234309623430963,1,0.0,0.0,0.11764708627450982,0.0070584160738182645,0.0621118023533042,0.000309904386346331,0.1593080359196913,0.13311687310781758,0.20913106988857827,0.13172252979820637,0.6358024530064008,0.40452259258288986,0.34957626112737,0.20913106988857827,0.4260139,0.07268961403503184,4
0.5617529880478087,0.41841004184100417,1,0.0,0.0,0.04357299215686274,0.0007948040685770452,0.012422354656996603,0.00024832840569180824,0.2003614779352898,0.17938311136864357,0.2378497846991916,0.180826191556471,0.6604938244284407,0.3517587938562157,0.4131355761320384,0.2378497846991916,0.31548372,0.060839574869045045,5
0.398406374501992,0.4602510460251046,1,1.0,0.0,0.026143792156862744,0.0014716916197030207,0.03354037058755462,0.0006406804098189665,0.023754197095405025,0.00811688370034997,0.03976435905917261,0.021823850293878396,0.7654320881572927,0.19723617809493452,0.565677949304259,0.03976435905917261,0.8435185,0.0021841660737916264,3
0.41434262948207173,0.5355648535564853,1,0.0,0.0,0.010893247843137254,0.0001874487099744431,0.0186335373519542,0.0003766941935580669,0.04260263416274622,0.05519480287991231,0.04786450679039391,0.024941542792157666,0.9732510321940254,0.14698492376802355,0.43644066592753533,0.05007363564010577,0.5326279,0.2900368797984404,1
0.9083665338645418,0.3891213389121339,1,0.0,0.0,0.01960783725490196,0.0009558914157226816,0.06335403258670605,0.0014724079244670025,0.1378776270450078,0.11931818571981992,0.1730485922455921,0.11847233457607685,0.7016460854404813,0.3241205974186259,0.4173728599854569,0.1730485922455921,0.37553233,0.07048204121777413,5
0.7091633466135459,0.37656903765690375,1,0.0,0.0,0.01742932745098039,0.0006722330192650425,0.013664558058101984,0.00023777384188402006,0.9406144985473122,0.923701258736191,0.9756996025353489,0.9197193711700896,0.42181066611415796,0.5263819106698694,0.36440675461433514,0.9756996025353489,0.14110672,0.0374759383588322,2
0.5976095617529881,0.6359832635983264,1,0.0,0.0,0.08061002352941177,0.00398813378234139,0.4062111399868857,0.030287852264815604,0.27885361049895,0.252435073438027,0.3181148724733809,0.26266560911408854,0.5905349510783405,0.3806532591017274,0.43644066592753533,0.318851242129225,0.2638465,0.0024945324497433526,6
0.3665338645418327,0.9414225941422594,1,1.0,0.0,0.0697167725490196,0.004705608098061349,0.04472049188071479,0.0006732407713838821,0.08727084855990237,0.06980519018015267,0.07142857237534188,0.12081060184534366,0.7283950495427521,0.050251257718870686,0.8516948935201811,0.11413844319485682,0.44724658,0.8892241672717425,7
0.6215139442231076,0.30962343096234307,1,0.0,0.0,0.047930286274509806,0.0021662713762250515,0.004968946200686571,0.00012416433268519483,0.13193906992839877,0.10633116390964964,0.17820324611043264,0.1075603996084053,0.6502057499161707,0.3793969902938055,0.37711862524238743,0.17820324611043264,0.45902446,0.068577829432818,5
0.7370517928286853,0.8661087866108786,1,0.0,0.0,0.04575163137254903,0.0012992127873752786,0.02608695117472353,0.00047287114056315056,0.09553318344022257,0.07792207972465845,0.08394698244516213,0.12470772097559714,0.7242798271452519,0.07412060363721873,0.8156779426305303,0.11782033123843644,0.40134683,0.9106268079415912,7
0.6613545816733067,0.7447698744769874,1,0.0,0.0,0.14814813333333335,0.0039052992305012735,0.08447203599552572,0.0011140247208238853,0.4071779010744509,0.37499998721590916,0.4801177873334478,0.3608729326306178,0.5000000027777779,0.5854271099688146,0.18432200016608047,0.4801177873334478,0.29552308,0.07962082706458552,6
0.7569721115537849,0.37656903765690375,1,0.0,0.0,0.04357301960784314,0.0013601542697301414,0.024844723177346383,0.0008557433544644375,0.31396850934062,0.2849025950900763,0.3784977807179839,0.2735775440817601,0.5576131718983388,0.5188441847570147,0.23728814367279505,0.3784977807179839,0.32273299,0.08092239396907373,4
