0.15139442231075698,0.41841004184100417,1,0.0,0.0,0.028322441960784317,0.0006528385867694805,0.01987577541144252,0.000309904386346331,0.04208623910414374,0.05113636322129575,0.050810013248821694,0.02416211896610697,0.9465020551287912,0.16457286459148754,0.4343220201872667,0.05228276912899286,0.56291884,0.2511504284685009,1
0.9641434262948207,0.4560669456066946,1,0.0,0.0,0.17429194901960784,0.007608684801510096,0.03478258740480824,0.0013228017558888612,0.33359154248153505,0.32711040318903895,0.37334314010792974,0.2977396532271347,0.7222222159465017,0.39698492320269696,0.27330509456244595,0.37334314010792974,0.2453213,0.11494238132646704,4
0.42231075697211157,0.04184100418410042,1,0.0,0.0,0.026143590588235295,0.0009012235155404117,0.026086953410748237,0.0002944814983338734,0.8838110421010394,0.8457792301478959,0.9403534614112411,0.8604831968672424,0.2818929749695156,0.6218592672075839,0.34745761920066076,0.9403534614112411,0.18402189,0.029759459664871438,2
0.7808764940239044,0.4602510460251046,1,0.0,0.0,0.8496731764705882,0.03030176105818466,0.0211180092224839,0.0006526017052803909,0.28608314829072495,0.2735389482667293,0.32768776415546563,0.2540919484304926,0.6934156221269617,0.3944723403607238,0.30720336538979476,0.32768776415546563,0.28057775,0.09922646735957426,4
0.26294820717131473,0.2510460251046025,1,0.0,0.0,0.06535947450980392,0.0015513031146443504,0.03354034151923344,0.00021639770698042,0.8781306546283705,0.8441558697714621,0.9337260682347123,0.8519095291688377,0.3148148097050752,0.6155779005549098,0.3241525389390621,0.9337260682347123,0.17967218,0.03543300965000922,2
0.26294820717131473,0.5230125523012552,1,0.0,0.0,0.2636165882352941,0.006471853575345325,0.05962732623432756,0.0023062496988449786,0.10818486934732362,0.06574675271309453,0.16789396489032427,0.08573655071748867,0.5308641892775489,0.44221105254917814,0.39406777972385826,0.16789396489032427,0.66081303,0.04140925349186269,3
0.7171314741035857,0.06694560669456066,1,0.0,0.0,0.028322407843137255,0.0008079699628130299,0.011180123529184873,0.00018433921034051654,0.9625613931080216,0.9683441804517519,0.9712813183263527,0.9477786064605266,0.5864197471993596,0.39698492320269696,0.4131355761320384,0.9712813183263527,0.09626316,0.04937440335275007,2
0.01195219123505976,0.7447698744769874,1,0.0,0.0,0.08061005882352941,0.0067804705230259735,0.2621117576328101,0.0826617083445981,0.18435322414727265,0.17126623643452732,0.21870397482544937,0.16056118751173226,0.726337438344002,0.3316582781053512,0.37923726716909667,0.21870397482544937,0.27147257,0.07968089139995665,6
0.23107569721115537,0.4560669456066946,1,0.0,0.0,0.08496732156862745,0.0034661010086625326,0.03229812693800453,0.0013487694697623047,0.13297186004560374,0.07711038492605207,0.21944034448129346,0.09508962680936471,0.4197530734339272,0.5854271099688146,0.2669491497145217,0.21944034448129346,0.6812664,0.05554042158343421,3
0.749003984063745,0.5439330543933054,1,0.0,0.0,0.0,0.0,0.0,0.0,0.0,0.0,0.0,0.0,0.8930041121094344,0.1092964830228403,0.5826271018789502,0.0,0.0,0.4690522913506116,5
0.8167330677290837,0.20920502092050208,1,0.0,0.0,0.02178649019607843,0.0007045187892978037,0.011180121293160167,0.00033142786720498997,0.04931577898732081,0.034090911249262085,0.0810014706848198,0.03039750606710815,0.7592592490054866,0.2839195998364939,0.4258474467600905,0.0810014706848198,0.64589113,0.08937057895403147,5
0.4063745019920319,0.4769874476987448,1,0.0,0.0,0.037037039215686275,0.0014446149225370351,0.018633541376798672,0.00049859340768412,0.012393493954872006,0.0032467532609841455,0.025773195097399153,0.007014808822609233,0.8189300348803533,0.18090452303919088,0.538135577562123,0.025773195097399153,0.9238095,0.05437269751450595,3
0.7848605577689243,0.7196652719665272,1,0.0,0.0,0.041394301960784315,0.0020622288377378983,0.07577637516916924,0.0011522880712604192,0.37671057170288375,0.3571428623608534,0.44108986420405105,0.327357754408176,0.6069958591868606,0.533919602663127,0.16101695804007457,0.44108986420405105,0.2986217,0.10303996887700026,6
0.0796812749003984,0.46443514644351463,1,0.0,0.0,0.017429194117647057,0.0007045187369414537,0.00993788770572126,0.00029119108217586415,0.003872967122322762,0.0,0.00810014706848198,0.0031176928490197083,0.8621399144985519,0.1319095476960809,0.5762711696157715,0.00810014706848198,0.5555556,0.0160099160083389,3
0.896414342629482,0.301255230125523,1,0.0,0.0,0.03485840392156863,0.0009049247080784453,0.02360240573898101,0.0003660071143275349,0.6318099885920989,0.5446428851895869,0.774668598861056,0.5643023674418591,0.0,1.0,0.0,0.774668598861056,0.36206177,0.05409635709342661,2
0.01593625498007968,0.8326359832635983,1,0.0,0.5,0.08496734117647059,0.0029145003354296814,0.09937886587708906,0.001885090496542957,0.3576039266492309,0.33198050623392444,0.4263623120297326,0.30943100360308634,0.5679012278920893,0.5515075129589537,0.1716101676736211,0.4263623120297326,0.3175664,0.09452669720712335,6
0.8844621513944223,0.6276150627615062,1,0.0,0.0,0.05446624705882353,0.005306727930576876,0.20124220116508068,0.022377249213246034,0.2930544885531987,0.26298701085237813,0.3460971844911842,0.2657833198508708,0.5576131718983388,0.45477385369372025,0.345338958206155,0.3460971844911842,0.30841646,0.04608242928416012,6
0.08366533864541832,0.3179916317991632,1,0.0,0.0,0.07407411372549019,0.002197295305869286,0.026086953410748237,0.0004498287491888651,0.44642399524164206,0.40746754539393226,0.5324006028541929,0.39282929406611705,0.43415633330665865,0.6620602987093129,0.12288136522371432,0.5324006028541929,0.30969977,0.07892637141045872,4
0.8247011952191236,0.09623430962343096,1,0.0,0.0,0.06753813333333333,0.0030209284037386623,0.009937888823733613,0.0003619979583492868,0.10069714099758764,0.07873376721807007,0.13917525670710415,0.08106000916414624,0.6893003997294614,0.3316582781053512,0.4173728599854569,0.13917525670710415,0.479958,0.06830538086932206,5
0.26294820717131473,0.08786610878661087,1,0.0,0.0,0.037037019607843134,0.0018548844285932685,0.03975156871108269,0.0009456062095496511,0.8799380443048194,0.8409091124926208,0.9425626366527051,0.8511301558494105,0.2757201598917846,0.6520100351806145,0.3029660815363762,0.9425626366527051,0.19062504,0.03654719287818234,2
0.7569721115537849,0.45188284518828453,1,0.0,0.0,0.043572968627450984,0.0022580621797972903,0.021118043657264367,0.0005570119997472463,0.27782082038174505,0.2646103712288119,0.3195876117850691,0.24629772419960325,0.6913580109282116,0.3932160602462696,0.3114406683110098,0.3195876117850691,0.27171725,0.09728726592167743,4
0.41434262948207173,0.5355648535564853,1,0.0,0.0,0.010893247843137254,0.0001874487099744431,0.0186335373519542,0.0003766941935580669,0.04260263416274622,0.05519480287991231,0.04786450679039391,0.024941542792157666,0.9732510321940254,0.14698492376802355,0.43644066592753533,0.05007363564010577,0.5326279,0.2900368797984404,1
0.8804780876494024,0.21338912133891214,1,0.0,0.0,0.010893247843137254,0.0004379158403089443,0.014906832117588066,0.0004023383118526249,0.044668216488558225,0.0300324664770092,0.07584683670215879,0.02572096591672748,0.7654320881572927,0.2801507481865989,0.4258474467600905,0.07584683670215879,0.68080807,0.09206986017797392,5
0.3784860557768924,0.3054393305439331,1,0.0,0.0,0.058823545098039214,0.0022299918463711114,0.03602483329038302,0.0016483734166459164,0.16627937618216504,0.17207791662274416,0.19882179529586305,0.1262665588069662,0.8765432058527662,0.31783919684635487,0.2478813533063416,0.19882179529586305,0.39879107,0.1727397837858134,1
0.36254980079681276,0.18828451882845187,1,0.0,0.0,0.01742912745098039,5.1709584911877283e-5,0.018633538469966557,0.00040875406793711047,0.8783888730716926,0.846590873810139,0.9322533289230241,0.8519095291688377,0.3312756807765568,0.6067839058341333,0.32203387794455635,0.9322533289230241,0.17606053,0.037837677254885356,2
0.2589641434262948,0.12552301255230125,1,0.0,0.0,0.02396517411764706,0.0005719595620496045,0.008695717844986468,0.0002364035612897716,0.7647818556090429,0.694805217574633,0.8541973501163671,0.7373343768562937,0.08230444795000426,0.7600502493955329,0.31991523601784705,0.8541973501163671,0.26204562,0.023389193041677418,2
0.9163346613545816,0.47280334728033474,1,0.0,0.0,0.13507626274509804,0.026113541027482895,0.040993787764361,0.0046405538453637134,0.02091402078742125,0.010551947641623802,0.039027982775935326,0.011691347570028135,0.8065843584285931,0.2072864337090603,0.5063559162462297,0.039027982775935326,0.895369,0.07635700409918246,3
0.5537848605577689,0.4769874476987448,1,0.0,0.0,0.010893250980392158,0.0001098837793745301,0.014906833235600419,0.00022441363854992018,0.0431190292213487,0.05357142935412801,0.050810013248821694,0.024941542792157666,0.9567901222336533,0.159547740741711,0.4322033725402185,0.05154639085753762,0.5456349,0.26114959283107975,1
0.0796812749003984,0.3305439330543933,1,0.0,0.0,0.026143840784313723,7.756444368585912e-5,0.01739132165271294,0.0004060816363097597,0.7911180105691097,0.7735389263511451,0.8519882411488349,0.7435697351965788,0.4711933719211992,0.6206029757865973,0.1546609941243538,0.8519882411488349,0.17969723,0.08027150858722626,2
0.50199203187251,0.5523012552301255,1,0.0,0.0,0.058823529411764705,0.00021330350417559345,0.019875774069827698,0.0004381408470657619,0.0291763486964012,0.006493506521968291,0.06259205034910124,0.015588464595838982,0.7098765302354818,0.2876884401798566,0.4703389653565787,0.06259205034910124,0.915376,0.050693835736811764,3
0.11155378486055777,0.7698744769874477,1,0.0,0.0,0.017429189411764707,0.0007045184228033544,0.013664590033255276,0.0004908023289129307,0.11179964172888125,0.10551948372143276,0.08836524014458585,0.1426344507362603,0.8045267435261391,0.017587944215423732,0.8283898132585824,0.13475699900768043,0.34230694,0.8291491756239469,7
0.1593625498007968,0.26778242677824265,1,0.0,0.5,0.603485843137255,0.03339681889798959,0.5950310611781949,0.02287594461690629,0.3834237144360563,0.3465908957257232,0.43372603509774643,0.3655494741839602,0.4732510201569879,0.4635678371079644,0.4173728599854569,0.43372603509774643,0.29780185,0.03228314398118021,3
0.9920318725099602,0.6903765690376569,1,0.0,0.5,0.06318086274509804,0.0018548805891276106,0.07701861881871933,0.0012228763557746603,0.3741286033812116,0.3441558332454883,0.44845362703642394,0.32424003665658496,0.5288065780787987,0.5841708411608928,0.15677963605106313,0.44845362703642394,0.3181372,0.08871433763484293,6
0.1752988047808765,0.40585774058577406,1,0.0,0.5,1.0,0.022330683054902264,0.6099378776436101,0.01149148485078436,0.34727603244852157,0.30519481895134076,0.405007353424099,0.32657833198508707,0.4465020560547172,0.49246231366000853,0.39618642165056756,0.405007353424099,0.35897508,0.03159057865787959,3
0.8207171314741036,0.4351464435146444,1,0.0,0.0,0.04139433333333334,0.0005752732477900385,0.0037267083648007226,2.4044320064815775e-5,0.008520526832549245,0.0032467532609841455,0.019145801920870384,0.002338269654301803,0.8497942343430878,0.1658291447059418,0.5317796441548766,0.019145801920870384,0.93333334,0.08625357168279975,5
0.21115537848605578,0.33472803347280333,1,0.0,0.0,0.05664487450980392,0.0026889191624938653,0.018633538469966557,0.00018433985232367607,0.022721404886797983,0.004058441850174985,0.05301914541223015,0.008573655071748867,0.7427983464525221,0.27010049596443286,0.46610168150316006,0.05301914541223015,0.94481075,0.0637944584729437,3
0.3665338645418327,0.07531380753138076,1,0.0,0.0,0.04793034901960784,0.00214597561171414,0.031055936953047394,0.0011354315410798531,0.8956881145062159,0.8693181747620278,0.946244418657994,0.8674980056898516,0.36625510819234713,0.5942211046895912,0.30720336538979476,0.946244418657994,0.16648434,0.04321626150050872,2
0.3784860557768924,0.3472803347280335,1,0.0,0.0,0.028322454901960788,0.0004977088337727776,0.009937892401373142,0.00030990486242373026,0.1409759834539422,0.11688311593439028,0.19072165618025289,0.1114575187386588,0.6584361947111713,0.39949747212507297,0.3347457485726085,0.19072165618025289,0.45154575,0.08266626122159222,5
0.20318725099601595,0.6652719665271967,1,0.0,0.0,0.02178649568627451,0.0007948044699757276,0.0211180092224839,0.00028108952765331643,0.17738188388479892,0.14691557510620473,0.16789396489032427,0.21667965809260611,0.5967078031931101,0.10552763883525666,0.8940677892577564,0.2047128188165477,0.34911168,0.9516450780075594,7
0.9043824701195219,0.03765690376569038,1,0.0,0.0,0.041394301960784315,0.0008562971425300404,0.018633538469966557,0.0005429975073741504,0.8714175328092187,0.8327922010325308,0.93151695926718,0.8448947203462285,0.2818929749695156,0.636934673807164,0.32203387794455635,0.93151695926718,0.18889166,0.03390443625247555,2
0.24701195219123506,0.7949790794979079,1,0.0,0.0,0.05664488235294117,0.0016030093731827983,0.021118006539254254,0.00039806692378693316,0.05422153483258048,0.04545454565377804,0.03681884928704824,0.08106000916414624,0.8065843584285931,0.03391960266312706,0.7987287881490593,0.07658320635800289,0.54320127,0.836552396847751,7
0.22709163346613545,0.4100418410041841,1,0.0,0.0,0.034858388235294115,0.0004395344368655719,0.06335403258670605,0.0012102298645949318,0.02995094128430492,0.010551947641623802,0.05596465717257248,0.021044426467827698,0.7345679016575217,0.25000000282663304,0.5084745619864982,0.05596465717257248,0.8644824,0.04580586647121882,3
0.1394422310756972,0.5606694560669456,1,0.0,0.0,0.01089324705882353,0.0003425785746646925,0.028571427293700165,0.0014880757038083022,0.005938549448134762,0.0024350649640010958,0.009572900960435192,0.005455962573469599,0.864197525697302,0.12939698520586598,0.5783898138306164,0.009572900960435192,0.25185186,0.0,3
0.6613545816733067,0.7447698744769874,1,0.0,0.0,0.14814813333333335,0.0039052992305012735,0.08447203599552572,0.0011140247208238853,0.4071779010744509,0.37499998721590916,0.4801177873334478,0.3608729326306178,0.5000000027777779,0.5854271099688146,0.18432200016608047,0.4801177873334478,0.29552308,0.07962082706458552,6
0.4900398406374502,0.7531380753138075,1,0.0,0.0,0.1372549294117647,0.004779460394515567,0.07329192588248908,0.0020198180922684165,0.41647302607197606,0.386363641344451,0.49558174892796947,0.3616523760981332,0.5123456699702785,0.6193467069786754,0.11440677844908073,0.49558174892796947,0.31361094,0.09182380211542476,6
0.848605577689243,0.6276150627615062,1,0.0,0.0,0.14596950196078431,0.001273365015905859,0.2571428411712521,0.013649163560862746,0.2819519738792246,0.2581169005022979,0.32916053660411976,0.2548714059276257,0.60905348890413,0.42211053679831356,0.34745761920066076,0.32916053660411976,0.29805613,0.0615305093186916,6
0.2589641434262948,0.6234309623430963,1,0.0,0.0,0.11764708627450982,0.0070584160738182645,0.0621118023533042,0.000309904386346331,0.1593080359196913,0.13311687310781758,0.20913106988857827,0.13172252979820637,0.6358024530064008,0.40452259258288986,0.34957626112737,0.20913106988857827,0.4260139,0.07268961403503184,4
0.5537848605577689,0.2594142259414226,1,0.0,0.0,0.06753809411764707,0.001444616056924616,0.01739129482041647,0.0007239952097957686,0.3227472253368622,0.333603903136332,0.3387334216588113,0.29540138595786786,0.8580246883973479,0.27261306749987363,0.3432203353472422,0.3387334216588113,0.1761556,0.1574092193176466,4
0.099601593625498,0.23430962343096234,1,1.0,0.0,0.0392156862745098,0.00155130171847502,0.05465838741252252,0.0022975673454760964,0.139426805249475,0.1428571376391466,0.17157585293390387,0.10210443563197394,0.8683127517985061,0.3090452134321106,0.27118641450014386,0.17157585293390387,0.4369392,0.16822982508750337,1
0.3705179282868526,0.5564853556485355,1,0.0,0.0,0.01742919294117647,0.00020683985798165575,0.011180122858377462,0.00012022158950413798,0.008004131773946764,0.0,0.02282768731349273,0.0,0.8292181019852154,0.18718592926472816,0.516949137320454,0.02282768731349273,1.0,0.08090525126305143,3
0.8685258964143426,0.28870292887029286,1,0.0,0.0,0.05010889019607843,0.0005752732477900385,0.014906832117588066,0.0006732396605366172,0.27678803723588036,0.26542209524819727,0.3195876117850691,0.24240062611377625,0.7057613078379816,0.3982411920106188,0.2881355689816147,0.3195876117850691,0.28296396,0.10532180204348104,4
0.6972111553784861,0.3723849372384937,1,0.0,0.0,0.07625270980392157,0.0013509243688092979,0.03229814035415277,0.00047019957453107097,0.3860056897290687,0.3676947924700098,0.4432989731715834,0.34294621689957233,0.6131687113016303,0.5000000056532661,0.21186438334889418,0.4432989731715834,0.26862052,0.09725201681156455,4
0.8844621513944223,0.21338912133891214,1,0.0,0.0,0.013071898039215686,0.0005203216459998702,0.009937887034913849,0.0003619980449088139,0.044926416806395565,0.0300324664770092,0.07584683670215879,0.026500388339816418,0.7633744769585425,0.27889446807214474,0.43008473061350916,0.07584683670215879,0.6703704,0.08937057895403147,5
0.05179282868525897,0.41422594142259417,1,0.0,0.0,0.06753813333333333,0.009340111909952663,0.05962732623432756,0.0007373594237212923,0.12496772966592502,0.13798701998387158,0.14212076846744648,0.09431021140108459,0.9465020551287912,0.22864320696131438,0.3262711617979749,0.14212076846744648,0.36884832,0.21977036224057506,1
0.3107569721115538,0.07112970711297072,1,0.0,0.0,0.16775596078431373,0.006565304947814681,0.018633538469966557,0.0004748371454629968,0.4350632621243459,0.3904220642011196,0.5243004637385827,0.3834762249890499,0.395061683493368,0.675879368661777,0.13983051970518512,0.5243004637385827,0.32455578,0.0716181300443455,4
0.8605577689243028,0.5732217573221757,1,0.0,0.0,0.08061002352941177,0.00445352536246301,0.023602477291771597,0.0003660081602551544,0.20268526267034123,0.15665584694272852,0.2754050149086523,0.16991424957399065,0.46913576072244906,0.5326632886290757,0.3050847425308819,0.2754050149086523,0.4837708,0.05429675069366342,4
0.8247011952191236,0.22594142259414227,1,0.0,0.0,0.05446617254901961,0.0021584427057482385,0.5913043235214706,0.018420932777005634,0.39530082169793407,0.3847402663576277,0.42709864192121766,0.3717848675982894,0.6687242692234411,0.3718592756874832,0.3707626994622595,0.42709864192121766,0.19713038,0.1038085736844192,4
0.5976095617529881,0.6359832635983264,1,0.0,0.0,0.08061002352941177,0.00398813378234139,0.4062111399868857,0.030287852264815604,0.27885361049895,0.252435073438027,0.3181148724733809,0.26266560911408854,0.5905349510783405,0.3806532591017274,0.43644066592753533,0.318851242129225,0.2638465,0.0024945324497433526,6
0.3665338645418327,0.9414225941422594,1,1.0,0.0,0.0697167725490196,0.004705608098061349,0.04472049188071479,0.0006732407713838821,0.08727084855990237,0.06980519018015267,0.07142857237534188,0.12081060184534366,0.7283950495427521,0.050251257718870686,0.8516948935201811,0.11413844319485682,0.44724658,0.8892241672717425,7
0.8087649402390438,0.606694560669456,1,0.0,0.0,0.01960785490196078,0.0004867155535357639,0.04472048517264067,0.0004023382252930978,0.1652465790936198,0.1266233804657193,0.16863034117356157,0.19875292131713415,0.5390946525910685,0.16834170832680992,0.8474576096667625,0.18777614441991058,0.38903406,1.0,7
0.3147410358565737,0.3514644351464435,1,0.0,0.0,0.047930286274509806,0.0017581400162374494,0.021118001172794956,0.0003980666352551761,0.14923832530560266,0.1558441594493169,0.1767304802891717,0.11379579302273442,0.88888888563786,0.2876884401798566,0.2860169461227018,0.1767304802891717,0.39043593,0.17858492762507047,1
0.6454183266932271,0.6485355648535565,1,0.0,0.0,0.06971676862745098,0.0019132704847709338,0.054658394120596636,0.0007587316922993471,0.1182545869327525,0.0900973994310276,0.10824742630156535,0.1558846319287722,0.6358024530064008,0.08793970072536039,0.8834745605564135,0.14727539582271432,0.4462137,0.9353015556736993,7
0.5418326693227091,0.7154811715481172,1,0.0,0.0,0.07189542745098039,0.006728760075979535,0.08074532740712251,0.006649590876395016,0.24348051412797875,0.22970779440172245,0.28424153693489296,0.21356196138544156,0.6995884557232119,0.3793969902938055,0.3262711617979749,0.28424153693489296,0.28575617,0.09819076992600048,6
0.00398406374501992,0.13807531380753138,1,0.0,0.0,0.08496734117647059,0.0041691145005448545,0.05341616165117009,0.0011033659970517825,0.1306480753105523,0.1266233804657193,0.16715757535230064,0.09586905624726247,0.8148148069272974,0.32914572918297513,0.2923728719028297,0.16715757535230064,0.45768142,0.1440403919960502,1
0.5617529880478087,0.41841004184100417,1,0.0,0.0,0.04357299215686274,0.0007948040685770452,0.012422354656996603,0.00024832840569180824,0.2003614779352898,0.17938311136864357,0.2378497846991916,0.180826191556471,0.6604938244284407,0.3517587938562157,0.4131355761320384,0.2378497846991916,0.31548372,0.060839574869045045,5
0.3386454183266932,0.7782426778242678,1,1.0,0.5,0.06318086274509804,0.00253350754036151,0.028571445181897814,0.0007962500537390398,0.4407436077689732,0.4107142661467998,0.5154639284575558,0.3904910338116591,0.5041152066567588,0.603015076797303,0.15042372933873166,0.5154639284575558,0.28533262,0.08579327612660984,6
0.3346613545816733,0.37656903765690375,1,0.0,0.0,0.05228758431372549,0.0022493825441137153,0.02857142505767546,0.0008789529211387887,0.14846373271769894,0.15503245734551577,0.17746686982719534,0.1114575187386588,0.88888888563786,0.2952261321731143,0.27330509456244595,0.17746686982719534,0.4047922,0.18020247630002365,1
0.8127490039840638,0.7489539748953975,1,0.0,0.0,0.050108913725490194,0.001741974644168794,0.03602483329038302,0.0008106413685869129,0.3449522337707896,0.32711040318903895,0.4020618615459362,0.301636779372197,0.6316872306089005,0.48869347331664575,0.21186438334889418,0.4020618615459362,0.29078844,0.10069744126487302,6
0.0398406374501992,0.40585774058577406,1,0.0,0.0,0.052287588235294113,0.001396169766511622,0.031055896704602685,0.0006865985871176919,0.12316033998947608,0.13879870017208848,0.13991162636294827,0.09041309227083111,0.9670781893385154,0.2261306467324059,0.3093220263843005,0.13991162636294827,0.38875645,0.2277324171480509,1
0.9243027888446215,0.7238493723849372,1,0.0,0.0,0.019607850980392156,0.00013573866432668686,0.01739130152849059,0.0005663770192534357,0.08262328606113978,0.07142857247217067,0.06553755548205041,0.1114575187386588,0.7777777683127568,0.04271356911757275,0.8135593007038209,0.10530191454122302,0.40555555,0.8635468584934854,7
0.08764940239043825,0.49372384937238495,1,0.0,0.0,0.0196078431372549,0.00013573871493782508,0.008695651211450234,0.000109535209963117,0.0036147688958874952,0.0,0.010309278569151115,0.0,0.864197525697302,0.14447236240846187,0.5529660843965457,0.010309278569151115,0.7777778,0.08090525126305143,3
0.5139442231075697,0.08786610878661087,1,0.0,0.0,0.04357299215686274,0.001827308164588818,0.018633553451332083,0.0006035064831643162,0.4146656363955271,0.396103876655001,0.4698085458776985,0.3741231278527473,0.6008230255906104,0.49623112008377407,0.23093217975707428,0.4698085458776985,0.24900064,0.0905372651942707,4
0.7928286852589641,1.0,1,0.0,0.0,0.08932461568627452,0.0024795024890208735,0.03229813588210336,0.0007397945596183072,0.0642912475380712,0.04788960813401292,0.04860088439910983,0.0966484786703514,0.7448559576512722,0.045226134999747356,0.843220325813344,0.09131075190492818,0.5633903,0.8754614654300468,7
0.9322709163346613,0.7740585774058577,1,0.0,0.0,0.06535947450980392,0.002326950047155619,0.04968943293854453,0.0008282796034304118,0.32946038201271516,0.30519481895134076,0.3880706989096414,0.29072484440452545,0.5884773398795904,0.49246231366000853,0.2499999761652544,0.3880706989096414,0.29423782,0.08457095485558254,6
0.7529880478087649,0.39330543933054396,1,0.0,0.0,0.07407409019607843,0.0040075265743379895,0.04844718705296975,0.0012102318121842922,0.31887426239734357,0.3011363449583089,0.37334314010792974,0.27825409264991136,0.6419753051211704,0.46859296887231366,0.23516950174608572,0.37334314010792974,0.29599184,0.09912533466037032,4
0.3426294820717131,0.7740585774058577,1,1.0,0.0,0.05228753333333334,0.0015169864941559843,0.04968943293854453,0.0012038171741603654,0.4293829304223991,0.40178571102446664,0.5014727724486541,0.3795790918291787,0.52674892984301,0.5866833787767365,0.1546609941243538,0.5014727724486541,0.28752622,0.08936705774955121,6
0.7928286852589641,0.8535564853556485,1,0.0,0.0,0.06100219215686275,0.0016726004735806367,0.10559005058446891,0.0019079533923111482,0.1605990235661975,0.12499999086850656,0.14948453129981934,0.20654715256283235,0.5637859684575505,0.0929648257057902,0.9491524984199947,0.19513991387967664,0.42076695,0.9436826153816702,7
0.03187250996015936,0.28870292887029286,1,0.0,0.0,0.11546840784313726,0.023999894240173236,0.3726707693993311,0.0515830583385245,0.16473019100635758,0.1266233804657193,0.20986744617181555,0.15354637868912302,0.5432098379515301,0.38190952790964927,0.483050830264292,0.20986744617181555,0.5142537,0.018428279245377772,3
0.6175298804780877,0.08786610878661087,1,0.0,0.0,0.030500923921568626,0.00028440698754826383,0.0583850535164563,0.0007507148374282243,0.950167883816201,0.9480520296424348,0.9698085790146643,0.9314108127385561,0.5308641892775489,0.44974872192937104,0.3813559281636024,0.9698085790146643,0.113055356,0.0463678321736123,2
0.4063745019920319,0.8577405857740585,1,0.0,0.0,0.03485838588235294,0.0011376191892305083,0.048447193761043866,0.0008255212398325016,0.1014717266141511,0.07954545471148171,0.0905743756216909,0.13406078303785554,0.6893003997294614,0.07914572974830177,0.843220325813344,0.12665684000989072,0.43169576,0.9226476811228359,7
0.0199203187250996,0.2928870292887029,1,0.0,0.5,0.16122003921568628,0.015254450115218875,0.1279503200030857,0.0205632327444304,0.08701265800194138,0.05600649183436289,0.1251841006982025,0.07638347462561264,0.6255143784941309,0.32663314634100205,0.491525409411807,0.1251841006982025,0.6281558,0.026388517952647926,3
0.601593625498008,0.602510460251046,1,0.0,0.0,0.0196078431372549,0.0010665181142499325,0.24099377882026216,0.09507654458984201,0.05086496207172617,0.038961039862329225,0.07290132494181646,0.038971158332933485,0.7839506074645629,0.23492461884011775,0.483050830264292,0.07290132494181646,0.5,0.07698155457804864,5
0.9083665338645418,0.3891213389121339,1,0.0,0.0,0.01960783725490196,0.0009558914157226816,0.06335403258670605,0.0014724079244670025,0.1378776270450078,0.11931818571981992,0.1730485922455921,0.11847233457607685,0.7016460854404813,0.3241205974186259,0.4173728599854569,0.1730485922455921,0.37553233,0.07048204121777413,5
0.896414342629482,0.41422594142259417,1,0.0,0.0,0.01307189568627451,0.00015512989261363597,0.011180122858377462,0.00015228064156767382,0.011618899972700233,0.0008116882969830496,0.029455082478239452,0.0031176928490197083,0.8065843584285931,0.20351758205916531,0.5127118477466964,0.029455082478239452,0.9777778,0.06949126694030627,3
0.22709163346613545,0.42677824267782427,1,0.0,0.0,0.13507626274509804,0.002134798403619988,0.016149069059064033,0.0002810889505898022,0.1453653553947438,0.1233766304920728,0.18851252070314786,0.12081060184534366,0.6728394916209414,0.366834177842731,0.37499998331567813,0.18851252070314786,0.4148072,0.07510501204724522,5
0.8007968127490039,0.7615062761506276,1,0.0,0.0,0.04357301960784314,0.0013094453996569612,0.07577637516916924,0.001795559092313716,0.2907307177608278,0.2767857201559601,0.33578792978064853,0.2564302437589947,0.6810699364159417,0.4133165873036664,0.2881355689816147,0.33578792978064853,0.27838665,0.0996969373434466,6
0.027888446215139442,0.11715481171548117,1,1.0,0.0,0.05446629803921569,0.0019714417053929133,0.040993787764361,0.0005049298536018718,0.7903434249525462,0.7491883380747699,0.8748158993017975,0.7404520735634583,0.29218106800030474,0.741206025065655,0.13559319771617367,0.8748158993017975,0.22295359,0.06167528642079555,2
0.3147410358565737,0.3179916317991632,1,0.0,0.5,0.9564270980392158,1.0,1.0,1.0,0.4701781400519951,0.42938312963163044,0.5235640609457727,0.45284491183647974,0.4115226101204075,0.5012562857677204,0.4173728599854569,0.5235640609457727,0.30628127,0.020167809856589013,3
0.06772908366533864,0.3305439330543933,1,0.0,0.0,0.04139433333333334,0.0006528385867694805,0.014906832117588066,0.0001602954550766153,0.019623031746646997,0.004058441850174985,0.04565537595246409,0.007014808822609233,0.7674897049115985,0.24748743129119227,0.4788135387837549,0.04565537595246409,0.9261464,0.06794584735923286,3
0.30278884462151395,0.7280334728033473,1,0.0,0.0,0.11546843137254902,0.013373484719973808,0.1391304077558753,0.02316803469190435,0.22695586528135914,0.21347401531271093,0.2628866048388321,0.2018706180242987,0.7078189190367317,0.3505025137417615,0.3665254156088409,0.2628866048388321,0.27036038,0.08259609658915937,6
0.9123505976095617,0.4435146443514644,1,0.0,0.0,0.12854033725490197,0.0016212282311023245,0.03229810904980689,0.0006208216922791499,0.2721404677657775,0.2451298786921276,0.3298969195147502,0.2369446691521537,0.5884773398795904,0.4736180554105335,0.2817796432014868,0.3298969195147502,0.33502588,0.07871105902281869,4
0.6693227091633466,0.3807531380753138,1,0.0,0.0,0.0392156862745098,0.0006205184709711963,0.019875784355541343,0.00021372665309220927,0.4058869064566044,0.3904220642011196,0.46170841338948143,0.3616523760981332,0.6275720082114002,0.49748741150476067,0.2012711737153477,0.46170841338948143,0.25975996,0.10107080013571097,4
0.46613545816733065,0.4811715481171548,1,0.0,0.0,0.026143792156862744,0.0006980842113493208,0.04099379223641042,0.0015308213950914402,0.1432997681889936,0.11769479612260716,0.18998526664222926,0.11847233457607685,0.6460905275186706,0.38442211075162236,0.3728813413889688,0.18998526664222926,0.437078,0.06896846073826428,4
1.0,0.7949790794979079,1,0.0,0.0,0.1808278705882353,0.00959013878621227,0.12422358905443545,0.004180301475291728,0.2809191837620197,0.2613636504759444,0.32474226564990966,0.25331253302221246,0.6419753051211704,0.40452259258288986,0.3432203353472422,0.32474226564990966,0.2753682,0.06581403603626615,6
0.05179282868525897,0.5648535564853556,1,1.0,0.0,0.03485839215686275,0.0008273591247693702,0.02484472094132168,0.0005343180393228391,0.07384456309355734,0.05844155796719514,0.10382916197474844,0.056897900018771624,0.7489711856043282,0.28140702830105313,0.4406779459673946,0.10382916197474844,0.48786426,0.07821512517075764,4
0.6892430278884463,0.16317991631799164,1,0.0,0.0,0.03921573725490196,0.0013265620866029875,0.021118030241116133,0.0006871233758908058,0.7490317505509451,0.6915584164646232,0.8335788009309367,0.7147310494238176,0.1831275633554333,0.7311557615369566,0.26483050778781236,0.8335788009309367,0.2473368,0.035889376283305297,2
0.896414342629482,0.502092050209205,1,0.0,0.0,0.0,0.0,0.0,0.0,0.0,0.0,0.0,0.0,0.8930041121094344,0.1092964830228403,0.5826271018789502,0.0,0.0,0.4690522913506116,5
0.7808764940239044,0.9414225941422594,1,0.0,0.0,0.09586056470588236,0.011919146437918283,0.07453415611589093,0.00548210194230923,0.11205783925818248,0.09577921919010374,0.11045656177867039,0.12938425551413077,0.7283950495427521,0.12939698520586598,0.7182203186629204,0.12297495859370426,0.29272884,0.9860763420482467,7
0.4820717131474104,0.0,1,0.0,0.0,0.0392156862745098,0.0005429628702728324,0.06459630530457731,0.003644049335468084,1.0,1.0,1.0,1.0,0.5288065780787987,0.36180904607838177,0.5317796441548766,1.0,0.09277301,0.0017240187788430008,2
0.3545816733067729,0.5146443514644351,1,0.0,0.0,0.015250543921568627,3.231875104276397e-5,0.0211180092224839,0.0001095355273480498,0.014717274507119273,0.007305194745899393,0.030927837032931983,0.004676539448899782,0.8312757150358174,0.19597989571917387,0.4999999809322035,0.030927837032931983,0.88148147,0.09596334863506721,5
0.7450199203187251,0.5104602510460251,1,0.0,0.0,0.01307189568627451,0.00046538990471842406,0.011180123529184873,5.610336707904588e-5,0.046475600587934957,0.06087662775262478,0.05154639085753762,0.027279811464386235,0.9855967086457857,0.14698492376802355,0.42372880483338127,0.05596465717257248,0.53858024,0.29765909770173027,1
0.7768924302788844,0.3514644351464435,1,0.0,0.0,0.06753811764705882,0.001961297662603116,0.029813666471200838,0.0009124174835241153,0.053188744018241495,0.04951298604291407,0.07142857237534188,0.037412314889717385,0.8456790063900318,0.21608040581677215,0.4512711689483986,0.07142857237534188,0.51256585,0.1448682642346684,5
0.47410358565737054,0.5230125523012552,1,0.0,0.0,0.023965143529411766,0.0007304037163235232,0.022360249294394455,0.00032059080916711563,0.043635424279951186,0.05681818078881346,0.04786450679039391,0.026500388339816418,0.9773662508878218,0.1419597976569405,0.4406779459673946,0.05301914541223015,0.52954143,0.2976981460061508,1
0.9243027888446215,0.8368200836820083,1,1.0,0.0,0.10457516470588235,0.010626401143183448,0.037267076939933114,0.0012503042567378658,0.1076684812600614,0.09090909422963397,0.10088365021440611,0.13094310737511747,0.726337438344002,0.10175879442154236,0.7669491401806235,0.12371134813172793,0.33542147,0.942555051576472,7
0.5577689243027888,0.02510460251046025,1,1.0,1.0,0.1459695137254902,0.007764974963193485,0.11180123529184874,0.0016727657471255746,0.31087014596034535,0.29464287423179486,0.3578792315325535,0.276695226759307,0.6563785835124212,0.4283919373705847,0.2881355689816147,0.3578792315325535,0.26818594,0.09283049594367444,4
