0.7370517928286853,0.6778242677824268,1,0.0,0.0,0.05664488235294117,0.0014478809116427258,0.04720497247174084,0.0014319725069629927,0.11954557457925871,0.09902596916375025,0.10309277906411797,0.15666406838147875,0.6934156221269617,0.05527638496060697,0.8792372576351984,0.14801178536073795,0.39643326,0.9013707659855874,7
0.1752988047808765,0.40585774058577406,1,0.0,0.5,1.0,0.022330683054902264,0.6099378776436101,0.01149148485078436,0.34727603244852157,0.30519481895134076,0.405007353424099,0.32657833198508707,0.4465020560547172,0.49246231366000853,0.39618642165056756,0.405007353424099,0.35897508,0.03159057865787959,3
0.9641434262948207,0.4560669456066946,1,0.0,0.0,0.17429194901960784,0.007608684801510096,0.03478258740480824,0.0013228017558888612,0.33359154248153505,0.32711040318903895,0.37334314010792974,0.2977396532271347,0.7222222159465017,0.39698492320269696,0.27330509456244595,0.37334314010792974,0.2453213,0.11494238132646704,4
0.5537848605577689,0.4769874476987448,1,0.0,0.0,0.010893250980392158,0.0001098837793745301,0.014906833235600419,0.00022441363854992018,0.0431190292213487,0.05357142935412801,0.050810013248821694,0.024941542792157666,0.9567901222336533,0.159547740741711,0.4322033725402185,0.05154639085753762,0.5456349,0.26114959283107975,1
0.00398406374501992,0.13807531380753138,1,0.0,0.0,0.08496734117647059,0.0041691145005448545,0.05341616165117009,0.0011033659970517825,0.1306480753105523,0.1266233804657193,0.16715757535230064,0.09586905624726247,0.8148148069272974,0.32914572918297513,0.2923728719028297,0.16715757535230064,0.45768142,0.1440403919960502,1
0.11155378486055777,0.7698744769874477,1,0.0,0.0,0.017429189411764707,0.0007045184228033544,0.013664590033255276,0.0004908023289129307,0.11179964172888125,0.10551948372143276,0.08836524014458585,0.1426344507362603,0.8045267435261391,0.017587944215423732,0.8283898132585824,0.13475699900768043,0.34230694,0.8291491756239469,7
0.3745019920318725,0.19246861924686193,1,0.0,0.0,0.0718954,0.005953110002087273,0.04720495681956789,0.0012396171847206276,0.18332043403006767,0.1801947988620552,0.2282768930171068,0.1387373386208156,0.8024691267718331,0.38567839086607664,0.20974576048998134,0.2282768930171068,0.42569095,0.14676619344952557,1
0.7569721115537849,0.45188284518828453,1,0.0,0.0,0.043572968627450984,0.0022580621797972903,0.021118043657264367,0.0005570119997472463,0.27782082038174505,0.2646103712288119,0.3195876117850691,0.24629772419960325,0.6913580109282116,0.3932160602462696,0.3114406683110098,0.3195876117850691,0.27171725,0.09728726592167743,4
1.0,0.7949790794979079,1,0.0,0.0,0.1808278705882353,0.00959013878621227,0.12422358905443545,0.004180301475291728,0.2809191837620197,0.2613636504759444,0.32474226564990966,0.25331253302221246,0.6419753051211704,0.40452259258288986,0.3432203353472422,0.32474226564990966,0.2753682,0.06581403603626615,6
0.3147410358565737,0.3514644351464435,1,0.0,0.0,0.047930286274509806,0.0017581400162374494,0.021118001172794956,0.0003980666352551761,0.14923832530560266,0.1558441594493169,0.1767304802891717,0.11379579302273442,0.88888888563786,0.2876884401798566,0.2860169461227018,0.1767304802891717,0.39043593,0.17858492762507047,1
0.5776892430278885,0.47280334728033474,1,0.0,0.0,0.019607839215686273,0.0002908685639211695,0.008695648528220587,7.747609730791215e-5,0.04208623910414374,0.05438311830857859,0.04860088439910983,0.02338269584153715,0.9711934172915714,0.1532663299935608,0.42796608868679986,0.050810013248821694,0.56349206,0.27914259560473254,1
0.44223107569721115,0.0794979079497908,1,0.0,0.0,0.021786558823529412,0.000474984485068318,0.027329201532347733,0.0005194166724613461,0.7895688393359827,0.7362013089594049,0.862297482604584,0.7638347111820822,0.19958847146395342,0.6809045230391908,0.33262710664589923,0.862297482604584,0.22538376,0.026991459355598497,2
0.9163346613545816,0.47280334728033474,1,0.0,0.0,0.13507626274509804,0.026113541027482895,0.040993787764361,0.0046405538453637134,0.02091402078742125,0.010551947641623802,0.039027982775935326,0.011691347570028135,0.8065843584285931,0.2072864337090603,0.5063559162462297,0.039027982775935326,0.895369,0.07635700409918246,3
0.01195219123505976,0.7949790794979079,1,0.0,1.0,0.10675380392156862,0.0029299412701371246,0.11677016069750554,0.0022538472103162802,0.37438680091051285,0.3441558332454883,0.4455080821391157,0.3281371838460737,0.52674892984301,0.5678391996729878,0.1864406420927898,0.4455080821391157,0.30885938,0.08445772033255966,6
0.06772908366533864,0.3179916317991632,1,0.0,0.0,0.06100217647058824,0.0034251754461284574,0.04223601799776286,0.001260130133593089,0.02039762572881877,0.008928571193761597,0.03755522689576416,0.013250193819167767,0.798353904374333,0.2022613019447111,0.5233050669141411,0.03755522689576416,0.86277056,0.05586796773071849,3
0.16733067729083664,0.5899581589958159,1,0.0,0.0,0.07625272549019607,0.002979788703733566,0.0273291903522242,0.0005984364319816679,0.010586109855495272,0.007305194745899393,0.019145801920870384,0.004676539448899782,0.864197525697302,0.15577889248377572,0.5338982879883656,0.019145801920870384,0.64867723,0.1107717926094329,5
0.7768924302788844,0.3514644351464435,1,0.0,0.0,0.06753811764705882,0.001961297662603116,0.029813666471200838,0.0009124174835241153,0.053188744018241495,0.04951298604291407,0.07142857237534188,0.037412314889717385,0.8456790063900318,0.21608040581677215,0.4512711689483986,0.07142857237534188,0.51256585,0.1448682642346684,5
0.5537848605577689,0.4769874476987448,1,0.0,0.0,0.026143787058823528,0.00038782489732919786,0.05962732623432756,0.0027250223828510574,0.02736896599129252,0.011363636596074377,0.05154639085753762,0.017147310143497733,0.7613168657597924,0.23994973929793467,0.497881335191935,0.05154639085753762,0.85319865,0.054988148459689024,3
0.7370517928286853,0.8661087866108786,1,0.0,0.0,0.04575163137254903,0.0012992127873752786,0.02608695117472353,0.00047287114056315056,0.09553318344022257,0.07792207972465845,0.08394698244516213,0.12470772097559714,0.7242798271452519,0.07412060363721873,0.8156779426305303,0.11782033123843644,0.40134683,0.9106268079415912,7
0.2908366533864542,0.49372384937238495,1,0.0,0.0,0.008714596862745097,5.170998805577138e-5,0.002484471870529697,2.1372726622219314e-5,0.0036147688958874952,0.0,0.010309278569151115,0.0,0.864197525697302,0.14447236240846187,0.5529660843965457,0.010309278569151115,1.0,0.08090525126305143,3
0.6454183266932271,0.6485355648535565,1,0.0,0.0,0.06971676862745098,0.0019132704847709338,0.054658394120596636,0.0007587316922993471,0.1182545869327525,0.0900973994310276,0.10824742630156535,0.1558846319287722,0.6358024530064008,0.08793970072536039,0.8834745605564135,0.14727539582271432,0.4462137,0.9353015556736993,7
0.9083665338645418,0.7698744769874477,1,0.0,0.0,0.16339866666666666,0.003975444173820289,0.09192545764438151,0.0016212846126302468,0.33255875933567036,0.31006492199622626,0.39027982775935327,0.29306313973302756,0.6008230255906104,0.48869347331664575,0.24364403131733015,0.39027982775935327,0.29027814,0.08863162639486724,6
0.08764940239043825,0.30962343096234307,1,0.0,0.0,0.05664488235294117,0.0018357052505041918,0.03975155529493445,0.0006946134222665151,0.12522592719522624,0.13798701998387158,0.1450662802277888,0.09197193711700896,0.9444444420781892,0.24246231083337544,0.3050847425308819,0.1450662802277888,0.39975148,0.21202901272339056,1
0.8247011952191236,0.9581589958158996,1,1.0,0.0,0.04139434117647059,0.0015060535458861523,0.0546583807044484,0.003611989850606912,0.09863156076317772,0.07954545471148171,0.086156111294874,0.13016367092241085,0.711934141434232,0.07035176103254961,0.8347457390387104,0.12297495859370426,0.42162097,0.9124437123880922,7
0.21115537848605578,0.33472803347280333,1,0.0,0.0,0.05664487450980392,0.0026889191624938653,0.018633538469966557,0.00018433985232367607,0.022721404886797983,0.004058441850174985,0.05301914541223015,0.008573655071748867,0.7427983464525221,0.27010049596443286,0.46610168150316006,0.05301914541223015,0.94481075,0.0637944584729437,3
0.5617529880478087,0.09205020920502092,1,0.0,0.0,0.019607792941176472,0.0010883290889785694,0.011180151479493696,0.00025217870329788915,0.7709785753982519,0.7069805299758074,0.8527246108046789,0.745908023510272,0.12551439423487235,0.72236176681618,0.3389830324260272,0.8527246108046789,0.24777646,0.022782508042384717,2
0.41434262948207173,0.7615062761506276,1,0.0,0.0,0.12636164705882352,0.003324906927862025,0.06459627847228085,0.0015705688807535756,0.41905500136498847,0.3879870017208847,0.49779089103246765,0.3655494741839602,0.5041152066567588,0.6180904381707536,0.1249999880826272,0.49779089103246765,0.30846536,0.0895468801025612,6
0.749003984063745,0.7364016736401674,1,0.0,0.0,0.047930301960784315,0.0017516644083627752,0.0683229714085111,0.0017232698409584105,0.3382391119516379,0.32224024900779014,0.39690722093588204,0.29150428787204086,0.6481481387174207,0.4949748512758522,0.18432200016608047,0.39690722093588204,0.30575457,0.1081341139312397,6
0.46613545816733065,0.4811715481171548,1,0.0,0.0,0.026143792156862744,0.0006980842113493208,0.04099379223641042,0.0015308213950914402,0.1432997681889936,0.11769479612260716,0.18998526664222926,0.11847233457607685,0.6460905275186706,0.38442211075162236,0.3728813413889688,0.18998526664222926,0.437078,0.06896846073826428,4
0.3705179282868526,0.5564853556485355,1,0.0,0.0,0.01742919294117647,0.00020683985798165575,0.011180122858377462,0.00012022158950413798,0.008004131773946764,0.0,0.02282768731349273,0.0,0.8292181019852154,0.18718592926472816,0.516949137320454,0.02282768731349273,1.0,0.08090525126305143,3
0.1593625498007968,0.26778242677824265,1,0.0,0.5,0.603485843137255,0.03339681889798959,0.5950310611781949,0.02287594461690629,0.3834237144360563,0.3465908957257232,0.43372603509774643,0.3655494741839602,0.4732510201569879,0.4635678371079644,0.4173728599854569,0.43372603509774643,0.29780185,0.03228314398118021,3
0.027888446215139442,0.11715481171548117,1,1.0,0.0,0.05446629803921569,0.0019714417053929133,0.040993787764361,0.0005049298536018718,0.7903434249525462,0.7491883380747699,0.8748158993017975,0.7404520735634583,0.29218106800030474,0.741206025065655,0.13559319771617367,0.8748158993017975,0.22295359,0.06167528642079555,2
0.4063745019920319,0.2217573221757322,1,0.0,0.0,0.026143792156862744,0.0012202614187453882,0.02981360609853378,0.0006628555107978683,0.7583269173765119,0.7037337800021609,0.8365242795543131,0.7279812867348001,0.20164608266270354,0.701004993563926,0.29661015575624833,0.8365242795543131,0.2367968,0.03252625535155902,2
0.6693227091633466,0.3807531380753138,1,0.0,0.0,0.0392156862745098,0.0006205184709711963,0.019875784355541343,0.00021372665309220927,0.4058869064566044,0.3904220642011196,0.46170841338948143,0.3616523760981332,0.6275720082114002,0.49748741150476067,0.2012711737153477,0.46170841338948143,0.25975996,0.10107080013571097,4
0.4940239043824701,0.14644351464435146,1,1.0,0.0,0.023965076078431374,0.0010673990970972943,0.04844723177346386,0.0005638885771142958,0.8683191903429649,0.8238636459101977,0.9344624378905564,0.8409976082307837,0.2386831212772441,0.6670853965540651,0.31567795216442845,0.9344624378905564,0.20012376,0.03211010457995843,2
0.0796812749003984,0.46443514644351463,1,0.0,0.0,0.017429194117647057,0.0007045187369414537,0.00993788770572126,0.00029119108217586415,0.003872967122322762,0.0,0.00810014706848198,0.0031176928490197083,0.8621399144985519,0.1319095476960809,0.5762711696157715,0.00810014706848198,0.5555556,0.0160099160083389,3
0.7211155378486056,0.7322175732217573,1,1.0,0.0,0.14379082352941178,0.0035671442263860644,0.03975152622661328,0.0008953617221652693,0.3377226959790146,0.31980520844313953,0.39690722093588204,0.29228371029512984,0.6337448418076507,0.49748741150476067,0.19491522886742338,0.39690722093588204,0.30452195,0.10339271943530112,6
0.7171314741035857,0.06694560669456066,1,0.0,0.0,0.028322407843137255,0.0008079699628130299,0.011180123529184873,0.00018433921034051654,0.9625613931080216,0.9683441804517519,0.9712813183263527,0.9477786064605266,0.5864197471993596,0.39698492320269696,0.4131355761320384,0.9712813183263527,0.09626316,0.04937440335275007,2
0.3346613545816733,0.37656903765690375,1,0.0,0.0,0.05228758431372549,0.0022493825441137153,0.02857142505767546,0.0008789529211387887,0.14846373271769894,0.15503245734551577,0.17746686982719534,0.1114575187386588,0.88888888563786,0.2952261321731143,0.27330509456244595,0.17746686982719534,0.4047922,0.18020247630002365,1
0.5537848605577689,0.2594142259414226,1,0.0,0.0,0.06753809411764707,0.001444616056924616,0.01739129482041647,0.0007239952097957686,0.3227472253368622,0.333603903136332,0.3387334216588113,0.29540138595786786,0.8580246883973479,0.27261306749987363,0.3432203353472422,0.3387334216588113,0.1761556,0.1574092193176466,4
0.22310756972111553,0.694560669456067,1,0.0,0.0,0.037037056862745096,0.0009630979007896036,0.03229813141005395,0.0012396189880441097,0.1365866254558211,0.11525974094756704,0.12223858893786017,0.17225252385806625,0.6810699364159417,0.07035176103254961,0.8665254060749427,0.16273931765287689,0.3589904,0.9162938158994577,7
0.8007968127490039,0.7615062761506276,1,0.0,0.0,0.04357301960784314,0.0013094453996569612,0.07577637516916924,0.001795559092313716,0.2907307177608278,0.2767857201559601,0.33578792978064853,0.2564302437589947,0.6810699364159417,0.4133165873036664,0.2881355689816147,0.33578792978064853,0.27838665,0.0996969373434466,6
0.2589641434262948,0.12552301255230125,1,0.0,0.0,0.02396517411764706,0.0005719595620496045,0.008695717844986468,0.0002364035612897716,0.7647818556090429,0.694805217574633,0.8541973501163671,0.7373343768562937,0.08230444795000426,0.7600502493955329,0.31991523601784705,0.8541973501163671,0.26204562,0.023389193041677418,2
0.12749003984063745,0.5774058577405857,1,0.0,0.0,0.02178649411764706,0.0004395344368655719,0.016149068388256624,0.00010953510176370808,0.037955076543921815,0.0300324664770092,0.057437409739047054,0.024941542792157666,0.8189300348803533,0.2185929660456806,0.47457625874389553,0.057437409739047054,0.5783389,0.10104883893934725,1
0.06772908366533864,0.5313807531380753,1,0.0,0.0,0.03485838588235294,0.0009824894187816888,0.0186335373519542,0.00021639871684156982,0.04002065886973382,0.05357142935412801,0.043446242463577006,0.02338269584153715,0.9814814806927298,0.1369346726765107,0.44491523744793177,0.04860088439910983,0.5438712,0.3092808442084035,1
0.7808764940239044,0.4602510460251046,1,0.0,0.0,0.8496731764705882,0.03030176105818466,0.0211180092224839,0.0006526017052803909,0.28608314829072495,0.2735389482667293,0.32768776415546563,0.2540919484304926,0.6934156221269617,0.3944723403607238,0.30720336538979476,0.32768776415546563,0.28057775,0.09922646735957426,4
0.601593625498008,0.029288702928870293,1,0.0,0.0,0.03050107450980392,0.0007948076113567206,0.012422397365068486,0.00019632018138260378,0.7815647298703248,0.7102272507286749,0.8645065915721163,0.7622758733507131,0.06584355836000338,0.7311557615369566,0.385593212017021,0.8645065915721163,0.2546684,0.014079313722435993,2
0.22709163346613545,0.4100418410041841,1,0.0,0.0,0.034858388235294115,0.0004395344368655719,0.06335403258670605,0.0012102298645949318,0.02995094128430492,0.010551947641623802,0.05596465717257248,0.021044426467827698,0.7345679016575217,0.25000000282663304,0.5084745619864982,0.05596465717257248,0.8644824,0.04580586647121882,3
0.7051792828685259,0.7280334728033473,1,0.0,0.0,0.10239654509803922,0.0031524938027533856,0.06956521953011058,0.0016425397373149178,0.34185387039051496,0.3214285688195733,0.4020618615459362,0.2977396532271347,0.6131687113016303,0.5037688459966289,0.20550843850096992,0.4020618615459362,0.30003616,0.09725275811777094,6
0.398406374501992,0.4602510460251046,1,1.0,0.0,0.026143792156862744,0.0014716916197030207,0.03354037058755462,0.0006406804098189665,0.023754197095405025,0.00811688370034997,0.03976435905917261,0.021823850293878396,0.7654320881572927,0.19723617809493452,0.565677949304259,0.03976435905917261,0.8435185,0.0021841660737916264,3
0.749003984063745,0.5564853556485355,1,0.0,0.0,0.0,0.0,0.0,0.0,0.0,0.0,0.0,0.0,0.8930041121094344,0.1092964830228403,0.5826271018789502,0.0,0.0,0.4690522913506116,5
0.896414342629482,0.41422594142259417,1,0.0,0.0,0.01307189568627451,0.00015512989261363597,0.011180122858377462,0.00015228064156767382,0.011618899972700233,0.0008116882969830496,0.029455082478239452,0.0031176928490197083,0.8065843584285931,0.20351758205916531,0.5127118477466964,0.029455082478239452,0.9777778,0.06949126694030627,3
0.350597609561753,0.8786610878661087,1,0.0,0.0,0.05446622745098039,0.0025919618343151897,0.03229813588210336,0.0011434413990558665,0.09811515873323498,0.07792207972465845,0.08247422987868755,0.13406078303785554,0.7037036966392315,0.054020101454193045,0.8707626899283613,0.12665684000989072,0.44601154,0.898493182086358,7
0.749003984063745,0.5439330543933054,1,0.0,0.0,0.0,0.0,0.0,0.0,0.0,0.0,0.0,0.0,0.8930041121094344,0.1092964830228403,0.5826271018789502,0.0,0.0,0.4690522913506116,5
0.4860557768924303,0.5899581589958159,1,0.0,0.0,0.0,0.0,0.0,0.0,0.0,0.0,0.0,0.0,0.8930041121094344,0.1092964830228403,0.5826271018789502,0.0,0.0,0.4690522913506116,5
0.23107569721115537,0.3682008368200837,1,0.0,0.0,0.030501092156862745,0.0014478794282128127,0.022360245716754924,0.0002564727050400439,0.014200878751382767,0.0008116882969830496,0.03681884928704824,0.0031176928490197083,0.7860082242188687,0.22864320696131438,0.491525409411807,0.03681884928704824,0.9861111,0.07064783435082866,3
0.7410358565737052,0.28870292887029286,1,0.0,0.0,0.052287556862745097,0.0012410399088022192,0.029813664235176132,0.0005129435346236666,0.2824683898518479,0.27597403996774317,0.3159057502510622,0.25331253302221246,0.740740735253772,0.3517587938562157,0.33050846471918993,0.3159057502510622,0.24472968,0.10901877022526575,4
0.3665338645418327,0.9414225941422594,1,1.0,0.0,0.0697167725490196,0.004705608098061349,0.04472049188071479,0.0006732407713838821,0.08727084855990237,0.06980519018015267,0.07142857237534188,0.12081060184534366,0.7283950495427521,0.050251257718870686,0.8516948935201811,0.11413844319485682,0.44724658,0.8892241672717425,7
0.05179282868525897,0.5648535564853556,1,1.0,0.0,0.03485839215686275,0.0008273591247693702,0.02484472094132168,0.0005343180393228391,0.07384456309355734,0.05844155796719514,0.10382916197474844,0.056897900018771624,0.7489711856043282,0.28140702830105313,0.4406779459673946,0.10382916197474844,0.48786426,0.07821512517075764,4
0.896414342629482,0.502092050209205,1,0.0,0.0,0.0,0.0,0.0,0.0,0.0,0.0,0.0,0.0,0.8930041121094344,0.1092964830228403,0.5826271018789502,0.0,0.0,0.4690522913506116,5
0.02390438247011952,0.029288702928870293,1,0.0,0.0,0.05010896470588235,0.0012733526772594032,0.021118030241116133,0.00026983427889999,0.9664342514774361,0.9740260148212173,0.9779087115028814,0.9469991910522465,0.5987654143918603,0.41206030718921216,0.37499998331567813,0.9779087115028814,0.096352234,0.058625978938860575,2
0.3147410358565737,0.3179916317991632,1,0.0,0.5,0.9564270980392158,1.0,1.0,1.0,0.4701781400519951,0.42938312963163044,0.5235640609457727,0.45284491183647974,0.4115226101204075,0.5012562857677204,0.4173728599854569,0.5235640609457727,0.30628127,0.020167809856589013,3
0.3545816733067729,0.5146443514644351,1,0.0,0.0,0.015250543921568627,3.231875104276397e-5,0.0211180092224839,0.0001095355273480498,0.014717274507119273,0.007305194745899393,0.030927837032931983,0.004676539448899782,0.8312757150358174,0.19597989571917387,0.4999999809322035,0.030927837032931983,0.88148147,0.09596334863506721,5
0.5936254980079682,0.6150627615062761,1,0.0,0.0,0.08496733333333333,0.0028505131969415514,0.0310559011766521,0.00030188938529174746,0.058869099422745146,0.05113636322129575,0.0810014706848198,0.04286827535874434,0.8127571920248433,0.2374371790690262,0.4491525270216893,0.0810014706848198,0.50308645,0.10887964558298538,4
0.7928286852589641,0.8535564853556485,1,0.0,0.0,0.06100219215686275,0.0016726004735806367,0.10559005058446891,0.0019079533923111482,0.1605990235661975,0.12499999086850656,0.14948453129981934,0.20654715256283235,0.5637859684575505,0.0929648257057902,0.9491524984199947,0.19513991387967664,0.42076695,0.9436826153816702,7
0.26294820717131473,0.5230125523012552,1,0.0,0.0,0.2636165882352941,0.006471853575345325,0.05962732623432756,0.0023062496988449786,0.10818486934732362,0.06574675271309453,0.16789396489032427,0.08573655071748867,0.5308641892775489,0.44221105254917814,0.39406777972385826,0.16789396489032427,0.66081303,0.04140925349186269,3
0.545816733067729,0.5104602510460251,1,0.0,0.0,0.026143792156862744,0.0007756494281639466,0.026086953410748237,0.00015228051894167706,0.044926416806395565,0.05681818078881346,0.05228276912899286,0.02572096591672748,0.9670781893385154,0.15829145836595032,0.42372880483338127,0.054491897978704726,0.5582011,0.26933337242488065,1
0.5298804780876494,0.7364016736401674,1,0.0,0.0,0.07407406666666667,0.002644612950447856,0.04720497247174084,0.0012873625542908567,0.41389105077896365,0.3847402663576277,0.4911634978559389,0.3600935102075289,0.5205761332837983,0.609296443449977,0.12288136522371432,0.4911634978559389,0.30745777,0.09219445521860949,6
0.41434262948207173,0.5355648535564853,1,0.0,0.0,0.010893247843137254,0.0001874487099744431,0.0186335373519542,0.0003766941935580669,0.04260263416274622,0.05519480287991231,0.04786450679039391,0.024941542792157666,0.9732510321940254,0.14698492376802355,0.43644066592753533,0.05007363564010577,0.5326279,0.2900368797984404,1
0.7370517928286853,0.0041841004184100415,1,0.0,0.0,0.017429189411764707,0.0004749863698969139,0.05217390905752117,0.0014184105045179746,0.043635424279951186,0.028409090029146995,0.07511045379152832,0.024941542792157666,0.7613168657597924,0.28140702830105313,0.42796608868679986,0.07511045379152832,0.6873016,0.08765432535770024,5
0.0,0.2928870292887029,1,0.0,0.0,0.4771241960784314,0.4667665276780098,0.20621116234713277,0.1481343392319804,0.14872193024700017,0.1022727264425915,0.2025036767120495,0.13639906433674,0.4855966873494885,0.42211053679831356,0.47457625874389553,0.2025036767120495,0.5952822,0.017150360008872725,3
0.07569721115537849,0.5146443514644351,1,0.0,0.0,0.026143792156862744,0.0001551301107650938,0.013664596517726923,0.00017365335736995225,0.020655822560985984,0.00811688370034997,0.04270986883129699,0.009353078897799565,0.7901234540237767,0.22738693815339245,0.48940676176475884,0.04270986883129699,0.8292328,0.07373315078173802,5
0.9243027888446215,0.8368200836820083,1,1.0,0.0,0.10457516470588235,0.010626401143183448,0.037267076939933114,0.0012503042567378658,0.1076684812600614,0.09090909422963397,0.10088365021440611,0.13094310737511747,0.726337438344002,0.10175879442154236,0.7669491401806235,0.12371134813172793,0.33542147,0.942555051576472,7
0.5537848605577689,0.058577405857740586,1,0.0,0.0,0.039215637254901965,0.0025596490658580055,0.02484470976119815,8.549019597942538e-5,0.89233155359664,0.8603896196396946,0.9432990063085492,0.8690568435212207,0.3251028656988258,0.5954773734975131,0.34745761920066076,0.9432990063085492,0.17250364,0.03269132571106237,2
0.9083665338645418,0.3891213389121339,1,0.0,0.0,0.01960783725490196,0.0009558914157226816,0.06335403258670605,0.0014724079244670025,0.1378776270450078,0.11931818571981992,0.1730485922455921,0.11847233457607685,0.7016460854404813,0.3241205974186259,0.4173728599854569,0.1730485922455921,0.37553233,0.07048204121777413,5
0.24302788844621515,0.8870292887029289,1,0.0,0.0,0.09803921568627451,0.009986490316518567,0.037267076939933114,0.0017632494504191357,0.046475600587934957,0.03571428623608534,0.030927837032931983,0.07326578493325689,0.7942386727175731,0.041457289003118535,0.7987287881490593,0.06921944352563002,0.5931498,0.8483393323229207,7
0.9482071713147411,0.34309623430962344,1,0.0,0.0,0.13507623529411764,0.02355390190933137,0.023602481763821008,0.0006224801223259238,0.10043894346828641,0.07224025996558231,0.15169367340431758,0.07326578493325689,0.6419753051211704,0.39698492320269696,0.355932186907498,0.15169367340431758,0.57700235,0.07291801047721426,5
0.03187250996015936,0.28870292887029286,1,0.0,0.0,0.11546840784313726,0.023999894240173236,0.3726707693993311,0.0515830583385245,0.16473019100635758,0.1266233804657193,0.20986744617181555,0.15354637868912302,0.5432098379515301,0.38190952790964927,0.483050830264292,0.20986744617181555,0.5142537,0.018428279245377772,3
0.0398406374501992,0.40585774058577406,1,0.0,0.0,0.052287588235294113,0.001396169766511622,0.031055896704602685,0.0006865985871176919,0.12316033998947608,0.13879870017208848,0.13991162636294827,0.09041309227083111,0.9670781893385154,0.2261306467324059,0.3093220263843005,0.13991162636294827,0.38875645,0.2277324171480509,1
0.2589641434262948,0.6234309623430963,1,0.0,0.0,0.11764708627450982,0.0070584160738182645,0.0621118023533042,0.000309904386346331,0.1593080359196913,0.13311687310781758,0.20913106988857827,0.13172252979820637,0.6358024530064008,0.40452259258288986,0.34957626112737,0.20913106988857827,0.4260139,0.07268961403503184,4
0.7091633466135459,0.37656903765690375,1,0.0,0.0,0.01742932745098039,0.0006722330192650425,0.013664558058101984,0.00023777384188402006,0.9406144985473122,0.923701258736191,0.9756996025353489,0.9197193711700896,0.42181066611415796,0.5263819106698694,0.36440675461433514,0.9756996025353489,0.14110672,0.0374759383588322,2
0.6533864541832669,0.3682008368200837,1,0.0,0.0,0.03485845333333333,0.0008273593341947698,0.01739132165271294,0.0003419631715179916,0.6511748381463932,0.577110384926052,0.7820323948303948,0.5837879630931265,0.09259259653635134,0.9434673383168986,0.0,0.7820323948303948,0.33041757,0.059896392450026155,2
0.36254980079681276,0.18828451882845187,1,0.0,0.0,0.01742912745098039,5.1709584911877283e-5,0.018633538469966557,0.00040875406793711047,0.8783888730716926,0.846590873810139,0.9322533289230241,0.8519095291688377,0.3312756807765568,0.6067839058341333,0.32203387794455635,0.9322533289230241,0.17606053,0.037837677254885356,2
0.2350597609561753,0.17154811715481172,1,0.0,0.0,0.028322454901960788,0.0010406716342371437,0.01739129482041647,0.0005343201311780781,0.7782081341040477,0.7378246693358387,0.8564065253578311,0.7342166380602761,0.3024690869570167,0.7060301592478722,0.18432200016608047,0.8564065253578311,0.21837935,0.05583249622874375,2
0.46215139442231074,0.891213389121339,1,0.0,0.0,0.11982570980392157,0.004467145866885027,0.0683229781165852,0.0021795164525135876,0.14123419492592396,0.11282467846733216,0.11782033123843644,0.19329695032589395,0.6255143784941309,0.02512562829410873,1.0,0.18262149718246318,0.44151622,0.896073058247079,7
0.099601593625498,0.23430962343096234,1,1.0,0.0,0.0392156862745098,0.00155130171847502,0.05465838741252252,0.0022975673454760964,0.139426805249475,0.1428571376391466,0.17157585293390387,0.10210443563197394,0.8683127517985061,0.3090452134321106,0.27118641450014386,0.17157585293390387,0.4369392,0.16822982508750337,1
1.0,0.5271966527196653,1,0.0,0.0,0.03485838588235294,0.0009499728096022942,0.0136645951761121,0.0005138211977357182,0.00516395546596299,0.0024350649640010958,0.011782032461104326,0.000779423194717905,0.8703703667009601,0.14447236240846187,0.5466101548028585,0.011782032461104326,0.75,0.09698953881654435,5
0.9123505976095617,0.47280334728033474,1,0.0,0.0,0.01089324705882353,0.00018744869950317313,0.00621118023533042,0.00010953518832323521,0.004647560407360508,0.0,0.013254786353057537,0.0,0.8559670734948939,0.1545226123693215,0.5444915090625899,0.013254786353057537,1.0,0.08090525126305143,3
0.1394422310756972,0.9707112970711297,1,1.0,0.0,0.07407407843137255,0.003231872486458903,0.04472049411673949,0.0005129448330165736,0.09295120117586991,0.07224025996558231,0.08026509440158251,0.1262665588069662,0.7016460854404813,0.06783919741168147,0.8495762515934718,0.11929307717751785,0.4522286,0.9079631094155545,7
0.6414342629482072,0.6192468619246861,1,0.0,0.0,0.08496732156862745,0.0016759682957868496,0.04968943964661865,0.001049904164176878,0.18202943244088096,0.18425323632911333,0.19587628353552072,0.16523771503545703,0.8436213933394296,0.2261306467324059,0.43644066592753533,0.19587628353552072,0.20284556,0.13499113740631305,4
0.00398406374501992,0.9790794979079498,1,0.0,0.0,0.07407407058823529,0.0037748282537202675,0.07080744976351243,0.002364357686471583,0.044668216488558225,0.04545454565377804,0.03976435905917261,0.04910366175826463,0.8827160450045723,0.0954773881960051,0.6165254070283326,0.04786450679039391,0.19104938,0.7946052701052021,7
0.7848605577689243,0.7196652719665272,1,0.0,0.0,0.041394301960784315,0.0020622288377378983,0.07577637516916924,0.0011522880712604192,0.37671057170288375,0.3571428623608534,0.44108986420405105,0.327357754408176,0.6069958591868606,0.533919602663127,0.16101695804007457,0.44108986420405105,0.2986217,0.10303996887700026,6
0.9203187250996016,0.6861924686192469,1,0.0,0.0,0.0457516431372549,0.0010883306422169493,0.06335403258670605,0.00156380547996825,0.10715207923011864,0.09090909422963397,0.08983799271106044,0.14107559186046478,0.7304526607415023,0.047738692967349325,0.8538135354468905,0.1332842331864195,0.38741234,0.8845907069594513,7
0.42231075697211157,0.04184100418410042,1,0.0,0.0,0.026143590588235295,0.0009012235155404117,0.026086953410748237,0.0002944814983338734,0.8838110421010394,0.8457792301478959,0.9403534614112411,0.8604831968672424,0.2818929749695156,0.6218592672075839,0.34745761920066076,0.9403534614112411,0.18402189,0.029759459664871438,2
0.896414342629482,0.301255230125523,1,0.0,0.0,0.03485840392156863,0.0009049247080784453,0.02360240573898101,0.0003660071143275349,0.6318099885920989,0.5446428851895869,0.774668598861056,0.5643023674418591,0.0,1.0,0.0,0.774668598861056,0.36206177,0.05409635709342661,2
0.7928286852589641,1.0,1,0.0,0.0,0.08932461568627452,0.0024795024890208735,0.03229813588210336,0.0007397945596183072,0.0642912475380712,0.04788960813401292,0.04860088439910983,0.0966484786703514,0.7448559576512722,0.045226134999747356,0.843220325813344,0.09131075190492818,0.5633903,0.8754614654300468,7
0.601593625498008,0.602510460251046,1,0.0,0.0,0.0196078431372549,0.0010665181142499325,0.24099377882026216,0.09507654458984201,0.05086496207172617,0.038961039862329225,0.07290132494181646,0.038971158332933485,0.7839506074645629,0.23492461884011775,0.483050830264292,0.07290132494181646,0.5,0.07698155457804864,5
0.8844621513944223,0.6276150627615062,1,0.0,0.0,0.05446624705882353,0.005306727930576876,0.20124220116508068,0.022377249213246034,0.2930544885531987,0.26298701085237813,0.3460971844911842,0.2657833198508708,0.5576131718983388,0.45477385369372025,0.345338958206155,0.3460971844911842,0.30841646,0.04608242928416012,6
0.44223107569721115,0.7782426778242678,1,0.0,0.0,0.16557738431372548,0.005224851499939616,0.11055900505844689,0.0022525635325289263,0.3508907839160584,0.32629870839043257,0.4123711162564719,0.30943100360308634,0.5781892838858399,0.5125628181043407,0.22669491497145214,0.4123711162564719,0.29632849,0.08520006436761791,6
0.7450199203187251,0.1297071129707113,1,0.0,0.0,0.03050112156862745,0.0009499708898694652,0.03726710600825428,0.0009124153916688763,0.7593597214363973,0.6988636112105227,0.8365242795543131,0.7357754758916453,0.15637852517908532,0.6959798957191738,0.35169490305407936,0.8365242795543131,0.24193405,0.02234343237635214,2
0.3426294820717131,0.7740585774058577,1,1.0,0.0,0.05228753333333334,0.0015169864941559843,0.04968943293854453,0.0012038171741603654,0.4293829304223991,0.40178571102446664,0.5014727724486541,0.3795790918291787,0.52674892984301,0.5866833787767365,0.1546609941243538,0.5014727724486541,0.28752622,0.08936705774955121,6
0.50199203187251,0.5523012552301255,1,0.0,0.0,0.058823529411764705,0.00021330350417559345,0.019875774069827698,0.0004381408470657619,0.0291763486964012,0.006493506521968291,0.06259205034910124,0.015588464595838982,0.7098765302354818,0.2876884401798566,0.4703389653565787,0.06259205034910124,0.915376,0.050693835736811764,3
0.6454183266932271,0.2384937238493724,1,0.0,0.0,0.07189545098039216,0.0038588549596472164,0.03478261423710471,0.0006946134222665151,0.39581722372787687,0.37987012678676846,0.45213547531564446,0.35151985653874174,0.6275720082114002,0.49748741150476067,0.2012711737153477,0.45213547531564446,0.26505277,0.10130736947881859,4
0.6972111553784861,0.3723849372384937,1,0.0,0.0,0.07625270980392157,0.0013509243688092979,0.03229814035415277,0.00047019957453107097,0.3860056897290687,0.3676947924700098,0.4432989731715834,0.34294621689957233,0.6131687113016303,0.5000000056532661,0.21186438334889418,0.4432989731715834,0.26862052,0.09725201681156455,4
0.2350597609561753,0.7112970711297071,1,1.0,0.0,0.06535947450980392,0.002094254867918891,0.05962732623432756,0.0015067759519167597,0.13684482995646258,0.12499999086850656,0.11855670752167373,0.16757599633434148,0.7530864154092362,0.050251257718870686,0.8262711713318731,0.15832106658084633,0.28569087,0.8747571874686856,7
