0.2788844621513944,0.7071129707112971,1,1.0,0.0,0.047930274509803916,0.0009824887206970237,0.06708074117510925,0.0013464800424026271,0.15569327050947393,0.13392857521161872,0.14212076846744648,0.19095867604181835,0.6707818804221912,0.07914572974830177,0.8622881222215242,0.18041236170535815,0.3273826,0.923812273173042,7
0.099601593625498,0.23430962343096234,1,1.0,0.0,0.0392156862745098,0.00155130171847502,0.05465838741252252,0.0022975673454760964,0.139426805249475,0.1428571376391466,0.17157585293390387,0.10210443563197394,0.8683127517985061,0.3090452134321106,0.27118641450014386,0.17157585293390387,0.4369392,0.16822982508750337,1
0.7450199203187251,0.5104602510460251,1,0.0,0.0,0.01307189568627451,0.00046538990471842406,0.011180123529184873,5.610336707904588e-5,0.046475600587934957,0.06087662775262478,0.05154639085753762,0.027279811464386235,0.9855967086457857,0.14698492376802355,0.42372880483338127,0.05596465717257248,0.53858024,0.29765909770173027,1
0.7808764940239044,0.4602510460251046,1,0.0,0.0,0.8496731764705882,0.03030176105818466,0.0211180092224839,0.0006526017052803909,0.28608314829072495,0.2735389482667293,0.32768776415546563,0.2540919484304926,0.6934156221269617,0.3944723403607238,0.30720336538979476,0.32768776415546563,0.28057775,0.09922646735957426,4
0.5657370517928287,0.05439330543933055,1,0.0,0.0,0.050108913725490194,0.0015836148359745367,0.019875756628834992,0.0008228557113274394,0.8897495783036277,0.8595778956203093,0.9388807220995529,0.8667186323704245,0.3395061255715572,0.5854271099688146,0.34957626112737,0.9388807220995529,0.16939692,0.033673519369191475,2
0.4063745019920319,0.2217573221757322,1,0.0,0.0,0.026143792156862744,0.0012202614187453882,0.02981360609853378,0.0006628555107978683,0.7583269173765119,0.7037337800021609,0.8365242795543131,0.7279812867348001,0.20164608266270354,0.701004993563926,0.29661015575624833,0.8365242795543131,0.2367968,0.03252625535155902,2
0.3147410358565737,0.4393305439330544,1,0.0,0.0,0.058823529411764705,0.0028505114517298888,0.03478260976505529,0.0006304952964995616,0.15130389856867232,0.15503245734551577,0.18262149718246318,0.11457521544582336,0.866255140599756,0.3077889333176564,0.2754237364891553,0.18262149718246318,0.40736422,0.1665543989304879,1
0.8167330677290837,0.20920502092050208,1,0.0,0.0,0.02178649019607843,0.0007045187892978037,0.011180121293160167,0.00033142786720498997,0.04931577898732081,0.034090911249262085,0.0810014706848198,0.03039750606710815,0.7592592490054866,0.2839195998364939,0.4258474467600905,0.0810014706848198,0.64589113,0.08937057895403147,5
0.14342629482071714,0.2803347280334728,1,0.0,0.0,0.03921570980392156,0.00031025910459472347,0.05714287471162268,0.002073153187569013,0.3054479908736791,0.30032466477009195,0.3438880755236519,0.2696804179366978,0.7427983464525221,0.3831658080241035,0.2754237364891553,0.3438880755236519,0.25891644,0.11951301593776843,4
0.22310756972111553,0.3263598326359833,1,0.0,0.0,0.06753812549019608,0.0022804302086365637,0.13788818646657225,0.003392719708998411,0.11851278446205375,0.09496753169669211,0.16273931765287689,0.09431021140108459,0.6707818804221912,0.36557787511521206,0.37923726716909667,0.16273931765287689,0.47748852,0.0743537352724001,5
0.08366533864541832,0.3179916317991632,1,0.0,0.0,0.07407411372549019,0.002197295305869286,0.026086953410748237,0.0004498287491888651,0.44642399524164206,0.40746754539393226,0.5324006028541929,0.39282929406611705,0.43415633330665865,0.6620602987093129,0.12288136522371432,0.5324006028541929,0.30969977,0.07892637141045872,4
0.08764940239043825,0.49372384937238495,1,0.0,0.0,0.0196078431372549,0.00013573871493782508,0.008695651211450234,0.000109535209963117,0.0036147688958874952,0.0,0.010309278569151115,0.0,0.864197525697302,0.14447236240846187,0.5529660843965457,0.010309278569151115,0.7777778,0.08090525126305143,3
0.50199203187251,0.5523012552301255,1,0.0,0.0,0.058823529411764705,0.00021330350417559345,0.019875774069827698,0.0004381408470657619,0.0291763486964012,0.006493506521968291,0.06259205034910124,0.015588464595838982,0.7098765302354818,0.2876884401798566,0.4703389653565787,0.06259205034910124,0.915376,0.050693835736811764,3
0.5976095617529881,0.6359832635983264,1,0.0,0.0,0.08061002352941177,0.00398813378234139,0.4062111399868857,0.030287852264815604,0.27885361049895,0.252435073438027,0.3181148724733809,0.26266560911408854,0.5905349510783405,0.3806532591017274,0.43644066592753533,0.318851242129225,0.2638465,0.0024945324497433526,6
0.16733067729083664,0.5899581589958159,1,0.0,0.0,0.07625272549019607,0.002979788703733566,0.0273291903522242,0.0005984364319816679,0.010586109855495272,0.007305194745899393,0.019145801920870384,0.004676539448899782,0.864197525697302,0.15577889248377572,0.5338982879883656,0.019145801920870384,0.64867723,0.1107717926094329,5
0.8207171314741036,0.4351464435146444,1,0.0,0.0,0.04139433333333334,0.0005752732477900385,0.0037267083648007226,2.4044320064815775e-5,0.008520526832549245,0.0032467532609841455,0.019145801920870384,0.002338269654301803,0.8497942343430878,0.1658291447059418,0.5317796441548766,0.019145801920870384,0.93333334,0.08625357168279975,5
0.5537848605577689,0.4769874476987448,1,0.0,0.0,0.026143787058823528,0.00038782489732919786,0.05962732623432756,0.0027250223828510574,0.02736896599129252,0.011363636596074377,0.05154639085753762,0.017147310143497733,0.7613168657597924,0.23994973929793467,0.497881335191935,0.05154639085753762,0.85319865,0.054988148459689024,3
0.06772908366533864,0.5313807531380753,1,0.0,0.0,0.03485838588235294,0.0009824894187816888,0.0186335373519542,0.00021639871684156982,0.04002065886973382,0.05357142935412801,0.043446242463577006,0.02338269584153715,0.9814814806927298,0.1369346726765107,0.44491523744793177,0.04860088439910983,0.5438712,0.3092808442084035,1
0.6892430278884463,0.16317991631799164,1,0.0,0.0,0.03921573725490196,0.0013265620866029875,0.021118030241116133,0.0006871233758908058,0.7490317505509451,0.6915584164646232,0.8335788009309367,0.7147310494238176,0.1831275633554333,0.7311557615369566,0.26483050778781236,0.8335788009309367,0.2473368,0.035889376283305297,2
0.0398406374501992,0.40585774058577406,1,0.0,0.0,0.052287588235294113,0.001396169766511622,0.031055896704602685,0.0006865985871176919,0.12316033998947608,0.13879870017208848,0.13991162636294827,0.09041309227083111,0.9670781893385154,0.2261306467324059,0.3093220263843005,0.13991162636294827,0.38875645,0.2277324171480509,1
0.2350597609561753,0.17154811715481172,1,0.0,0.0,0.028322454901960788,0.0010406716342371437,0.01739129482041647,0.0005343201311780781,0.7782081341040477,0.7378246693358387,0.8564065253578311,0.7342166380602761,0.3024690869570167,0.7060301592478722,0.18432200016608047,0.8564065253578311,0.21837935,0.05583249622874375,2
0.01195219123505976,0.7447698744769874,1,0.0,0.0,0.08061005882352941,0.0067804705230259735,0.2621117576328101,0.0826617083445981,0.18435322414727265,0.17126623643452732,0.21870397482544937,0.16056118751173226,0.726337438344002,0.3316582781053512,0.37923726716909667,0.21870397482544937,0.27147257,0.07968089139995665,6
0.027888446215139442,0.7866108786610879,1,0.0,0.0,0.06535949411764706,0.001376641685706926,0.031055907884726217,0.0005138211977357182,0.10457010393710625,0.097402594176927,0.07805596555187065,0.13951676104390456,0.8004115155730831,0.0,0.8622881222215242,0.13181149387473126,0.40888458,0.8221554519485411,7
0.44223107569721115,0.0794979079497908,1,0.0,0.0,0.021786558823529412,0.000474984485068318,0.027329201532347733,0.0005194166724613461,0.7895688393359827,0.7362013089594049,0.862297482604584,0.7638347111820822,0.19958847146395342,0.6809045230391908,0.33262710664589923,0.862297482604584,0.22538376,0.026991459355598497,2
0.11155378486055777,0.7698744769874477,1,0.0,0.0,0.017429189411764707,0.0007045184228033544,0.013664590033255276,0.0004908023289129307,0.11179964172888125,0.10551948372143276,0.08836524014458585,0.1426344507362603,0.8045267435261391,0.017587944215423732,0.8283898132585824,0.13475699900768043,0.34230694,0.8291491756239469,7
0.545816733067729,0.5104602510460251,1,0.0,0.0,0.026143792156862744,0.0007756494281639466,0.026086953410748237,0.00015228051894167706,0.044926416806395565,0.05681818078881346,0.05228276912899286,0.02572096591672748,0.9670781893385154,0.15829145836595032,0.42372880483338127,0.054491897978704726,0.5582011,0.26933337242488065,1
0.13147410358565736,0.5271966527196653,1,0.0,0.0,0.019607850980392156,0.00029086872099021914,0.024844716469272266,0.0003419636403820969,0.04079525145763754,0.05681818078881346,0.04270986883129699,0.02338269584153715,1.0,0.12939698520586598,0.4385593116678038,0.05154639085753762,0.57363313,0.3311189948614322,1
0.8685258964143426,0.28870292887029286,1,0.0,0.0,0.05010889019607843,0.0005752732477900385,0.014906832117588066,0.0006732396605366172,0.27678803723588036,0.26542209524819727,0.3195876117850691,0.24240062611377625,0.7057613078379816,0.3982411920106188,0.2881355689816147,0.3195876117850691,0.28296396,0.10532180204348104,4
0.3466135458167331,0.7071129707112971,1,0.0,0.0,0.058823505882352946,0.0016350857178160283,0.08571425057675462,0.0020836861836279583,0.3514071789746609,0.33035712394190647,0.4131074991671023,0.30631332794034827,0.6049382665066299,0.5138191095253272,0.19703390892972547,0.4131074991671023,0.3009182,0.09678328889727726,6
0.46215139442231074,0.891213389121339,1,0.0,0.0,0.11982570980392157,0.004467145866885027,0.0683229781165852,0.0021795164525135876,0.14123419492592396,0.11282467846733216,0.11782033123843644,0.19329695032589395,0.6255143784941309,0.02512562829410873,1.0,0.18262149718246318,0.44151622,0.896073058247079,7
0.9083665338645418,0.47280334728033474,1,0.0,0.0,0.03485839215686275,0.0001292747825291747,0.01987577541144252,0.00024578628221925936,0.04105344898693878,0.05194805071470738,0.04712812851893867,0.02416211896610697,0.9609053501867093,0.15075376863399914,0.4427965917076631,0.05007363564010577,0.5458554,0.27674585997626455,1
0.8844621513944223,0.21338912133891214,1,0.0,0.0,0.013071898039215686,0.0005203216459998702,0.009937887034913849,0.0003619980449088139,0.044926416806395565,0.0300324664770092,0.07584683670215879,0.026500388339816418,0.7633744769585425,0.27889446807214474,0.43008473061350916,0.07584683670215879,0.6703704,0.08937057895403147,5
0.3147410358565737,0.3514644351464435,1,0.0,0.0,0.047930286274509806,0.0017581400162374494,0.021118001172794956,0.0003980666352551761,0.14923832530560266,0.1558441594493169,0.1767304802891717,0.11379579302273442,0.88888888563786,0.2876884401798566,0.2860169461227018,0.1767304802891717,0.39043593,0.17858492762507047,1
0.5378486055776892,0.14225941422594143,1,0.0,0.0,0.047930274509803916,0.0026953151887167182,0.04596272435014134,0.0011009745015830297,0.3699974289697113,0.35146102799138773,0.42268042398615296,0.3320342749170919,0.6172839336991305,0.47236178660261163,0.2542372981542658,0.42268042398615296,0.25936732,0.08989179134772975,4
0.749003984063745,0.5439330543933054,1,0.0,0.0,0.0,0.0,0.0,0.0,0.0,0.0,0.0,0.0,0.8930041121094344,0.1092964830228403,0.5826271018789502,0.0,0.0,0.4690522913506116,5
0.8247011952191236,0.09623430962343096,1,0.0,0.0,0.06753813333333333,0.0030209284037386623,0.009937888823733613,0.0003619979583492868,0.10069714099758764,0.07873376721807007,0.13917525670710415,0.08106000916414624,0.6893003997294614,0.3316582781053512,0.4173728599854569,0.13917525670710415,0.479958,0.06830538086932206,5
0.26693227091633465,0.38493723849372385,1,0.0,0.0,0.026143794117647057,0.0010083444503316253,0.024844716469272266,0.0006946137612913296,0.01497547064215246,0.0008116882969830496,0.03755522689576416,0.004676539448899782,0.7798353850670626,0.22864320696131438,0.497881335191935,0.03755522689576416,0.9876543,0.06402745101360566,3
0.8804780876494024,0.21338912133891214,1,0.0,0.0,0.010893247843137254,0.0004379158403089443,0.014906832117588066,0.0004023383118526249,0.044668216488558225,0.0300324664770092,0.07584683670215879,0.02572096591672748,0.7654320881572927,0.2801507481865989,0.4258474467600905,0.07584683670215879,0.68080807,0.09206986017797392,5
0.0796812749003984,0.46443514644351463,1,0.0,0.0,0.017429194117647057,0.0007045187369414537,0.00993788770572126,0.00029119108217586415,0.003872967122322762,0.0,0.00810014706848198,0.0031176928490197083,0.8621399144985519,0.1319095476960809,0.5762711696157715,0.00810014706848198,0.5555556,0.0160099160083389,3
0.4900398406374502,0.7531380753138075,1,0.0,0.0,0.1372549294117647,0.004779460394515567,0.07329192588248908,0.0020198180922684165,0.41647302607197606,0.386363641344451,0.49558174892796947,0.3616523760981332,0.5123456699702785,0.6193467069786754,0.11440677844908073,0.49558174892796947,0.31361094,0.09182380211542476,6
0.5776892430278885,0.47280334728033474,1,0.0,0.0,0.019607839215686273,0.0002908685639211695,0.008695648528220587,7.747609730791215e-5,0.04208623910414374,0.05438311830857859,0.04860088439910983,0.02338269584153715,0.9711934172915714,0.1532663299935608,0.42796608868679986,0.050810013248821694,0.56349206,0.27914259560473254,1
0.8685258964143426,0.6903765690376569,1,0.0,0.5,0.08278870196078432,0.0032424584168417115,0.11428570470275126,0.0020496524923517448,0.42034598901149467,0.389610376707708,0.5014727724486541,0.36399064336740006,0.5061727993369896,0.6306532393152958,0.10169492688882487,0.5014727724486541,0.31446242,0.0927192629474087,6
0.9163346613545816,0.47280334728033474,1,0.0,0.0,0.13507626274509804,0.026113541027482895,0.040993787764361,0.0046405538453637134,0.02091402078742125,0.010551947641623802,0.039027982775935326,0.011691347570028135,0.8065843584285931,0.2072864337090603,0.5063559162462297,0.039027982775935326,0.895369,0.07635700409918246,3
0.47808764940239046,0.42677824267782427,1,0.0,0.0,0.06753811764705882,0.0026695286392724284,0.06583849528953445,0.0011033667183811752,0.14123419492592396,0.14610389491798786,0.16863034117356157,0.1075603996084053,0.8786008189033682,0.28517586864441585,0.3008474396096669,0.16863034117356157,0.39658895,0.17519682467416953,1
0.08366533864541832,0.4393305439330544,1,0.0,0.0,0.015250539215686275,0.00018744866459893987,0.007453413822769328,9.617725717672253e-5,0.039246063493293994,0.04951298604291407,0.04639175223570138,0.021823850293878396,0.9567901222336533,0.15577889248377572,0.4385593116678038,0.04860088439910983,0.57539684,0.26526282298039605,1
0.7928286852589641,0.8535564853556485,1,0.0,0.0,0.06100219215686275,0.0016726004735806367,0.10559005058446891,0.0019079533923111482,0.1605990235661975,0.12499999086850656,0.14948453129981934,0.20654715256283235,0.5637859684575505,0.0929648257057902,0.9491524984199947,0.19513991387967664,0.42076695,0.9436826153816702,7
0.8247011952191236,0.22594142259414227,1,0.0,0.0,0.05446617254901961,0.0021584427057482385,0.5913043235214706,0.018420932777005634,0.39530082169793407,0.3847402663576277,0.42709864192121766,0.3717848675982894,0.6687242692234411,0.3718592756874832,0.3707626994622595,0.42709864192121766,0.19713038,0.1038085736844192,4
0.027888446215139442,0.11715481171548117,1,1.0,0.0,0.05446629803921569,0.0019714417053929133,0.040993787764361,0.0005049298536018718,0.7903434249525462,0.7491883380747699,0.8748158993017975,0.7404520735634583,0.29218106800030474,0.741206025065655,0.13559319771617367,0.8748158993017975,0.22295359,0.06167528642079555,2
0.22709163346613545,0.4100418410041841,1,0.0,0.0,0.034858388235294115,0.0004395344368655719,0.06335403258670605,0.0012102298645949318,0.02995094128430492,0.010551947641623802,0.05596465717257248,0.021044426467827698,0.7345679016575217,0.25000000282663304,0.5084745619864982,0.05596465717257248,0.8644824,0.04580586647121882,3
0.47410358565737054,0.5230125523012552,1,0.0,0.0,0.023965143529411766,0.0007304037163235232,0.022360249294394455,0.00032059080916711563,0.043635424279951186,0.05681818078881346,0.04786450679039391,0.026500388339816418,0.9773662508878218,0.1419597976569405,0.4406779459673946,0.05301914541223015,0.52954143,0.2976981460061508,1
0.5617529880478087,0.09205020920502092,1,0.0,0.0,0.019607792941176472,0.0010883290889785694,0.011180151479493696,0.00025217870329788915,0.7709785753982519,0.7069805299758074,0.8527246108046789,0.745908023510272,0.12551439423487235,0.72236176681618,0.3389830324260272,0.8527246108046789,0.24777646,0.022782508042384717,2
0.46613545816733065,0.4811715481171548,1,0.0,0.0,0.026143792156862744,0.0006980842113493208,0.04099379223641042,0.0015308213950914402,0.1432997681889936,0.11769479612260716,0.18998526664222926,0.11847233457607685,0.6460905275186706,0.38442211075162236,0.3728813413889688,0.18998526664222926,0.437078,0.06896846073826428,4
0.9043824701195219,0.03765690376569038,1,0.0,0.0,0.041394301960784315,0.0008562971425300404,0.018633538469966557,0.0005429975073741504,0.8714175328092187,0.8327922010325308,0.93151695926718,0.8448947203462285,0.2818929749695156,0.636934673807164,0.32203387794455635,0.93151695926718,0.18889166,0.03390443625247555,2
0.2589641434262948,0.6234309623430963,1,0.0,0.0,0.11764708627450982,0.0070584160738182645,0.0621118023533042,0.000309904386346331,0.1593080359196913,0.13311687310781758,0.20913106988857827,0.13172252979820637,0.6358024530064008,0.40452259258288986,0.34957626112737,0.20913106988857827,0.4260139,0.07268961403503184,4
0.4063745019920319,0.4769874476987448,1,0.0,0.0,0.037037039215686275,0.0014446149225370351,0.018633541376798672,0.00049859340768412,0.012393493954872006,0.0032467532609841455,0.025773195097399153,0.007014808822609233,0.8189300348803533,0.18090452303919088,0.538135577562123,0.025773195097399153,0.9238095,0.05437269751450595,3
0.20318725099601595,0.3807531380753138,1,0.0,0.0,0.028322441960784317,0.000885533050469427,0.018633538469966557,0.00040875341874065704,0.020139426805249477,0.004870130074106086,0.041973491222581066,0.011691347570028135,0.7695473198140526,0.2261306467324059,0.5127118477466964,0.041973491222581066,0.89973545,0.04989561574644843,3
0.9482071713147411,0.34309623430962344,1,0.0,0.0,0.13507623529411764,0.02355390190933137,0.023602481763821008,0.0006224801223259238,0.10043894346828641,0.07224025996558231,0.15169367340431758,0.07326578493325689,0.6419753051211704,0.39698492320269696,0.355932186907498,0.15169367340431758,0.57700235,0.07291801047721426,5
0.5537848605577689,0.2594142259414226,1,0.0,0.0,0.06753809411764707,0.001444616056924616,0.01739129482041647,0.0007239952097957686,0.3227472253368622,0.333603903136332,0.3387334216588113,0.29540138595786786,0.8580246883973479,0.27261306749987363,0.3432203353472422,0.3387334216588113,0.1761556,0.1574092193176466,4
0.20318725099601595,0.6652719665271967,1,0.0,0.0,0.02178649568627451,0.0007948044699757276,0.0211180092224839,0.00028108952765331643,0.17738188388479892,0.14691557510620473,0.16789396489032427,0.21667965809260611,0.5967078031931101,0.10552763883525666,0.8940677892577564,0.2047128188165477,0.34911168,0.9516450780075594,7
0.9362549800796812,0.4435146443514644,1,0.0,0.0,0.03050112156862745,0.0007045193652176523,0.02857143176574958,0.0005358523574342949,0.31990706645722905,0.28896104716752397,0.3873343027442246,0.27825409264991136,0.5411522452712993,0.5351758827775813,0.22669491497145214,0.3873343027442246,0.33047688,0.0799628657482044,4
0.5976095617529881,0.3263598326359833,1,0.0,0.0,0.3289760392156863,0.007988387012553656,0.016149063021797326,0.00028108935453426213,0.22101730119340982,0.19967532792471324,0.2717231202376795,0.18784100037908025,0.6502057499161707,0.4246231196402867,0.3008474396096669,0.2717231202376795,0.35127252,0.08977381246498606,4
0.4820717131474104,0.0,1,0.0,0.0,0.0392156862745098,0.0005429628702728324,0.06459630530457731,0.003644049335468084,1.0,1.0,1.0,1.0,0.5288065780787987,0.36180904607838177,0.5317796441548766,1.0,0.09277301,0.0017240187788430008,2
0.7848605577689243,0.48535564853556484,1,0.0,0.0,0.09586056470588236,0.007653079495787409,0.1913043235214706,0.042948493041912415,0.28401756108497483,0.27759740034417696,0.3195876117850691,0.2525331176139324,0.740740735253772,0.36306532619283605,0.3114406683110098,0.3195876117850691,0.24899939,0.11538477433777312,4
0.7450199203187251,0.1297071129707113,1,0.0,0.0,0.03050112156862745,0.0009499708898694652,0.03726710600825428,0.0009124153916688763,0.7593597214363973,0.6988636112105227,0.8365242795543131,0.7357754758916453,0.15637852517908532,0.6959798957191738,0.35169490305407936,0.8365242795543131,0.24193405,0.02234343237635214,2
0.8007968127490039,0.7615062761506276,1,0.0,0.0,0.04357301960784314,0.0013094453996569612,0.07577637516916924,0.001795559092313716,0.2907307177608278,0.2767857201559601,0.33578792978064853,0.2564302437589947,0.6810699364159417,0.4133165873036664,0.2881355689816147,0.33578792978064853,0.27838665,0.0996969373434466,6
0.4063745019920319,0.8577405857740585,1,0.0,0.0,0.03485838588235294,0.0011376191892305083,0.048447193761043866,0.0008255212398325016,0.1014717266141511,0.07954545471148171,0.0905743756216909,0.13406078303785554,0.6893003997294614,0.07914572974830177,0.843220325813344,0.12665684000989072,0.43169576,0.9226476811228359,7
0.7290836653386454,0.5606694560669456,1,0.0,0.0,0.028322441960784317,0.001067399201809994,0.004968943741059394,0.00019632097484493583,0.003872967122322762,0.0024350649640010958,0.00810014706848198,0.000779423194717905,0.8806584319539702,0.1319095476960809,0.5572033720635235,0.00810014706848198,0.5277778,0.11305043815922629,5
0.7051792828685259,0.7280334728033473,1,0.0,0.0,0.10239654509803922,0.0031524938027533856,0.06956521953011058,0.0016425397373149178,0.34185387039051496,0.3214285688195733,0.4020618615459362,0.2977396532271347,0.6131687113016303,0.5037688459966289,0.20550843850096992,0.4020618615459362,0.30003616,0.09725275811777094,6
0.7928286852589641,1.0,1,0.0,0.0,0.08932461568627452,0.0024795024890208735,0.03229813588210336,0.0007397945596183072,0.0642912475380712,0.04788960813401292,0.04860088439910983,0.0966484786703514,0.7448559576512722,0.045226134999747356,0.843220325813344,0.09131075190492818,0.5633903,0.8754614654300468,7
0.21115537848605578,0.33472803347280333,1,0.0,0.0,0.05664487450980392,0.0026889191624938653,0.018633538469966557,0.00018433985232367607,0.022721404886797983,0.004058441850174985,0.05301914541223015,0.008573655071748867,0.7427983464525221,0.27010049596443286,0.46610168150316006,0.05301914541223015,0.94481075,0.0637944584729437,3
0.24302788844621515,0.8870292887029289,1,0.0,0.0,0.09803921568627451,0.009986490316518567,0.037267076939933114,0.0017632494504191357,0.046475600587934957,0.03571428623608534,0.030927837032931983,0.07326578493325689,0.7942386727175731,0.041457289003118535,0.7987287881490593,0.06921944352563002,0.5931498,0.8483393323229207,7
0.05179282868525897,0.5648535564853556,1,1.0,0.0,0.03485839215686275,0.0008273591247693702,0.02484472094132168,0.0005343180393228391,0.07384456309355734,0.05844155796719514,0.10382916197474844,0.056897900018771624,0.7489711856043282,0.28140702830105313,0.4406779459673946,0.10382916197474844,0.48786426,0.07821512517075764,4
0.749003984063745,0.5564853556485355,1,0.0,0.0,0.0,0.0,0.0,0.0,0.0,0.0,0.0,0.0,0.8930041121094344,0.1092964830228403,0.5826271018789502,0.0,0.0,0.4690522913506116,5
0.5577689243027888,0.02510460251046025,1,1.0,1.0,0.1459695137254902,0.007764974963193485,0.11180123529184874,0.0016727657471255746,0.31087014596034535,0.29464287423179486,0.3578792315325535,0.276695226759307,0.6563785835124212,0.4283919373705847,0.2881355689816147,0.3578792315325535,0.26818594,0.09283049594367444,4
0.9641434262948207,0.4560669456066946,1,0.0,0.0,0.17429194901960784,0.007608684801510096,0.03478258740480824,0.0013228017558888612,0.33359154248153505,0.32711040318903895,0.37334314010792974,0.2977396532271347,0.7222222159465017,0.39698492320269696,0.27330509456244595,0.37334314010792974,0.2453213,0.11494238132646704,4
0.7091633466135459,0.37656903765690375,1,0.0,0.0,0.01742932745098039,0.0006722330192650425,0.013664558058101984,0.00023777384188402006,0.9406144985473122,0.923701258736191,0.9756996025353489,0.9197193711700896,0.42181066611415796,0.5263819106698694,0.36440675461433514,0.9756996025353489,0.14110672,0.0374759383588322,2
0.896414342629482,0.502092050209205,1,0.0,0.0,0.0,0.0,0.0,0.0,0.0,0.0,0.0,0.0,0.8930041121094344,0.1092964830228403,0.5826271018789502,0.0,0.0,0.4690522913506116,5
0.1752988047808765,0.3263598326359833,1,0.0,0.0,0.030501086274509804,0.0005946649926596398,0.017391302199298,0.0003419634961162183,0.016008263547893527,0.0008116882969830496,0.04270986883129699,0.002338269654301803,0.7716049347165064,0.25000000282663304,0.4703389653565787,0.04270986883129699,0.9861111,0.07543635738883711,3
0.7569721115537849,0.45188284518828453,1,0.0,0.0,0.043572968627450984,0.0022580621797972903,0.021118043657264367,0.0005570119997472463,0.27782082038174505,0.2646103712288119,0.3195876117850691,0.24629772419960325,0.6913580109282116,0.3932160602462696,0.3114406683110098,0.3195876117850691,0.27171725,0.09728726592167743,4
0.30278884462151395,0.7280334728033473,1,0.0,0.0,0.11546843137254902,0.013373484719973808,0.1391304077558753,0.02316803469190435,0.22695586528135914,0.21347401531271093,0.2628866048388321,0.2018706180242987,0.7078189190367317,0.3505025137417615,0.3665254156088409,0.2628866048388321,0.27036038,0.08259609658915937,6
0.7370517928286853,0.6778242677824268,1,0.0,0.0,0.05664488235294117,0.0014478809116427258,0.04720497247174084,0.0014319725069629927,0.11954557457925871,0.09902596916375025,0.10309277906411797,0.15666406838147875,0.6934156221269617,0.05527638496060697,0.8792372576351984,0.14801178536073795,0.39643326,0.9013707659855874,7
0.5537848605577689,0.4769874476987448,1,0.0,0.0,0.010893250980392158,0.0001098837793745301,0.014906833235600419,0.00022441363854992018,0.0431190292213487,0.05357142935412801,0.050810013248821694,0.024941542792157666,0.9567901222336533,0.159547740741711,0.4322033725402185,0.05154639085753762,0.5456349,0.26114959283107975,1
0.44223107569721115,0.3305439330543933,1,0.0,0.0,0.2897603921568627,0.012121464811995329,0.028571416113576636,0.0006346358065602312,0.4544281395640013,0.42126624008712465,0.5287187148106133,0.4076383271196156,0.47530863135573803,0.6042713682182895,0.17796611252154534,0.5287187148106133,0.27834544,0.07823325010750333,4
0.7410358565737052,0.28870292887029286,1,0.0,0.0,0.052287556862745097,0.0012410399088022192,0.029813664235176132,0.0005129435346236666,0.2824683898518479,0.27597403996774317,0.3159057502510622,0.25331253302221246,0.740740735253772,0.3517587938562157,0.33050846471918993,0.3159057502510622,0.24472968,0.10901877022526575,4
0.2908366533864542,0.49372384937238495,1,0.0,0.0,0.008714596862745097,5.170998805577138e-5,0.002484471870529697,2.1372726622219314e-5,0.0036147688958874952,0.0,0.010309278569151115,0.0,0.864197525697302,0.14447236240846187,0.5529660843965457,0.010309278569151115,1.0,0.08090525126305143,3
0.5537848605577689,0.47280334728033474,1,0.0,0.0,0.0392156862745098,0.0007756497946583957,0.02484472094132168,0.0007587314759005293,0.01755744872370097,0.0016233765939660991,0.0405007353424099,0.008573655071748867,0.7654320881572927,0.23115577849675514,0.5084745619864982,0.0405007353424099,0.97376543,0.04883137802392935,3
0.7808764940239044,0.9414225941422594,1,0.0,0.0,0.09586056470588236,0.011919146437918283,0.07453415611589093,0.00548210194230923,0.11205783925818248,0.09577921919010374,0.11045656177867039,0.12938425551413077,0.7283950495427521,0.12939698520586598,0.7182203186629204,0.12297495859370426,0.29272884,0.9860763420482467,7
0.6175298804780877,0.08786610878661087,1,0.0,0.0,0.030500923921568626,0.00028440698754826383,0.0583850535164563,0.0007507148374282243,0.950167883816201,0.9480520296424348,0.9698085790146643,0.9314108127385561,0.5308641892775489,0.44974872192937104,0.3813559281636024,0.9698085790146643,0.113055356,0.0463678321736123,2
0.7171314741035857,0.06694560669456066,1,0.0,0.0,0.028322407843137255,0.0008079699628130299,0.011180123529184873,0.00018433921034051654,0.9625613931080216,0.9683441804517519,0.9712813183263527,0.9477786064605266,0.5864197471993596,0.39698492320269696,0.4131355761320384,0.9712813183263527,0.09626316,0.04937440335275007,2
0.06772908366533864,0.5606694560669456,1,0.0,0.0,0.015250547450980392,3.231869519599076e-5,0.0136645951761121,0.0002698306433998505,0.02736896599129252,0.04058441338811353,0.026509572706115075,0.015588464595838982,0.9835390974470356,0.11180904573918586,0.4851694779113402,0.03681884928704824,0.6005291,0.363241949984478,1
0.0199203187250996,0.2928870292887029,1,0.0,0.5,0.16122003921568628,0.015254450115218875,0.1279503200030857,0.0205632327444304,0.08701265800194138,0.05600649183436289,0.1251841006982025,0.07638347462561264,0.6255143784941309,0.32663314634100205,0.491525409411807,0.1251841006982025,0.6281558,0.026388517952647926,3
0.1752988047808765,0.40585774058577406,1,0.0,0.5,1.0,0.022330683054902264,0.6099378776436101,0.01149148485078436,0.34727603244852157,0.30519481895134076,0.405007353424099,0.32657833198508707,0.4465020560547172,0.49246231366000853,0.39618642165056756,0.405007353424099,0.35897508,0.03159057865787959,3
0.44223107569721115,0.7782426778242678,1,0.0,0.0,0.16557738431372548,0.005224851499939616,0.11055900505844689,0.0022525635325289263,0.3508907839160584,0.32629870839043257,0.4123711162564719,0.30943100360308634,0.5781892838858399,0.5125628181043407,0.22669491497145214,0.4123711162564719,0.29632849,0.08520006436761791,6
0.01593625498007968,0.8326359832635983,1,0.0,0.5,0.08496734117647059,0.0029145003354296814,0.09937886587708906,0.001885090496542957,0.3576039266492309,0.33198050623392444,0.4263623120297326,0.30943100360308634,0.5679012278920893,0.5515075129589537,0.1716101676736211,0.4263623120297326,0.3175664,0.09452669720712335,6
0.5418326693227091,0.7154811715481172,1,0.0,0.0,0.07189542745098039,0.006728760075979535,0.08074532740712251,0.006649590876395016,0.24348051412797875,0.22970779440172245,0.28424153693489296,0.21356196138544156,0.6995884557232119,0.3793969902938055,0.3262711617979749,0.28424153693489296,0.28575617,0.09819076992600048,6
0.41434262948207173,0.7615062761506276,1,0.0,0.0,0.12636164705882352,0.003324906927862025,0.06459627847228085,0.0015705688807535756,0.41905500136498847,0.3879870017208847,0.49779089103246765,0.3655494741839602,0.5041152066567588,0.6180904381707536,0.1249999880826272,0.49779089103246765,0.30846536,0.0895468801025612,6
0.6613545816733067,0.7447698744769874,1,0.0,0.0,0.14814813333333335,0.0039052992305012735,0.08447203599552572,0.0011140247208238853,0.4071779010744509,0.37499998721590916,0.4801177873334478,0.3608729326306178,0.5000000027777779,0.5854271099688146,0.18432200016608047,0.4801177873334478,0.29552308,0.07962082706458552,6
0.7370517928286853,0.0041841004184100415,1,0.0,0.0,0.017429189411764707,0.0004749863698969139,0.05217390905752117,0.0014184105045179746,0.043635424279951186,0.028409090029146995,0.07511045379152832,0.024941542792157666,0.7613168657597924,0.28140702830105313,0.42796608868679986,0.07511045379152832,0.6873016,0.08765432535770024,5
0.3346613545816733,0.37656903765690375,1,0.0,0.0,0.05228758431372549,0.0022493825441137153,0.02857142505767546,0.0008789529211387887,0.14846373271769894,0.15503245734551577,0.17746686982719534,0.1114575187386588,0.88888888563786,0.2952261321731143,0.27330509456244595,0.17746686982719534,0.4047922,0.18020247630002365,1
0.0,0.2928870292887029,1,0.0,0.0,0.4771241960784314,0.4667665276780098,0.20621116234713277,0.1481343392319804,0.14872193024700017,0.1022727264425915,0.2025036767120495,0.13639906433674,0.4855966873494885,0.42211053679831356,0.47457625874389553,0.2025036767120495,0.5952822,0.017150360008872725,3
0.9123505976095617,0.47280334728033474,1,0.0,0.0,0.01089324705882353,0.00018744869950317313,0.00621118023533042,0.00010953518832323521,0.004647560407360508,0.0,0.013254786353057537,0.0,0.8559670734948939,0.1545226123693215,0.5444915090625899,0.013254786353057537,1.0,0.08090525126305143,3
0.15139442231075698,0.41841004184100417,1,0.0,0.0,0.028322441960784317,0.0006528385867694805,0.01987577541144252,0.000309904386346331,0.04208623910414374,0.05113636322129575,0.050810013248821694,0.02416211896610697,0.9465020551287912,0.16457286459148754,0.4343220201872667,0.05228276912899286,0.56291884,0.2511504284685009,1
0.848605577689243,0.6276150627615062,1,0.0,0.0,0.14596950196078431,0.001273365015905859,0.2571428411712521,0.013649163560862746,0.2819519738792246,0.2581169005022979,0.32916053660411976,0.2548714059276257,0.60905348890413,0.42211053679831356,0.34745761920066076,0.32916053660411976,0.29805613,0.0615305093186916,6
0.3147410358565737,0.3179916317991632,1,0.0,0.5,0.9564270980392158,1.0,1.0,1.0,0.4701781400519951,0.42938312963163044,0.5235640609457727,0.45284491183647974,0.4115226101204075,0.5012562857677204,0.4173728599854569,0.5235640609457727,0.30628127,0.020167809856589013,3
0.42231075697211157,0.04184100418410042,1,0.0,0.0,0.026143590588235295,0.0009012235155404117,0.026086953410748237,0.0002944814983338734,0.8838110421010394,0.8457792301478959,0.9403534614112411,0.8604831968672424,0.2818929749695156,0.6218592672075839,0.34745761920066076,0.9403534614112411,0.18402189,0.029759459664871438,2
