0.13147410358565736,0.5271966527196653,1,0.0,0.0,0.019607850980392156,0.00029086872099021914,0.024844716469272266,0.0003419636403820969,0.04079525145763754,0.05681818078881346,0.04270986883129699,0.02338269584153715,1.0,0.12939698520586598,0.4385593116678038,0.05154639085753762,0.57363313,0.3311189948614322,1
0.9043824701195219,0.03765690376569038,1,0.0,0.0,0.041394301960784315,0.0008562971425300404,0.018633538469966557,0.0005429975073741504,0.8714175328092187,0.8327922010325308,0.93151695926718,0.8448947203462285,0.2818929749695156,0.636934673807164,0.32203387794455635,0.93151695926718,0.18889166,0.03390443625247555,2
0.00398406374501992,0.9790794979079498,1,0.0,0.0,0.07407407058823529,0.0037748282537202675,0.07080744976351243,0.002364357686471583,0.044668216488558225,0.04545454565377804,0.03976435905917261,0.04910366175826463,0.8827160450045723,0.0954773881960051,0.6165254070283326,0.04786450679039391,0.19104938,0.7946052701052021,7
0.5617529880478087,0.09205020920502092,1,0.0,0.0,0.019607792941176472,0.0010883290889785694,0.011180151479493696,0.00025217870329788915,0.7709785753982519,0.7069805299758074,0.8527246108046789,0.745908023510272,0.12551439423487235,0.72236176681618,0.3389830324260272,0.8527246108046789,0.24777646,0.022782508042384717,2
0.2350597609561753,0.7112970711297071,1,1.0,0.0,0.06535947450980392,0.002094254867918891,0.05962732623432756,0.0015067759519167597,0.13684482995646258,0.12499999086850656,0.11855670752167373,0.16757599633434148,0.7530864154092362,0.050251257718870686,0.8262711713318731,0.15832106658084633,0.28569087,0.8747571874686856,7
0.17131474103585656,0.28451882845188287,1,0.0,0.0,0.017429177647058824,0.0006008150487507426,0.01739132165271294,0.00029119086577704634,0.751097358670716,0.6858765894003523,0.8387334547957772,0.7209664779121908,0.12345672748056431,0.7474874030248614,0.29872879768295757,0.8387334547957772,0.2580791,0.028352201028010168,2
0.6334661354581673,0.12552301255230125,1,0.0,0.0,0.03267973725490196,0.0014130347066752952,0.004968944411866807,0.00012416428940543127,0.004905757936661749,0.004058441850174985,0.00810014706848198,0.002338269654301803,0.8847736589811003,0.1268844227156511,0.5614406597305014,0.00810014706848198,0.537037,0.12710247181326784,5
0.0398406374501992,0.40585774058577406,1,0.0,0.0,0.052287588235294113,0.001396169766511622,0.031055896704602685,0.0006865985871176919,0.12316033998947608,0.13879870017208848,0.13991162636294827,0.09041309227083111,0.9670781893385154,0.2261306467324059,0.3093220263843005,0.13991162636294827,0.38875645,0.2277324171480509,1
0.5418326693227091,0.7154811715481172,1,0.0,0.0,0.07189542745098039,0.006728760075979535,0.08074532740712251,0.006649590876395016,0.24348051412797875,0.22970779440172245,0.28424153693489296,0.21356196138544156,0.6995884557232119,0.3793969902938055,0.3262711617979749,0.28424153693489296,0.28575617,0.09819076992600048,6
0.5139442231075697,0.08786610878661087,1,0.0,0.0,0.04357299215686274,0.001827308164588818,0.018633553451332083,0.0006035064831643162,0.4146656363955271,0.396103876655001,0.4698085458776985,0.3741231278527473,0.6008230255906104,0.49623112008377407,0.23093217975707428,0.4698085458776985,0.24900064,0.0905372651942707,4
0.06772908366533864,0.3305439330543933,1,0.0,0.0,0.04139433333333334,0.0006528385867694805,0.014906832117588066,0.0001602954550766153,0.019623031746646997,0.004058441850174985,0.04565537595246409,0.007014808822609233,0.7674897049115985,0.24748743129119227,0.4788135387837549,0.04565537595246409,0.9261464,0.06794584735923286,3
0.24701195219123506,0.8744769874476988,1,0.0,0.0,0.11982572549019609,0.026637094927647015,0.0819875732926973,0.004392095037744282,0.05706170974629621,0.04788960813401292,0.04270986883129699,0.08106000916414624,0.8024691267718331,0.050251257718870686,0.7754237078874607,0.07658320635800289,0.48671728,0.8569685072181634,7
0.06772908366533864,0.5313807531380753,1,0.0,0.0,0.03485838588235294,0.0009824894187816888,0.0186335373519542,0.00021639871684156982,0.04002065886973382,0.05357142935412801,0.043446242463577006,0.02338269584153715,0.9814814806927298,0.1369346726765107,0.44491523744793177,0.04860088439910983,0.5438712,0.3092808442084035,1
0.7808764940239044,0.9414225941422594,1,0.0,0.0,0.09586056470588236,0.011919146437918283,0.07453415611589093,0.00548210194230923,0.11205783925818248,0.09577921919010374,0.11045656177867039,0.12938425551413077,0.7283950495427521,0.12939698520586598,0.7182203186629204,0.12297495859370426,0.29272884,0.9860763420482467,7
0.9681274900398407,0.7656903765690377,1,0.0,0.0,0.06753811764705882,0.001995509919434049,0.05093167882411933,0.0014697879839795627,0.3467596234472386,0.32467531148802503,0.408689254722465,0.3024161947804771,0.5987654143918603,0.5138191095253272,0.2033897965742606,0.408689254722465,0.30085307,0.09435211959552332,6
0.8207171314741036,0.4351464435146444,1,0.0,0.0,0.04139433333333334,0.0005752732477900385,0.0037267083648007226,2.4044320064815775e-5,0.008520526832549245,0.0032467532609841455,0.019145801920870384,0.002338269654301803,0.8497942343430878,0.1658291447059418,0.5317796441548766,0.019145801920870384,0.93333334,0.08625357168279975,5
0.23107569721115537,0.4560669456066946,1,0.0,0.0,0.08496732156862745,0.0034661010086625326,0.03229812693800453,0.0013487694697623047,0.13297186004560374,0.07711038492605207,0.21944034448129346,0.09508962680936471,0.4197530734339272,0.5854271099688146,0.2669491497145217,0.21944034448129346,0.6812664,0.05554042158343421,3
0.26294820717131473,0.2510460251046025,1,0.0,0.0,0.06535947450980392,0.0015513031146443504,0.03354034151923344,0.00021639770698042,0.8781306546283705,0.8441558697714621,0.9337260682347123,0.8519095291688377,0.3148148097050752,0.6155779005549098,0.3241525389390621,0.9337260682347123,0.17967218,0.03543300965000922,2
0.05179282868525897,0.5648535564853556,1,1.0,0.0,0.03485839215686275,0.0008273591247693702,0.02484472094132168,0.0005343180393228391,0.07384456309355734,0.05844155796719514,0.10382916197474844,0.056897900018771624,0.7489711856043282,0.28140702830105313,0.4406779459673946,0.10382916197474844,0.48786426,0.07821512517075764,4
0.05976095617529881,0.4895397489539749,1,0.0,0.0,0.0196078431372549,0.00013573866432668686,0.014906833235600419,0.00022441363854992018,0.038729666343289434,0.05032467572788412,0.04418262007229293,0.021823850293878396,0.9670781893385154,0.14698492376802355,0.4427965917076631,0.04712812851893867,0.56150794,0.2863553826771825,1
0.749003984063745,0.7364016736401674,1,0.0,0.0,0.047930301960784315,0.0017516644083627752,0.0683229714085111,0.0017232698409584105,0.3382391119516379,0.32224024900779014,0.39690722093588204,0.29150428787204086,0.6481481387174207,0.4949748512758522,0.18432200016608047,0.39690722093588204,0.30575457,0.1081341139312397,6
0.3426294820717131,0.7740585774058577,1,1.0,0.0,0.05228753333333334,0.0015169864941559843,0.04968943293854453,0.0012038171741603654,0.4293829304223991,0.40178571102446664,0.5014727724486541,0.3795790918291787,0.52674892984301,0.5866833787767365,0.1546609941243538,0.5014727724486541,0.28752622,0.08936705774955121,6
0.42231075697211157,0.04184100418410042,1,0.0,0.0,0.026143590588235295,0.0009012235155404117,0.026086953410748237,0.0002944814983338734,0.8838110421010394,0.8457792301478959,0.9403534614112411,0.8604831968672424,0.2818929749695156,0.6218592672075839,0.34745761920066076,0.9403534614112411,0.18402189,0.029759459664871438,2
0.20318725099601595,0.6652719665271967,1,0.0,0.0,0.02178649568627451,0.0007948044699757276,0.0211180092224839,0.00028108952765331643,0.17738188388479892,0.14691557510620473,0.16789396489032427,0.21667965809260611,0.5967078031931101,0.10552763883525666,0.8940677892577564,0.2047128188165477,0.34911168,0.9516450780075594,7
0.4063745019920319,0.4769874476987448,1,0.0,0.0,0.037037039215686275,0.0014446149225370351,0.018633541376798672,0.00049859340768412,0.012393493954872006,0.0032467532609841455,0.025773195097399153,0.007014808822609233,0.8189300348803533,0.18090452303919088,0.538135577562123,0.025773195097399153,0.9238095,0.05437269751450595,3
0.41434262948207173,0.5355648535564853,1,0.0,0.0,0.010893247843137254,0.0001874487099744431,0.0186335373519542,0.0003766941935580669,0.04260263416274622,0.05519480287991231,0.04786450679039391,0.024941542792157666,0.9732510321940254,0.14698492376802355,0.43644066592753533,0.05007363564010577,0.5326279,0.2900368797984404,1
0.0796812749003984,0.46443514644351463,1,0.0,0.0,0.017429194117647057,0.0007045187369414537,0.00993788770572126,0.00029119108217586415,0.003872967122322762,0.0,0.00810014706848198,0.0031176928490197083,0.8621399144985519,0.1319095476960809,0.5762711696157715,0.00810014706848198,0.5555556,0.0160099160083389,3
0.4820717131474104,0.0,1,0.0,0.0,0.0392156862745098,0.0005429628702728324,0.06459630530457731,0.003644049335468084,1.0,1.0,1.0,1.0,0.5288065780787987,0.36180904607838177,0.5317796441548766,1.0,0.09277301,0.0017240187788430008,2
0.8326693227091634,0.5941422594142259,1,0.0,0.0,0.0,0.0,0.0,0.0,0.0,0.0,0.0,0.0,0.8930041121094344,0.1092964830228403,0.5826271018789502,0.0,0.0,0.4690522913506116,5
0.47808764940239046,0.20502092050209206,1,0.0,0.0,0.0893246274509804,0.0040656957007059735,0.06459627176420672,0.002073154197430163,0.1864187974103423,0.1801947988620552,0.23343150049019512,0.1426344507362603,0.7777777683127568,0.39698492320269696,0.2161017053379056,0.23343150049019512,0.4223002,0.13989139382227658,1
0.07569721115537849,0.5146443514644351,1,0.0,0.0,0.026143792156862744,0.0001551301107650938,0.013664596517726923,0.00017365335736995225,0.020655822560985984,0.00811688370034997,0.04270986883129699,0.009353078897799565,0.7901234540237767,0.22738693815339245,0.48940676176475884,0.04270986883129699,0.8292328,0.07373315078173802,5
0.7569721115537849,0.45188284518828453,1,0.0,0.0,0.043572968627450984,0.0022580621797972903,0.021118043657264367,0.0005570119997472463,0.27782082038174505,0.2646103712288119,0.3195876117850691,0.24629772419960325,0.6913580109282116,0.3932160602462696,0.3114406683110098,0.3195876117850691,0.27171725,0.09728726592167743,4
0.08366533864541832,0.3179916317991632,1,0.0,0.0,0.07407411372549019,0.002197295305869286,0.026086953410748237,0.0004498287491888651,0.44642399524164206,0.40746754539393226,0.5324006028541929,0.39282929406611705,0.43415633330665865,0.6620602987093129,0.12288136522371432,0.5324006028541929,0.30969977,0.07892637141045872,4
1.0,0.5271966527196653,1,0.0,0.0,0.03485838588235294,0.0009499728096022942,0.0136645951761121,0.0005138211977357182,0.00516395546596299,0.0024350649640010958,0.011782032461104326,0.000779423194717905,0.8703703667009601,0.14447236240846187,0.5466101548028585,0.011782032461104326,0.75,0.09698953881654435,5
0.1394422310756972,0.9707112970711297,1,1.0,0.0,0.07407407843137255,0.003231872486458903,0.04472049411673949,0.0005129448330165736,0.09295120117586991,0.07224025996558231,0.08026509440158251,0.1262665588069662,0.7016460854404813,0.06783919741168147,0.8495762515934718,0.11929307717751785,0.4522286,0.9079631094155545,7
0.01195219123505976,0.7447698744769874,1,0.0,0.0,0.08061005882352941,0.0067804705230259735,0.2621117576328101,0.0826617083445981,0.18435322414727265,0.17126623643452732,0.21870397482544937,0.16056118751173226,0.726337438344002,0.3316582781053512,0.37923726716909667,0.21870397482544937,0.27147257,0.07968089139995665,6
0.12749003984063745,0.5774058577405857,1,0.0,0.0,0.02178649411764706,0.0004395344368655719,0.016149068388256624,0.00010953510176370808,0.037955076543921815,0.0300324664770092,0.057437409739047054,0.024941542792157666,0.8189300348803533,0.2185929660456806,0.47457625874389553,0.057437409739047054,0.5783389,0.10104883893934725,1
0.7051792828685259,0.7280334728033473,1,0.0,0.0,0.10239654509803922,0.0031524938027533856,0.06956521953011058,0.0016425397373149178,0.34185387039051496,0.3214285688195733,0.4020618615459362,0.2977396532271347,0.6131687113016303,0.5037688459966289,0.20550843850096992,0.4020618615459362,0.30003616,0.09725275811777094,6
0.6454183266932271,0.6485355648535565,1,0.0,0.0,0.06971676862745098,0.0019132704847709338,0.054658394120596636,0.0007587316922993471,0.1182545869327525,0.0900973994310276,0.10824742630156535,0.1558846319287722,0.6358024530064008,0.08793970072536039,0.8834745605564135,0.14727539582271432,0.4462137,0.9353015556736993,7
0.30278884462151395,0.7280334728033473,1,0.0,0.0,0.11546843137254902,0.013373484719973808,0.1391304077558753,0.02316803469190435,0.22695586528135914,0.21347401531271093,0.2628866048388321,0.2018706180242987,0.7078189190367317,0.3505025137417615,0.3665254156088409,0.2628866048388321,0.27036038,0.08259609658915937,6
0.545816733067729,0.4393305439330544,1,0.0,0.0,0.02396514117647059,0.00026501367198816605,0.009937888823733613,0.00014960904668241857,0.045184613638562784,0.05519480287991231,0.054491897978704726,0.02572096591672748,0.9526748979843012,0.16834170832680992,0.4216101438388755,0.05522828088933519,0.5591711,0.24831537701286185,1
0.3147410358565737,0.4393305439330544,1,0.0,0.0,0.058823529411764705,0.0028505114517298888,0.03478260976505529,0.0006304952964995616,0.15130389856867232,0.15503245734551577,0.18262149718246318,0.11457521544582336,0.866255140599756,0.3077889333176564,0.2754237364891553,0.18262149718246318,0.40736422,0.1665543989304879,1
0.4940239043824701,0.14644351464435146,1,1.0,0.0,0.023965076078431374,0.0010673990970972943,0.04844723177346386,0.0005638885771142958,0.8683191903429649,0.8238636459101977,0.9344624378905564,0.8409976082307837,0.2386831212772441,0.6670853965540651,0.31567795216442845,0.9344624378905564,0.20012376,0.03211010457995843,2
0.28286852589641437,0.7531380753138075,1,1.0,0.0,0.0501089294117647,0.0008855334867723428,0.06956521953011058,0.0033234578049715757,0.10586109158361245,0.08847402444420434,0.09867452136469425,0.13016367092241085,0.7222222159465017,0.09924623193132746,0.7754237078874607,0.12297495859370426,0.3503698,0.940769337588604,7
0.3147410358565737,0.3179916317991632,1,0.0,0.5,0.9564270980392158,1.0,1.0,1.0,0.4701781400519951,0.42938312963163044,0.5235640609457727,0.45284491183647974,0.4115226101204075,0.5012562857677204,0.4173728599854569,0.5235640609457727,0.30628127,0.020167809856589013,3
0.3147410358565737,0.3514644351464435,1,0.0,0.0,0.047930286274509806,0.0017581400162374494,0.021118001172794956,0.0003980666352551761,0.14923832530560266,0.1558441594493169,0.1767304802891717,0.11379579302273442,0.88888888563786,0.2876884401798566,0.2860169461227018,0.1767304802891717,0.39043593,0.17858492762507047,1
0.44223107569721115,0.0794979079497908,1,0.0,0.0,0.021786558823529412,0.000474984485068318,0.027329201532347733,0.0005194166724613461,0.7895688393359827,0.7362013089594049,0.862297482604584,0.7638347111820822,0.19958847146395342,0.6809045230391908,0.33262710664589923,0.862297482604584,0.22538376,0.026991459355598497,2
0.6533864541832669,0.3682008368200837,1,0.0,0.0,0.03485845333333333,0.0008273593341947698,0.01739132165271294,0.0003419631715179916,0.6511748381463932,0.577110384926052,0.7820323948303948,0.5837879630931265,0.09259259653635134,0.9434673383168986,0.0,0.7820323948303948,0.33041757,0.059896392450026155,2
0.7450199203187251,0.5104602510460251,1,0.0,0.0,0.01307189568627451,0.00046538990471842406,0.011180123529184873,5.610336707904588e-5,0.046475600587934957,0.06087662775262478,0.05154639085753762,0.027279811464386235,0.9855967086457857,0.14698492376802355,0.42372880483338127,0.05596465717257248,0.53858024,0.29765909770173027,1
0.8167330677290837,0.20920502092050208,1,0.0,0.0,0.02178649019607843,0.0007045187892978037,0.011180121293160167,0.00033142786720498997,0.04931577898732081,0.034090911249262085,0.0810014706848198,0.03039750606710815,0.7592592490054866,0.2839195998364939,0.4258474467600905,0.0810014706848198,0.64589113,0.08937057895403147,5
0.6693227091633466,0.3807531380753138,1,0.0,0.0,0.0392156862745098,0.0006205184709711963,0.019875784355541343,0.00021372665309220927,0.4058869064566044,0.3904220642011196,0.46170841338948143,0.3616523760981332,0.6275720082114002,0.49748741150476067,0.2012711737153477,0.46170841338948143,0.25975996,0.10107080013571097,4
0.3107569721115538,0.07112970711297072,1,0.0,0.0,0.16775596078431373,0.006565304947814681,0.018633538469966557,0.0004748371454629968,0.4350632621243459,0.3904220642011196,0.5243004637385827,0.3834762249890499,0.395061683493368,0.675879368661777,0.13983051970518512,0.5243004637385827,0.32455578,0.0716181300443455,4
0.9641434262948207,0.3472803347280335,1,0.0,0.0,0.02614378823529412,0.0005429547550386007,0.0049689435174569245,2.1372723736901743e-5,0.008262329303248004,0.0016233765939660991,0.021354934084278833,0.000779423194717905,0.8395061690900776,0.1783919571570163,0.5211864230806523,0.021354934084278833,0.9777778,0.08519622810799997,5
0.8247011952191236,0.9581589958158996,1,1.0,0.0,0.04139434117647059,0.0015060535458861523,0.0546583807044484,0.003611989850606912,0.09863156076317772,0.07954545471148171,0.086156111294874,0.13016367092241085,0.711934141434232,0.07035176103254961,0.8347457390387104,0.12297495859370426,0.42162097,0.9124437123880922,7
0.22310756972111553,0.694560669456067,1,0.0,0.0,0.037037056862745096,0.0009630979007896036,0.03229813141005395,0.0012396189880441097,0.1365866254558211,0.11525974094756704,0.12223858893786017,0.17225252385806625,0.6810699364159417,0.07035176103254961,0.8665254060749427,0.16273931765287689,0.3589904,0.9162938158994577,7
0.601593625498008,0.602510460251046,1,0.0,0.0,0.0196078431372549,0.0010665181142499325,0.24099377882026216,0.09507654458984201,0.05086496207172617,0.038961039862329225,0.07290132494181646,0.038971158332933485,0.7839506074645629,0.23492461884011775,0.483050830264292,0.07290132494181646,0.5,0.07698155457804864,5
0.22709163346613545,0.4100418410041841,1,0.0,0.0,0.034858388235294115,0.0004395344368655719,0.06335403258670605,0.0012102298645949318,0.02995094128430492,0.010551947641623802,0.05596465717257248,0.021044426467827698,0.7345679016575217,0.25000000282663304,0.5084745619864982,0.05596465717257248,0.8644824,0.04580586647121882,3
0.7091633466135459,0.37656903765690375,1,0.0,0.0,0.01742932745098039,0.0006722330192650425,0.013664558058101984,0.00023777384188402006,0.9406144985473122,0.923701258736191,0.9756996025353489,0.9197193711700896,0.42181066611415796,0.5263819106698694,0.36440675461433514,0.9756996025353489,0.14110672,0.0374759383588322,2
0.47410358565737054,0.5230125523012552,1,0.0,0.0,0.023965143529411766,0.0007304037163235232,0.022360249294394455,0.00032059080916711563,0.043635424279951186,0.05681818078881346,0.04786450679039391,0.026500388339816418,0.9773662508878218,0.1419597976569405,0.4406779459673946,0.05301914541223015,0.52954143,0.2976981460061508,1
0.2908366533864542,0.49372384937238495,1,0.0,0.0,0.008714596862745097,5.170998805577138e-5,0.002484471870529697,2.1372726622219314e-5,0.0036147688958874952,0.0,0.010309278569151115,0.0,0.864197525697302,0.14447236240846187,0.5529660843965457,0.010309278569151115,1.0,0.08090525126305143,3
0.545816733067729,0.5104602510460251,1,0.0,0.0,0.026143792156862744,0.0007756494281639466,0.026086953410748237,0.00015228051894167706,0.044926416806395565,0.05681818078881346,0.05228276912899286,0.02572096591672748,0.9670781893385154,0.15829145836595032,0.42372880483338127,0.054491897978704726,0.5582011,0.26933337242488065,1
0.9920318725099602,0.6903765690376569,1,0.0,0.5,0.06318086274509804,0.0018548805891276106,0.07701861881871933,0.0012228763557746603,0.3741286033812116,0.3441558332454883,0.44845362703642394,0.32424003665658496,0.5288065780787987,0.5841708411608928,0.15677963605106313,0.44845362703642394,0.3181372,0.08871433763484293,6
0.01593625498007968,0.8326359832635983,1,0.0,0.5,0.08496734117647059,0.0029145003354296814,0.09937886587708906,0.001885090496542957,0.3576039266492309,0.33198050623392444,0.4263623120297326,0.30943100360308634,0.5679012278920893,0.5515075129589537,0.1716101676736211,0.4263623120297326,0.3175664,0.09452669720712335,6
0.6454183266932271,0.2384937238493724,1,0.0,0.0,0.07189545098039216,0.0038588549596472164,0.03478261423710471,0.0006946134222665151,0.39581722372787687,0.37987012678676846,0.45213547531564446,0.35151985653874174,0.6275720082114002,0.49748741150476067,0.2012711737153477,0.45213547531564446,0.26505277,0.10130736947881859,4
0.848605577689243,0.6276150627615062,1,0.0,0.0,0.14596950196078431,0.001273365015905859,0.2571428411712521,0.013649163560862746,0.2819519738792246,0.2581169005022979,0.32916053660411976,0.2548714059276257,0.60905348890413,0.42211053679831356,0.34745761920066076,0.32916053660411976,0.29805613,0.0615305093186916,6
0.7370517928286853,0.0041841004184100415,1,0.0,0.0,0.017429189411764707,0.0004749863698969139,0.05217390905752117,0.0014184105045179746,0.043635424279951186,0.028409090029146995,0.07511045379152832,0.024941542792157666,0.7613168657597924,0.28140702830105313,0.42796608868679986,0.07511045379152832,0.6873016,0.08765432535770024,5
0.3784860557768924,0.3054393305439331,1,0.0,0.0,0.058823545098039214,0.0022299918463711114,0.03602483329038302,0.0016483734166459164,0.16627937618216504,0.17207791662274416,0.19882179529586305,0.1262665588069662,0.8765432058527662,0.31783919684635487,0.2478813533063416,0.19882179529586305,0.39879107,0.1727397837858134,1
0.08764940239043825,0.49372384937238495,1,0.0,0.0,0.0196078431372549,0.00013573871493782508,0.008695651211450234,0.000109535209963117,0.0036147688958874952,0.0,0.010309278569151115,0.0,0.864197525697302,0.14447236240846187,0.5529660843965457,0.010309278569151115,0.7777778,0.08090525126305143,3
0.1593625498007968,0.26778242677824265,1,0.0,0.5,0.603485843137255,0.03339681889798959,0.5950310611781949,0.02287594461690629,0.3834237144360563,0.3465908957257232,0.43372603509774643,0.3655494741839602,0.4732510201569879,0.4635678371079644,0.4173728599854569,0.43372603509774643,0.29780185,0.03228314398118021,3
0.9083665338645418,0.7698744769874477,1,0.0,0.0,0.16339866666666666,0.003975444173820289,0.09192545764438151,0.0016212846126302468,0.33255875933567036,0.31006492199622626,0.39027982775935327,0.29306313973302756,0.6008230255906104,0.48869347331664575,0.24364403131733015,0.39027982775935327,0.29027814,0.08863162639486724,6
0.9203187250996016,0.6861924686192469,1,0.0,0.0,0.0457516431372549,0.0010883306422169493,0.06335403258670605,0.00156380547996825,0.10715207923011864,0.09090909422963397,0.08983799271106044,0.14107559186046478,0.7304526607415023,0.047738692967349325,0.8538135354468905,0.1332842331864195,0.38741234,0.8845907069594513,7
0.5617529880478087,0.41841004184100417,1,0.0,0.0,0.04357299215686274,0.0007948040685770452,0.012422354656996603,0.00024832840569180824,0.2003614779352898,0.17938311136864357,0.2378497846991916,0.180826191556471,0.6604938244284407,0.3517587938562157,0.4131355761320384,0.2378497846991916,0.31548372,0.060839574869045045,5
0.5378486055776892,0.14225941422594143,1,0.0,0.0,0.047930274509803916,0.0026953151887167182,0.04596272435014134,0.0011009745015830297,0.3699974289697113,0.35146102799138773,0.42268042398615296,0.3320342749170919,0.6172839336991305,0.47236178660261163,0.2542372981542658,0.42268042398615296,0.25936732,0.08989179134772975,4
0.2350597609561753,0.17154811715481172,1,0.0,0.0,0.028322454901960788,0.0010406716342371437,0.01739129482041647,0.0005343201311780781,0.7782081341040477,0.7378246693358387,0.8564065253578311,0.7342166380602761,0.3024690869570167,0.7060301592478722,0.18432200016608047,0.8564065253578311,0.21837935,0.05583249622874375,2
0.9083665338645418,0.3891213389121339,1,0.0,0.0,0.01960783725490196,0.0009558914157226816,0.06335403258670605,0.0014724079244670025,0.1378776270450078,0.11931818571981992,0.1730485922455921,0.11847233457607685,0.7016460854404813,0.3241205974186259,0.4173728599854569,0.1730485922455921,0.37553233,0.07048204121777413,5
1.0,0.7949790794979079,1,0.0,0.0,0.1808278705882353,0.00959013878621227,0.12422358905443545,0.004180301475291728,0.2809191837620197,0.2613636504759444,0.32474226564990966,0.25331253302221246,0.6419753051211704,0.40452259258288986,0.3432203353472422,0.32474226564990966,0.2753682,0.06581403603626615,6
0.5537848605577689,0.4769874476987448,1,0.0,0.0,0.026143787058823528,0.00038782489732919786,0.05962732623432756,0.0027250223828510574,0.02736896599129252,0.011363636596074377,0.05154639085753762,0.017147310143497733,0.7613168657597924,0.23994973929793467,0.497881335191935,0.05154639085753762,0.85319865,0.054988148459689024,3
0.8844621513944223,0.6276150627615062,1,0.0,0.0,0.05446624705882353,0.005306727930576876,0.20124220116508068,0.022377249213246034,0.2930544885531987,0.26298701085237813,0.3460971844911842,0.2657833198508708,0.5576131718983388,0.45477385369372025,0.345338958206155,0.3460971844911842,0.30841646,0.04608242928416012,6
0.5577689243027888,0.02510460251046025,1,1.0,1.0,0.1459695137254902,0.007764974963193485,0.11180123529184874,0.0016727657471255746,0.31087014596034535,0.29464287423179486,0.3578792315325535,0.276695226759307,0.6563785835124212,0.4283919373705847,0.2881355689816147,0.3578792315325535,0.26818594,0.09283049594367444,4
0.1752988047808765,0.3263598326359833,1,0.0,0.0,0.030501086274509804,0.0005946649926596398,0.017391302199298,0.0003419634961162183,0.016008263547893527,0.0008116882969830496,0.04270986883129699,0.002338269654301803,0.7716049347165064,0.25000000282663304,0.4703389653565787,0.04270986883129699,0.9861111,0.07543635738883711,3
0.9601593625498008,0.7196652719665272,1,0.0,0.0,0.05882352549019607,0.0016350851418961794,0.04844720270514269,0.0012970562836013264,0.10715207923011864,0.09253246921645723,0.08247422987868755,0.1473109852747939,0.7427983464525221,0.010050252222166085,0.9046610179590994,0.13917525670710415,0.42024404,0.8537667871801989,7
0.0796812749003984,0.3305439330543933,1,0.0,0.0,0.026143840784313723,7.756444368585912e-5,0.01739132165271294,0.0004060816363097597,0.7911180105691097,0.7735389263511451,0.8519882411488349,0.7435697351965788,0.4711933719211992,0.6206029757865973,0.1546609941243538,0.8519882411488349,0.17969723,0.08027150858722626,2
0.398406374501992,0.4602510460251046,1,1.0,0.0,0.026143792156862744,0.0014716916197030207,0.03354037058755462,0.0006406804098189665,0.023754197095405025,0.00811688370034997,0.03976435905917261,0.021823850293878396,0.7654320881572927,0.19723617809493452,0.565677949304259,0.03976435905917261,0.8435185,0.0021841660737916264,3
0.7529880478087649,0.39330543933054396,1,0.0,0.0,0.07407409019607843,0.0040075265743379895,0.04844718705296975,0.0012102318121842922,0.31887426239734357,0.3011363449583089,0.37334314010792974,0.27825409264991136,0.6419753051211704,0.46859296887231366,0.23516950174608572,0.37334314010792974,0.29599184,0.09912533466037032,4
0.00398406374501992,0.13807531380753138,1,0.0,0.0,0.08496734117647059,0.0041691145005448545,0.05341616165117009,0.0011033659970517825,0.1306480753105523,0.1266233804657193,0.16715757535230064,0.09586905624726247,0.8148148069272974,0.32914572918297513,0.2923728719028297,0.16715757535230064,0.45768142,0.1440403919960502,1
0.20318725099601595,0.3807531380753138,1,0.0,0.0,0.028322441960784317,0.000885533050469427,0.018633538469966557,0.00040875341874065704,0.020139426805249477,0.004870130074106086,0.041973491222581066,0.011691347570028135,0.7695473198140526,0.2261306467324059,0.5127118477466964,0.041973491222581066,0.89973545,0.04989561574644843,3
0.47808764940239046,0.42677824267782427,1,0.0,0.0,0.06753811764705882,0.0026695286392724284,0.06583849528953445,0.0011033667183811752,0.14123419492592396,0.14610389491798786,0.16863034117356157,0.1075603996084053,0.8786008189033682,0.28517586864441585,0.3008474396096669,0.16863034117356157,0.39658895,0.17519682467416953,1
0.0,0.2928870292887029,1,0.0,0.0,0.4771241960784314,0.4667665276780098,0.20621116234713277,0.1481343392319804,0.14872193024700017,0.1022727264425915,0.2025036767120495,0.13639906433674,0.4855966873494885,0.42211053679831356,0.47457625874389553,0.2025036767120495,0.5952822,0.017150360008872725,3
0.350597609561753,0.8786610878661087,1,0.0,0.0,0.05446622745098039,0.0025919618343151897,0.03229813588210336,0.0011434413990558665,0.09811515873323498,0.07792207972465845,0.08247422987868755,0.13406078303785554,0.7037036966392315,0.054020101454193045,0.8707626899283613,0.12665684000989072,0.44601154,0.898493182086358,7
0.6972111553784861,0.3723849372384937,1,0.0,0.0,0.07625270980392157,0.0013509243688092979,0.03229814035415277,0.00047019957453107097,0.3860056897290687,0.3676947924700098,0.4432989731715834,0.34294621689957233,0.6131687113016303,0.5000000056532661,0.21186438334889418,0.4432989731715834,0.26862052,0.09725201681156455,4
0.9322709163346613,0.7740585774058577,1,0.0,0.0,0.06535947450980392,0.002326950047155619,0.04968943293854453,0.0008282796034304118,0.32946038201271516,0.30519481895134076,0.3880706989096414,0.29072484440452545,0.5884773398795904,0.49246231366000853,0.2499999761652544,0.3880706989096414,0.29423782,0.08457095485558254,6
0.23107569721115537,0.3682008368200837,1,0.0,0.0,0.030501092156862745,0.0014478794282128127,0.022360245716754924,0.0002564727050400439,0.014200878751382767,0.0008116882969830496,0.03681884928704824,0.0031176928490197083,0.7860082242188687,0.22864320696131438,0.491525409411807,0.03681884928704824,0.9861111,0.07064783435082866,3
0.9243027888446215,0.7238493723849372,1,0.0,0.0,0.019607850980392156,0.00013573866432668686,0.01739130152849059,0.0005663770192534357,0.08262328606113978,0.07142857247217067,0.06553755548205041,0.1114575187386588,0.7777777683127568,0.04271356911757275,0.8135593007038209,0.10530191454122302,0.40555555,0.8635468584934854,7
0.7410358565737052,0.28870292887029286,1,0.0,0.0,0.052287556862745097,0.0012410399088022192,0.029813664235176132,0.0005129435346236666,0.2824683898518479,0.27597403996774317,0.3159057502510622,0.25331253302221246,0.740740735253772,0.3517587938562157,0.33050846471918993,0.3159057502510622,0.24472968,0.10901877022526575,4
0.9123505976095617,0.47280334728033474,1,0.0,0.0,0.01089324705882353,0.00018744869950317313,0.00621118023533042,0.00010953518832323521,0.004647560407360508,0.0,0.013254786353057537,0.0,0.8559670734948939,0.1545226123693215,0.5444915090625899,0.013254786353057537,1.0,0.08090525126305143,3
0.24302788844621515,0.8870292887029289,1,0.0,0.0,0.09803921568627451,0.009986490316518567,0.037267076939933114,0.0017632494504191357,0.046475600587934957,0.03571428623608534,0.030927837032931983,0.07326578493325689,0.7942386727175731,0.041457289003118535,0.7987287881490593,0.06921944352563002,0.5931498,0.8483393323229207,7
0.3466135458167331,0.7071129707112971,1,0.0,0.0,0.058823505882352946,0.0016350857178160283,0.08571425057675462,0.0020836861836279583,0.3514071789746609,0.33035712394190647,0.4131074991671023,0.30631332794034827,0.6049382665066299,0.5138191095253272,0.19703390892972547,0.4131074991671023,0.3009182,0.09678328889727726,6
0.6414342629482072,0.6192468619246861,1,0.0,0.0,0.08496732156862745,0.0016759682957868496,0.04968943964661865,0.001049904164176878,0.18202943244088096,0.18425323632911333,0.19587628353552072,0.16523771503545703,0.8436213933394296,0.2261306467324059,0.43644066592753533,0.19587628353552072,0.20284556,0.13499113740631305,4
0.3147410358565737,0.12133891213389121,1,0.0,0.0,0.02396512549019608,0.00100198238592773,0.01614907576713815,0.0005570123604119427,0.7717531958715166,0.7029220559827755,0.8549337197722112,0.7498050935368638,0.08847735562033182,0.7298994927290348,0.36440675461433514,0.8549337197722112,0.2540513,0.01783914467052087,2
0.3386454183266932,0.7782426778242678,1,1.0,0.5,0.06318086274509804,0.00253350754036151,0.028571445181897814,0.0007962500537390398,0.4407436077689732,0.4107142661467998,0.5154639284575558,0.3904910338116591,0.5041152066567588,0.603015076797303,0.15042372933873166,0.5154639284575558,0.28533262,0.08579327612660984,6
0.15139442231075698,0.41841004184100417,1,0.0,0.0,0.028322441960784317,0.0006528385867694805,0.01987577541144252,0.000309904386346331,0.04208623910414374,0.05113636322129575,0.050810013248821694,0.02416211896610697,0.9465020551287912,0.16457286459148754,0.4343220201872667,0.05228276912899286,0.56291884,0.2511504284685009,1
0.9083665338645418,0.47280334728033474,1,0.0,0.0,0.03485839215686275,0.0001292747825291747,0.01987577541144252,0.00024578628221925936,0.04105344898693878,0.05194805071470738,0.04712812851893867,0.02416211896610697,0.9609053501867093,0.15075376863399914,0.4427965917076631,0.05007363564010577,0.5458554,0.27674585997626455,1
0.8924302788844621,0.19665271966527198,1,0.0,0.0,0.013071901960784314,0.0007358459145642102,0.009937888823733613,0.0002483286220906261,0.05809449986350116,0.04058441338811353,0.09351988075464004,0.037412314889717385,0.7386831240550219,0.3052763843952803,0.41101693420532903,0.09351988075464004,0.62222224,0.08569251408050914,5
0.6215139442231076,0.30962343096234307,1,0.0,0.0,0.047930286274509806,0.0021662713762250515,0.004968946200686571,0.00012416433268519483,0.13193906992839877,0.10633116390964964,0.17820324611043264,0.1075603996084053,0.6502057499161707,0.3793969902938055,0.37711862524238743,0.17820324611043264,0.45902446,0.068577829432818,5
0.44223107569721115,0.3305439330543933,1,0.0,0.0,0.2897603921568627,0.012121464811995329,0.028571416113576636,0.0006346358065602312,0.4544281395640013,0.42126624008712465,0.5287187148106133,0.4076383271196156,0.47530863135573803,0.6042713682182895,0.17796611252154534,0.5287187148106133,0.27834544,0.07823325010750333,4
