0.1394422310756972,0.5606694560669456,1,0.0,0.0,0.01089324705882353,0.0003425785746646925,0.028571427293700165,0.0014880757038083022,0.005938549448134762,0.0024350649640010958,0.009572900960435192,0.005455962573469599,0.864197525697302,0.12939698520586598,0.5783898138306164,0.009572900960435192,0.25185186,0.0,3
0.8924302788844621,0.19665271966527198,1,0.0,0.0,0.013071901960784314,0.0007358459145642102,0.009937888823733613,0.0002483286220906261,0.05809449986350116,0.04058441338811353,0.09351988075464004,0.037412314889717385,0.7386831240550219,0.3052763843952803,0.41101693420532903,0.09351988075464004,0.62222224,0.08569251408050914,5
0.9322709163346613,0.7740585774058577,1,0.0,0.0,0.06535947450980392,0.002326950047155619,0.04968943293854453,0.0008282796034304118,0.32946038201271516,0.30519481895134076,0.3880706989096414,0.29072484440452545,0.5884773398795904,0.49246231366000853,0.2499999761652544,0.3880706989096414,0.29423782,0.08457095485558254,6
0.1752988047808765,0.40585774058577406,1,0.0,0.5,1.0,0.022330683054902264,0.6099378776436101,0.01149148485078436,0.34727603244852157,0.30519481895134076,0.405007353424099,0.32657833198508707,0.4465020560547172,0.49246231366000853,0.39618642165056756,0.405007353424099,0.35897508,0.03159057865787959,3
0.1593625498007968,0.26778242677824265,1,0.0,0.5,0.603485843137255,0.03339681889798959,0.5950310611781949,0.02287594461690629,0.3834237144360563,0.3465908957257232,0.43372603509774643,0.3655494741839602,0.4732510201569879,0.4635678371079644,0.4173728599854569,0.43372603509774643,0.29780185,0.03228314398118021,3
0.3107569721115538,0.07112970711297072,1,0.0,0.0,0.16775596078431373,0.006565304947814681,0.018633538469966557,0.0004748371454629968,0.4350632621243459,0.3904220642011196,0.5243004637385827,0.3834762249890499,0.395061683493368,0.675879368661777,0.13983051970518512,0.5243004637385827,0.32455578,0.0716181300443455,4
0.3386454183266932,0.7615062761506276,1,0.0,0.0,0.12854036470588237,0.0028833676790988565,0.04968943293854453,0.0013052020400349355,0.42809192186187217,0.3920454611035271,0.5073637959693388,0.37879967642089857,0.46296296416323734,0.6231155473220381,0.15889831611336525,0.5073637959693388,0.29957896,0.07812913365081878,6
0.7768924302788844,0.49372384937238495,1,0.0,0.0,0.03267973529411765,0.0007562583988311271,0.014906832117588066,0.00012823630924025837,0.044151822824223794,0.05762987047378352,0.04860088439910983,0.026500388339816418,0.9794238657902757,0.1432160800327012,0.43644066592753533,0.054491897978704726,0.54012346,0.2961829087072697,1
0.027888446215139442,0.11715481171548117,1,1.0,0.0,0.05446629803921569,0.0019714417053929133,0.040993787764361,0.0005049298536018718,0.7903434249525462,0.7491883380747699,0.8748158993017975,0.7404520735634583,0.29218106800030474,0.741206025065655,0.13559319771617367,0.8748158993017975,0.22295359,0.06167528642079555,2
0.24701195219123506,0.7949790794979079,1,0.0,0.0,0.05664488235294117,0.0016030093731827983,0.021118006539254254,0.00039806692378693316,0.05422153483258048,0.04545454565377804,0.03681884928704824,0.08106000916414624,0.8065843584285931,0.03391960266312706,0.7987287881490593,0.07658320635800289,0.54320127,0.836552396847751,7
0.00398406374501992,0.9790794979079498,1,0.0,0.0,0.07407407058823529,0.0037748282537202675,0.07080744976351243,0.002364357686471583,0.044668216488558225,0.04545454565377804,0.03976435905917261,0.04910366175826463,0.8827160450045723,0.0954773881960051,0.6165254070283326,0.04786450679039391,0.19104938,0.7946052701052021,7
0.01195219123505976,0.7447698744769874,1,0.0,0.0,0.08061005882352941,0.0067804705230259735,0.2621117576328101,0.0826617083445981,0.18435322414727265,0.17126623643452732,0.21870397482544937,0.16056118751173226,0.726337438344002,0.3316582781053512,0.37923726716909667,0.21870397482544937,0.27147257,0.07968089139995665,6
0.3784860557768924,0.3054393305439331,1,0.0,0.0,0.058823545098039214,0.0022299918463711114,0.03602483329038302,0.0016483734166459164,0.16627937618216504,0.17207791662274416,0.19882179529586305,0.1262665588069662,0.8765432058527662,0.31783919684635487,0.2478813533063416,0.19882179529586305,0.39879107,0.1727397837858134,1
0.3147410358565737,0.4393305439330544,1,0.0,0.0,0.058823529411764705,0.0028505114517298888,0.03478260976505529,0.0006304952964995616,0.15130389856867232,0.15503245734551577,0.18262149718246318,0.11457521544582336,0.866255140599756,0.3077889333176564,0.2754237364891553,0.18262149718246318,0.40736422,0.1665543989304879,1
0.4900398406374502,0.07531380753138076,1,0.0,0.0,0.03921573725490196,0.0012410332769979009,0.023602434807302185,0.0006545462939105661,0.8954298960628937,0.8709415351384615,0.9469808545877698,0.8643803159974959,0.38065842362063657,0.5992462025343434,0.2838982851281961,0.9469808545877698,0.16561614,0.048151970885791824,2
0.2589641434262948,0.12552301255230125,1,0.0,0.0,0.02396517411764706,0.0005719595620496045,0.008695717844986468,0.0002364035612897716,0.7647818556090429,0.694805217574633,0.8541973501163671,0.7373343768562937,0.08230444795000426,0.7600502493955329,0.31991523601784705,0.8541973501163671,0.26204562,0.023389193041677418,2
0.20318725099601595,0.3807531380753138,1,0.0,0.0,0.028322441960784317,0.000885533050469427,0.018633538469966557,0.00040875341874065704,0.020139426805249477,0.004870130074106086,0.041973491222581066,0.011691347570028135,0.7695473198140526,0.2261306467324059,0.5127118477466964,0.041973491222581066,0.89973545,0.04989561574644843,3
0.8685258964143426,0.28870292887029286,1,0.0,0.0,0.05010889019607843,0.0005752732477900385,0.014906832117588066,0.0006732396605366172,0.27678803723588036,0.26542209524819727,0.3195876117850691,0.24240062611377625,0.7057613078379816,0.3982411920106188,0.2881355689816147,0.3195876117850691,0.28296396,0.10532180204348104,4
0.0199203187250996,0.2928870292887029,1,0.0,0.5,0.16122003921568628,0.015254450115218875,0.1279503200030857,0.0205632327444304,0.08701265800194138,0.05600649183436289,0.1251841006982025,0.07638347462561264,0.6255143784941309,0.32663314634100205,0.491525409411807,0.1251841006982025,0.6281558,0.026388517952647926,3
0.5139442231075697,0.08786610878661087,1,0.0,0.0,0.04357299215686274,0.001827308164588818,0.018633553451332083,0.0006035064831643162,0.4146656363955271,0.396103876655001,0.4698085458776985,0.3741231278527473,0.6008230255906104,0.49623112008377407,0.23093217975707428,0.4698085458776985,0.24900064,0.0905372651942707,4
0.6892430278884463,0.16317991631799164,1,0.0,0.0,0.03921573725490196,0.0013265620866029875,0.021118030241116133,0.0006871233758908058,0.7490317505509451,0.6915584164646232,0.8335788009309367,0.7147310494238176,0.1831275633554333,0.7311557615369566,0.26483050778781236,0.8335788009309367,0.2473368,0.035889376283305297,2
0.9163346613545816,0.47280334728033474,1,0.0,0.0,0.13507626274509804,0.026113541027482895,0.040993787764361,0.0046405538453637134,0.02091402078742125,0.010551947641623802,0.039027982775935326,0.011691347570028135,0.8065843584285931,0.2072864337090603,0.5063559162462297,0.039027982775935326,0.895369,0.07635700409918246,3
0.5537848605577689,0.2594142259414226,1,0.0,0.0,0.06753809411764707,0.001444616056924616,0.01739129482041647,0.0007239952097957686,0.3227472253368622,0.333603903136332,0.3387334216588113,0.29540138595786786,0.8580246883973479,0.27261306749987363,0.3432203353472422,0.3387334216588113,0.1761556,0.1574092193176466,4
0.9402390438247012,0.7531380753138075,1,0.0,0.0,0.0392156862745098,0.0005429546503259008,0.03354037058755462,0.0007293440115089549,0.051123163086697544,0.038961039862329225,0.03608247565476822,0.07872174189487943,0.7818929962658128,0.045226134999747356,0.8050847329969838,0.07437407750829103,0.5358197,0.8623935342976158,7
0.22709163346613545,0.4100418410041841,1,0.0,0.0,0.034858388235294115,0.0004395344368655719,0.06335403258670605,0.0012102298645949318,0.02995094128430492,0.010551947641623802,0.05596465717257248,0.021044426467827698,0.7345679016575217,0.25000000282663304,0.5084745619864982,0.05596465717257248,0.8644824,0.04580586647121882,3
0.8605577689243028,0.5732217573221757,1,0.0,0.0,0.08061002352941177,0.00445352536246301,0.023602477291771597,0.0003660081602551544,0.20268526267034123,0.15665584694272852,0.2754050149086523,0.16991424957399065,0.46913576072244906,0.5326632886290757,0.3050847425308819,0.2754050149086523,0.4837708,0.05429675069366342,4
0.21115537848605578,0.5104602510460251,1,0.0,0.0,0.06100218431372549,0.0017581391436316178,0.011180124870799696,0.00024845779775828136,0.037438679393917255,0.026785714311804265,0.05964653858875892,0.02416211896610697,0.798353904374333,0.23241205861120937,0.47245761300362693,0.05964653858875892,0.6304714,0.08950345809152316,5
0.17131474103585656,0.28451882845188287,1,0.0,0.0,0.017429177647058824,0.0006008150487507426,0.01739132165271294,0.00029119086577704634,0.751097358670716,0.6858765894003523,0.8387334547957772,0.7209664779121908,0.12345672748056431,0.7474874030248614,0.29872879768295757,0.8387334547957772,0.2580791,0.028352201028010168,2
0.0796812749003984,0.46443514644351463,1,0.0,0.0,0.017429194117647057,0.0007045187369414537,0.00993788770572126,0.00029119108217586415,0.003872967122322762,0.0,0.00810014706848198,0.0031176928490197083,0.8621399144985519,0.1319095476960809,0.5762711696157715,0.00810014706848198,0.5555556,0.0160099160083389,3
0.3784860557768924,0.3472803347280335,1,0.0,0.0,0.028322454901960788,0.0004977088337727776,0.009937892401373142,0.00030990486242373026,0.1409759834539422,0.11688311593439028,0.19072165618025289,0.1114575187386588,0.6584361947111713,0.39949747212507297,0.3347457485726085,0.19072165618025289,0.45154575,0.08266626122159222,5
0.7290836653386454,0.5606694560669456,1,0.0,0.0,0.028322441960784317,0.001067399201809994,0.004968943741059394,0.00019632097484493583,0.003872967122322762,0.0024350649640010958,0.00810014706848198,0.000779423194717905,0.8806584319539702,0.1319095476960809,0.5572033720635235,0.00810014706848198,0.5277778,0.11305043815922629,5
0.2350597609561753,0.7112970711297071,1,1.0,0.0,0.06535947450980392,0.002094254867918891,0.05962732623432756,0.0015067759519167597,0.13684482995646258,0.12499999086850656,0.11855670752167373,0.16757599633434148,0.7530864154092362,0.050251257718870686,0.8262711713318731,0.15832106658084633,0.28569087,0.8747571874686856,7
0.5617529880478087,0.41841004184100417,1,0.0,0.0,0.04357299215686274,0.0007948040685770452,0.012422354656996603,0.00024832840569180824,0.2003614779352898,0.17938311136864357,0.2378497846991916,0.180826191556471,0.6604938244284407,0.3517587938562157,0.4131355761320384,0.2378497846991916,0.31548372,0.060839574869045045,5
0.06772908366533864,0.3305439330543933,1,0.0,0.0,0.04139433333333334,0.0006528385867694805,0.014906832117588066,0.0001602954550766153,0.019623031746646997,0.004058441850174985,0.04565537595246409,0.007014808822609233,0.7674897049115985,0.24748743129119227,0.4788135387837549,0.04565537595246409,0.9261464,0.06794584735923286,3
0.20318725099601595,0.6652719665271967,1,0.0,0.0,0.02178649568627451,0.0007948044699757276,0.0211180092224839,0.00028108952765331643,0.17738188388479892,0.14691557510620473,0.16789396489032427,0.21667965809260611,0.5967078031931101,0.10552763883525666,0.8940677892577564,0.2047128188165477,0.34911168,0.9516450780075594,7
0.6454183266932271,0.6485355648535565,1,0.0,0.0,0.06971676862745098,0.0019132704847709338,0.054658394120596636,0.0007587316922993471,0.1182545869327525,0.0900973994310276,0.10824742630156535,0.1558846319287722,0.6358024530064008,0.08793970072536039,0.8834745605564135,0.14727539582271432,0.4462137,0.9353015556736993,7
0.22310756972111553,0.3263598326359833,1,0.0,0.0,0.06753812549019608,0.0022804302086365637,0.13788818646657225,0.003392719708998411,0.11851278446205375,0.09496753169669211,0.16273931765287689,0.09431021140108459,0.6707818804221912,0.36557787511521206,0.37923726716909667,0.16273931765287689,0.47748852,0.0743537352724001,5
0.8007968127490039,0.7615062761506276,1,0.0,0.0,0.04357301960784314,0.0013094453996569612,0.07577637516916924,0.001795559092313716,0.2907307177608278,0.2767857201559601,0.33578792978064853,0.2564302437589947,0.6810699364159417,0.4133165873036664,0.2881355689816147,0.33578792978064853,0.27838665,0.0996969373434466,6
1.0,0.7949790794979079,1,0.0,0.0,0.1808278705882353,0.00959013878621227,0.12422358905443545,0.004180301475291728,0.2809191837620197,0.2613636504759444,0.32474226564990966,0.25331253302221246,0.6419753051211704,0.40452259258288986,0.3432203353472422,0.32474226564990966,0.2753682,0.06581403603626615,6
0.8247011952191236,0.09623430962343096,1,0.0,0.0,0.06753813333333333,0.0030209284037386623,0.009937888823733613,0.0003619979583492868,0.10069714099758764,0.07873376721807007,0.13917525670710415,0.08106000916414624,0.6893003997294614,0.3316582781053512,0.4173728599854569,0.13917525670710415,0.479958,0.06830538086932206,5
0.7768924302788844,0.3514644351464435,1,0.0,0.0,0.06753811764705882,0.001961297662603116,0.029813666471200838,0.0009124174835241153,0.053188744018241495,0.04951298604291407,0.07142857237534188,0.037412314889717385,0.8456790063900318,0.21608040581677215,0.4512711689483986,0.07142857237534188,0.51256585,0.1448682642346684,5
0.545816733067729,0.4393305439330544,1,0.0,0.0,0.02396514117647059,0.00026501367198816605,0.009937888823733613,0.00014960904668241857,0.045184613638562784,0.05519480287991231,0.054491897978704726,0.02572096591672748,0.9526748979843012,0.16834170832680992,0.4216101438388755,0.05522828088933519,0.5591711,0.24831537701286185,1
0.42231075697211157,0.04184100418410042,1,0.0,0.0,0.026143590588235295,0.0009012235155404117,0.026086953410748237,0.0002944814983338734,0.8838110421010394,0.8457792301478959,0.9403534614112411,0.8604831968672424,0.2818929749695156,0.6218592672075839,0.34745761920066076,0.9403534614112411,0.18402189,0.029759459664871438,2
0.5298804780876494,0.7364016736401674,1,0.0,0.0,0.07407406666666667,0.002644612950447856,0.04720497247174084,0.0012873625542908567,0.41389105077896365,0.3847402663576277,0.4911634978559389,0.3600935102075289,0.5205761332837983,0.609296443449977,0.12288136522371432,0.4911634978559389,0.30745777,0.09219445521860949,6
0.16334661354581673,0.19246861924686193,1,0.0,0.0,0.05446629803921569,0.0017026765613187098,0.022360219108060925,0.00026339225199902016,0.45804288406019783,0.43425323267651594,0.5265095395691491,0.40841774252789576,0.5452674491502802,0.5753768464401161,0.1546609941243538,0.5265095395691491,0.26677614,0.09270914411769178,4
0.099601593625498,0.23430962343096234,1,1.0,0.0,0.0392156862745098,0.00155130171847502,0.05465838741252252,0.0022975673454760964,0.139426805249475,0.1428571376391466,0.17157585293390387,0.10210443563197394,0.8683127517985061,0.3090452134321106,0.27118641450014386,0.17157585293390387,0.4369392,0.16822982508750337,1
0.6334661354581673,0.12552301255230125,1,0.0,0.0,0.03267973725490196,0.0014130347066752952,0.004968944411866807,0.00012416428940543127,0.004905757936661749,0.004058441850174985,0.00810014706848198,0.002338269654301803,0.8847736589811003,0.1268844227156511,0.5614406597305014,0.00810014706848198,0.537037,0.12710247181326784,5
0.2350597609561753,0.17154811715481172,1,0.0,0.0,0.028322454901960788,0.0010406716342371437,0.01739129482041647,0.0005343201311780781,0.7782081341040477,0.7378246693358387,0.8564065253578311,0.7342166380602761,0.3024690869570167,0.7060301592478722,0.18432200016608047,0.8564065253578311,0.21837935,0.05583249622874375,2
0.24302788844621515,0.8870292887029289,1,0.0,0.0,0.09803921568627451,0.009986490316518567,0.037267076939933114,0.0017632494504191357,0.046475600587934957,0.03571428623608534,0.030927837032931983,0.07326578493325689,0.7942386727175731,0.041457289003118535,0.7987287881490593,0.06921944352563002,0.5931498,0.8483393323229207,7
0.23107569721115537,0.3682008368200837,1,0.0,0.0,0.030501092156862745,0.0014478794282128127,0.022360245716754924,0.0002564727050400439,0.014200878751382767,0.0008116882969830496,0.03681884928704824,0.0031176928490197083,0.7860082242188687,0.22864320696131438,0.491525409411807,0.03681884928704824,0.9861111,0.07064783435082866,3
0.545816733067729,0.5104602510460251,1,0.0,0.0,0.026143792156862744,0.0007756494281639466,0.026086953410748237,0.00015228051894167706,0.044926416806395565,0.05681818078881346,0.05228276912899286,0.02572096591672748,0.9670781893385154,0.15829145836595032,0.42372880483338127,0.054491897978704726,0.5582011,0.26933337242488065,1
0.13147410358565736,0.5271966527196653,1,0.0,0.0,0.019607850980392156,0.00029086872099021914,0.024844716469272266,0.0003419636403820969,0.04079525145763754,0.05681818078881346,0.04270986883129699,0.02338269584153715,1.0,0.12939698520586598,0.4385593116678038,0.05154639085753762,0.57363313,0.3311189948614322,1
0.47410358565737054,0.5230125523012552,1,0.0,0.0,0.023965143529411766,0.0007304037163235232,0.022360249294394455,0.00032059080916711563,0.043635424279951186,0.05681818078881346,0.04786450679039391,0.026500388339816418,0.9773662508878218,0.1419597976569405,0.4406779459673946,0.05301914541223015,0.52954143,0.2976981460061508,1
0.41434262948207173,0.5355648535564853,1,0.0,0.0,0.010893247843137254,0.0001874487099744431,0.0186335373519542,0.0003766941935580669,0.04260263416274622,0.05519480287991231,0.04786450679039391,0.024941542792157666,0.9732510321940254,0.14698492376802355,0.43644066592753533,0.05007363564010577,0.5326279,0.2900368797984404,1
0.0796812749003984,0.3305439330543933,1,0.0,0.0,0.026143840784313723,7.756444368585912e-5,0.01739132165271294,0.0004060816363097597,0.7911180105691097,0.7735389263511451,0.8519882411488349,0.7435697351965788,0.4711933719211992,0.6206029757865973,0.1546609941243538,0.8519882411488349,0.17969723,0.08027150858722626,2
0.08764940239043825,0.18410041841004185,1,0.0,0.0,0.08714594509803922,0.006412034525871367,0.039751539642761506,0.0005663771635193143,0.1634392033598514,0.158279214624357,0.20618555812823594,0.12314886209980162,0.7942386727175731,0.36934672676510716,0.24576271137963226,0.20618555812823594,0.43507022,0.14080872318734838,1
0.5537848605577689,0.058577405857740586,1,0.0,0.0,0.039215637254901965,0.0025596490658580055,0.02484470976119815,8.549019597942538e-5,0.89233155359664,0.8603896196396946,0.9432990063085492,0.8690568435212207,0.3251028656988258,0.5954773734975131,0.34745761920066076,0.9432990063085492,0.17250364,0.03269132571106237,2
0.22709163346613545,0.42677824267782427,1,0.0,0.0,0.13507626274509804,0.002134798403619988,0.016149069059064033,0.0002810889505898022,0.1453653553947438,0.1233766304920728,0.18851252070314786,0.12081060184534366,0.6728394916209414,0.366834177842731,0.37499998331567813,0.18851252070314786,0.4148072,0.07510501204724522,5
0.6613545816733067,0.7447698744769874,1,0.0,0.0,0.14814813333333335,0.0039052992305012735,0.08447203599552572,0.0011140247208238853,0.4071779010744509,0.37499998721590916,0.4801177873334478,0.3608729326306178,0.5000000027777779,0.5854271099688146,0.18432200016608047,0.4801177873334478,0.29552308,0.07962082706458552,6
0.5577689243027888,0.02510460251046025,1,1.0,1.0,0.1459695137254902,0.007764974963193485,0.11180123529184874,0.0016727657471255746,0.31087014596034535,0.29464287423179486,0.3578792315325535,0.276695226759307,0.6563785835124212,0.4283919373705847,0.2881355689816147,0.3578792315325535,0.26818594,0.09283049594367444,4
0.44223107569721115,0.0794979079497908,1,0.0,0.0,0.021786558823529412,0.000474984485068318,0.027329201532347733,0.0005194166724613461,0.7895688393359827,0.7362013089594049,0.862297482604584,0.7638347111820822,0.19958847146395342,0.6809045230391908,0.33262710664589923,0.862297482604584,0.22538376,0.026991459355598497,2
0.5537848605577689,0.47280334728033474,1,0.0,0.0,0.0392156862745098,0.0007756497946583957,0.02484472094132168,0.0007587314759005293,0.01755744872370097,0.0016233765939660991,0.0405007353424099,0.008573655071748867,0.7654320881572927,0.23115577849675514,0.5084745619864982,0.0405007353424099,0.97376543,0.04883137802392935,3
0.47808764940239046,0.20502092050209206,1,0.0,0.0,0.0893246274509804,0.0040656957007059735,0.06459627176420672,0.002073154197430163,0.1864187974103423,0.1801947988620552,0.23343150049019512,0.1426344507362603,0.7777777683127568,0.39698492320269696,0.2161017053379056,0.23343150049019512,0.4223002,0.13989139382227658,1
0.7848605577689243,0.48535564853556484,1,0.0,0.0,0.09586056470588236,0.007653079495787409,0.1913043235214706,0.042948493041912415,0.28401756108497483,0.27759740034417696,0.3195876117850691,0.2525331176139324,0.740740735253772,0.36306532619283605,0.3114406683110098,0.3195876117850691,0.24899939,0.11538477433777312,4
0.01195219123505976,0.7949790794979079,1,0.0,1.0,0.10675380392156862,0.0029299412701371246,0.11677016069750554,0.0022538472103162802,0.37438680091051285,0.3441558332454883,0.4455080821391157,0.3281371838460737,0.52674892984301,0.5678391996729878,0.1864406420927898,0.4455080821391157,0.30885938,0.08445772033255966,6
0.4940239043824701,0.14644351464435146,1,1.0,0.0,0.023965076078431374,0.0010673990970972943,0.04844723177346386,0.0005638885771142958,0.8683191903429649,0.8238636459101977,0.9344624378905564,0.8409976082307837,0.2386831212772441,0.6670853965540651,0.31567795216442845,0.9344624378905564,0.20012376,0.03211010457995843,2
0.44223107569721115,0.3305439330543933,1,0.0,0.0,0.2897603921568627,0.012121464811995329,0.028571416113576636,0.0006346358065602312,0.4544281395640013,0.42126624008712465,0.5287187148106133,0.4076383271196156,0.47530863135573803,0.6042713682182895,0.17796611252154534,0.5287187148106133,0.27834544,0.07823325010750333,4
0.601593625498008,0.029288702928870293,1,0.0,0.0,0.03050107450980392,0.0007948076113567206,0.012422397365068486,0.00019632018138260378,0.7815647298703248,0.7102272507286749,0.8645065915721163,0.7622758733507131,0.06584355836000338,0.7311557615369566,0.385593212017021,0.8645065915721163,0.2546684,0.014079313722435993,2
0.8844621513944223,0.21338912133891214,1,0.0,0.0,0.013071898039215686,0.0005203216459998702,0.009937887034913849,0.0003619980449088139,0.044926416806395565,0.0300324664770092,0.07584683670215879,0.026500388339816418,0.7633744769585425,0.27889446807214474,0.43008473061350916,0.07584683670215879,0.6703704,0.08937057895403147,5
0.3426294820717131,0.7740585774058577,1,1.0,0.0,0.05228753333333334,0.0015169864941559843,0.04968943293854453,0.0012038171741603654,0.4293829304223991,0.40178571102446664,0.5014727724486541,0.3795790918291787,0.52674892984301,0.5866833787767365,0.1546609941243538,0.5014727724486541,0.28752622,0.08936705774955121,6
0.027888446215139442,0.7866108786610879,1,0.0,0.0,0.06535949411764706,0.001376641685706926,0.031055907884726217,0.0005138211977357182,0.10457010393710625,0.097402594176927,0.07805596555187065,0.13951676104390456,0.8004115155730831,0.0,0.8622881222215242,0.13181149387473126,0.40888458,0.8221554519485411,7
0.0398406374501992,0.40585774058577406,1,0.0,0.0,0.052287588235294113,0.001396169766511622,0.031055896704602685,0.0006865985871176919,0.12316033998947608,0.13879870017208848,0.13991162636294827,0.09041309227083111,0.9670781893385154,0.2261306467324059,0.3093220263843005,0.13991162636294827,0.38875645,0.2277324171480509,1
0.8087649402390438,0.606694560669456,1,0.0,0.0,0.01960785490196078,0.0004867155535357639,0.04472048517264067,0.0004023382252930978,0.1652465790936198,0.1266233804657193,0.16863034117356157,0.19875292131713415,0.5390946525910685,0.16834170832680992,0.8474576096667625,0.18777614441991058,0.38903406,1.0,7
0.8167330677290837,0.20920502092050208,1,0.0,0.0,0.02178649019607843,0.0007045187892978037,0.011180121293160167,0.00033142786720498997,0.04931577898732081,0.034090911249262085,0.0810014706848198,0.03039750606710815,0.7592592490054866,0.2839195998364939,0.4258474467600905,0.0810014706848198,0.64589113,0.08937057895403147,5
0.9641434262948207,0.3472803347280335,1,0.0,0.0,0.02614378823529412,0.0005429547550386007,0.0049689435174569245,2.1372723736901743e-5,0.008262329303248004,0.0016233765939660991,0.021354934084278833,0.000779423194717905,0.8395061690900776,0.1783919571570163,0.5211864230806523,0.021354934084278833,0.9777778,0.08519622810799997,5
0.9601593625498008,0.7196652719665272,1,0.0,0.0,0.05882352549019607,0.0016350851418961794,0.04844720270514269,0.0012970562836013264,0.10715207923011864,0.09253246921645723,0.08247422987868755,0.1473109852747939,0.7427983464525221,0.010050252222166085,0.9046610179590994,0.13917525670710415,0.42024404,0.8537667871801989,7
0.00398406374501992,0.13807531380753138,1,0.0,0.0,0.08496734117647059,0.0041691145005448545,0.05341616165117009,0.0011033659970517825,0.1306480753105523,0.1266233804657193,0.16715757535230064,0.09586905624726247,0.8148148069272974,0.32914572918297513,0.2923728719028297,0.16715757535230064,0.45768142,0.1440403919960502,1
0.9243027888446215,0.7238493723849372,1,0.0,0.0,0.019607850980392156,0.00013573866432668686,0.01739130152849059,0.0005663770192534357,0.08262328606113978,0.07142857247217067,0.06553755548205041,0.1114575187386588,0.7777777683127568,0.04271356911757275,0.8135593007038209,0.10530191454122302,0.40555555,0.8635468584934854,7
0.896414342629482,0.502092050209205,1,0.0,0.0,0.0,0.0,0.0,0.0,0.0,0.0,0.0,0.0,0.8930041121094344,0.1092964830228403,0.5826271018789502,0.0,0.0,0.4690522913506116,5
0.9123505976095617,0.4435146443514644,1,0.0,0.0,0.12854033725490197,0.0016212282311023245,0.03229810904980689,0.0006208216922791499,0.2721404677657775,0.2451298786921276,0.3298969195147502,0.2369446691521537,0.5884773398795904,0.4736180554105335,0.2817796432014868,0.3298969195147502,0.33502588,0.07871105902281869,4
0.08366533864541832,0.4393305439330544,1,0.0,0.0,0.015250539215686275,0.00018744866459893987,0.007453413822769328,9.617725717672253e-5,0.039246063493293994,0.04951298604291407,0.04639175223570138,0.021823850293878396,0.9567901222336533,0.15577889248377572,0.4385593116678038,0.04860088439910983,0.57539684,0.26526282298039605,1
0.7171314741035857,0.06694560669456066,1,0.0,0.0,0.028322407843137255,0.0008079699628130299,0.011180123529184873,0.00018433921034051654,0.9625613931080216,0.9683441804517519,0.9712813183263527,0.9477786064605266,0.5864197471993596,0.39698492320269696,0.4131355761320384,0.9712813183263527,0.09626316,0.04937440335275007,2
0.4063745019920319,0.8577405857740585,1,0.0,0.0,0.03485838588235294,0.0011376191892305083,0.048447193761043866,0.0008255212398325016,0.1014717266141511,0.07954545471148171,0.0905743756216909,0.13406078303785554,0.6893003997294614,0.07914572974830177,0.843220325813344,0.12665684000989072,0.43169576,0.9226476811228359,7
0.26294820717131473,0.2510460251046025,1,0.0,0.0,0.06535947450980392,0.0015513031146443504,0.03354034151923344,0.00021639770698042,0.8781306546283705,0.8441558697714621,0.9337260682347123,0.8519095291688377,0.3148148097050752,0.6155779005549098,0.3241525389390621,0.9337260682347123,0.17967218,0.03543300965000922,2
0.3147410358565737,0.12133891213389121,1,0.0,0.0,0.02396512549019608,0.00100198238592773,0.01614907576713815,0.0005570123604119427,0.7717531958715166,0.7029220559827755,0.8549337197722112,0.7498050935368638,0.08847735562033182,0.7298994927290348,0.36440675461433514,0.8549337197722112,0.2540513,0.01783914467052087,2
0.5378486055776892,0.14225941422594143,1,0.0,0.0,0.047930274509803916,0.0026953151887167182,0.04596272435014134,0.0011009745015830297,0.3699974289697113,0.35146102799138773,0.42268042398615296,0.3320342749170919,0.6172839336991305,0.47236178660261163,0.2542372981542658,0.42268042398615296,0.25936732,0.08989179134772975,4
0.11155378486055777,0.7698744769874477,1,0.0,0.0,0.017429189411764707,0.0007045184228033544,0.013664590033255276,0.0004908023289129307,0.11179964172888125,0.10551948372143276,0.08836524014458585,0.1426344507362603,0.8045267435261391,0.017587944215423732,0.8283898132585824,0.13475699900768043,0.34230694,0.8291491756239469,7
0.28286852589641437,0.7531380753138075,1,1.0,0.0,0.0501089294117647,0.0008855334867723428,0.06956521953011058,0.0033234578049715757,0.10586109158361245,0.08847402444420434,0.09867452136469425,0.13016367092241085,0.7222222159465017,0.09924623193132746,0.7754237078874607,0.12297495859370426,0.3503698,0.940769337588604,7
0.7370517928286853,0.6778242677824268,1,0.0,0.0,0.05664488235294117,0.0014478809116427258,0.04720497247174084,0.0014319725069629927,0.11954557457925871,0.09902596916375025,0.10309277906411797,0.15666406838147875,0.6934156221269617,0.05527638496060697,0.8792372576351984,0.14801178536073795,0.39643326,0.9013707659855874,7
0.3147410358565737,0.3514644351464435,1,0.0,0.0,0.047930286274509806,0.0017581400162374494,0.021118001172794956,0.0003980666352551761,0.14923832530560266,0.1558441594493169,0.1767304802891717,0.11379579302273442,0.88888888563786,0.2876884401798566,0.2860169461227018,0.1767304802891717,0.39043593,0.17858492762507047,1
0.08764940239043825,0.49372384937238495,1,0.0,0.0,0.0196078431372549,0.00013573871493782508,0.008695651211450234,0.000109535209963117,0.0036147688958874952,0.0,0.010309278569151115,0.0,0.864197525697302,0.14447236240846187,0.5529660843965457,0.010309278569151115,0.7777778,0.08090525126305143,3
0.4900398406374502,0.7531380753138075,1,0.0,0.0,0.1372549294117647,0.004779460394515567,0.07329192588248908,0.0020198180922684165,0.41647302607197606,0.386363641344451,0.49558174892796947,0.3616523760981332,0.5123456699702785,0.6193467069786754,0.11440677844908073,0.49558174892796947,0.31361094,0.09182380211542476,6
0.50199203187251,0.5523012552301255,1,0.0,0.0,0.058823529411764705,0.00021330350417559345,0.019875774069827698,0.0004381408470657619,0.0291763486964012,0.006493506521968291,0.06259205034910124,0.015588464595838982,0.7098765302354818,0.2876884401798566,0.4703389653565787,0.06259205034910124,0.915376,0.050693835736811764,3
0.47410358565737054,0.26359832635983266,1,0.0,0.0,0.013071945098039215,0.00015513050343771793,0.011180151479493696,5.610352865682985e-5,0.710043902712437,0.6509740490992366,0.8166421000247267,0.6539360513192188,0.18518519307270268,0.8341708779071227,0.08898301812517986,0.8166421000247267,0.2767844,0.05752482416726439,2
0.26693227091633465,0.38493723849372385,1,0.0,0.0,0.026143794117647057,0.0010083444503316253,0.024844716469272266,0.0006946137612913296,0.01497547064215246,0.0008116882969830496,0.03755522689576416,0.004676539448899782,0.7798353850670626,0.22864320696131438,0.497881335191935,0.03755522689576416,0.9876543,0.06402745101360566,3
0.05976095617529881,0.4895397489539749,1,0.0,0.0,0.0196078431372549,0.00013573866432668686,0.014906833235600419,0.00022441363854992018,0.038729666343289434,0.05032467572788412,0.04418262007229293,0.021823850293878396,0.9670781893385154,0.14698492376802355,0.4427965917076631,0.04712812851893867,0.56150794,0.2863553826771825,1
0.9243027888446215,0.8368200836820083,1,1.0,0.0,0.10457516470588235,0.010626401143183448,0.037267076939933114,0.0012503042567378658,0.1076684812600614,0.09090909422963397,0.10088365021440611,0.13094310737511747,0.726337438344002,0.10175879442154236,0.7669491401806235,0.12371134813172793,0.33542147,0.942555051576472,7
0.5976095617529881,0.6359832635983264,1,0.0,0.0,0.08061002352941177,0.00398813378234139,0.4062111399868857,0.030287852264815604,0.27885361049895,0.252435073438027,0.3181148724733809,0.26266560911408854,0.5905349510783405,0.3806532591017274,0.43644066592753533,0.318851242129225,0.2638465,0.0024945324497433526,6
0.24701195219123506,0.8744769874476988,1,0.0,0.0,0.11982572549019609,0.026637094927647015,0.0819875732926973,0.004392095037744282,0.05706170974629621,0.04788960813401292,0.04270986883129699,0.08106000916414624,0.8024691267718331,0.050251257718870686,0.7754237078874607,0.07658320635800289,0.48671728,0.8569685072181634,7
0.15139442231075698,0.41841004184100417,1,0.0,0.0,0.028322441960784317,0.0006528385867694805,0.01987577541144252,0.000309904386346331,0.04208623910414374,0.05113636322129575,0.050810013248821694,0.02416211896610697,0.9465020551287912,0.16457286459148754,0.4343220201872667,0.05228276912899286,0.56291884,0.2511504284685009,1
0.7410358565737052,0.28870292887029286,1,0.0,0.0,0.052287556862745097,0.0012410399088022192,0.029813664235176132,0.0005129435346236666,0.2824683898518479,0.27597403996774317,0.3159057502510622,0.25331253302221246,0.740740735253772,0.3517587938562157,0.33050846471918993,0.3159057502510622,0.24472968,0.10901877022526575,4
0.21115537848605578,0.33472803347280333,1,0.0,0.0,0.05664487450980392,0.0026889191624938653,0.018633538469966557,0.00018433985232367607,0.022721404886797983,0.004058441850174985,0.05301914541223015,0.008573655071748867,0.7427983464525221,0.27010049596443286,0.46610168150316006,0.05301914541223015,0.94481075,0.0637944584729437,3
0.4860557768924303,0.5899581589958159,1,0.0,0.0,0.0,0.0,0.0,0.0,0.0,0.0,0.0,0.0,0.8930041121094344,0.1092964830228403,0.5826271018789502,0.0,0.0,0.4690522913506116,5
0.7928286852589641,1.0,1,0.0,0.0,0.08932461568627452,0.0024795024890208735,0.03229813588210336,0.0007397945596183072,0.0642912475380712,0.04788960813401292,0.04860088439910983,0.0966484786703514,0.7448559576512722,0.045226134999747356,0.843220325813344,0.09131075190492818,0.5633903,0.8754614654300468,7
0.36254980079681276,0.18828451882845187,1,0.0,0.0,0.01742912745098039,5.1709584911877283e-5,0.018633538469966557,0.00040875406793711047,0.8783888730716926,0.846590873810139,0.9322533289230241,0.8519095291688377,0.3312756807765568,0.6067839058341333,0.32203387794455635,0.9322533289230241,0.17606053,0.037837677254885356,2
