0.22310756972111553,0.3263598326359833,1,0.0,0.0,0.06753812549019608,0.0022804302086365637,0.13788818646657225,0.003392719708998411,0.11851278446205375,0.09496753169669211,0.16273931765287689,0.09431021140108459,0.6707818804221912,0.36557787511521206,0.37923726716909667,0.16273931765287689,0.47748852,0.0743537352724001,5
0.01195219123505976,0.7949790794979079,1,0.0,1.0,0.10675380392156862,0.0029299412701371246,0.11677016069750554,0.0022538472103162802,0.37438680091051285,0.3441558332454883,0.4455080821391157,0.3281371838460737,0.52674892984301,0.5678391996729878,0.1864406420927898,0.4455080821391157,0.30885938,0.08445772033255966,6
0.4063745019920319,0.2217573221757322,1,0.0,0.0,0.026143792156862744,0.0012202614187453882,0.02981360609853378,0.0006628555107978683,0.7583269173765119,0.7037337800021609,0.8365242795543131,0.7279812867348001,0.20164608266270354,0.701004993563926,0.29661015575624833,0.8365242795543131,0.2367968,0.03252625535155902,2
0.2350597609561753,0.7112970711297071,1,1.0,0.0,0.06535947450980392,0.002094254867918891,0.05962732623432756,0.0015067759519167597,0.13684482995646258,0.12499999086850656,0.11855670752167373,0.16757599633434148,0.7530864154092362,0.050251257718870686,0.8262711713318731,0.15832106658084633,0.28569087,0.8747571874686856,7
0.1752988047808765,0.40585774058577406,1,0.0,0.5,1.0,0.022330683054902264,0.6099378776436101,0.01149148485078436,0.34727603244852157,0.30519481895134076,0.405007353424099,0.32657833198508707,0.4465020560547172,0.49246231366000853,0.39618642165056756,0.405007353424099,0.35897508,0.03159057865787959,3
0.30278884462151395,0.7280334728033473,1,0.0,0.0,0.11546843137254902,0.013373484719973808,0.1391304077558753,0.02316803469190435,0.22695586528135914,0.21347401531271093,0.2628866048388321,0.2018706180242987,0.7078189190367317,0.3505025137417615,0.3665254156088409,0.2628866048388321,0.27036038,0.08259609658915937,6
0.9083665338645418,0.3891213389121339,1,0.0,0.0,0.01960783725490196,0.0009558914157226816,0.06335403258670605,0.0014724079244670025,0.1378776270450078,0.11931818571981992,0.1730485922455921,0.11847233457607685,0.7016460854404813,0.3241205974186259,0.4173728599854569,0.1730485922455921,0.37553233,0.07048204121777413,5
0.41434262948207173,0.5355648535564853,1,0.0,0.0,0.010893247843137254,0.0001874487099744431,0.0186335373519542,0.0003766941935580669,0.04260263416274622,0.05519480287991231,0.04786450679039391,0.024941542792157666,0.9732510321940254,0.14698492376802355,0.43644066592753533,0.05007363564010577,0.5326279,0.2900368797984404,1
0.08764940239043825,0.49372384937238495,1,0.0,0.0,0.0196078431372549,0.00013573871493782508,0.008695651211450234,0.000109535209963117,0.0036147688958874952,0.0,0.010309278569151115,0.0,0.864197525697302,0.14447236240846187,0.5529660843965457,0.010309278569151115,0.7777778,0.08090525126305143,3
0.02390438247011952,0.029288702928870293,1,0.0,0.0,0.05010896470588235,0.0012733526772594032,0.021118030241116133,0.00026983427889999,0.9664342514774361,0.9740260148212173,0.9779087115028814,0.9469991910522465,0.5987654143918603,0.41206030718921216,0.37499998331567813,0.9779087115028814,0.096352234,0.058625978938860575,2
0.08366533864541832,0.3179916317991632,1,0.0,0.0,0.07407411372549019,0.002197295305869286,0.026086953410748237,0.0004498287491888651,0.44642399524164206,0.40746754539393226,0.5324006028541929,0.39282929406611705,0.43415633330665865,0.6620602987093129,0.12288136522371432,0.5324006028541929,0.30969977,0.07892637141045872,4
0.6414342629482072,0.6192468619246861,1,0.0,0.0,0.08496732156862745,0.0016759682957868496,0.04968943964661865,0.001049904164176878,0.18202943244088096,0.18425323632911333,0.19587628353552072,0.16523771503545703,0.8436213933394296,0.2261306467324059,0.43644066592753533,0.19587628353552072,0.20284556,0.13499113740631305,4
0.3705179282868526,0.5564853556485355,1,0.0,0.0,0.01742919294117647,0.00020683985798165575,0.011180122858377462,0.00012022158950413798,0.008004131773946764,0.0,0.02282768731349273,0.0,0.8292181019852154,0.18718592926472816,0.516949137320454,0.02282768731349273,1.0,0.08090525126305143,3
0.4900398406374502,0.07531380753138076,1,0.0,0.0,0.03921573725490196,0.0012410332769979009,0.023602434807302185,0.0006545462939105661,0.8954298960628937,0.8709415351384615,0.9469808545877698,0.8643803159974959,0.38065842362063657,0.5992462025343434,0.2838982851281961,0.9469808545877698,0.16561614,0.048151970885791824,2
0.749003984063745,0.5439330543933054,1,0.0,0.0,0.0,0.0,0.0,0.0,0.0,0.0,0.0,0.0,0.8930041121094344,0.1092964830228403,0.5826271018789502,0.0,0.0,0.4690522913506116,5
0.5139442231075697,0.08786610878661087,1,0.0,0.0,0.04357299215686274,0.001827308164588818,0.018633553451332083,0.0006035064831643162,0.4146656363955271,0.396103876655001,0.4698085458776985,0.3741231278527473,0.6008230255906104,0.49623112008377407,0.23093217975707428,0.4698085458776985,0.24900064,0.0905372651942707,4
0.896414342629482,0.41422594142259417,1,0.0,0.0,0.01307189568627451,0.00015512989261363597,0.011180122858377462,0.00015228064156767382,0.011618899972700233,0.0008116882969830496,0.029455082478239452,0.0031176928490197083,0.8065843584285931,0.20351758205916531,0.5127118477466964,0.029455082478239452,0.9777778,0.06949126694030627,3
0.46613545816733065,0.7071129707112971,1,0.0,0.0,0.07625273333333334,0.0025863885008701624,0.06956521953011058,0.0007852845485761969,0.33849730948093915,0.32224024900779014,0.3910161974151974,0.2985190966946501,0.6460905275186706,0.4635678371079644,0.23940676653170795,0.3910161974151974,0.27882218,0.09913265505915822,6
0.6175298804780877,0.08786610878661087,1,0.0,0.0,0.030500923921568626,0.00028440698754826383,0.0583850535164563,0.0007507148374282243,0.950167883816201,0.9480520296424348,0.9698085790146643,0.9314108127385561,0.5308641892775489,0.44974872192937104,0.3813559281636024,0.9698085790146643,0.113055356,0.0463678321736123,2
0.22709163346613545,0.42677824267782427,1,0.0,0.0,0.13507626274509804,0.002134798403619988,0.016149069059064033,0.0002810889505898022,0.1453653553947438,0.1233766304920728,0.18851252070314786,0.12081060184534366,0.6728394916209414,0.366834177842731,0.37499998331567813,0.18851252070314786,0.4148072,0.07510501204724522,5
0.7370517928286853,0.6778242677824268,1,0.0,0.0,0.05664488235294117,0.0014478809116427258,0.04720497247174084,0.0014319725069629927,0.11954557457925871,0.09902596916375025,0.10309277906411797,0.15666406838147875,0.6934156221269617,0.05527638496060697,0.8792372576351984,0.14801178536073795,0.39643326,0.9013707659855874,7
0.5418326693227091,0.7154811715481172,1,0.0,0.0,0.07189542745098039,0.006728760075979535,0.08074532740712251,0.006649590876395016,0.24348051412797875,0.22970779440172245,0.28424153693489296,0.21356196138544156,0.6995884557232119,0.3793969902938055,0.3262711617979749,0.28424153693489296,0.28575617,0.09819076992600048,6
0.07569721115537849,0.5146443514644351,1,0.0,0.0,0.026143792156862744,0.0001551301107650938,0.013664596517726923,0.00017365335736995225,0.020655822560985984,0.00811688370034997,0.04270986883129699,0.009353078897799565,0.7901234540237767,0.22738693815339245,0.48940676176475884,0.04270986883129699,0.8292328,0.07373315078173802,5
0.00398406374501992,0.13807531380753138,1,0.0,0.0,0.08496734117647059,0.0041691145005448545,0.05341616165117009,0.0011033659970517825,0.1306480753105523,0.1266233804657193,0.16715757535230064,0.09586905624726247,0.8148148069272974,0.32914572918297513,0.2923728719028297,0.16715757535230064,0.45768142,0.1440403919960502,1
0.14342629482071714,0.2803347280334728,1,0.0,0.0,0.03921570980392156,0.00031025910459472347,0.05714287471162268,0.002073153187569013,0.3054479908736791,0.30032466477009195,0.3438880755236519,0.2696804179366978,0.7427983464525221,0.3831658080241035,0.2754237364891553,0.3438880755236519,0.25891644,0.11951301593776843,4
0.7211155378486056,0.7322175732217573,1,1.0,0.0,0.14379082352941178,0.0035671442263860644,0.03975152622661328,0.0008953617221652693,0.3377226959790146,0.31980520844313953,0.39690722093588204,0.29228371029512984,0.6337448418076507,0.49748741150476067,0.19491522886742338,0.39690722093588204,0.30452195,0.10339271943530112,6
0.7091633466135459,0.37656903765690375,1,0.0,0.0,0.01742932745098039,0.0006722330192650425,0.013664558058101984,0.00023777384188402006,0.9406144985473122,0.923701258736191,0.9756996025353489,0.9197193711700896,0.42181066611415796,0.5263819106698694,0.36440675461433514,0.9756996025353489,0.14110672,0.0374759383588322,2
1.0,0.7949790794979079,1,0.0,0.0,0.1808278705882353,0.00959013878621227,0.12422358905443545,0.004180301475291728,0.2809191837620197,0.2613636504759444,0.32474226564990966,0.25331253302221246,0.6419753051211704,0.40452259258288986,0.3432203353472422,0.32474226564990966,0.2753682,0.06581403603626615,6
0.22310756972111553,0.694560669456067,1,0.0,0.0,0.037037056862745096,0.0009630979007896036,0.03229813141005395,0.0012396189880441097,0.1365866254558211,0.11525974094756704,0.12223858893786017,0.17225252385806625,0.6810699364159417,0.07035176103254961,0.8665254060749427,0.16273931765287689,0.3589904,0.9162938158994577,7
0.23107569721115537,0.3682008368200837,1,0.0,0.0,0.030501092156862745,0.0014478794282128127,0.022360245716754924,0.0002564727050400439,0.014200878751382767,0.0008116882969830496,0.03681884928704824,0.0031176928490197083,0.7860082242188687,0.22864320696131438,0.491525409411807,0.03681884928704824,0.9861111,0.07064783435082866,3
0.26294820717131473,0.2510460251046025,1,0.0,0.0,0.06535947450980392,0.0015513031146443504,0.03354034151923344,0.00021639770698042,0.8781306546283705,0.8441558697714621,0.9337260682347123,0.8519095291688377,0.3148148097050752,0.6155779005549098,0.3241525389390621,0.9337260682347123,0.17967218,0.03543300965000922,2
0.5298804780876494,0.7364016736401674,1,0.0,0.0,0.07407406666666667,0.002644612950447856,0.04720497247174084,0.0012873625542908567,0.41389105077896365,0.3847402663576277,0.4911634978559389,0.3600935102075289,0.5205761332837983,0.609296443449977,0.12288136522371432,0.4911634978559389,0.30745777,0.09219445521860949,6
0.3147410358565737,0.4393305439330544,1,0.0,0.0,0.058823529411764705,0.0028505114517298888,0.03478260976505529,0.0006304952964995616,0.15130389856867232,0.15503245734551577,0.18262149718246318,0.11457521544582336,0.866255140599756,0.3077889333176564,0.2754237364891553,0.18262149718246318,0.40736422,0.1665543989304879,1
0.4063745019920319,0.8577405857740585,1,0.0,0.0,0.03485838588235294,0.0011376191892305083,0.048447193761043866,0.0008255212398325016,0.1014717266141511,0.07954545471148171,0.0905743756216909,0.13406078303785554,0.6893003997294614,0.07914572974830177,0.843220325813344,0.12665684000989072,0.43169576,0.9226476811228359,7
0.9322709163346613,0.7740585774058577,1,0.0,0.0,0.06535947450980392,0.002326950047155619,0.04968943293854453,0.0008282796034304118,0.32946038201271516,0.30519481895134076,0.3880706989096414,0.29072484440452545,0.5884773398795904,0.49246231366000853,0.2499999761652544,0.3880706989096414,0.29423782,0.08457095485558254,6
0.8247011952191236,0.22594142259414227,1,0.0,0.0,0.05446617254901961,0.0021584427057482385,0.5913043235214706,0.018420932777005634,0.39530082169793407,0.3847402663576277,0.42709864192121766,0.3717848675982894,0.6687242692234411,0.3718592756874832,0.3707626994622595,0.42709864192121766,0.19713038,0.1038085736844192,4
0.3147410358565737,0.12133891213389121,1,0.0,0.0,0.02396512549019608,0.00100198238592773,0.01614907576713815,0.0005570123604119427,0.7717531958715166,0.7029220559827755,0.8549337197722112,0.7498050935368638,0.08847735562033182,0.7298994927290348,0.36440675461433514,0.8549337197722112,0.2540513,0.01783914467052087,2
0.44223107569721115,0.0794979079497908,1,0.0,0.0,0.021786558823529412,0.000474984485068318,0.027329201532347733,0.0005194166724613461,0.7895688393359827,0.7362013089594049,0.862297482604584,0.7638347111820822,0.19958847146395342,0.6809045230391908,0.33262710664589923,0.862297482604584,0.22538376,0.026991459355598497,2
0.8685258964143426,0.6903765690376569,1,0.0,0.5,0.08278870196078432,0.0032424584168417115,0.11428570470275126,0.0020496524923517448,0.42034598901149467,0.389610376707708,0.5014727724486541,0.36399064336740006,0.5061727993369896,0.6306532393152958,0.10169492688882487,0.5014727724486541,0.31446242,0.0927192629474087,6
0.3665338645418327,0.07531380753138076,1,0.0,0.0,0.04793034901960784,0.00214597561171414,0.031055936953047394,0.0011354315410798531,0.8956881145062159,0.8693181747620278,0.946244418657994,0.8674980056898516,0.36625510819234713,0.5942211046895912,0.30720336538979476,0.946244418657994,0.16648434,0.04321626150050872,2
0.7410358565737052,0.28870292887029286,1,0.0,0.0,0.052287556862745097,0.0012410399088022192,0.029813664235176132,0.0005129435346236666,0.2824683898518479,0.27597403996774317,0.3159057502510622,0.25331253302221246,0.740740735253772,0.3517587938562157,0.33050846471918993,0.3159057502510622,0.24472968,0.10901877022526575,4
0.601593625498008,0.029288702928870293,1,0.0,0.0,0.03050107450980392,0.0007948076113567206,0.012422397365068486,0.00019632018138260378,0.7815647298703248,0.7102272507286749,0.8645065915721163,0.7622758733507131,0.06584355836000338,0.7311557615369566,0.385593212017021,0.8645065915721163,0.2546684,0.014079313722435993,2
0.6693227091633466,0.3807531380753138,1,0.0,0.0,0.0392156862745098,0.0006205184709711963,0.019875784355541343,0.00021372665309220927,0.4058869064566044,0.3904220642011196,0.46170841338948143,0.3616523760981332,0.6275720082114002,0.49748741150476067,0.2012711737153477,0.46170841338948143,0.25975996,0.10107080013571097,4
0.2350597609561753,0.17154811715481172,1,0.0,0.0,0.028322454901960788,0.0010406716342371437,0.01739129482041647,0.0005343201311780781,0.7782081341040477,0.7378246693358387,0.8564065253578311,0.7342166380602761,0.3024690869570167,0.7060301592478722,0.18432200016608047,0.8564065253578311,0.21837935,0.05583249622874375,2
0.7768924302788844,0.3514644351464435,1,0.0,0.0,0.06753811764705882,0.001961297662603116,0.029813666471200838,0.0009124174835241153,0.053188744018241495,0.04951298604291407,0.07142857237534188,0.037412314889717385,0.8456790063900318,0.21608040581677215,0.4512711689483986,0.07142857237534188,0.51256585,0.1448682642346684,5
0.8924302788844621,0.19665271966527198,1,0.0,0.0,0.013071901960784314,0.0007358459145642102,0.009937888823733613,0.0002483286220906261,0.05809449986350116,0.04058441338811353,0.09351988075464004,0.037412314889717385,0.7386831240550219,0.3052763843952803,0.41101693420532903,0.09351988075464004,0.62222224,0.08569251408050914,5
0.47808764940239046,0.20502092050209206,1,0.0,0.0,0.0893246274509804,0.0040656957007059735,0.06459627176420672,0.002073154197430163,0.1864187974103423,0.1801947988620552,0.23343150049019512,0.1426344507362603,0.7777777683127568,0.39698492320269696,0.2161017053379056,0.23343150049019512,0.4223002,0.13989139382227658,1
0.601593625498008,0.602510460251046,1,0.0,0.0,0.0196078431372549,0.0010665181142499325,0.24099377882026216,0.09507654458984201,0.05086496207172617,0.038961039862329225,0.07290132494181646,0.038971158332933485,0.7839506074645629,0.23492461884011775,0.483050830264292,0.07290132494181646,0.5,0.07698155457804864,5
0.4063745019920319,0.4769874476987448,1,0.0,0.0,0.037037039215686275,0.0014446149225370351,0.018633541376798672,0.00049859340768412,0.012393493954872006,0.0032467532609841455,0.025773195097399153,0.007014808822609233,0.8189300348803533,0.18090452303919088,0.538135577562123,0.025773195097399153,0.9238095,0.05437269751450595,3
0.5537848605577689,0.058577405857740586,1,0.0,0.0,0.039215637254901965,0.0025596490658580055,0.02484470976119815,8.549019597942538e-5,0.89233155359664,0.8603896196396946,0.9432990063085492,0.8690568435212207,0.3251028656988258,0.5954773734975131,0.34745761920066076,0.9432990063085492,0.17250364,0.03269132571106237,2
0.1394422310756972,0.5606694560669456,1,0.0,0.0,0.01089324705882353,0.0003425785746646925,0.028571427293700165,0.0014880757038083022,0.005938549448134762,0.0024350649640010958,0.009572900960435192,0.005455962573469599,0.864197525697302,0.12939698520586598,0.5783898138306164,0.009572900960435192,0.25185186,0.0,3
0.7569721115537849,0.45188284518828453,1,0.0,0.0,0.043572968627450984,0.0022580621797972903,0.021118043657264367,0.0005570119997472463,0.27782082038174505,0.2646103712288119,0.3195876117850691,0.24629772419960325,0.6913580109282116,0.3932160602462696,0.3114406683110098,0.3195876117850691,0.27171725,0.09728726592167743,4
0.5936254980079682,0.6150627615062761,1,0.0,0.0,0.08496733333333333,0.0028505131969415514,0.0310559011766521,0.00030188938529174746,0.058869099422745146,0.05113636322129575,0.0810014706848198,0.04286827535874434,0.8127571920248433,0.2374371790690262,0.4491525270216893,0.0810014706848198,0.50308645,0.10887964558298538,4
0.1752988047808765,0.3263598326359833,1,0.0,0.0,0.030501086274509804,0.0005946649926596398,0.017391302199298,0.0003419634961162183,0.016008263547893527,0.0008116882969830496,0.04270986883129699,0.002338269654301803,0.7716049347165064,0.25000000282663304,0.4703389653565787,0.04270986883129699,0.9861111,0.07543635738883711,3
0.0796812749003984,0.46443514644351463,1,0.0,0.0,0.017429194117647057,0.0007045187369414537,0.00993788770572126,0.00029119108217586415,0.003872967122322762,0.0,0.00810014706848198,0.0031176928490197083,0.8621399144985519,0.1319095476960809,0.5762711696157715,0.00810014706848198,0.5555556,0.0160099160083389,3
0.44223107569721115,0.3305439330543933,1,0.0,0.0,0.2897603921568627,0.012121464811995329,0.028571416113576636,0.0006346358065602312,0.4544281395640013,0.42126624008712465,0.5287187148106133,0.4076383271196156,0.47530863135573803,0.6042713682182895,0.17796611252154534,0.5287187148106133,0.27834544,0.07823325010750333,4
0.26294820717131473,0.08786610878661087,1,0.0,0.0,0.037037019607843134,0.0018548844285932685,0.03975156871108269,0.0009456062095496511,0.8799380443048194,0.8409091124926208,0.9425626366527051,0.8511301558494105,0.2757201598917846,0.6520100351806145,0.3029660815363762,0.9425626366527051,0.19062504,0.03654719287818234,2
0.17131474103585656,0.28451882845188287,1,0.0,0.0,0.017429177647058824,0.0006008150487507426,0.01739132165271294,0.00029119086577704634,0.751097358670716,0.6858765894003523,0.8387334547957772,0.7209664779121908,0.12345672748056431,0.7474874030248614,0.29872879768295757,0.8387334547957772,0.2580791,0.028352201028010168,2
0.6334661354581673,0.41422594142259417,1,0.0,0.0,0.03267972549019608,0.0012063156068694322,0.009937870935535966,0.00019632090271199656,0.22050091310614758,0.19886362582091213,0.2606774826165134,0.19875292131713415,0.6481481387174207,0.370602995573029,0.39406777972385826,0.2606774826165134,0.3074441,0.06369834812328791,5
0.22709163346613545,0.4100418410041841,1,0.0,0.0,0.034858388235294115,0.0004395344368655719,0.06335403258670605,0.0012102298645949318,0.02995094128430492,0.010551947641623802,0.05596465717257248,0.021044426467827698,0.7345679016575217,0.25000000282663304,0.5084745619864982,0.05596465717257248,0.8644824,0.04580586647121882,3
0.9243027888446215,0.7238493723849372,1,0.0,0.0,0.019607850980392156,0.00013573866432668686,0.01739130152849059,0.0005663770192534357,0.08262328606113978,0.07142857247217067,0.06553755548205041,0.1114575187386588,0.7777777683127568,0.04271356911757275,0.8135593007038209,0.10530191454122302,0.40555555,0.8635468584934854,7
0.7450199203187251,0.1297071129707113,1,0.0,0.0,0.03050112156862745,0.0009499708898694652,0.03726710600825428,0.0009124153916688763,0.7593597214363973,0.6988636112105227,0.8365242795543131,0.7357754758916453,0.15637852517908532,0.6959798957191738,0.35169490305407936,0.8365242795543131,0.24193405,0.02234343237635214,2
0.5537848605577689,0.4769874476987448,1,0.0,0.0,0.026143787058823528,0.00038782489732919786,0.05962732623432756,0.0027250223828510574,0.02736896599129252,0.011363636596074377,0.05154639085753762,0.017147310143497733,0.7613168657597924,0.23994973929793467,0.497881335191935,0.05154639085753762,0.85319865,0.054988148459689024,3
0.23107569721115537,0.4560669456066946,1,0.0,0.0,0.08496732156862745,0.0034661010086625326,0.03229812693800453,0.0013487694697623047,0.13297186004560374,0.07711038492605207,0.21944034448129346,0.09508962680936471,0.4197530734339272,0.5854271099688146,0.2669491497145217,0.21944034448129346,0.6812664,0.05554042158343421,3
0.8605577689243028,0.5732217573221757,1,0.0,0.0,0.08061002352941177,0.00445352536246301,0.023602477291771597,0.0003660081602551544,0.20268526267034123,0.15665584694272852,0.2754050149086523,0.16991424957399065,0.46913576072244906,0.5326632886290757,0.3050847425308819,0.2754050149086523,0.4837708,0.05429675069366342,4
1.0,0.5271966527196653,1,0.0,0.0,0.03485838588235294,0.0009499728096022942,0.0136645951761121,0.0005138211977357182,0.00516395546596299,0.0024350649640010958,0.011782032461104326,0.000779423194717905,0.8703703667009601,0.14447236240846187,0.5466101548028585,0.011782032461104326,0.75,0.09698953881654435,5
0.749003984063745,0.7364016736401674,1,0.0,0.0,0.047930301960784315,0.0017516644083627752,0.0683229714085111,0.0017232698409584105,0.3382391119516379,0.32224024900779014,0.39690722093588204,0.29150428787204086,0.6481481387174207,0.4949748512758522,0.18432200016608047,0.39690722093588204,0.30575457,0.1081341139312397,6
0.1593625498007968,0.26778242677824265,1,0.0,0.5,0.603485843137255,0.03339681889798959,0.5950310611781949,0.02287594461690629,0.3834237144360563,0.3465908957257232,0.43372603509774643,0.3655494741839602,0.4732510201569879,0.4635678371079644,0.4173728599854569,0.43372603509774643,0.29780185,0.03228314398118021,3
0.7569721115537849,0.37656903765690375,1,0.0,0.0,0.04357301960784314,0.0013601542697301414,0.024844723177346383,0.0008557433544644375,0.31396850934062,0.2849025950900763,0.3784977807179839,0.2735775440817601,0.5576131718983388,0.5188441847570147,0.23728814367279505,0.3784977807179839,0.32273299,0.08092239396907373,4
0.24302788844621515,0.8870292887029289,1,0.0,0.0,0.09803921568627451,0.009986490316518567,0.037267076939933114,0.0017632494504191357,0.046475600587934957,0.03571428623608534,0.030927837032931983,0.07326578493325689,0.7942386727175731,0.041457289003118535,0.7987287881490593,0.06921944352563002,0.5931498,0.8483393323229207,7
0.749003984063745,0.5564853556485355,1,0.0,0.0,0.0,0.0,0.0,0.0,0.0,0.0,0.0,0.0,0.8930041121094344,0.1092964830228403,0.5826271018789502,0.0,0.0,0.4690522913506116,5
0.47410358565737054,0.26359832635983266,1,0.0,0.0,0.013071945098039215,0.00015513050343771793,0.011180151479493696,5.610352865682985e-5,0.710043902712437,0.6509740490992366,0.8166421000247267,0.6539360513192188,0.18518519307270268,0.8341708779071227,0.08898301812517986,0.8166421000247267,0.2767844,0.05752482416726439,2
0.9083665338645418,0.47280334728033474,1,0.0,0.0,0.03485839215686275,0.0001292747825291747,0.01987577541144252,0.00024578628221925936,0.04105344898693878,0.05194805071470738,0.04712812851893867,0.02416211896610697,0.9609053501867093,0.15075376863399914,0.4427965917076631,0.05007363564010577,0.5458554,0.27674585997626455,1
0.7529880478087649,0.39330543933054396,1,0.0,0.0,0.07407409019607843,0.0040075265743379895,0.04844718705296975,0.0012102318121842922,0.31887426239734357,0.3011363449583089,0.37334314010792974,0.27825409264991136,0.6419753051211704,0.46859296887231366,0.23516950174608572,0.37334314010792974,0.29599184,0.09912533466037032,4
0.9203187250996016,0.6861924686192469,1,0.0,0.0,0.0457516431372549,0.0010883306422169493,0.06335403258670605,0.00156380547996825,0.10715207923011864,0.09090909422963397,0.08983799271106044,0.14107559186046478,0.7304526607415023,0.047738692967349325,0.8538135354468905,0.1332842331864195,0.38741234,0.8845907069594513,7
0.01593625498007968,0.8326359832635983,1,0.0,0.5,0.08496734117647059,0.0029145003354296814,0.09937886587708906,0.001885090496542957,0.3576039266492309,0.33198050623392444,0.4263623120297326,0.30943100360308634,0.5679012278920893,0.5515075129589537,0.1716101676736211,0.4263623120297326,0.3175664,0.09452669720712335,6
0.7768924302788844,0.49372384937238495,1,0.0,0.0,0.03267973529411765,0.0007562583988311271,0.014906832117588066,0.00012823630924025837,0.044151822824223794,0.05762987047378352,0.04860088439910983,0.026500388339816418,0.9794238657902757,0.1432160800327012,0.43644066592753533,0.054491897978704726,0.54012346,0.2961829087072697,1
0.0398406374501992,0.40585774058577406,1,0.0,0.0,0.052287588235294113,0.001396169766511622,0.031055896704602685,0.0006865985871176919,0.12316033998947608,0.13879870017208848,0.13991162636294827,0.09041309227083111,0.9670781893385154,0.2261306467324059,0.3093220263843005,0.13991162636294827,0.38875645,0.2277324171480509,1
0.896414342629482,0.301255230125523,1,0.0,0.0,0.03485840392156863,0.0009049247080784453,0.02360240573898101,0.0003660071143275349,0.6318099885920989,0.5446428851895869,0.774668598861056,0.5643023674418591,0.0,1.0,0.0,0.774668598861056,0.36206177,0.05409635709342661,2
0.7928286852589641,0.8535564853556485,1,0.0,0.0,0.06100219215686275,0.0016726004735806367,0.10559005058446891,0.0019079533923111482,0.1605990235661975,0.12499999086850656,0.14948453129981934,0.20654715256283235,0.5637859684575505,0.0929648257057902,0.9491524984199947,0.19513991387967664,0.42076695,0.9436826153816702,7
0.5537848605577689,0.4769874476987448,1,0.0,0.0,0.010893250980392158,0.0001098837793745301,0.014906833235600419,0.00022441363854992018,0.0431190292213487,0.05357142935412801,0.050810013248821694,0.024941542792157666,0.9567901222336533,0.159547740741711,0.4322033725402185,0.05154639085753762,0.5456349,0.26114959283107975,1
0.8844621513944223,0.21338912133891214,1,0.0,0.0,0.013071898039215686,0.0005203216459998702,0.009937887034913849,0.0003619980449088139,0.044926416806395565,0.0300324664770092,0.07584683670215879,0.026500388339816418,0.7633744769585425,0.27889446807214474,0.43008473061350916,0.07584683670215879,0.6703704,0.08937057895403147,5
0.05179282868525897,0.41422594142259417,1,0.0,0.0,0.06753813333333333,0.009340111909952663,0.05962732623432756,0.0007373594237212923,0.12496772966592502,0.13798701998387158,0.14212076846744648,0.09431021140108459,0.9465020551287912,0.22864320696131438,0.3262711617979749,0.14212076846744648,0.36884832,0.21977036224057506,1
0.6334661354581673,0.12552301255230125,1,0.0,0.0,0.03267973725490196,0.0014130347066752952,0.004968944411866807,0.00012416428940543127,0.004905757936661749,0.004058441850174985,0.00810014706848198,0.002338269654301803,0.8847736589811003,0.1268844227156511,0.5614406597305014,0.00810014706848198,0.537037,0.12710247181326784,5
0.7450199203187251,0.5104602510460251,1,0.0,0.0,0.01307189568627451,0.00046538990471842406,0.011180123529184873,5.610336707904588e-5,0.046475600587934957,0.06087662775262478,0.05154639085753762,0.027279811464386235,0.9855967086457857,0.14698492376802355,0.42372880483338127,0.05596465717257248,0.53858024,0.29765909770173027,1
0.6613545816733067,0.7447698744769874,1,0.0,0.0,0.14814813333333335,0.0039052992305012735,0.08447203599552572,0.0011140247208238853,0.4071779010744509,0.37499998721590916,0.4801177873334478,0.3608729326306178,0.5000000027777779,0.5854271099688146,0.18432200016608047,0.4801177873334478,0.29552308,0.07962082706458552,6
0.11155378486055777,0.7698744769874477,1,0.0,0.0,0.017429189411764707,0.0007045184228033544,0.013664590033255276,0.0004908023289129307,0.11179964172888125,0.10551948372143276,0.08836524014458585,0.1426344507362603,0.8045267435261391,0.017587944215423732,0.8283898132585824,0.13475699900768043,0.34230694,0.8291491756239469,7
0.26294820717131473,0.5230125523012552,1,0.0,0.0,0.2636165882352941,0.006471853575345325,0.05962732623432756,0.0023062496988449786,0.10818486934732362,0.06574675271309453,0.16789396489032427,0.08573655071748867,0.5308641892775489,0.44221105254917814,0.39406777972385826,0.16789396489032427,0.66081303,0.04140925349186269,3
0.8844621513944223,0.6276150627615062,1,0.0,0.0,0.05446624705882353,0.005306727930576876,0.20124220116508068,0.022377249213246034,0.2930544885531987,0.26298701085237813,0.3460971844911842,0.2657833198508708,0.5576131718983388,0.45477385369372025,0.345338958206155,0.3460971844911842,0.30841646,0.04608242928416012,6
0.3346613545816733,0.37656903765690375,1,0.0,0.0,0.05228758431372549,0.0022493825441137153,0.02857142505767546,0.0008789529211387887,0.14846373271769894,0.15503245734551577,0.17746686982719534,0.1114575187386588,0.88888888563786,0.2952261321731143,0.27330509456244595,0.17746686982719534,0.4047922,0.18020247630002365,1
0.027888446215139442,0.11715481171548117,1,1.0,0.0,0.05446629803921569,0.0019714417053929133,0.040993787764361,0.0005049298536018718,0.7903434249525462,0.7491883380747699,0.8748158993017975,0.7404520735634583,0.29218106800030474,0.741206025065655,0.13559319771617367,0.8748158993017975,0.22295359,0.06167528642079555,2
0.06772908366533864,0.3305439330543933,1,0.0,0.0,0.04139433333333334,0.0006528385867694805,0.014906832117588066,0.0001602954550766153,0.019623031746646997,0.004058441850174985,0.04565537595246409,0.007014808822609233,0.7674897049115985,0.24748743129119227,0.4788135387837549,0.04565537595246409,0.9261464,0.06794584735923286,3
0.8207171314741036,0.4351464435146444,1,0.0,0.0,0.04139433333333334,0.0005752732477900385,0.0037267083648007226,2.4044320064815775e-5,0.008520526832549245,0.0032467532609841455,0.019145801920870384,0.002338269654301803,0.8497942343430878,0.1658291447059418,0.5317796441548766,0.019145801920870384,0.93333334,0.08625357168279975,5
0.5537848605577689,0.47280334728033474,1,0.0,0.0,0.0392156862745098,0.0007756497946583957,0.02484472094132168,0.0007587314759005293,0.01755744872370097,0.0016233765939660991,0.0405007353424099,0.008573655071748867,0.7654320881572927,0.23115577849675514,0.5084745619864982,0.0405007353424099,0.97376543,0.04883137802392935,3
0.8087649402390438,0.606694560669456,1,0.0,0.0,0.01960785490196078,0.0004867155535357639,0.04472048517264067,0.0004023382252930978,0.1652465790936198,0.1266233804657193,0.16863034117356157,0.19875292131713415,0.5390946525910685,0.16834170832680992,0.8474576096667625,0.18777614441991058,0.38903406,1.0,7
0.8127490039840638,0.7489539748953975,1,0.0,0.0,0.050108913725490194,0.001741974644168794,0.03602483329038302,0.0008106413685869129,0.3449522337707896,0.32711040318903895,0.4020618615459362,0.301636779372197,0.6316872306089005,0.48869347331664575,0.21186438334889418,0.4020618615459362,0.29078844,0.10069744126487302,6
0.896414342629482,0.502092050209205,1,0.0,0.0,0.0,0.0,0.0,0.0,0.0,0.0,0.0,0.0,0.8930041121094344,0.1092964830228403,0.5826271018789502,0.0,0.0,0.4690522913506116,5
0.5976095617529881,0.3263598326359833,1,0.0,0.0,0.3289760392156863,0.007988387012553656,0.016149063021797326,0.00028108935453426213,0.22101730119340982,0.19967532792471324,0.2717231202376795,0.18784100037908025,0.6502057499161707,0.4246231196402867,0.3008474396096669,0.2717231202376795,0.35127252,0.08977381246498606,4
0.1394422310756972,0.9707112970711297,1,1.0,0.0,0.07407407843137255,0.003231872486458903,0.04472049411673949,0.0005129448330165736,0.09295120117586991,0.07224025996558231,0.08026509440158251,0.1262665588069662,0.7016460854404813,0.06783919741168147,0.8495762515934718,0.11929307717751785,0.4522286,0.9079631094155545,7
0.8247011952191236,0.09623430962343096,1,0.0,0.0,0.06753813333333333,0.0030209284037386623,0.009937888823733613,0.0003619979583492868,0.10069714099758764,0.07873376721807007,0.13917525670710415,0.08106000916414624,0.6893003997294614,0.3316582781053512,0.4173728599854569,0.13917525670710415,0.479958,0.06830538086932206,5
0.08764940239043825,0.30962343096234307,1,0.0,0.0,0.05664488235294117,0.0018357052505041918,0.03975155529493445,0.0006946134222665151,0.12522592719522624,0.13798701998387158,0.1450662802277888,0.09197193711700896,0.9444444420781892,0.24246231083337544,0.3050847425308819,0.1450662802277888,0.39975148,0.21202901272339056,1
0.8247011952191236,0.9581589958158996,1,1.0,0.0,0.04139434117647059,0.0015060535458861523,0.0546583807044484,0.003611989850606912,0.09863156076317772,0.07954545471148171,0.086156111294874,0.13016367092241085,0.711934141434232,0.07035176103254961,0.8347457390387104,0.12297495859370426,0.42162097,0.9124437123880922,7
0.13147410358565736,0.5271966527196653,1,0.0,0.0,0.019607850980392156,0.00029086872099021914,0.024844716469272266,0.0003419636403820969,0.04079525145763754,0.05681818078881346,0.04270986883129699,0.02338269584153715,1.0,0.12939698520586598,0.4385593116678038,0.05154639085753762,0.57363313,0.3311189948614322,1
0.15139442231075698,0.41841004184100417,1,0.0,0.0,0.028322441960784317,0.0006528385867694805,0.01987577541144252,0.000309904386346331,0.04208623910414374,0.05113636322129575,0.050810013248821694,0.02416211896610697,0.9465020551287912,0.16457286459148754,0.4343220201872667,0.05228276912899286,0.56291884,0.2511504284685009,1
0.6892430278884463,0.16317991631799164,1,0.0,0.0,0.03921573725490196,0.0013265620866029875,0.021118030241116133,0.0006871233758908058,0.7490317505509451,0.6915584164646232,0.8335788009309367,0.7147310494238176,0.1831275633554333,0.7311557615369566,0.26483050778781236,0.8335788009309367,0.2473368,0.035889376283305297,2
