0.6511627906976745,0.0,0.30026809651474534,0.6377551020408164,0.43917928676111384,0.021608040201005024,0.006302093921528766,0.6086956521739131,0.5217391304347826,0.24000000000000005,1
0.7906976744186046,0.0,0.0026809651474530827,0.0,0.019052271617000488,0.010552763819095477,0.005082333807684488,0.5217391304347826,0.5000000000000001,0.27999999999999997,1
0.627906976744186,0.0,0.005361930294906167,0.005102040816326531,0.057156814851001464,0.011055276381909548,0.0030494002846106934,0.7971014492753623,0.7608695652173915,0.32,2
0.47674418604651164,0.0,0.02680965147453083,0.051020408163265314,0.05129457743038593,0.011557788944723618,0.008131734092295182,0.3478260869565217,0.36956521739130443,0.27999999999999997,1
0.5116279069767442,0.0,0.054959785522788206,0.11224489795918367,0.10698583292623351,0.001507537688442211,0.01301077454767229,0.6231884057971014,0.32608695652173914,0.08800000000000001,1
0.5930232558139535,0.0,0.05361930294906166,0.14285714285714288,0.08158280410356619,0.0020100502512562816,0.0030494002846106934,0.6376811594202898,0.26086956521739135,0.040000000000000015,1
0.6976744186046512,1.0,0.005361930294906167,0.005102040816326531,0.056179775280898875,0.0035175879396984926,0.0016263468184590363,0.5217391304347826,0.47826086956521746,0.24000000000000005,1
0.10465116279069768,1.0,0.004021447721179624,0.005102040816326531,0.14020517830972154,0.0035175879396984926,0.0028461069323033137,0.6811594202898551,0.673913043478261,0.32,1
0.8255813953488372,0.0,0.006702412868632708,0.005102040816326531,0.10698583292623351,0.007537688442211055,0.002642813579995934,0.24637681159420294,0.282608695652174,0.27999999999999997,1
0.6511627906976745,0.0,0.01876675603217158,0.020408163265306124,0.06741573033707865,0.017587939698492462,0.0030494002846106934,0.17391304347826084,0.17391304347826086,0.15999999999999998,2
0.36046511627906974,0.0,0.006702412868632708,0.005102040816326531,0.06204201270151441,0.007537688442211055,0.0020329335230737954,0.5362318840579711,0.5869565217391305,0.36,2
0.2558139534883721,1.0,0.004021447721179624,0.005102040816326531,0.03957010258915486,0.01306532663316583,0.00467574710306973,0.7971014492753623,0.7391304347826088,0.32,1
0.6511627906976745,0.0,0.07238605898123324,0.1326530612244898,0.2618466047874939,0.016582914572864323,0.011384427729213255,0.39130434782608703,0.1956521739130435,0.08,1
0.37209302325581395,0.0,0.005361930294906167,0.005102040816326531,0.046409379579872984,0.009547738693467337,0.005895507216914007,0.4782608695652174,0.282608695652174,0.08,2
0.5116279069767442,1.0,0.00804289544235925,0.010204081632653062,0.12066438690766976,0.013567839195979899,0.00935149420613946,0.46376811594202905,0.3478260869565218,0.15999999999999998,1
0.3372093023255814,0.0,0.02278820375335121,0.06122448979591837,0.20371275036638983,0.01407035175879397,0.002439520227688555,0.5507246376811594,0.4565217391304348,0.2,1
0.1511627906976744,0.0,0.006702412868632708,0.010204081632653062,0.06790425012212994,0.006030150753768844,0.001829640170766416,0.6811594202898551,0.6956521739130435,0.36,2
0.7093023255813954,0.0,0.005361930294906167,0.005102040816326531,0.06741573033707865,0.004020100502512563,0.002439520227688555,0.39130434782608703,0.4347826086956522,0.32,2
0.313953488372093,1.0,0.005361930294906167,0.005102040816326531,0.07425500732779677,0.002512562814070352,0.002236226875381175,0.7101449275362318,0.673913043478261,0.32,1
0.813953488372093,0.0,0.00804289544235925,0.010204081632653062,0.05471421592574499,0.010050251256281407,0.00447245375076235,0.5362318840579711,0.5434782608695653,0.32,1
0.5348837209302325,0.0,0.005361930294906167,0.005102040816326531,0.043478260869565216,0.009547738693467337,0.004065867046147591,0.6811594202898551,0.6956521739130435,0.4,1
0.3023255813953488,0.0,0.005361930294906167,0.005102040816326531,0.0542256961406937,0.005527638190954774,0.007521854035373044,0.27536231884057966,0.30434782608695654,0.27999999999999997,1
0.16279069767441862,0.0,0.0026809651474530827,0.005102040816326531,0.23204689789936492,0.011557788944723618,0.00487904045537711,0.6956521739130435,0.5000000000000001,0.15999999999999998,1
0.6744186046511628,0.0,0.010723860589812333,0.015306122448979595,0.06448461162677088,0.01407035175879397,0.0089449075015247,0.5217391304347826,0.6304347826086957,0.48,1
0.7209302325581395,1.0,0.004021447721179624,0.005102040816326531,0.04836345872007816,0.007035175879396985,0.0020329335230737954,0.5362318840579711,0.5000000000000001,0.27999999999999997,2
0.5581395348837209,0.0,0.030831099195710462,0.0663265306122449,0.09184171958964338,0.005025125628140704,0.006098800569221387,0.4782608695652174,0.17391304347826086,0.03600000000000001,1
0.29069767441860467,1.0,0.006702412868632708,0.010204081632653062,0.06790425012212994,0.0020100502512562816,0.00020329335230737954,0.5797101449275363,0.5869565217391305,0.32,1
0.27906976744186046,1.0,0.00804289544235925,0.010204081632653062,0.013190034196384953,0.004020100502512563,0.019922748526123194,0.5942028985507246,0.47826086956521746,0.2,2
0.7093023255813954,0.0,0.060321715817694375,0.1326530612244898,0.06204201270151441,0.011557788944723618,0.012400894490750153,0.6376811594202898,0.4347826086956522,0.15999999999999998,1
0.8255813953488372,1.0,0.005361930294906167,0.005102040816326531,0.06936980947728383,0.008542713567839196,0.0028461069323033137,0.24637681159420294,0.23913043478260873,0.2,1
0.32558139534883723,0.0,0.15683646112600536,0.30102040816326536,0.22081094284318514,0.019095477386934675,0.016670054889205123,0.5652173913043478,0.32608695652173914,0.08,1
0.6162790697674418,0.0,0.00804289544235925,0.010204081632653062,0.060576453346360526,0.004522613065326633,0.002642813579995934,0.3623188405797102,0.4347826086956522,0.36,2
0.5232558139534884,1.0,0.0026809651474530827,0.0,0.05959941377625794,0.0035175879396984926,0.0032526936369180726,0.5652173913043478,0.4347826086956522,0.15999999999999998,2
0.5348837209302325,0.0,0.0026809651474530827,0.005102040816326531,0.0361504640937958,0.002512562814070352,0.0012197601138442774,0.3043478260869565,0.36956521739130443,0.32,1
0.7906976744186046,0.0,0.017426273458445038,0.03571428571428572,0.06692721055202736,0.009045226130653266,0.005488920512299248,0.5072463768115942,0.4565217391304348,0.25200000000000006,1
0.627906976744186,1.0,0.017426273458445038,0.03571428571428572,0.8954567659990229,0.02562814070351759,0.014840414718438708,0.7681159420289856,0.6521739130434783,0.25999999999999995,1
0.7209302325581395,0.0,0.2171581769436998,0.38265306122448983,0.12310698583292623,0.1120603015075377,0.07603171376295995,0.6086956521739131,0.23913043478260873,0.040000000000000015,1
0.5930232558139535,1.0,0.005361930294906167,0.005102040816326531,0.0449438202247191,0.005527638190954774,0.0014230534661516568,0.6086956521739131,0.6304347826086957,0.43999999999999995,1
0.5581395348837209,0.0,0.01876675603217158,0.03571428571428572,0.016609672691744015,0.03768844221105527,0.01382394795690181,0.5362318840579711,0.39130434782608703,0.15999999999999998,1
0.3372093023255814,0.0,0.004021447721179624,0.0,0.05129457743038593,0.01256281407035176,0.00467574710306973,0.6231884057971014,0.6086956521739132,0.32,1
0.4418604651162791,1.0,0.005361930294906167,0.005102040816326531,0.06448461162677088,0.004020100502512563,0.0010164667615368977,0.5797101449275363,0.4565217391304348,0.2,1
0.3023255813953488,0.0,0.012064343163538875,0.015306122448979595,0.20468978993649242,0.04623115577889447,0.014230534661516568,0.6086956521739131,0.5217391304347826,0.24000000000000005,1
0.7093023255813954,0.0,0.013404825737265416,0.025510204081632657,0.09623839765510503,0.009045226130653266,0.0028461069323033137,0.3623188405797102,0.282608695652174,0.15999999999999998,2
0.3488372093023256,0.0,0.11126005361930294,0.19897959183673472,0.11480214948705422,0.024120603015075376,0.02602154909534458,0.4492753623188406,0.32608695652173914,0.15999999999999998,1
0.2558139534883721,1.0,0.006702412868632708,0.005102040816326531,0.044455300439667805,0.003015075376884422,0.0004065867046147591,0.6231884057971014,0.5652173913043479,0.27999999999999997,1
0.43023255813953487,0.0,0.030831099195710462,0.06122448979591837,0.2525647288715193,0.06633165829145729,0.011791014433828014,0.7681159420289856,0.673913043478261,0.27999999999999997,1
0.13953488372093023,0.0,0.02949061662198392,0.05612244897959184,0.08451392281387396,0.06080402010050251,0.016263468184590364,0.39130434782608703,0.36956521739130443,0.24000000000000005,1
0.6511627906976745,0.0,0.07238605898123324,0.14795918367346939,0.09477283829995115,0.04874371859296482,0.01910957511689368,0.5652173913043478,0.5652173913043479,0.328,1
0.3488372093023256,0.0,0.07774798927613942,0.14795918367346939,0.08646800195407914,0.8391959798994975,0.17076641593819883,0.6521739130434783,0.673913043478261,0.36,1
0.7674418604651163,0.0,0.030831099195710462,0.05612244897959184,0.14753297508549096,0.02613065326633166,0.00914820085383208,0.4782608695652174,0.32608695652173914,0.12,1
0.32558139534883723,0.0,0.006702412868632708,0.010204081632653062,0.19491939423546653,0.03015075376884422,0.014637121366131328,0.5072463768115942,0.47826086956521746,0.27999999999999997,1
0.7093023255813954,0.0,0.005361930294906167,0.0,0.04054714215925745,0.0035175879396984926,0.0038625736938402116,0.46376811594202905,0.5000000000000001,0.352,2
0.4418604651162791,0.0,0.005361930294906167,0.005102040816326531,0.046409379579872984,0.008542713567839196,0.002642813579995934,0.5797101449275363,0.47826086956521746,0.2,2
0.26744186046511625,0.0,0.010723860589812333,0.015306122448979595,0.05666829506595017,0.026633165829145728,0.005895507216914007,0.49275362318840576,0.5217391304347826,0.32,2
0.2441860465116279,0.0,0.004021447721179624,0.005102040816326531,0.05959941377625794,0.09346733668341708,0.0794877007521854,0.5507246376811594,0.6521739130434783,0.48,1
0.5930232558139535,0.0,0.1836461126005362,0.38265306122448983,0.3356130923302394,0.01256281407035176,0.010774547672291116,0.3333333333333333,0.1521739130434783,0.06799999999999999,1
0.4418604651162791,1.0,0.0013404825737265414,0.0,0.04836345872007816,0.0728643216080402,0.019922748526123194,0.782608695652174,0.673913043478261,0.24000000000000005,1
0.627906976744186,0.0,0.00804289544235925,0.015306122448979595,0.05813385442110405,0.0020100502512562816,0.0020329335230737954,0.5942028985507246,0.5434782608695653,0.27999999999999997,1
0.26744186046511625,0.0,0.00804289544235925,0.005102040816326531,0.06936980947728383,0.06381909547738693,0.02744460256149624,0.4782608695652174,0.4565217391304348,0.27999999999999997,1
0.32558139534883723,0.0,0.3029490616621984,0.5714285714285715,0.11577918905715681,0.2371859296482412,0.05387273836145558,0.6376811594202898,0.5652173913043479,0.24000000000000005,1
0.627906976744186,1.0,0.004021447721179624,0.0,0.05324865657059111,0.008542713567839196,0.002439520227688555,0.5797101449275363,0.5000000000000001,0.24000000000000005,1
0.5465116279069767,0.0,0.005361930294906167,0.005102040816326531,0.14851001465559355,0.016080402010050253,0.0016263468184590363,0.3623188405797102,0.23913043478260873,0.12,1
0.5930232558139535,0.0,1.0,0.1785714285714286,0.13141182217879824,0.01507537688442211,0.011384427729213255,0.5072463768115942,0.3478260869565218,0.12,1
0.7093023255813954,1.0,0.004021447721179624,0.005102040816326531,0.05813385442110405,0.006532663316582915,0.003659280341532832,0.5942028985507246,0.4347826086956522,0.15999999999999998,2
0.627906976744186,0.0,0.00804289544235925,0.020408163265306124,0.046409379579872984,0.013567839195979899,0.006708680626143525,0.6521739130434783,0.5869565217391305,0.27999999999999997,1
0.8023255813953488,0.0,0.020107238605898126,0.030612244897959186,0.824132877381534,0.04623115577889447,0.02663142915226672,0.4057971014492754,0.23913043478260873,0.08,1
0.32558139534883723,0.0,0.1648793565683646,0.4234693877551021,0.06204201270151441,0.009045226130653266,0.007521854035373044,0.39130434782608703,0.36956521739130443,0.24000000000000005,1
0.47674418604651164,0.0,0.005361930294906167,0.005102040816326531,0.03761602344894968,0.007035175879396985,0.0020329335230737954,0.5217391304347826,0.5000000000000001,0.27999999999999997,2
0.47674418604651164,0.0,0.03351206434316354,0.0663265306122449,0.0718124084025403,0.032160804020100506,0.011791014433828014,0.6521739130434783,0.5869565217391305,0.27999999999999997,1
0.37209302325581395,0.0,0.005361930294906167,0.005102040816326531,0.046409379579872984,0.009547738693467337,0.005895507216914007,0.4782608695652174,0.282608695652174,0.08,2
0.686046511627907,0.0,0.006702412868632708,0.005102040816326531,0.06399609184171959,0.021105527638190954,0.007115267330758284,0.4782608695652174,0.6521739130434783,0.62,2
0.5930232558139535,0.0,0.04289544235924934,0.07653061224489796,0.13971665852467025,0.01507537688442211,0.012197601138442773,0.6521739130434783,0.4347826086956522,0.12,1
0.27906976744186046,0.0,0.006702412868632708,0.005102040816326531,0.07425500732779677,0.020100502512562814,0.003659280341532832,0.7681159420289856,0.673913043478261,0.27999999999999997,1
0.5465116279069767,0.0,0.024128686327077754,0.045918367346938785,0.26722032242305815,0.0035175879396984926,0.003659280341532832,0.6666666666666666,0.36956521739130443,0.10000000000000002,1
0.18604651162790697,1.0,0.0026809651474530827,0.005102040816326531,0.06790425012212994,0.0010050251256281408,0.0006098800569221387,0.49275362318840576,0.4565217391304348,0.24000000000000005,2
0.7093023255813954,0.0,0.004021447721179624,0.005102040816326531,0.0986809965803615,0.010050251256281407,0.003659280341532832,0.3623188405797102,0.1956521739130435,0.08800000000000001,2
0.7906976744186046,0.0,0.030831099195710462,0.06122448979591837,0.09623839765510503,0.010552763819095477,0.00935149420613946,0.6811594202898551,0.4565217391304348,0.12,1
0.7093023255813954,0.0,0.009383378016085792,0.020408163265306124,0.30434782608695654,0.003015075376884422,0.007318560683065664,0.4347826086956522,0.13043478260869565,0.019999999999999997,1
0.6511627906976745,0.0,0.02949061662198392,0.05612244897959184,0.05276013678553981,0.016080402010050253,0.005488920512299248,0.39130434782608703,0.39130434782608703,0.27999999999999997,1
0.32558139534883723,0.0,0.20777479892761397,0.35204081632653067,0.10600879335613092,0.6733668341708543,0.3232364301687335,0.42028985507246375,0.41304347826086957,0.27999999999999997,1
0.6046511627906976,0.0,0.009383378016085792,0.020408163265306124,0.057156814851001464,0.010050251256281407,0.006505387273836145,0.6086956521739131,0.6304347826086957,0.36,2
0.3372093023255814,0.0,0.04021447721179625,0.07653061224489796,0.06008793356130923,0.3864321608040201,0.16954665582435455,0.6666666666666666,0.5000000000000001,0.15999999999999998,1
0.6511627906976745,0.0,0.08579088471849866,0.15816326530612246,0.11968734733756717,0.19798994974874373,0.15938198820898555,0.5942028985507246,0.4565217391304348,0.15999999999999998,1
0.6511627906976745,0.0,0.10991957104557641,0.19897959183673472,0.11480214948705422,0.2020100502512563,0.17076641593819883,0.6811594202898551,0.4565217391304348,0.12,1
0.18604651162790697,1.0,0.2184986595174263,0.4234693877551021,0.06692721055202736,0.0407035175879397,0.018499695059971538,0.6086956521739131,0.5652173913043479,0.288,1
0.19767441860465115,0.0,0.005361930294906167,0.005102040816326531,0.05862237420615535,0.011557788944723618,0.00955478755844684,0.5942028985507246,0.5652173913043479,0.27999999999999997,2
0.4069767441860465,0.0,0.0026809651474530827,0.005102040816326531,0.06106497313141182,0.009045226130653266,0.006708680626143525,0.782608695652174,0.5217391304347826,0.12,1
0.5930232558139535,0.0,0.005361930294906167,0.005102040816326531,0.11089399120664387,0.06482412060301508,0.015653588127668226,0.6231884057971014,0.4565217391304348,0.15999999999999998,1
0.4883720930232558,0.0,0.005361930294906167,0.005102040816326531,0.04738641914997557,0.010552763819095477,0.006098800569221387,0.6666666666666666,0.6304347826086957,0.32,1
0.5813953488372093,0.0,0.024128686327077754,0.05612244897959184,0.06448461162677088,0.022613065326633167,0.01727993494612726,0.4782608695652174,0.6086956521739132,0.52,1
0.19767441860465115,0.0,0.24262734584450407,0.47959183673469397,0.15486077186126038,0.19095477386934673,0.09961374263061598,0.7971014492753623,0.6956521739130435,0.27999999999999997,1
0.47674418604651164,0.0,0.024128686327077754,0.03571428571428572,0.071323888617489,0.007537688442211055,0.0020329335230737954,0.7681159420289856,0.673913043478261,0.27999999999999997,1
0.6511627906976745,0.0,0.020107238605898126,0.03571428571428572,0.26917440156326333,0.016080402010050253,0.005692213864606627,0.2608695652173913,0.1956521739130435,0.12,1
0.5813953488372093,0.0,0.005361930294906167,0.005102040816326531,0.05764533463605276,0.01256281407035176,0.0020329335230737954,0.4057971014492754,0.39130434782608703,0.26399999999999996,1
0.5930232558139535,0.0,0.006702412868632708,0.005102040816326531,0.025891548607718612,0.01306532663316583,0.0012197601138442774,0.5072463768115942,0.5000000000000001,0.27999999999999997,2
0.23255813953488372,0.0,0.004021447721179624,0.005102040816326531,0.07572056668295066,0.0185929648241206,0.0032526936369180726,0.5652173913043478,0.5217391304347826,0.27999999999999997,1
0.5348837209302325,0.0,0.004021447721179624,0.005102040816326531,0.06985832926233512,0.004020100502512563,0.0014230534661516568,0.8260869565217392,0.7173913043478262,0.27999999999999997,2
0.3372093023255814,0.0,0.005361930294906167,0.005102040816326531,0.03517342452369321,0.010050251256281407,0.0038625736938402116,0.6521739130434783,0.7608695652173915,0.48,2
0.5348837209302325,0.0,0.004021447721179624,0.005102040816326531,0.06106497313141182,0.0010050251256281408,0.0008131734092295182,0.6231884057971014,0.5434782608695653,0.24000000000000005,1
0.7093023255813954,0.0,0.020107238605898126,0.03571428571428572,0.05227161700048852,0.01306532663316583,0.006708680626143525,0.15942028985507242,0.10869565217391303,0.11199999999999999,2
0.27906976744186046,0.0,0.0026809651474530827,0.0,0.05569125549584758,0.01306532663316583,0.0038625736938402116,0.6086956521739131,0.6956521739130435,0.43999999999999995,2
0.3953488372093023,1.0,0.005361930294906167,0.005102040816326531,0.05959941377625794,0.007537688442211055,0.002236226875381175,0.6231884057971014,0.4565217391304348,0.15999999999999998,1
0.5116279069767442,0.0,0.02680965147453083,0.051020408163265314,0.23986321446018563,0.06582914572864322,0.01280748119536491,0.6956521739130435,0.5869565217391305,0.24000000000000005,1
0.7674418604651163,1.0,0.004021447721179624,0.005102040816326531,0.08500244259892525,0.004020100502512563,0.003659280341532832,0.4492753623188406,0.3478260869565218,0.18,2
0.6511627906976745,0.0,0.005361930294906167,0.005102040816326531,0.07425500732779677,0.007035175879396985,0.0014230534661516568,0.5217391304347826,0.4565217391304348,0.24000000000000005,2
0.8255813953488372,0.0,0.028150134048257378,0.05612244897959184,0.1524181729360039,0.03768844221105527,0.011791014433828014,0.5362318840579711,0.4347826086956522,0.2,1
0.6162790697674418,0.0,0.0026809651474530827,0.0,0.0718124084025403,0.020603015075376884,0.009961374263061597,0.46376811594202905,0.39130434782608703,0.2,1
0.36046511627906974,0.0,0.005361930294906167,0.005102040816326531,0.06595017098192477,0.01306532663316583,0.00447245375076235,0.6231884057971014,0.673913043478261,0.4,2
0.5348837209302325,0.0,0.050938337801608585,0.11224489795918367,0.189057156814851,0.02964824120603015,0.008131734092295182,0.6231884057971014,0.4565217391304348,0.15999999999999998,1
0.7674418604651163,0.0,0.017426273458445038,0.020408163265306124,0.16463116756228627,0.023115577889447236,0.006911973978450905,0.4347826086956522,0.47826086956521746,0.32,1
0.4186046511627907,1.0,0.02278820375335121,0.045918367346938785,0.3444064484611627,0.032160804020100506,0.02663142915226672,0.7391304347826086,0.8695652173913044,0.52,1
0.3953488372093023,1.0,0.02949061662198392,0.05612244897959184,0.1695163654127992,0.024623115577889446,0.00955478755844684,0.42028985507246375,0.4565217391304348,0.2,2
0.10465116279069768,0.0,0.01474530831099196,0.020408163265306124,0.2501221299462628,0.009547738693467337,0.0028461069323033137,0.7536231884057972,0.6521739130434783,0.24000000000000005,1
0.2558139534883721,0.0,0.0026809651474530827,0.0,0.022960429897410845,0.002512562814070352,0.0020329335230737954,0.014492753623188356,0.1521739130434783,0.4,1
0.16279069767441862,0.0,0.006702412868632708,0.010204081632653062,0.11577918905715681,0.010050251256281407,0.007725147387680423,0.7681159420289856,0.673913043478261,0.27999999999999997,1
0.3953488372093023,0.0,0.005361930294906167,0.005102040816326531,0.0898876404494382,0.022613065326633167,0.016670054889205123,0.6811594202898551,0.7391304347826088,0.43199999999999994,2
0.16279069767441862,0.0,0.0026809651474530827,0.0,0.0986809965803615,0.043718592964824124,0.03069729619841431,0.46376811594202905,0.47826086956521746,0.32,1
0.5930232558139535,0.0,0.005361930294906167,0.005102040816326531,0.20468978993649242,0.05125628140703518,0.01809310835535678,0.4347826086956522,0.36956521739130443,0.2,1
0.7209302325581395,0.0,0.009383378016085792,0.020408163265306124,0.050806057645334635,0.001507537688442211,0.00935149420613946,0.6376811594202898,0.6956521739130435,0.42400000000000004,1
0.3023255813953488,1.0,0.004021447721179624,0.005102040816326531,0.0,0.010552763819095477,0.0034559869892254523,0.4492753623188406,0.5434782608695653,0.43999999999999995,1
0.6046511627906976,0.0,0.00804289544235925,0.010204081632653062,0.06448461162677088,0.006030150753768844,0.003659280341532832,0.4492753623188406,0.36956521739130443,0.2,2
0.16279069767441862,0.0,0.004021447721179624,0.0,0.12164142647777235,0.14974874371859295,0.08030087416141492,0.6086956521739131,0.6086956521739132,0.32,1
0.37209302325581395,0.0,0.006702412868632708,0.0,0.2066438690766976,0.007537688442211055,0.00487904045537711,0.46376811594202905,0.41304347826086957,0.24000000000000005,2
0.3953488372093023,0.0,0.009383378016085792,0.010204081632653062,0.06595017098192477,0.03819095477386935,0.028461069323033137,0.5217391304347826,0.5652173913043479,0.36,1
0.8255813953488372,0.0,0.10187667560321716,0.2295918367346939,0.15779189057156814,0.010050251256281407,0.0030494002846106934,0.4057971014492754,0.1956521739130435,0.072,1
0.2558139534883721,1.0,0.0026809651474530827,0.005102040816326531,0.03859306301905227,0.0010050251256281408,0.00447245375076235,0.4347826086956522,0.32608695652173914,0.18,1
0.3372093023255814,0.0,0.02144772117962467,0.045918367346938785,0.09526135808500244,0.09246231155778895,0.028867656027647896,0.39130434782608703,0.4565217391304348,0.38,1
0.3953488372093023,1.0,0.0026809651474530827,0.0,0.049829018075232046,0.006030150753768844,0.00487904045537711,0.46376811594202905,0.4347826086956522,0.24000000000000005,2
0.7209302325581395,0.0,0.004021447721179624,0.005102040816326531,0.08597948216902784,0.008542713567839196,0.0032526936369180726,0.5217391304347826,0.6086956521739132,0.43999999999999995,1
0.4418604651162791,0.0,0.40348525469168905,0.7193877551020409,0.1084513922813874,0.02763819095477387,0.024395202276885547,0.3623188405797102,0.26086956521739135,0.12,1
0.5697674418604651,1.0,0.006702412868632708,0.005102040816326531,0.0718124084025403,0.01256281407035176,0.00447245375076235,0.7681159420289856,0.6521739130434783,0.24000000000000005,2
0.4186046511627907,0.0,0.020107238605898126,0.045918367346938785,0.08207132388861749,0.003015075376884422,0.00914820085383208,0.23188405797101447,0.1521739130434783,0.12,1
0.4883720930232558,1.0,0.013404825737265416,0.015306122448979595,0.11480214948705422,0.2507537688442211,0.12461882496442367,0.13043478260869565,0.021739130434782605,0.0,1
0.4186046511627907,1.0,0.006702412868632708,0.010204081632653062,0.11235955056179775,0.11155778894472362,0.0477739377922342,0.5942028985507246,0.47826086956521746,0.2,1
0.3372093023255814,0.0,0.005361930294906167,0.005102040816326531,0.06595017098192477,0.008040201005025126,0.002642813579995934,0.7681159420289856,0.673913043478261,0.27999999999999997,2
0.1511627906976744,0.0,0.006702412868632708,0.005102040816326531,0.10552027357107963,0.01507537688442211,0.007318560683065664,0.6666666666666666,0.673913043478261,0.36,2
0.46511627906976744,0.0,0.005361930294906167,0.005102040816326531,0.13287738153395212,0.06934673366834171,0.015450294775360847,0.42028985507246375,0.4565217391304348,0.32,1
0.3372093023255814,0.0,0.01474530831099196,0.35204081632653067,0.2159257449926722,0.09798994974874371,0.02642813579995934,0.6956521739130435,0.6521739130434783,0.27999999999999997,1
0.6511627906976745,0.0,0.03351206434316354,0.06122448979591837,0.08158280410356619,0.011055276381909548,0.006911973978450905,0.42028985507246375,0.23913043478260873,0.08,1
0.43023255813953487,0.0,0.006702412868632708,0.005102040816326531,0.051783097215437224,0.006030150753768844,0.0016263468184590363,0.49275362318840576,0.4565217391304348,0.24000000000000005,2
0.6627906976744186,0.0,0.005361930294906167,0.005102040816326531,0.048851978505129456,0.004020100502512563,0.001829640170766416,0.5217391304347826,0.41304347826086957,0.2,2
0.5581395348837209,0.0,0.0026809651474530827,0.0,0.05276013678553981,0.006030150753768844,0.0012197601138442774,0.5652173913043478,0.5869565217391305,0.36,1
0.32558139534883723,0.0,0.004021447721179624,0.005102040816326531,0.049829018075232046,0.010552763819095477,0.0038625736938402116,0.49275362318840576,0.4565217391304348,0.26399999999999996,2
0.47674418604651164,0.0,0.0026809651474530827,0.005102040816326531,0.08891060087933561,0.006030150753768844,0.0028461069323033137,0.6376811594202898,0.5434782608695653,0.24000000000000005,1
0.627906976744186,0.0,0.005361930294906167,0.005102040816326531,0.029311187103077674,0.023115577889447236,0.007725147387680423,0.4782608695652174,0.4565217391304348,0.27999999999999997,1
0.19767441860465115,0.0,0.004021447721179624,0.005102040816326531,0.03517342452369321,0.008542713567839196,0.0032526936369180726,0.5362318840579711,0.5217391304347826,0.27999999999999997,2
0.3953488372093023,0.0,0.006702412868632708,0.010204081632653062,0.12066438690766976,0.002512562814070352,0.0030494002846106934,0.4057971014492754,0.39130434782608703,0.27999999999999997,1
0.32558139534883723,0.0,0.40348525469168905,0.8673469387755103,0.07572056668295066,0.01457286432160804,0.014027241309209189,0.4057971014492754,0.39130434782608703,0.24000000000000005,1
0.4883720930232558,1.0,0.005361930294906167,0.005102040816326531,0.05813385442110405,0.005025125628140704,0.006098800569221387,0.4782608695652174,0.4347826086956522,0.24000000000000005,1
0.38372093023255816,1.0,0.005361930294906167,0.005102040816326531,0.06936980947728383,0.010552763819095477,0.005285627159991868,0.9420289855072463,0.8043478260869565,0.27999999999999997,2
0.32558139534883723,0.0,0.43163538873994645,0.7142857142857144,0.07620908646800195,0.04271356783919598,0.0457410042691604,0.4492753623188406,0.47826086956521746,0.32,1
0.47674418604651164,0.0,0.02546916890080429,0.06122448979591837,0.10698583292623351,0.061306532663316586,0.07277902012604189,0.6666666666666666,0.673913043478261,0.36,1
0.13953488372093023,0.0,0.09785522788203754,0.20408163265306123,0.10014655593551539,0.10201005025125628,0.03212034966456597,0.6376811594202898,0.673913043478261,0.36,1
0.32558139534883723,0.0,0.004021447721179624,0.005102040816326531,0.061553492916463115,0.006030150753768844,0.006708680626143525,0.6811594202898551,0.47826086956521746,0.15999999999999998,2
0.20930232558139536,1.0,0.08445040214477212,0.15816326530612246,0.38446507083536885,0.07236180904522613,0.04838381784915633,0.5072463768115942,0.41304347826086957,0.2,1
0.5,0.0,0.041554959785522795,0.07653061224489796,0.06985832926233512,0.011055276381909548,0.0042691603984549705,0.5942028985507246,0.5434782608695653,0.27999999999999997,1
0.7674418604651163,0.0,0.036193029490616625,0.07653061224489796,0.06595017098192477,0.01507537688442211,0.003659280341532832,0.42028985507246375,0.23913043478260873,0.08,1
0.8255813953488372,0.0,0.13672922252010725,0.25000000000000006,0.243771372740596,0.013567839195979899,0.0038625736938402116,0.3478260869565217,0.1956521739130435,0.08,1
0.3488372093023256,0.0,0.049597855227882036,0.09693877551020409,0.11040547142159257,0.43467336683417085,0.14657450701362065,0.3333333333333333,0.39130434782608703,0.32,1
0.627906976744186,1.0,0.005361930294906167,0.005102040816326531,0.032730825598436736,0.007035175879396985,0.0030494002846106934,0.6231884057971014,0.673913043478261,0.4,1
0.7093023255813954,0.0,0.009383378016085792,0.010204081632653062,0.09526135808500244,0.019095477386934675,0.006098800569221387,0.6231884057971014,0.6521739130434783,0.36,2
0.4186046511627907,1.0,0.006702412868632708,0.010204081632653062,0.11235955056179775,0.11155778894472362,0.0477739377922342,0.5942028985507246,0.47826086956521746,0.2,1
0.4418604651162791,1.0,0.02546916890080429,0.051020408163265314,0.11187103077674646,0.009547738693467337,0.005895507216914007,0.2028985507246376,0.1956521739130435,0.15999999999999998,1
0.5116279069767442,0.0,0.03753351206434317,0.07653061224489796,0.09477283829995115,0.011557788944723618,0.02154909534458223,0.4347826086956522,0.282608695652174,0.128,1
0.4418604651162791,0.0,0.030831099195710462,0.06122448979591837,0.07620908646800195,0.02512562814070352,0.03455986989225452,0.6231884057971014,0.5000000000000001,0.2,1
0.5581395348837209,1.0,0.0026809651474530827,0.0,0.06399609184171959,0.0,0.0004065867046147591,0.6086956521739131,0.5217391304347826,0.24000000000000005,2
0.4186046511627907,0.0,0.18900804289544237,0.3214285714285715,0.1441133365901319,0.020100502512562814,0.01321406789997967,0.4347826086956522,0.26086956521739135,0.08,1
0.313953488372093,0.0,0.0026809651474530827,0.0,0.05471421592574499,0.019095477386934675,0.00487904045537711,0.4782608695652174,0.6086956521739132,0.52,1
0.38372093023255816,0.0,0.004021447721179624,0.005102040816326531,0.055202735710796286,0.009045226130653266,0.00487904045537711,0.42028985507246375,0.36956521739130443,0.2,1
0.2558139534883721,0.0,0.0026809651474530827,0.005102040816326531,0.02784562774792379,0.017587939698492462,0.008335027444602561,0.7536231884057972,0.673913043478261,0.27999999999999997,1
0.3953488372093023,1.0,0.02949061662198392,0.05612244897959184,0.1695163654127992,0.024623115577889446,0.00955478755844684,0.42028985507246375,0.4565217391304348,0.2,2
0.4418604651162791,1.0,0.006702412868632708,0.005102040816326531,0.049829018075232046,0.008040201005025126,0.0038625736938402116,0.8405797101449276,0.7608695652173915,0.27999999999999997,2
0.7441860465116279,1.0,0.0026809651474530827,0.0,0.7606253053248656,0.04271356783919598,0.023785322219963406,0.27536231884057966,0.26086956521739135,0.2,1
0.6511627906976745,0.0,0.004021447721179624,0.005102040816326531,0.05276013678553981,0.010552763819095477,0.0032526936369180726,0.6231884057971014,0.5652173913043479,0.27999999999999997,2
0.16279069767441862,0.0,0.005361930294906167,0.005102040816326531,0.0806057645334636,0.022613065326633167,0.0089449075015247,0.6086956521739131,0.673913043478261,0.4,1
0.11627906976744186,0.0,0.006702412868632708,0.010204081632653062,0.12066438690766976,0.005527638190954774,0.0012197601138442774,0.782608695652174,0.7173913043478262,0.27999999999999997,2
0.5930232558139535,0.0,0.004021447721179624,0.005102040816326531,0.11089399120664387,0.021608040201005024,0.00975808091075422,0.5942028985507246,0.5434782608695653,0.27999999999999997,1
0.4186046511627907,0.0,0.004021447721179624,0.005102040816326531,0.055202735710796286,0.009045226130653266,0.006708680626143525,0.3768115942028985,0.32608695652173914,0.2,2
0.3023255813953488,0.0,0.016085790884718502,0.015306122448979595,0.13141182217879824,0.0371859296482412,0.026224842447651962,0.42028985507246375,0.39130434782608703,0.24000000000000005,1
1.0,0.0,0.009383378016085792,0.010204081632653062,0.07425500732779677,0.018090452261306532,0.025208375686115066,0.6086956521739131,0.4565217391304348,0.15999999999999998,1
0.7093023255813954,0.0,0.006702412868632708,0.005102040816326531,0.05227161700048852,0.011557788944723618,0.011384427729213255,0.6231884057971014,0.4565217391304348,0.18,1
0.3953488372093023,1.0,0.004021447721179624,0.0,0.043478260869565216,0.04020100502512563,0.002236226875381175,0.6376811594202898,0.7173913043478262,0.43999999999999995,2
0.2558139534883721,0.0,0.012064343163538875,0.015306122448979595,0.0537371763556424,0.01407035175879397,0.010571254319983736,0.7681159420289856,0.673913043478261,0.27999999999999997,1
0.6511627906976745,0.0,0.02546916890080429,0.025510204081632657,0.10210063507572056,0.034673366834170855,0.008335027444602561,0.5652173913043478,0.5652173913043479,0.32,1
0.5116279069767442,0.0,0.06166219839142091,0.12755102040816327,0.24035173424523693,0.13768844221105528,0.03659280341532832,0.5507246376811594,0.5217391304347826,0.27999999999999997,1
0.32558139534883723,0.0,0.0026809651474530827,0.0,0.08500244259892525,0.017587939698492462,0.0042691603984549705,0.6956521739130435,0.7391304347826088,0.41600000000000004,1
0.5232558139534884,0.0,0.04691689008042896,0.10204081632653063,0.061553492916463115,0.02763819095477387,0.034763163244561905,0.6086956521739131,0.4565217391304348,0.15999999999999998,1
0.37209302325581395,1.0,0.004021447721179624,0.005102040816326531,0.043478260869565216,0.005527638190954774,0.0030494002846106934,0.46376811594202905,0.47826086956521746,0.32,2
0.813953488372093,1.0,0.009383378016085792,0.015306122448979595,0.07376648754274548,0.006030150753768844,0.004065867046147591,0.782608695652174,0.6956521739130435,0.27999999999999997,1
0.7674418604651163,1.0,0.006702412868632708,0.010204081632653062,0.07669760625305325,0.021608040201005024,0.01727993494612726,0.49275362318840576,0.41304347826086957,0.15200000000000002,1
0.5348837209302325,0.0,0.09249329758713137,0.1785714285714286,0.7410845139228138,0.03919597989949749,0.010977841024598495,0.42028985507246375,0.30434782608695654,0.12,2
0.4418604651162791,0.0,0.005361930294906167,0.005102040816326531,0.06595017098192477,0.009547738693467337,0.001829640170766416,0.5652173913043478,0.4565217391304348,0.2,2
0.3023255813953488,1.0,0.005361930294906167,0.005102040816326531,0.046409379579872984,0.007537688442211055,0.002439520227688555,0.7536231884057972,0.782608695652174,0.4,2
0.45348837209302323,0.0,0.005361930294906167,0.005102040816326531,0.063019052271617,0.009547738693467337,0.0020329335230737954,0.4782608695652174,0.4347826086956522,0.24000000000000005,2
0.38372093023255816,0.0,0.012064343163538875,0.015306122448979595,0.06448461162677088,0.015577889447236181,0.005692213864606627,0.3768115942028985,0.26086956521739135,0.12,1
0.27906976744186046,1.0,0.005361930294906167,0.005102040816326531,0.12017586712261846,0.022613065326633167,0.002642813579995934,0.5942028985507246,0.6956521739130435,0.484,1
0.19767441860465115,0.0,0.00804289544235925,0.010204081632653062,0.03859306301905227,0.008542713567839196,0.002236226875381175,0.5362318840579711,0.5652173913043479,0.36,2
0.47674418604651164,1.0,0.005361930294906167,0.005102040816326531,0.049829018075232046,0.006030150753768844,0.0016263468184590363,0.7971014492753623,0.6956521739130435,0.27999999999999997,1
0.37209302325581395,0.0,0.06568364611260054,0.11224489795918367,0.040058622374206154,0.011055276381909548,0.016670054889205123,0.3478260869565217,0.36956521739130443,0.27999999999999997,2
0.6511627906976745,0.0,0.07908847184986595,0.15816326530612246,0.12261846604787494,0.054271356783919596,0.021142508639967472,0.5652173913043478,0.6086956521739132,0.388,1
0.36046511627906974,0.0,0.02144772117962467,0.051020408163265314,0.07962872496336101,0.011557788944723618,0.025411669038422444,0.4782608695652174,0.39130434782608703,0.2,2
0.6511627906976745,0.0,0.02144772117962467,0.03571428571428572,0.06204201270151441,0.017587939698492462,0.006098800569221387,0.4782608695652174,0.41304347826086957,0.2,1
0.3372093023255814,0.0,0.004021447721179624,0.005102040816326531,0.09428431851489985,0.005527638190954774,0.004065867046147591,0.8405797101449276,0.6521739130434783,0.2,1
0.7209302325581395,0.0,0.19839142091152814,0.38775510204081637,0.1431362970200293,0.15628140703517587,0.11221793047367351,0.5507246376811594,0.282608695652174,0.040000000000000015,1
0.5930232558139535,0.0,0.03887399463806971,0.07142857142857144,0.07376648754274548,0.022110552763819097,0.028867656027647896,0.3478260869565217,0.1956521739130435,0.08,1
0.2441860465116279,1.0,0.006702412868632708,0.010204081632653062,0.04689789936492428,0.007035175879396985,0.0030494002846106934,0.6086956521739131,0.7608695652173915,0.5599999999999999,2
0.627906976744186,1.0,0.032171581769437,0.06122448979591837,0.29653150952613583,0.019095477386934675,0.014027241309209189,0.2898550724637681,0.1521739130434783,0.08,1
0.6627906976744186,0.0,0.01474530831099196,0.025510204081632657,0.06497313141182218,0.02562814070351759,0.015247001423053467,0.5797101449275363,0.6304347826086957,0.4,2
0.7093023255813954,0.0,0.004021447721179624,0.0,0.1607230092818759,0.005025125628140704,0.004065867046147591,0.3768115942028985,0.41304347826086957,0.32,1
0.5813953488372093,0.0,0.006702412868632708,0.005102040816326531,0.11089399120664387,0.002512562814070352,0.0016263468184590363,0.49275362318840576,0.41304347826086957,0.2,1
0.5348837209302325,0.0,0.016085790884718502,0.03571428571428572,0.07572056668295066,0.004020100502512563,0.0020329335230737954,0.46376811594202905,0.4347826086956522,0.26399999999999996,1
0.4883720930232558,0.0,0.004021447721179624,0.005102040816326531,0.07865168539325842,0.01507537688442211,0.002642813579995934,0.6376811594202898,0.4565217391304348,0.15999999999999998,1
0.03488372093023256,1.0,0.35924932975871315,0.5969387755102042,0.6629213483146067,0.39195979899497485,0.21142508639967472,0.49275362318840576,0.23913043478260873,0.040000000000000015,1
0.5,0.0,0.006702412868632708,0.005102040816326531,0.063019052271617,0.01407035175879397,0.0028461069323033137,0.6666666666666666,0.7391304347826088,0.43999999999999995,1
0.5581395348837209,0.0,0.005361930294906167,0.005102040816326531,0.08891060087933561,0.019095477386934675,0.007928440739987802,0.5362318840579711,0.5000000000000001,0.27999999999999997,1
0.4883720930232558,0.0,0.01876675603217158,0.030612244897959186,0.07083536883243771,0.004522613065326633,0.0008131734092295182,0.7101449275362318,0.7608695652173915,0.4,1
0.5232558139534884,0.0,0.00804289544235925,0.010204081632653062,0.08158280410356619,0.019095477386934675,0.00975808091075422,0.8260869565217392,0.7173913043478262,0.27999999999999997,1
0.27906976744186046,1.0,0.0026809651474530827,0.0,0.0361504640937958,0.006030150753768844,0.0012197601138442774,0.31884057971014496,0.21739130434782608,0.12,2
0.5232558139534884,0.0,0.012064343163538875,0.015306122448979595,0.06985832926233512,0.010050251256281407,0.0030494002846106934,0.4782608695652174,0.47826086956521746,0.304,2
0.5116279069767442,0.0,0.004021447721179624,0.005102040816326531,0.07083536883243771,0.002512562814070352,0.004065867046147591,0.27536231884057966,0.26086956521739135,0.2,2
0.47674418604651164,1.0,0.0026809651474530827,0.0,0.10112359550561797,0.006532663316582915,0.006505387273836145,0.3478260869565217,0.23913043478260873,0.08,2
0.6511627906976745,0.0,0.0013404825737265414,0.0,0.21348314606741572,0.005025125628140704,0.00487904045537711,0.46376811594202905,0.1521739130434783,0.028000000000000004,2
0.1744186046511628,0.0,0.013404825737265416,0.03571428571428572,0.056179775280898875,0.001507537688442211,0.0032526936369180726,0.7681159420289856,0.8043478260869565,0.4,2
0.4069767441860465,0.0,0.020107238605898126,0.04081632653061225,0.057156814851001464,0.016080402010050253,0.010571254319983736,0.6811594202898551,0.7391304347826088,0.43199999999999994,1
0.16279069767441862,0.0,0.005361930294906167,0.005102040816326531,0.10698583292623351,0.031155778894472363,0.02642813579995934,0.4057971014492754,0.3478260869565218,0.2,1
0.6511627906976745,0.0,0.03753351206434317,0.08673469387755103,0.3356130923302394,0.034673366834170855,0.02744460256149624,0.7391304347826086,0.5000000000000001,0.15599999999999997,1
0.5232558139534884,0.0,0.009383378016085792,0.020408163265306124,0.04689789936492428,0.010050251256281407,0.0042691603984549705,0.6231884057971014,0.7391304347826088,0.48,1
0.36046511627906974,1.0,0.00804289544235925,0.010204081632653062,0.36248168050806057,0.061809045226130656,0.018906281764586298,0.7536231884057972,0.5217391304347826,0.15999999999999998,1
0.3953488372093023,0.0,0.030831099195710462,0.0663265306122449,0.02051783097215437,0.007537688442211055,0.002236226875381175,0.6956521739130435,0.7173913043478262,0.36,2
0.7441860465116279,0.0,0.01876675603217158,0.020408163265306124,0.04298974108451392,0.004020100502512563,0.002439520227688555,0.5507246376811594,0.673913043478261,0.52,1
0.3488372093023256,0.0,0.07372654155495979,0.12244897959183675,0.11089399120664387,0.017587939698492462,0.04533441756454564,0.42028985507246375,0.39130434782608703,0.24000000000000005,1
0.3023255813953488,1.0,0.005361930294906167,0.005102040816326531,0.06595017098192477,0.010050251256281407,0.00975808091075422,0.3623188405797102,0.41304347826086957,0.32,1
0.27906976744186046,1.0,0.006702412868632708,0.005102040816326531,0.12359550561797752,0.007537688442211055,0.002642813579995934,0.8405797101449276,1.0,0.6,1
0.627906976744186,0.0,0.017426273458445038,0.03571428571428572,0.06106497313141182,0.02512562814070352,0.015043708070746087,0.46376811594202905,0.5652173913043479,0.43999999999999995,2
0.22093023255813954,0.0,0.00804289544235925,0.010204081632653062,0.07278944797264289,0.015577889447236181,0.014230534661516568,0.5072463768115942,0.47826086956521746,0.27999999999999997,1
0.7209302325581395,0.0,0.14611260053619304,0.2806122448979592,0.5114802149487054,0.6231155778894473,1.0,0.6231884057971014,0.32608695652173914,0.08,1
0.7093023255813954,1.0,0.004021447721179624,0.005102040816326531,0.16756228627259404,0.007035175879396985,0.007115267330758284,0.6521739130434783,0.5652173913043479,0.24000000000000005,2
0.5465116279069767,0.0,0.03351206434316354,0.06122448979591837,0.20468978993649242,0.006030150753768844,0.00487904045537711,0.6231884057971014,0.32608695652173914,0.08,1
0.6976744186046512,0.0,0.013404825737265416,0.020408163265306124,0.11480214948705422,0.010552763819095477,0.014840414718438708,0.6521739130434783,0.36956521739130443,0.08,1
0.43023255813953487,0.0,0.010723860589812333,0.020408163265306124,0.0893991206643869,0.012060301507537688,0.006505387273836145,0.6086956521739131,0.5434782608695653,0.26799999999999996,1
0.313953488372093,1.0,0.005361930294906167,0.005102040816326531,0.046409379579872984,0.005527638190954774,0.0012197601138442774,0.4782608695652174,0.4565217391304348,0.27999999999999997,1
0.8255813953488372,0.0,0.193029490616622,0.4540816326530613,0.4675134342940889,0.030653266331658293,0.006505387273836145,0.3768115942028985,0.282608695652174,0.15999999999999998,1
0.3488372093023256,0.0,0.049597855227882036,0.09693877551020409,0.11040547142159257,0.43467336683417085,0.14657450701362065,0.3333333333333333,0.39130434782608703,0.32,1
0.5116279069767442,0.0,0.004021447721179624,0.005102040816326531,0.049829018075232046,0.011055276381909548,0.004065867046147591,0.7681159420289856,0.673913043478261,0.27999999999999997,2
0.45348837209302323,1.0,0.006702412868632708,0.010204081632653062,0.03761602344894968,0.0010050251256281408,0.0038625736938402116,0.6811594202898551,0.5652173913043479,0.6,1
0.8255813953488372,0.0,0.006702412868632708,0.005102040816326531,0.04836345872007816,0.007537688442211055,0.0020329335230737954,0.6086956521739131,0.6086956521739132,0.32,1
0.6511627906976745,0.0,0.064343163538874,0.11734693877551021,0.05129457743038593,0.05829145728643216,0.03903232364301688,0.5942028985507246,0.4347826086956522,0.15999999999999998,1
0.6162790697674418,0.0,0.004021447721179624,0.005102040816326531,0.07083536883243771,0.01256281407035176,0.01768652165074202,0.3478260869565217,0.26086956521739135,0.15999999999999998,1
0.6627906976744186,0.0,0.005361930294906167,0.005102040816326531,0.063019052271617,0.009045226130653266,0.005082333807684488,0.6086956521739131,0.5434782608695653,0.24000000000000005,2
0.4883720930232558,0.0,0.13136729222520108,0.2091836734693878,0.08255984367366878,0.024120603015075376,0.02642813579995934,0.6231884057971014,0.39130434782608703,0.12,1
0.2441860465116279,1.0,0.004021447721179624,0.0,0.03761602344894968,0.011055276381909548,0.0030494002846106934,0.7101449275362318,0.7391304347826088,0.4,2
0.29069767441860467,1.0,0.005361930294906167,0.005102040816326531,0.06936980947728383,0.010050251256281407,0.002642813579995934,0.7971014492753623,0.6956521739130435,0.27999999999999997,1
0.6511627906976745,0.0,0.005361930294906167,0.005102040816326531,0.10893991206643869,0.005527638190954774,0.0034559869892254523,0.6376811594202898,0.673913043478261,0.36,1
0.9302325581395349,1.0,0.004021447721179624,0.005102040816326531,0.06106497313141182,0.001507537688442211,0.002236226875381175,0.4782608695652174,0.5000000000000001,0.32,2
0.3372093023255814,0.0,0.02144772117962467,0.0663265306122449,1.0,0.019095477386934675,0.016060174832282986,0.5072463768115942,0.4565217391304348,0.24000000000000005,1
0.627906976744186,1.0,0.02680965147453083,0.051020408163265314,0.41621885686370297,0.02512562814070352,0.0268347225045741,0.2898550724637681,0.1956521739130435,0.12,1
0.3953488372093023,0.0,0.024128686327077754,0.045918367346938785,0.12066438690766976,0.054773869346733665,0.006505387273836145,0.7536231884057972,0.6956521739130435,0.27999999999999997,2
0.1511627906976744,0.0,0.006702412868632708,0.005102040816326531,0.07865168539325842,0.01306532663316583,0.007115267330758284,0.6086956521739131,0.7173913043478262,0.5,1
0.6046511627906976,1.0,0.004021447721179624,0.0,0.040058622374206154,0.008040201005025126,0.002642813579995934,0.6231884057971014,0.673913043478261,0.4,2
0.7209302325581395,0.0,0.22654155495978556,0.42857142857142866,0.15876893014167073,0.08190954773869347,0.0725757267737345,0.7391304347826086,0.36956521739130443,0.08,1
0.2558139534883721,0.0,0.017426273458445038,0.025510204081632657,0.0718124084025403,0.02613065326633166,0.00935149420613946,0.39130434782608703,0.282608695652174,0.12,1
0.5232558139534884,1.0,0.005361930294906167,0.005102040816326531,0.06595017098192477,0.006532663316582915,0.0020329335230737954,0.6231884057971014,0.7391304347826088,0.48,1
0.3023255813953488,1.0,0.004021447721179624,0.005102040816326531,0.06399609184171959,0.011055276381909548,0.005285627159991868,0.6956521739130435,0.5869565217391305,0.24800000000000005,2
0.6511627906976745,0.0,0.004021447721179624,0.005102040816326531,0.0542256961406937,0.011055276381909548,0.0008131734092295182,0.7391304347826086,0.7173913043478262,0.32,2
0.7906976744186046,0.0,0.004021447721179624,0.005102040816326531,0.05959941377625794,0.003015075376884422,0.002439520227688555,0.6666666666666666,0.6086956521739132,0.27999999999999997,2
0.5116279069767442,1.0,0.005361930294906167,0.005102040816326531,0.04250122129946263,0.007537688442211055,0.002642813579995934,0.6956521739130435,0.6521739130434783,0.27999999999999997,1
0.5348837209302325,1.0,0.017426273458445038,0.025510204081632657,0.1792867611138251,0.009045226130653266,0.00447245375076235,0.5942028985507246,0.5652173913043479,0.27999999999999997,1
0.47674418604651164,0.0,0.028150134048257378,0.05612244897959184,0.048851978505129456,0.009045226130653266,0.002439520227688555,0.7101449275362318,0.673913043478261,0.32,1
0.2441860465116279,0.0,0.005361930294906167,0.0,0.032730825598436736,0.006532663316582915,0.006505387273836145,0.7681159420289856,0.673913043478261,0.27999999999999997,1
0.5813953488372093,1.0,0.06836461126005362,0.15816326530612246,0.14020517830972154,0.02864321608040201,0.006505387273836145,0.6231884057971014,0.5000000000000001,0.2,1
0.5116279069767442,0.0,0.016085790884718502,0.045918367346938785,0.2564728871519297,0.032160804020100506,0.020939215287660094,0.6666666666666666,0.32608695652173914,0.040000000000000015,1
0.1511627906976744,1.0,0.0013404825737265414,0.0,0.06985832926233512,0.009045226130653266,0.002236226875381175,0.6376811594202898,0.782608695652174,0.5599999999999999,2
0.8255813953488372,0.0,0.013404825737265416,0.015306122448979595,0.07425500732779677,0.020100502512562814,0.004065867046147591,0.46376811594202905,0.36956521739130443,0.15999999999999998,1
0.5232558139534884,1.0,0.005361930294906167,0.005102040816326531,0.046409379579872984,0.004522613065326633,0.0010164667615368977,0.5652173913043478,0.5869565217391305,0.36,2
0.4418604651162791,0.0,0.004021447721179624,0.005102040816326531,0.06546165119687347,0.027135678391959798,0.00467574710306973,0.4492753623188406,0.32608695652173914,0.15999999999999998,2
0.3953488372093023,0.0,0.04423592493297588,0.10714285714285716,0.07474352711284807,0.08492462311557789,0.045131124212238256,0.7391304347826086,0.782608695652174,0.4,1
0.7093023255813954,0.0,0.10053619302949063,0.21428571428571433,0.10698583292623351,0.020100502512562814,0.012604187843057533,0.4782608695652174,0.4565217391304348,0.27999999999999997,1
0.13953488372093023,0.0,0.004021447721179624,0.005102040816326531,0.17342452369320957,0.009045226130653266,0.005082333807684488,0.6521739130434783,0.6956521739130435,0.4,2
0.4186046511627907,0.0,0.009383378016085792,0.010204081632653062,0.08158280410356619,0.8140703517587939,0.19312868469201058,0.31884057971014496,0.41304347826086957,0.4,1
0.313953488372093,0.0,0.005361930294906167,0.005102040816326531,0.06595017098192477,0.016582914572864323,0.0042691603984549705,0.6666666666666666,0.673913043478261,0.36,1
0.4069767441860465,0.0,0.016085790884718502,0.03571428571428572,0.08158280410356619,0.03919597989949749,0.01301077454767229,0.7681159420289856,0.673913043478261,0.27999999999999997,2
0.5930232558139535,0.0,0.006702412868632708,0.005102040816326531,0.06204201270151441,0.007537688442211055,0.003659280341532832,0.46376811594202905,0.39130434782608703,0.2,1
0.22093023255813954,1.0,0.02546916890080429,0.03571428571428572,0.21787982413287738,0.009045226130653266,0.006911973978450905,0.6086956521739131,0.4347826086956522,0.15999999999999998,2
0.16279069767441862,0.0,0.01876675603217158,0.030612244897959186,0.056179775280898875,0.01256281407035176,0.005285627159991868,0.5942028985507246,0.5869565217391305,0.32,1
0.47674418604651164,0.0,0.004021447721179624,0.005102040816326531,0.057156814851001464,0.004020100502512563,0.00975808091075422,0.5797101449275363,0.6086956521739132,0.36,2
0.5348837209302325,0.0,0.02949061662198392,0.05612244897959184,0.1719589643380557,0.19949748743718593,0.11506403740597683,0.5362318840579711,0.5000000000000001,0.27999999999999997,1
0.20930232558139536,0.0,0.030831099195710462,0.045918367346938785,0.04738641914997557,0.036180904522613064,0.023785322219963406,0.4057971014492754,0.47826086956521746,0.36,2
0.7209302325581395,1.0,0.03351206434316354,0.06122448979591837,0.05129457743038593,0.005527638190954774,0.005692213864606627,0.4057971014492754,0.1956521739130435,0.040000000000000015,1
0.29069767441860467,0.0,0.004021447721179624,0.005102040816326531,0.049829018075232046,0.022613065326633167,0.015653588127668226,0.6956521739130435,0.8043478260869565,0.512,1
