0.5232558139534884,0.0,0.004021447721179624,0.0,0.04152418172936004,0.0020100502512562816,0.0004065867046147591,0.39130434782608703,0.41304347826086957,0.27999999999999997,2
0.7093023255813954,0.0,0.009383378016085792,0.020408163265306124,0.30434782608695654,0.003015075376884422,0.007318560683065664,0.4347826086956522,0.13043478260869565,0.019999999999999997,1
0.627906976744186,0.0,0.00804289544235925,0.015306122448979595,0.05813385442110405,0.0020100502512562816,0.0020329335230737954,0.5942028985507246,0.5434782608695653,0.27999999999999997,1
0.37209302325581395,1.0,0.010723860589812333,0.015306122448979595,0.1441133365901319,0.07537688442211055,0.016263468184590364,0.8115942028985509,0.7608695652173915,0.32,2
0.8255813953488372,0.0,0.01876675603217158,0.03571428571428572,0.16707376648754274,0.034673366834170855,0.008131734092295182,0.49275362318840576,0.4347826086956522,0.24000000000000005,1
0.813953488372093,0.0,0.0026809651474530827,0.0,0.10210063507572056,0.007035175879396985,0.0178898150030494,0.3333333333333333,0.23913043478260873,0.12,1
0.46511627906976744,0.0,0.005361930294906167,0.005102040816326531,0.13287738153395212,0.06934673366834171,0.015450294775360847,0.42028985507246375,0.4565217391304348,0.32,1
0.3953488372093023,0.0,0.017426273458445038,0.045918367346938785,0.057156814851001464,0.004020100502512563,0.00487904045537711,0.6521739130434783,0.5869565217391305,0.27999999999999997,1
0.627906976744186,0.0,0.00804289544235925,0.020408163265306124,0.046409379579872984,0.013567839195979899,0.006708680626143525,0.6521739130434783,0.5869565217391305,0.27999999999999997,1
0.5,1.0,0.03485254691689008,0.07142857142857144,0.11187103077674646,0.027135678391959798,0.011587721081520634,0.42028985507246375,0.1956521739130435,0.06799999999999999,1
0.4883720930232558,1.0,0.05764075067024129,0.10714285714285716,0.12066438690766976,0.02613065326633166,0.016263468184590364,0.5362318840579711,0.3478260869565218,0.12,1
0.8255813953488372,1.0,0.005361930294906167,0.005102040816326531,0.06936980947728383,0.008542713567839196,0.0028461069323033137,0.24637681159420294,0.23913043478260873,0.2,1
0.6511627906976745,0.0,0.07908847184986595,0.15816326530612246,0.12261846604787494,0.054271356783919596,0.021142508639967472,0.5652173913043478,0.6086956521739132,0.388,1
1.0,0.0,0.009383378016085792,0.010204081632653062,0.07425500732779677,0.018090452261306532,0.025208375686115066,0.6086956521739131,0.4565217391304348,0.15999999999999998,1
0.06976744186046512,1.0,0.005361930294906167,0.0,0.1621885686370298,0.007537688442211055,0.01321406789997967,0.7101449275362318,0.5869565217391305,0.24000000000000005,1
0.3023255813953488,1.0,0.005361930294906167,0.005102040816326531,0.046409379579872984,0.007537688442211055,0.002439520227688555,0.7536231884057972,0.782608695652174,0.4,2
0.3372093023255814,0.0,0.02278820375335121,0.06122448979591837,0.20371275036638983,0.01407035175879397,0.002439520227688555,0.5507246376811594,0.4565217391304348,0.2,1
0.7441860465116279,0.0,0.004021447721179624,0.0,0.040058622374206154,0.005025125628140704,0.002439520227688555,0.4492753623188406,0.4347826086956522,0.27999999999999997,1
0.4883720930232558,0.0,0.0026809651474530827,0.005102040816326531,0.11089399120664387,0.008040201005025126,0.002236226875381175,0.4782608695652174,0.4565217391304348,0.27999999999999997,1
0.6744186046511628,0.0,0.01876675603217158,0.04081632653061225,0.07865168539325842,0.02964824120603015,0.029477536084570034,0.855072463768116,0.673913043478261,0.2,1
0.32558139534883723,1.0,0.004021447721179624,0.0,0.08646800195407914,0.0010050251256281408,0.0010164667615368977,0.6231884057971014,0.4565217391304348,0.15999999999999998,1
0.6511627906976745,0.0,0.006702412868632708,0.010204081632653062,0.05129457743038593,0.003015075376884422,0.0028461069323033137,0.5797101449275363,0.4565217391304348,0.2,1
0.11627906976744186,0.0,0.013404825737265416,0.020408163265306124,0.10063507572056668,0.024120603015075376,0.007115267330758284,0.5797101449275363,0.6521739130434783,0.43999999999999995,1
0.4418604651162791,1.0,0.09383378016085792,0.1785714285714286,0.11480214948705422,0.021105527638190954,0.01870298841227892,0.27536231884057966,0.21739130434782608,0.15999999999999998,1
0.3488372093023256,1.0,0.0026809651474530827,0.0,0.04787493893502687,0.002512562814070352,0.001829640170766416,0.5652173913043478,0.5434782608695653,0.27999999999999997,1
0.2558139534883721,1.0,0.004021447721179624,0.005102040816326531,0.03957010258915486,0.01306532663316583,0.00467574710306973,0.7971014492753623,0.7391304347826088,0.32,1
0.6744186046511628,0.0,0.004021447721179624,0.005102040816326531,0.04836345872007816,0.0010050251256281408,0.0014230534661516568,0.7971014492753623,0.5000000000000001,0.12,2
0.7906976744186046,0.0,0.005361930294906167,0.005102040816326531,0.04152418172936004,0.006532663316582915,0.005082333807684488,0.4782608695652174,0.4565217391304348,0.27999999999999997,1
0.38372093023255816,1.0,0.005361930294906167,0.005102040816326531,0.06936980947728383,0.010552763819095477,0.005285627159991868,0.9420289855072463,0.8043478260869565,0.27999999999999997,2
0.16279069767441862,0.0,0.012064343163538875,0.030612244897959186,0.12359550561797752,0.0,0.002236226875381175,0.4782608695652174,0.26086956521739135,0.08,2
0.8023255813953488,0.0,0.020107238605898126,0.030612244897959186,0.824132877381534,0.04623115577889447,0.02663142915226672,0.4057971014492754,0.23913043478260873,0.08,1
0.36046511627906974,0.0,0.02144772117962467,0.051020408163265314,0.07962872496336101,0.011557788944723618,0.025411669038422444,0.4782608695652174,0.39130434782608703,0.2,2
0.6627906976744186,0.0,0.005361930294906167,0.0,0.10698583292623351,0.03768844221105527,0.04492783085993088,0.8405797101449276,0.7391304347826088,0.27999999999999997,1
0.2558139534883721,0.0,0.08981233243967827,0.163265306122449,0.09526135808500244,0.035175879396984924,0.020939215287660094,0.5072463768115942,0.4347826086956522,0.2,1
0.4186046511627907,0.0,0.004021447721179624,0.0,0.06790425012212994,0.013567839195979899,0.0038625736938402116,0.3333333333333333,0.36956521739130443,0.27999999999999997,1
0.627906976744186,0.0,0.017426273458445038,0.03571428571428572,0.06106497313141182,0.02512562814070352,0.015043708070746087,0.46376811594202905,0.5652173913043479,0.43999999999999995,2
0.3372093023255814,0.0,0.02144772117962467,0.0663265306122449,1.0,0.019095477386934675,0.016060174832282986,0.5072463768115942,0.4565217391304348,0.24000000000000005,1
0.6511627906976745,0.0,0.02278820375335121,0.045918367346938785,0.0625305324865657,0.05226130653266332,0.04818052449684895,0.18840579710144925,0.1521739130434783,0.12,1
0.26744186046511625,0.0,0.00804289544235925,0.005102040816326531,0.06936980947728383,0.06381909547738693,0.02744460256149624,0.4782608695652174,0.4565217391304348,0.27999999999999997,1
0.20930232558139536,1.0,0.024128686327077754,0.045918367346938785,0.07425500732779677,0.07487437185929648,0.008335027444602561,0.4057971014492754,0.3478260869565218,0.2,1
0.47674418604651164,0.0,0.005361930294906167,0.005102040816326531,0.03761602344894968,0.007035175879396985,0.0020329335230737954,0.5217391304347826,0.5000000000000001,0.27999999999999997,2
0.4069767441860465,0.0,0.020107238605898126,0.04081632653061225,0.057156814851001464,0.016080402010050253,0.010571254319983736,0.6811594202898551,0.7391304347826088,0.43199999999999994,1
0.5348837209302325,0.0,0.004021447721179624,0.005102040816326531,0.063019052271617,0.004020100502512563,0.0010164667615368977,0.6811594202898551,0.7173913043478262,0.4,2
0.38372093023255816,0.0,0.01876675603217158,0.03571428571428572,0.040058622374206154,0.02613065326633166,0.00975808091075422,0.4347826086956522,0.4347826086956522,0.27999999999999997,1
0.4186046511627907,0.0,0.004021447721179624,0.005102040816326531,0.055202735710796286,0.009045226130653266,0.006708680626143525,0.3768115942028985,0.32608695652173914,0.2,2
0.4883720930232558,0.0,0.0026809651474530827,0.005102040816326531,0.025403028822667317,0.0020100502512562816,0.00020329335230737954,0.6086956521739131,0.5434782608695653,0.24000000000000005,1
0.1511627906976744,1.0,0.004021447721179624,0.005102040816326531,0.040058622374206154,0.004020100502512563,0.005285627159991868,0.6521739130434783,0.6521739130434783,0.352,2
0.5116279069767442,1.0,0.006702412868632708,0.005102040816326531,0.0537371763556424,0.008040201005025126,0.0034559869892254523,0.5072463768115942,0.47826086956521746,0.27999999999999997,1
0.36046511627906974,1.0,0.006702412868632708,0.010204081632653062,0.046409379579872984,0.005025125628140704,0.0012197601138442774,0.7681159420289856,0.673913043478261,0.27999999999999997,1
0.313953488372093,0.0,0.005361930294906167,0.005102040816326531,0.06595017098192477,0.016582914572864323,0.0042691603984549705,0.6666666666666666,0.673913043478261,0.36,1
0.5116279069767442,0.0,0.03753351206434317,0.07653061224489796,0.09477283829995115,0.011557788944723618,0.02154909534458223,0.4347826086956522,0.282608695652174,0.128,1
0.5116279069767442,0.0,0.07238605898123324,0.12244897959183675,0.3610161211529067,0.061809045226130656,0.015856881479975604,0.4782608695652174,0.41304347826086957,0.2,1
0.5465116279069767,1.0,0.006702412868632708,0.005102040816326531,0.10600879335613092,0.005527638190954774,0.004065867046147591,0.5797101449275363,0.5000000000000001,0.2,1
0.6511627906976745,0.0,0.14879356568364613,0.25000000000000006,0.48216902784562776,0.04472361809045226,0.03598292335840618,0.5072463768115942,0.41304347826086957,0.2,1
0.6511627906976745,0.0,0.064343163538874,0.11734693877551021,0.05129457743038593,0.05829145728643216,0.03903232364301688,0.5942028985507246,0.4347826086956522,0.15999999999999998,1
0.627906976744186,0.0,0.005361930294906167,0.005102040816326531,0.029311187103077674,0.023115577889447236,0.007725147387680423,0.4782608695652174,0.4565217391304348,0.27999999999999997,1
0.5348837209302325,1.0,0.017426273458445038,0.025510204081632657,0.1792867611138251,0.009045226130653266,0.00447245375076235,0.5942028985507246,0.5652173913043479,0.27999999999999997,1
0.27906976744186046,1.0,0.0026809651474530827,0.0,0.0361504640937958,0.006030150753768844,0.0012197601138442774,0.31884057971014496,0.21739130434782608,0.12,2
0.37209302325581395,1.0,0.004021447721179624,0.005102040816326531,0.043478260869565216,0.005527638190954774,0.0030494002846106934,0.46376811594202905,0.47826086956521746,0.32,2
0.3372093023255814,0.0,0.08981233243967827,0.18367346938775514,0.06497313141182218,0.3075376884422111,0.09900386257369384,0.6086956521739131,0.5869565217391305,0.316,1
0.4186046511627907,0.0,0.04289544235924934,0.08673469387755103,0.1084513922813874,0.020100502512562814,0.010164667615368977,0.6231884057971014,0.4347826086956522,0.15999999999999998,1
0.686046511627907,0.0,0.006702412868632708,0.005102040816326531,0.06399609184171959,0.021105527638190954,0.007115267330758284,0.4782608695652174,0.6521739130434783,0.62,2
0.5116279069767442,0.0,0.013404825737265416,0.025510204081632657,0.09770395701025891,0.01407035175879397,0.011384427729213255,0.4492753623188406,0.282608695652174,0.124,1
0.8255813953488372,0.0,0.03351206434316354,0.06122448979591837,0.07572056668295066,0.011557788944723618,0.005488920512299248,0.043478260869565195,0.13043478260869565,0.27999999999999997,1
0.13953488372093023,0.0,0.09785522788203754,0.20408163265306123,0.10014655593551539,0.10201005025125628,0.03212034966456597,0.6376811594202898,0.673913043478261,0.36,1
0.7674418604651163,0.0,0.036193029490616625,0.07653061224489796,0.06595017098192477,0.01507537688442211,0.003659280341532832,0.42028985507246375,0.23913043478260873,0.08,1
0.7093023255813954,0.0,0.005361930294906167,0.0,0.04054714215925745,0.0035175879396984926,0.0038625736938402116,0.46376811594202905,0.5000000000000001,0.352,2
0.26744186046511625,0.0,0.010723860589812333,0.015306122448979595,0.05666829506595017,0.026633165829145728,0.005895507216914007,0.49275362318840576,0.5217391304347826,0.32,2
0.5465116279069767,0.0,0.004021447721179624,0.0,0.057156814851001464,0.007537688442211055,0.0034559869892254523,0.49275362318840576,0.47826086956521746,0.27999999999999997,1
0.2558139534883721,0.0,0.0026809651474530827,0.0,0.022960429897410845,0.002512562814070352,0.0020329335230737954,0.014492753623188356,0.1521739130434783,0.4,1
0.18604651162790697,1.0,0.0026809651474530827,0.005102040816326531,0.06790425012212994,0.0010050251256281408,0.0006098800569221387,0.49275362318840576,0.4565217391304348,0.24000000000000005,2
0.4883720930232558,0.0,0.12064343163538875,0.26020408163265313,0.10014655593551539,0.005527638190954774,0.010774547672291116,0.5362318840579711,0.41304347826086957,0.2,1
0.23255813953488372,0.0,0.004021447721179624,0.005102040816326531,0.07572056668295066,0.0185929648241206,0.0032526936369180726,0.5652173913043478,0.5217391304347826,0.27999999999999997,1
0.5930232558139535,0.0,0.005361930294906167,0.005102040816326531,0.20468978993649242,0.05125628140703518,0.01809310835535678,0.4347826086956522,0.36956521739130443,0.2,1
0.5930232558139535,0.0,0.04289544235924934,0.07653061224489796,0.13971665852467025,0.01507537688442211,0.012197601138442773,0.6521739130434783,0.4347826086956522,0.12,1
0.5465116279069767,0.0,0.0482573726541555,0.12244897959183675,0.10356619443087445,0.18693467336683417,0.06505387273836145,0.6956521739130435,0.673913043478261,0.32,1
0.10465116279069768,1.0,0.004021447721179624,0.0,0.05813385442110405,0.007035175879396985,0.001829640170766416,0.8985507246376813,0.8695652173913044,0.36,1
0.5348837209302325,0.0,0.02949061662198392,0.05612244897959184,0.1719589643380557,0.19949748743718593,0.11506403740597683,0.5362318840579711,0.5000000000000001,0.27999999999999997,1
0.32558139534883723,0.0,0.004021447721179624,0.005102040816326531,0.049829018075232046,0.010552763819095477,0.0038625736938402116,0.49275362318840576,0.4565217391304348,0.26399999999999996,2
0.32558139534883723,0.0,0.006702412868632708,0.010204081632653062,0.19491939423546653,0.03015075376884422,0.014637121366131328,0.5072463768115942,0.47826086956521746,0.27999999999999997,1
0.5813953488372093,0.0,0.005361930294906167,0.005102040816326531,0.07572056668295066,0.005025125628140704,0.001829640170766416,0.5217391304347826,0.3478260869565218,0.12,1
0.5930232558139535,1.0,0.005361930294906167,0.005102040816326531,0.0449438202247191,0.005527638190954774,0.0014230534661516568,0.6086956521739131,0.6304347826086957,0.43999999999999995,1
0.32558139534883723,0.0,0.43163538873994645,0.7142857142857144,0.07620908646800195,0.04271356783919598,0.0457410042691604,0.4492753623188406,0.47826086956521746,0.32,1
0.5581395348837209,0.0,0.005361930294906167,0.005102040816326531,0.08891060087933561,0.019095477386934675,0.007928440739987802,0.5362318840579711,0.5000000000000001,0.27999999999999997,1
0.6511627906976745,0.0,0.004021447721179624,0.005102040816326531,0.05276013678553981,0.010552763819095477,0.0032526936369180726,0.6231884057971014,0.5652173913043479,0.27999999999999997,2
0.6511627906976745,0.0,0.03351206434316354,0.06122448979591837,0.08158280410356619,0.011055276381909548,0.006911973978450905,0.42028985507246375,0.23913043478260873,0.08,1
0.10465116279069768,1.0,0.004021447721179624,0.005102040816326531,0.14020517830972154,0.0035175879396984926,0.0028461069323033137,0.6811594202898551,0.673913043478261,0.32,1
0.8255813953488372,0.0,0.10187667560321716,0.2295918367346939,0.15779189057156814,0.010050251256281407,0.0030494002846106934,0.4057971014492754,0.1956521739130435,0.072,1
0.47674418604651164,0.0,0.024128686327077754,0.03571428571428572,0.071323888617489,0.007537688442211055,0.0020329335230737954,0.7681159420289856,0.673913043478261,0.27999999999999997,1
0.23255813953488372,0.0,0.00804289544235925,0.005102040816326531,0.061553492916463115,0.021105527638190954,0.0042691603984549705,0.7681159420289856,0.8478260869565218,0.48,1
0.5581395348837209,0.0,0.030831099195710462,0.0663265306122449,0.09184171958964338,0.005025125628140704,0.006098800569221387,0.4782608695652174,0.17391304347826086,0.03600000000000001,1
0.5813953488372093,0.0,0.006702412868632708,0.005102040816326531,0.11089399120664387,0.002512562814070352,0.0016263468184590363,0.49275362318840576,0.41304347826086957,0.2,1
0.2558139534883721,0.0,0.5683646112600537,1.0,0.15974596971177332,0.032663316582914576,0.02602154909534458,0.6956521739130435,0.36956521739130443,0.08,1
0.20930232558139536,0.0,0.0026809651474530827,0.005102040816326531,0.06790425012212994,0.034170854271356785,0.006302093921528766,0.7681159420289856,0.6521739130434783,0.24000000000000005,1
0.6511627906976745,0.0,0.08579088471849866,0.15816326530612246,0.11968734733756717,0.19798994974874373,0.15938198820898555,0.5942028985507246,0.4565217391304348,0.15999999999999998,1
0.7674418604651163,0.0,0.012064343163538875,0.015306122448979595,0.1441133365901319,0.004522613065326633,0.0008131734092295182,0.49275362318840576,0.41304347826086957,0.2,1
0.5232558139534884,0.0,0.012064343163538875,0.015306122448979595,0.06985832926233512,0.010050251256281407,0.0030494002846106934,0.4782608695652174,0.47826086956521746,0.304,2
0.8255813953488372,1.0,0.005361930294906167,0.005102040816326531,0.06106497313141182,0.005025125628140704,0.0038625736938402116,0.24637681159420294,0.1956521739130435,0.12,1
0.7093023255813954,0.0,0.004021447721179624,0.005102040816326531,0.06643869076697606,0.004522613065326633,0.002439520227688555,0.5217391304347826,0.5869565217391305,0.4,2
0.5348837209302325,1.0,0.004021447721179624,0.0,0.063019052271617,0.005025125628140704,0.006302093921528766,0.6666666666666666,0.5217391304347826,0.2,1
0.5116279069767442,1.0,0.005361930294906167,0.005102040816326531,0.04250122129946263,0.007537688442211055,0.002642813579995934,0.6956521739130435,0.6521739130434783,0.27999999999999997,1
0.4883720930232558,0.0,0.01876675603217158,0.030612244897959186,0.07083536883243771,0.004522613065326633,0.0008131734092295182,0.7101449275362318,0.7608695652173915,0.4,1
0.29069767441860467,0.0,0.005361930294906167,0.005102040816326531,0.045432340009770394,0.0010050251256281408,0.0010164667615368977,0.5942028985507246,0.6086956521739132,0.32,2
0.2441860465116279,0.0,0.004021447721179624,0.005102040816326531,0.05959941377625794,0.09346733668341708,0.0794877007521854,0.5507246376811594,0.6521739130434783,0.48,1
0.7558139534883721,0.0,0.006702412868632708,0.005102040816326531,0.07425500732779677,0.011055276381909548,0.0028461069323033137,0.6086956521739131,0.4565217391304348,0.15999999999999998,1
0.5116279069767442,1.0,0.005361930294906167,0.005102040816326531,0.07572056668295066,0.011055276381909548,0.003659280341532832,0.3623188405797102,0.3478260869565218,0.24000000000000005,2
0.6511627906976745,0.0,0.02680965147453083,0.045918367346938785,0.5183194919394235,0.010050251256281407,0.0089449075015247,0.3623188405797102,0.21739130434782608,0.08,1
0.23255813953488372,1.0,0.004021447721179624,0.005102040816326531,0.06106497313141182,0.0005025125628140704,0.0,0.4057971014492754,0.30434782608695654,0.16399999999999998,2
0.4418604651162791,0.0,0.004021447721179624,0.005102040816326531,0.06546165119687347,0.027135678391959798,0.00467574710306973,0.4492753623188406,0.32608695652173914,0.15999999999999998,2
0.7093023255813954,0.0,0.006702412868632708,0.005102040816326531,0.05227161700048852,0.011557788944723618,0.011384427729213255,0.6231884057971014,0.4565217391304348,0.18,1
0.6744186046511628,0.0,0.09249329758713137,0.20408163265306123,0.20859794821690278,0.02512562814070352,0.011791014433828014,0.6231884057971014,0.5217391304347826,0.23600000000000004,1
0.32558139534883723,0.0,0.15683646112600536,0.30102040816326536,0.22081094284318514,0.019095477386934675,0.016670054889205123,0.5652173913043478,0.32608695652173914,0.08,1
0.6744186046511628,0.0,0.14075067024128687,0.2755102040816327,0.31069858329262334,0.027135678391959798,0.01829640170766416,0.6956521739130435,0.5000000000000001,0.176,1
0.46511627906976744,0.0,0.006702412868632708,0.005102040816326531,0.05813385442110405,0.009547738693467337,0.014637121366131328,0.6376811594202898,0.6086956521739132,0.27999999999999997,2
0.4418604651162791,1.0,0.02546916890080429,0.051020408163265314,0.11187103077674646,0.009547738693467337,0.005895507216914007,0.2028985507246376,0.1956521739130435,0.15999999999999998,1
0.5697674418604651,1.0,0.005361930294906167,0.005102040816326531,0.0635075720566683,0.04321608040201005,0.00955478755844684,0.5797101449275363,0.5869565217391305,0.344,1
0.7209302325581395,0.0,0.0026809651474530827,0.005102040816326531,0.0180752320468979,0.0035175879396984926,0.028054482618418378,0.3333333333333333,0.5217391304347826,0.6399999999999999,2
0.8255813953488372,0.0,0.006702412868632708,0.005102040816326531,0.06985832926233512,0.017085427135678392,0.00467574710306973,0.5072463768115942,0.4347826086956522,0.2,1
0.5348837209302325,0.0,0.09249329758713137,0.18367346938775514,0.014167073766487542,0.017085427135678392,0.045944297621467775,0.5942028985507246,0.1521739130434783,0.0,1
0.36046511627906974,0.0,0.3471849865951743,0.6122448979591837,0.021983390327308255,0.07939698492462312,0.12604187843057532,0.9420289855072463,0.23913043478260873,0.0,1
0.47674418604651164,1.0,0.005361930294906167,0.005102040816326531,0.049829018075232046,0.006030150753768844,0.0016263468184590363,0.7971014492753623,0.6956521739130435,0.27999999999999997,1
0.3953488372093023,1.0,0.005361930294906167,0.005102040816326531,0.05959941377625794,0.007537688442211055,0.002236226875381175,0.6231884057971014,0.4565217391304348,0.15999999999999998,1
0.47674418604651164,0.0,0.009383378016085792,0.015306122448979595,0.014167073766487542,0.0407035175879397,0.03618621671071356,0.6521739130434783,0.6304347826086957,0.324,1
0.7209302325581395,0.0,0.004021447721179624,0.005102040816326531,0.08597948216902784,0.008542713567839196,0.0032526936369180726,0.5217391304347826,0.6086956521739132,0.43999999999999995,1
0.4186046511627907,0.0,0.006702412868632708,0.010204081632653062,0.06497313141182218,0.02964824120603015,0.007725147387680423,0.5942028985507246,0.47826086956521746,0.2,1
0.6511627906976745,0.0,0.02546916890080429,0.025510204081632657,0.10210063507572056,0.034673366834170855,0.008335027444602561,0.5652173913043478,0.5652173913043479,0.32,1
0.3953488372093023,1.0,0.004021447721179624,0.0,0.043478260869565216,0.04020100502512563,0.002236226875381175,0.6376811594202898,0.7173913043478262,0.43999999999999995,2
0.3953488372093023,1.0,0.005361930294906167,0.005102040816326531,0.040058622374206154,0.004522613065326633,0.002642813579995934,0.49275362318840576,0.47826086956521746,0.292,2
0.5348837209302325,0.0,0.030831099195710462,0.07653061224489796,0.04592085979482169,0.06984924623115578,0.029680829436877415,0.7536231884057972,0.47826086956521746,0.12,1
0.4883720930232558,0.0,0.03887399463806971,0.07142857142857144,0.05324865657059111,0.007537688442211055,0.006302093921528766,0.42028985507246375,0.32608695652173914,0.15999999999999998,1
0.6511627906976745,0.0,0.005361930294906167,0.005102040816326531,0.10893991206643869,0.005527638190954774,0.0034559869892254523,0.6376811594202898,0.673913043478261,0.36,1
0.16279069767441862,0.0,0.004021447721179624,0.0,0.12164142647777235,0.14974874371859295,0.08030087416141492,0.6086956521739131,0.6086956521739132,0.32,1
0.6511627906976745,0.0,0.03753351206434317,0.08673469387755103,0.3356130923302394,0.034673366834170855,0.02744460256149624,0.7391304347826086,0.5000000000000001,0.15599999999999997,1
0.2441860465116279,1.0,0.006702412868632708,0.010204081632653062,0.04689789936492428,0.007035175879396985,0.0030494002846106934,0.6086956521739131,0.7608695652173915,0.5599999999999999,2
0.5930232558139535,1.0,0.14075067024128687,0.25510204081632654,0.6287249633610161,0.019095477386934675,0.00955478755844684,0.5362318840579711,0.30434782608695654,0.08,1
0.5930232558139535,1.0,0.10455764075067024,0.19387755102040818,0.6287249633610161,0.021105527638190954,0.011181134376905875,0.5797101449275363,0.4347826086956522,0.15999999999999998,1
0.6511627906976745,0.0,0.0026809651474530827,0.0,0.06008793356130923,0.005025125628140704,0.002236226875381175,0.5072463768115942,0.5217391304347826,0.32,2
0.26744186046511625,0.0,0.0026809651474530827,0.005102040816326531,0.04787493893502687,0.008542713567839196,0.003659280341532832,0.14492753623188406,0.1521739130434783,0.184,2
0.5465116279069767,0.0,0.005361930294906167,0.005102040816326531,0.05471421592574499,0.019095477386934675,0.002439520227688555,0.782608695652174,0.8043478260869565,0.4,1
0.7674418604651163,0.0,0.030831099195710462,0.05612244897959184,0.14753297508549096,0.02613065326633166,0.00914820085383208,0.4782608695652174,0.32608695652173914,0.12,1
0.03488372093023256,1.0,0.35924932975871315,0.5969387755102042,0.6629213483146067,0.39195979899497485,0.21142508639967472,0.49275362318840576,0.23913043478260873,0.040000000000000015,1
0.6976744186046512,0.0,0.03485254691689008,0.0663265306122449,0.0903761602344895,0.018090452261306532,0.006098800569221387,0.5507246376811594,0.5000000000000001,0.24000000000000005,1
0.046511627906976744,1.0,0.006702412868632708,0.005102040816326531,0.16511968734733756,0.007537688442211055,0.00975808091075422,0.6956521739130435,0.5434782608695653,0.2,1
0.29069767441860467,1.0,0.006702412868632708,0.010204081632653062,0.06790425012212994,0.0020100502512562816,0.00020329335230737954,0.5797101449275363,0.5869565217391305,0.32,1
0.4069767441860465,0.0,0.0026809651474530827,0.005102040816326531,0.06106497313141182,0.009045226130653266,0.006708680626143525,0.782608695652174,0.5217391304347826,0.12,1
0.7674418604651163,1.0,0.006702412868632708,0.010204081632653062,0.07669760625305325,0.021608040201005024,0.01727993494612726,0.49275362318840576,0.41304347826086957,0.15200000000000002,1
0.2558139534883721,1.0,0.006702412868632708,0.005102040816326531,0.044455300439667805,0.003015075376884422,0.0004065867046147591,0.6231884057971014,0.5652173913043479,0.27999999999999997,1
0.3488372093023256,0.0,0.07372654155495979,0.12244897959183675,0.11089399120664387,0.017587939698492462,0.04533441756454564,0.42028985507246375,0.39130434782608703,0.24000000000000005,1
0.6976744186046512,0.0,0.006702412868632708,0.010204081632653062,0.12066438690766976,0.02562814070351759,0.00975808091075422,0.6231884057971014,0.5434782608695653,0.24000000000000005,2
0.4883720930232558,0.0,0.13136729222520108,0.2091836734693878,0.08255984367366878,0.024120603015075376,0.02642813579995934,0.6231884057971014,0.39130434782608703,0.12,1
0.8255813953488372,0.0,0.006702412868632708,0.005102040816326531,0.10698583292623351,0.007537688442211055,0.002642813579995934,0.24637681159420294,0.282608695652174,0.27999999999999997,1
0.3372093023255814,0.0,0.005361930294906167,0.005102040816326531,0.03517342452369321,0.010050251256281407,0.0038625736938402116,0.6521739130434783,0.7608695652173915,0.48,2
0.38372093023255816,0.0,0.01876675603217158,0.03571428571428572,0.07425500732779677,0.021608040201005024,0.00975808091075422,0.5362318840579711,0.6304347826086957,0.43999999999999995,1
0.3372093023255814,0.0,0.006702412868632708,0.03571428571428572,0.3014167073766488,0.013567839195979899,0.006098800569221387,0.46376811594202905,0.36956521739130443,0.2,1
0.2558139534883721,1.0,0.0026809651474530827,0.005102040816326531,0.03859306301905227,0.0010050251256281408,0.00447245375076235,0.4347826086956522,0.32608695652173914,0.18,1
0.4418604651162791,0.0,0.11394101876675604,0.2244897959183674,0.10210063507572056,0.010552763819095477,0.010367960967676356,0.4492753623188406,0.23913043478260873,0.08,1
0.32558139534883723,0.0,0.0026809651474530827,0.0,0.08500244259892525,0.017587939698492462,0.0042691603984549705,0.6956521739130435,0.7391304347826088,0.41600000000000004,1
0.6046511627906976,0.0,0.009383378016085792,0.020408163265306124,0.057156814851001464,0.010050251256281407,0.006505387273836145,0.6086956521739131,0.6304347826086957,0.36,2
0.47674418604651164,0.0,0.03351206434316354,0.0663265306122449,0.0718124084025403,0.032160804020100506,0.011791014433828014,0.6521739130434783,0.5869565217391305,0.27999999999999997,1
0.5232558139534884,1.0,0.005361930294906167,0.005102040816326531,0.06595017098192477,0.006532663316582915,0.0020329335230737954,0.6231884057971014,0.7391304347826088,0.48,1
0.4418604651162791,0.0,0.14343163538873996,0.30612244897959184,0.07376648754274548,0.02512562814070352,0.0357796300060988,0.6086956521739131,0.41304347826086957,1.0,1
0.5813953488372093,1.0,0.013404825737265416,0.030612244897959186,0.06448461162677088,0.01306532663316583,0.0012197601138442774,0.7536231884057972,0.6086956521739132,0.24000000000000005,2
0.627906976744186,1.0,0.005361930294906167,0.005102040816326531,0.032730825598436736,0.007035175879396985,0.0030494002846106934,0.6231884057971014,0.673913043478261,0.4,1
0.3372093023255814,0.0,0.005361930294906167,0.005102040816326531,0.06595017098192477,0.008040201005025126,0.002642813579995934,0.7681159420289856,0.673913043478261,0.27999999999999997,2
0.5930232558139535,0.0,1.0,0.1785714285714286,0.13141182217879824,0.01507537688442211,0.011384427729213255,0.5072463768115942,0.3478260869565218,0.12,1
0.29069767441860467,1.0,0.005361930294906167,0.005102040816326531,0.06936980947728383,0.010050251256281407,0.002642813579995934,0.7971014492753623,0.6956521739130435,0.27999999999999997,1
0.36046511627906974,1.0,0.006702412868632708,0.005102040816326531,0.06204201270151441,0.01507537688442211,0.005082333807684488,0.6666666666666666,0.8260869565217392,0.6,2
0.5697674418604651,0.0,0.006702412868632708,0.015306122448979595,0.08549096238397655,0.0035175879396984926,0.0008131734092295182,0.5652173913043478,0.4347826086956522,0.2,1
0.5930232558139535,0.0,0.1836461126005362,0.38265306122448983,0.3356130923302394,0.01256281407035176,0.010774547672291116,0.3333333333333333,0.1521739130434783,0.06799999999999999,1
0.29069767441860467,0.0,0.004021447721179624,0.005102040816326531,0.049829018075232046,0.022613065326633167,0.015653588127668226,0.6956521739130435,0.8043478260869565,0.512,1
0.16279069767441862,0.0,0.013404825737265416,0.025510204081632657,0.07425500732779677,0.21608040201005024,0.17076641593819883,0.3333333333333333,0.21739130434782608,0.12,1
0.32558139534883723,0.0,0.2037533512064343,0.47959183673469397,0.034684904738641914,0.022110552763819097,0.023378735515348647,0.42028985507246375,0.673913043478261,0.8800000000000001,1
0.38372093023255816,0.0,0.005361930294906167,0.005102040816326531,0.04103566194430874,0.008542713567839196,0.007318560683065664,0.3333333333333333,0.3478260869565218,0.27999999999999997,1
0.5,1.0,0.005361930294906167,0.005102040816326531,0.08451392281387396,0.0,0.0006098800569221387,0.5797101449275363,0.4347826086956522,0.184,2
0.3953488372093023,0.0,0.01474530831099196,0.015306122448979595,0.11480214948705422,0.02512562814070352,0.018906281764586298,0.4782608695652174,0.4565217391304348,0.27999999999999997,2
0.16279069767441862,0.0,0.0026809651474530827,0.005102040816326531,0.23204689789936492,0.011557788944723618,0.00487904045537711,0.6956521739130435,0.5000000000000001,0.15999999999999998,1
0.20930232558139536,0.0,0.006702412868632708,0.010204081632653062,0.05666829506595017,0.004020100502512563,0.002236226875381175,0.5797101449275363,0.6086956521739132,0.36,2
0.6162790697674418,0.0,0.0482573726541555,0.09183673469387756,0.06204201270151441,0.017587939698492462,0.020532628583045335,0.3623188405797102,0.13043478260869565,0.040000000000000015,1
0.45348837209302323,0.0,0.012064343163538875,0.025510204081632657,0.0449438202247191,0.002512562814070352,0.0020329335230737954,0.7681159420289856,0.673913043478261,0.27999999999999997,2
0.47674418604651164,1.0,0.004021447721179624,0.005102040816326531,0.05227161700048852,0.005527638190954774,0.0008131734092295182,0.4347826086956522,0.3478260869565218,0.15999999999999998,1
0.627906976744186,1.0,0.004021447721179624,0.0,0.05324865657059111,0.008542713567839196,0.002439520227688555,0.5797101449275363,0.5000000000000001,0.24000000000000005,1
0.1744186046511628,0.0,0.013404825737265416,0.03571428571428572,0.056179775280898875,0.001507537688442211,0.0032526936369180726,0.7681159420289856,0.8043478260869565,0.4,2
0.11627906976744186,0.0,0.006702412868632708,0.010204081632653062,0.12066438690766976,0.005527638190954774,0.0012197601138442774,0.782608695652174,0.7173913043478262,0.27999999999999997,2
0.3023255813953488,0.0,0.005361930294906167,0.005102040816326531,0.05813385442110405,0.018090452261306532,0.00955478755844684,0.7391304347826086,0.7391304347826088,0.36,2
0.45348837209302323,0.0,0.2962466487935657,0.5969387755102042,0.039081582804103565,0.006030150753768844,0.02703801585688148,0.5652173913043478,0.26086956521739135,0.06400000000000002,1
0.27906976744186046,1.0,0.005361930294906167,0.005102040816326531,0.12017586712261846,0.022613065326633167,0.002642813579995934,0.5942028985507246,0.6956521739130435,0.484,1
0.3953488372093023,0.0,0.04423592493297588,0.10714285714285716,0.07474352711284807,0.08492462311557789,0.045131124212238256,0.7391304347826086,0.782608695652174,0.4,1
0.5348837209302325,0.0,0.006702412868632708,0.010204081632653062,0.06399609184171959,0.09045226130653267,0.01280748119536491,0.6956521739130435,0.6521739130434783,0.27999999999999997,1
0.20930232558139536,0.0,0.005361930294906167,0.005102040816326531,0.06595017098192477,0.005025125628140704,0.0032526936369180726,0.5942028985507246,0.6521739130434783,0.4,1
0.4418604651162791,0.0,0.00804289544235925,0.010204081632653062,0.044455300439667805,0.01407035175879397,0.002236226875381175,0.5942028985507246,0.6521739130434783,0.4,2
0.2558139534883721,0.0,0.08579088471849866,0.15816326530612246,0.03761602344894968,0.013567839195979899,0.001829640170766416,0.13043478260869565,0.0,0.0,1
0.4418604651162791,1.0,0.004021447721179624,0.005102040816326531,0.043478260869565216,0.01256281407035176,0.014433828013823948,0.5072463768115942,0.5000000000000001,0.304,1
0.5116279069767442,1.0,0.005361930294906167,0.005102040816326531,0.03859306301905227,0.008040201005025126,0.0030494002846106934,0.4782608695652174,0.36956521739130443,0.15999999999999998,1
0.7209302325581395,0.0,0.00804289544235925,0.010204081632653062,0.06204201270151441,0.010050251256281407,0.0089449075015247,0.3768115942028985,0.26086956521739135,0.12,1
0.5581395348837209,0.0,0.0026809651474530827,0.0,0.05276013678553981,0.006030150753768844,0.0012197601138442774,0.5652173913043478,0.5869565217391305,0.36,1
0.4418604651162791,0.0,0.005361930294906167,0.005102040816326531,0.046409379579872984,0.008542713567839196,0.002642813579995934,0.5797101449275363,0.47826086956521746,0.2,2
0.4186046511627907,1.0,0.006702412868632708,0.010204081632653062,0.11235955056179775,0.11155778894472362,0.0477739377922342,0.5942028985507246,0.47826086956521746,0.2,1
0.5116279069767442,0.0,0.004021447721179624,0.0,0.7655105031753786,0.032160804020100506,0.028257775970725756,0.3768115942028985,0.23913043478260873,0.12,1
0.8255813953488372,0.0,0.013404825737265416,0.015306122448979595,0.07425500732779677,0.020100502512562814,0.004065867046147591,0.46376811594202905,0.36956521739130443,0.15999999999999998,1
0.3953488372093023,0.0,0.004021447721179624,0.005102040816326531,0.07474352711284807,0.17035175879396985,0.019312868469201057,0.6231884057971014,0.5652173913043479,0.27999999999999997,1
0.4418604651162791,1.0,0.005361930294906167,0.005102040816326531,0.05129457743038593,0.007537688442211055,0.0016263468184590363,0.5072463768115942,0.47826086956521746,0.27999999999999997,1
0.7441860465116279,1.0,0.0026809651474530827,0.0,0.7606253053248656,0.04271356783919598,0.023785322219963406,0.27536231884057966,0.26086956521739135,0.2,1
0.4418604651162791,0.0,0.11394101876675604,0.2244897959183674,0.10210063507572056,0.010552763819095477,0.010367960967676356,0.4492753623188406,0.23913043478260873,0.08,1
0.16279069767441862,1.0,0.005361930294906167,0.005102040816326531,0.06643869076697606,0.012060301507537688,0.0042691603984549705,0.5507246376811594,0.5652173913043479,0.344,2
0.2441860465116279,0.0,0.005361930294906167,0.0,0.032730825598436736,0.006532663316582915,0.006505387273836145,0.7681159420289856,0.673913043478261,0.27999999999999997,1
0.6511627906976745,0.0,0.14209115281501342,0.24489795918367352,0.3356130923302394,0.06532663316582915,0.06911973978450904,0.4057971014492754,0.26086956521739135,0.12,1
0.32558139534883723,0.0,0.004021447721179624,0.005102040816326531,0.061553492916463115,0.006030150753768844,0.006708680626143525,0.6811594202898551,0.47826086956521746,0.15999999999999998,2
0.5232558139534884,1.0,0.0026809651474530827,0.0,0.05959941377625794,0.0035175879396984926,0.0032526936369180726,0.5652173913043478,0.4347826086956522,0.15999999999999998,2
0.23255813953488372,1.0,0.006702412868632708,0.005102040816326531,0.06448461162677088,0.01507537688442211,0.005082333807684488,0.6811594202898551,0.6956521739130435,0.36,2
0.7906976744186046,0.0,0.017426273458445038,0.03571428571428572,0.06692721055202736,0.009045226130653266,0.005488920512299248,0.5072463768115942,0.4565217391304348,0.25200000000000006,1
0.7906976744186046,0.0,0.030831099195710462,0.06122448979591837,0.09623839765510503,0.010552763819095477,0.00935149420613946,0.6811594202898551,0.4565217391304348,0.12,1
0.7674418604651163,0.0,0.017426273458445038,0.020408163265306124,0.16463116756228627,0.023115577889447236,0.006911973978450905,0.4347826086956522,0.47826086956521746,0.32,1
0.3372093023255814,0.0,0.01474530831099196,0.35204081632653067,0.2159257449926722,0.09798994974874371,0.02642813579995934,0.6956521739130435,0.6521739130434783,0.27999999999999997,1
0.5581395348837209,1.0,0.0026809651474530827,0.0,0.06399609184171959,0.0,0.0004065867046147591,0.6086956521739131,0.5217391304347826,0.24000000000000005,2
0.3372093023255814,0.0,0.004021447721179624,0.0,0.05129457743038593,0.01256281407035176,0.00467574710306973,0.6231884057971014,0.6086956521739132,0.32,1
0.3488372093023256,0.0,0.04423592493297588,0.10204081632653063,0.20859794821690278,0.052763819095477386,0.016466761536897745,0.5507246376811594,0.41304347826086957,0.15999999999999998,1
0.7093023255813954,0.0,0.10053619302949063,0.21428571428571433,0.10698583292623351,0.020100502512562814,0.012604187843057533,0.4782608695652174,0.4565217391304348,0.27999999999999997,1
0.7674418604651163,0.0,0.012064343163538875,0.010204081632653062,0.3063019052271617,0.04170854271356784,0.006098800569221387,0.13043478260869565,0.39130434782608703,0.15999999999999998,1
0.38372093023255816,0.0,0.004021447721179624,0.005102040816326531,0.08402540302882266,0.04321608040201005,0.0089449075015247,0.9855072463768116,0.8695652173913044,0.27999999999999997,1
0.45348837209302323,0.0,0.005361930294906167,0.005102040816326531,0.063019052271617,0.009547738693467337,0.0020329335230737954,0.4782608695652174,0.4347826086956522,0.24000000000000005,2
0.4418604651162791,1.0,0.0013404825737265414,0.0,0.04836345872007816,0.0728643216080402,0.019922748526123194,0.782608695652174,0.673913043478261,0.24000000000000005,1
0.8255813953488372,0.0,0.032171581769437,0.06122448979591837,0.09135319980459208,0.006532663316582915,0.0038625736938402116,0.0,0.0,0.08,1
0.37209302325581395,1.0,0.005361930294906167,0.005102040816326531,0.28676111382510994,0.03015075376884422,0.02602154909534458,0.5652173913043478,0.47826086956521746,0.2,1
0.4418604651162791,0.0,0.40348525469168905,0.7193877551020409,0.1084513922813874,0.02763819095477387,0.024395202276885547,0.3623188405797102,0.26086956521739135,0.12,1
0.32558139534883723,0.0,0.04423592493297588,0.07653061224489796,0.26819736199316074,0.020100502512562814,0.015856881479975604,0.5072463768115942,0.21739130434782608,0.040000000000000015,1
0.5930232558139535,0.0,0.01876675603217158,0.4540816326530613,0.10210063507572056,0.006030150753768844,0.014027241309209189,0.49275362318840576,0.39130434782608703,0.15999999999999998,1
0.6744186046511628,0.0,0.0026809651474530827,0.0,0.04738641914997557,0.016080402010050253,0.020329335230737954,0.31884057971014496,0.36956521739130443,0.32,2
0.36046511627906974,0.0,0.005361930294906167,0.005102040816326531,0.06595017098192477,0.01306532663316583,0.00447245375076235,0.6231884057971014,0.673913043478261,0.4,2
0.5116279069767442,0.0,0.06166219839142091,0.12755102040816327,0.24035173424523693,0.13768844221105528,0.03659280341532832,0.5507246376811594,0.5217391304347826,0.27999999999999997,1
0.6511627906976745,0.0,0.11394101876675604,0.19897959183673472,0.4333170493404983,0.011557788944723618,0.00447245375076235,0.5942028985507246,0.47826086956521746,0.2,1
0.813953488372093,0.0,0.00804289544235925,0.010204081632653062,0.05471421592574499,0.010050251256281407,0.00447245375076235,0.5362318840579711,0.5434782608695653,0.32,1
0.45348837209302323,1.0,0.006702412868632708,0.010204081632653062,0.03761602344894968,0.0010050251256281408,0.0038625736938402116,0.6811594202898551,0.5652173913043479,0.6,1
0.313953488372093,0.0,0.006702412868632708,0.005102040816326531,0.22227650219833903,0.0899497487437186,0.0014230534661516568,0.3768115942028985,0.30434782608695654,0.15999999999999998,1
0.27906976744186046,1.0,0.006702412868632708,0.005102040816326531,0.12359550561797752,0.007537688442211055,0.002642813579995934,0.8405797101449276,1.0,0.6,1
0.3023255813953488,0.0,0.016085790884718502,0.015306122448979595,0.13141182217879824,0.0371859296482412,0.026224842447651962,0.42028985507246375,0.39130434782608703,0.24000000000000005,1
0.18604651162790697,1.0,0.2184986595174263,0.4234693877551021,0.06692721055202736,0.0407035175879397,0.018499695059971538,0.6086956521739131,0.5652173913043479,0.288,1
0.5348837209302325,0.0,0.016085790884718502,0.03571428571428572,0.07572056668295066,0.004020100502512563,0.0020329335230737954,0.46376811594202905,0.4347826086956522,0.26399999999999996,1
0.5116279069767442,1.0,0.00804289544235925,0.010204081632653062,0.12066438690766976,0.013567839195979899,0.00935149420613946,0.46376811594202905,0.3478260869565218,0.15999999999999998,1
0.7209302325581395,1.0,0.050938337801608585,0.10204081632653063,0.04689789936492428,0.002512562814070352,0.004065867046147591,0.6376811594202898,0.282608695652174,0.040000000000000015,1
0.7093023255813954,1.0,0.004021447721179624,0.0,0.060576453346360526,0.003015075376884422,0.0016263468184590363,0.5942028985507246,0.5217391304347826,0.24000000000000005,1
0.5116279069767442,1.0,0.006702412868632708,0.005102040816326531,0.05471421592574499,0.007035175879396985,0.0089449075015247,0.4057971014492754,0.39130434782608703,0.24000000000000005,2
0.7093023255813954,1.0,0.004021447721179624,0.005102040816326531,0.05813385442110405,0.006532663316582915,0.003659280341532832,0.5942028985507246,0.4347826086956522,0.15999999999999998,2
0.3023255813953488,1.0,0.004021447721179624,0.005102040816326531,0.06399609184171959,0.011055276381909548,0.005285627159991868,0.6956521739130435,0.5869565217391305,0.24800000000000005,2
0.5,0.0,0.041554959785522795,0.07653061224489796,0.06985832926233512,0.011055276381909548,0.0042691603984549705,0.5942028985507246,0.5434782608695653,0.27999999999999997,1
0.5,0.0,0.006702412868632708,0.005102040816326531,0.0986809965803615,0.01507537688442211,0.003659280341532832,0.7681159420289856,0.673913043478261,0.27999999999999997,1
0.36046511627906974,0.0,0.005361930294906167,0.005102040816326531,0.10552027357107963,0.005025125628140704,0.0030494002846106934,0.6521739130434783,0.5000000000000001,0.2,1
0.6976744186046512,0.0,0.009383378016085792,0.015306122448979595,0.06741573033707865,0.004020100502512563,0.001829640170766416,0.6086956521739131,0.6956521739130435,0.43999999999999995,1
0.4883720930232558,0.0,0.004021447721179624,0.005102040816326531,0.07865168539325842,0.01507537688442211,0.002642813579995934,0.6376811594202898,0.4565217391304348,0.15999999999999998,1
0.313953488372093,0.0,0.0026809651474530827,0.0,0.05471421592574499,0.019095477386934675,0.00487904045537711,0.4782608695652174,0.6086956521739132,0.52,1
0.6627906976744186,0.0,0.004021447721179624,0.005102040816326531,0.040058622374206154,0.021608040201005024,0.006302093921528766,0.4492753623188406,0.39130434782608703,0.22800000000000004,1
0.627906976744186,0.0,0.005361930294906167,0.005102040816326531,0.11480214948705422,0.011557788944723618,0.009961374263061597,0.5072463768115942,0.47826086956521746,0.27999999999999997,1
0.2558139534883721,0.0,0.020107238605898126,0.03571428571428572,0.057156814851001464,0.006030150753768844,0.001829640170766416,0.7971014492753623,0.6956521739130435,0.27999999999999997,2
0.22093023255813954,1.0,0.02546916890080429,0.03571428571428572,0.21787982413287738,0.009045226130653266,0.006911973978450905,0.6086956521739131,0.4347826086956522,0.15999999999999998,2
0.43023255813953487,0.0,0.030831099195710462,0.06122448979591837,0.2525647288715193,0.06633165829145729,0.011791014433828014,0.7681159420289856,0.673913043478261,0.27999999999999997,1
0.4418604651162791,0.0,0.005361930294906167,0.005102040816326531,0.03126526624328285,0.009547738693467337,0.004065867046147591,0.31884057971014496,0.39130434782608703,0.36,1
0.6511627906976745,0.0,0.024128686327077754,0.045918367346938785,0.10161211529066927,0.017587939698492462,0.008538320796909941,0.49275362318840576,0.4347826086956522,0.24000000000000005,2
0.20930232558139536,0.0,0.02680965147453083,0.045918367346938785,0.1353199804592086,0.007537688442211055,0.002236226875381175,0.8115942028985509,0.782608695652174,0.32,1
0.5348837209302325,0.0,0.005361930294906167,0.005102040816326531,0.043478260869565216,0.009547738693467337,0.004065867046147591,0.6811594202898551,0.6956521739130435,0.4,1
0.7093023255813954,0.0,0.060321715817694375,0.1326530612244898,0.06204201270151441,0.011557788944723618,0.012400894490750153,0.6376811594202898,0.4347826086956522,0.15999999999999998,1
0.8255813953488372,0.0,0.13672922252010725,0.25000000000000006,0.243771372740596,0.013567839195979899,0.0038625736938402116,0.3478260869565217,0.1956521739130435,0.08,1
0.5232558139534884,0.0,0.0026809651474530827,0.0,0.07572056668295066,0.020100502512562814,0.00874161414921732,0.3333333333333333,0.32608695652173914,0.24000000000000005,1
0.5930232558139535,0.0,0.2412868632707775,0.44387755102040827,0.06985832926233512,0.027135678391959798,0.034153283187639764,0.5072463768115942,0.1956521739130435,0.040000000000000015,1
0.4186046511627907,1.0,0.006702412868632708,0.010204081632653062,0.11235955056179775,0.11155778894472362,0.0477739377922342,0.5942028985507246,0.47826086956521746,0.2,1
0.27906976744186046,0.0,0.0026809651474530827,0.005102040816326531,0.04689789936492428,0.002512562814070352,0.0012197601138442774,0.6231884057971014,0.5652173913043479,0.27999999999999997,2
0.8023255813953488,0.0,0.01876675603217158,0.04081632653061225,0.07669760625305325,0.005025125628140704,0.006708680626143525,0.5507246376811594,0.4565217391304348,0.2,1
0.6627906976744186,0.0,0.01474530831099196,0.025510204081632657,0.06497313141182218,0.02562814070351759,0.015247001423053467,0.5797101449275363,0.6304347826086957,0.4,2
0.47674418604651164,0.0,0.017426273458445038,0.03571428571428572,0.12310698583292623,0.0010050251256281408,0.005692213864606627,0.5217391304347826,0.26086956521739135,0.08,1
0.6046511627906976,0.0,0.2319034852546917,0.44387755102040827,0.08597948216902784,0.016582914572864323,0.035576336653791424,0.42028985507246375,0.32608695652173914,0.15999999999999998,1
0.5930232558139535,1.0,0.005361930294906167,0.005102040816326531,0.07914020517830972,0.0020100502512562816,0.002642813579995934,0.49275362318840576,0.5217391304347826,0.36,2
0.5116279069767442,0.0,0.004021447721179624,0.005102040816326531,0.049829018075232046,0.011055276381909548,0.004065867046147591,0.7681159420289856,0.673913043478261,0.27999999999999997,2
0.37209302325581395,0.0,0.005361930294906167,0.005102040816326531,0.046409379579872984,0.009547738693467337,0.005895507216914007,0.4782608695652174,0.282608695652174,0.08,2
0.47674418604651164,0.0,0.0026809651474530827,0.0,0.06497313141182218,0.009547738693467337,0.004065867046147591,0.4492753623188406,0.4347826086956522,0.27999999999999997,1
0.6744186046511628,0.0,0.06166219839142091,0.10204081632653063,0.019540791402051783,0.004020100502512563,0.006098800569221387,0.3333333333333333,0.26086956521739135,0.568,1
0.19767441860465115,0.0,0.005361930294906167,0.005102040816326531,0.05862237420615535,0.011557788944723618,0.00955478755844684,0.5942028985507246,0.5652173913043479,0.27999999999999997,2
0.8255813953488372,0.0,0.193029490616622,0.4540816326530613,0.4675134342940889,0.030653266331658293,0.006505387273836145,0.3768115942028985,0.282608695652174,0.15999999999999998,1
0.32558139534883723,1.0,0.0026809651474530827,0.0,0.055202735710796286,0.01457286432160804,0.003659280341532832,0.4782608695652174,0.4565217391304348,0.27999999999999997,1
0.37209302325581395,0.0,0.017426273458445038,0.020408163265306124,0.06936980947728383,0.01306532663316583,0.00487904045537711,0.6376811594202898,0.6521739130434783,0.36,1
0.5116279069767442,0.0,0.004021447721179624,0.005102040816326531,0.07083536883243771,0.002512562814070352,0.004065867046147591,0.27536231884057966,0.26086956521739135,0.2,2
0.6627906976744186,0.0,0.005361930294906167,0.005102040816326531,0.063019052271617,0.009045226130653266,0.005082333807684488,0.6086956521739131,0.5434782608695653,0.24000000000000005,2
0.5581395348837209,0.0,0.006702412868632708,0.005102040816326531,0.045432340009770394,0.01256281407035176,0.006911973978450905,0.31884057971014496,0.4347826086956522,0.43999999999999995,1
0.3023255813953488,1.0,0.005361930294906167,0.005102040816326531,0.06595017098192477,0.010050251256281407,0.00975808091075422,0.3623188405797102,0.41304347826086957,0.32,1
0.16279069767441862,0.0,0.005361930294906167,0.005102040816326531,0.0806057645334636,0.022613065326633167,0.0089449075015247,0.6086956521739131,0.673913043478261,0.4,1
0.4186046511627907,0.0,0.04691689008042896,0.0816326530612245,0.14020517830972154,0.4723618090452261,0.3029070949379955,0.5797101449275363,0.6304347826086957,0.4,1
0.4069767441860465,0.0,0.020107238605898126,0.04081632653061225,0.057156814851001464,0.016080402010050253,0.010571254319983736,0.6811594202898551,0.7391304347826088,0.43199999999999994,1
0.7093023255813954,0.0,0.005361930294906167,0.005102040816326531,0.04836345872007816,0.010050251256281407,0.016263468184590364,0.15942028985507242,0.10869565217391303,0.08,1
0.5116279069767442,0.0,0.02680965147453083,0.051020408163265314,0.23986321446018563,0.06582914572864322,0.01280748119536491,0.6956521739130435,0.5869565217391305,0.24000000000000005,1
0.5581395348837209,0.0,0.0026809651474530827,0.0,0.056179775280898875,0.008040201005025126,0.0034559869892254523,0.5507246376811594,0.5869565217391305,0.36,2
0.20930232558139536,0.0,0.030831099195710462,0.045918367346938785,0.04738641914997557,0.036180904522613064,0.023785322219963406,0.4057971014492754,0.47826086956521746,0.36,2
0.4186046511627907,0.0,0.18900804289544237,0.3214285714285715,0.1441133365901319,0.020100502512562814,0.01321406789997967,0.4347826086956522,0.26086956521739135,0.08,1
