0.0,0.0,0.5,0.5,0.5,0.5,0.5,0.5,0.5,0.5,0.5,0.5,0.5,0.5,0.5,0.5,0.5,0.5,0.5,0.5,0.5,0.5,0.5,0.5,0.5,0.5,1.0,0.5,0.5,0.5,0.5,0.5,0.5,0.5,2
1.0,0.0,1.0,0.27419499999999997,1.0,1.0,0.85608,0.0,0.5,0.5,0.5,0.5,0.5,0.5,0.0,0.57258,0.77047,0.30335,0.0,0.227665,0.150125,1.0,0.5,0.5,1.0,0.9534750000000001,0.758065,1.0,1.0,0.399505,0.62841,1.0,0.33809,1.0,2
1.0,0.0,0.5,0.5,0.5,0.5,0.5,0.5,0.5,0.5,1.0,0.333335,0.583335,0.6302099999999999,0.5,0.5,0.5,0.5,0.5,0.5,0.40104,0.390625,0.416665,0.953125,0.0,0.75,0.520835,0.875,0.385415,0.0,0.4375,0.364585,0.40104,0.03125,2
1.0,0.0,0.59295,0.416665,0.5,0.5,0.5,0.5,0.5,0.5,0.5,0.5,0.55769,0.40464500000000003,0.5,0.5,0.5,0.5,0.5,0.5,0.5,0.5,0.47436,0.467145,0.539265,0.54487,0.5865400000000001,0.445515,0.5625,0.548075,0.51282,0.47596,0.584135,0.597755,2
1.0,0.0,0.9420999999999999,0.68362,0.835615,0.83691,0.6980649999999999,0.931995,0.51212,0.96591,0.32426,0.9185650000000001,0.19841999999999999,0.7942100000000001,0.10671000000000003,0.69389,0.08357500000000001,0.49679,0.15341,0.335185,0.23748000000000002,0.23037999999999997,0.36311499999999997,0.15937,0.50403,0.15113,0.63014,0.19661,0.722845,0.28308500000000003,0.771045,0.39229,0.7814300000000001,0.514115,1
1.0,0.0,0.171875,0.578125,0.53125,0.5,0.5,0.53125,0.8125,0.53125,0.59375,0.5,0.484375,0.546875,0.53125,0.5,0.578125,0.421875,0.71875,0.3125,0.5,0.453125,0.5,0.5,0.515625,0.265625,0.515625,0.5,0.140625,0.515625,0.484375,0.5,0.5,0.546875,2
0.0,0.0,0.5,0.5,0.0,1.0,1.0,1.0,0.0,0.0,0.5,0.5,0.0,0.0,0.0,0.34375,0.0,0.0,1.0,0.0,1.0,0.0,0.5,0.5,1.0,0.0,0.0,0.0,0.5,0.5,1.0,0.0,0.5,0.5,2
1.0,0.0,0.625,0.583335,0.733335,0.633335,0.59518,0.61983,0.53883,0.599695,0.50535,0.57461,0.488165,0.55094,0.481575,0.531585,0.48117,0.51729,0.48385,0.50766,0.48763,0.501785,0.49137,0.498635,0.494515,0.497305,0.496895,0.49707,0.49853,0.4974,0.499555,0.49796,0.500125,0.498545,1
1.0,0.0,0.976085,0.532975,0.96807,0.56515,0.9549799999999999,0.59576,0.9244049999999999,0.25019,0.950115,0.8066,0.8896850000000001,0.67164,0.86127,0.68994,0.8307249999999999,0.7042200000000001,0.97736,0.79931,0.76629,0.72044,0.733865,0.7225550000000001,0.7021999999999999,0.720995,0.67187,0.716105,0.95165,1.0,0.617025,0.6980999999999999,0.59316,0.685955,1
1.0,0.0,1.0,0.548855,1.0,0.560985,1.0,0.61287,0.99301,0.546185,0.97465,0.596055,0.96496,0.62144,0.946205,0.641715,0.927645,0.633605,0.91828,0.665645,0.916965,0.65849,0.874145,0.697985,0.880965,0.6732899999999999,0.84226,0.71373,0.81382,0.730155,0.783955,0.7351650000000001,0.7712600000000001,0.754515,1
1.0,0.0,0.49068,0.45770500000000003,0.5,0.5,0.5,0.5,0.55735,0.36595,0.271685,0.30913999999999997,0.5,0.5,0.33172,0.69301,0.31433500000000003,0.57509,0.81864,0.610575,0.5,0.5,0.5,0.5,0.425985,0.49337,0.603225,0.48853,0.5,0.5,0.582975,0.62043,0.45896,0.690325,2
1.0,0.0,0.5273,0.507185,0.48707,0.52299,0.507185,0.52299,0.461205,0.50431,0.50862,0.466955,0.48132,0.52155,0.458335,0.47701,0.452585,0.54023,0.479885,0.52586,0.510055,0.511495,0.48132,0.494255,0.515805,0.49569,0.50431,0.50862,0.51293,0.505745,0.51293,0.505745,0.47701,0.497125,2
1.0,0.0,0.509875,0.503525,0.52045,0.49577,0.51058,0.50564,0.50564,0.52186,0.50141,0.500705,0.509875,0.484485,0.490125,0.530325,0.47955,0.5134,0.48801,0.497885,0.52186,0.487305,0.50917,0.5,0.5,0.493655,0.50917,0.49436,0.50282,0.492245,0.491535,0.48801,0.503525,0.5,2
1.0,0.0,0.0,0.0,0.24653000000000003,1.0,1.0,0.0,1.0,0.769095,0.5,0.5,0.61979,0.0,1.0,1.0,0.5,0.5,1.0,1.0,1.0,1.0,0.5,0.5,0.14236,1.0,0.6666650000000001,0.0,1.0,0.0,0.8489599999999999,0.0,0.737845,1.0,2
1.0,0.0,1.0,1.0,0.5,0.5,1.0,0.0,0.0,0.0,1.0,1.0,1.0,0.0,0.5,0.5,1.0,0.0,1.0,1.0,0.5,0.5,1.0,0.0,0.0,0.0,1.0,1.0,0.0,1.0,0.0,1.0,0.5,0.5,2
0.0,0.0,0.0,0.0,0.5,0.5,0.5,0.5,0.5,0.5,0.5,0.5,0.5,0.5,1.0,0.0,0.5,0.5,0.0,0.0,0.5,0.5,1.0,1.0,1.0,0.0,1.0,0.0,0.5,0.5,0.5,0.5,0.5,0.5,2
1.0,0.0,0.94104,0.426805,0.96704,0.44471499999999997,0.9605,0.41775,0.941535,0.41481999999999997,0.94231,0.340955,0.926345,0.342685,0.91058,0.32038,0.903405,0.33184,0.876215,0.26488999999999996,0.8527750000000001,0.264235,0.83075,0.249575,0.806485,0.25956999999999997,0.7840199999999999,0.22685499999999997,0.750895,0.20073000000000002,0.735375,0.213115,0.7109449999999999,0.20956999999999998,1
1.0,0.0,0.830805,0.0,1.0,1.0,1.0,0.163395,0.9044650000000001,0.29777,1.0,0.0,1.0,0.05312499999999998,1.0,0.866965,0.5879449999999999,0.8549100000000001,1.0,0.89018,1.0,0.9263399999999999,1.0,0.0,1.0,0.926785,1.0,0.457145,0.9799100000000001,0.31875,1.0,0.8263400000000001,1.0,0.67366,2
1.0,0.0,0.922785,0.4571,0.341275,0.09723500000000002,0.455195,0.217825,0.90324,0.52288,0.94757,0.496185,0.40753,0.8198300000000001,0.399905,0.159675,0.928505,0.44328,0.889895,0.421355,0.465205,0.75405,0.32936,0.90467,0.89466,0.48141,0.85441,0.37356,0.88942,0.42945500000000003,0.39322999999999997,0.10915000000000002,0.40753,0.20066499999999998,2
1.0,0.0,0.511685,0.49704,0.45038,0.440255,0.496185,0.44088,0.57353,0.533185,0.51893,0.46849,0.5,0.5,0.47714,0.4223,0.498285,0.44902,0.442125,0.47293,0.50919,0.5183450000000001,0.507595,0.50444,0.517565,0.492325,0.4838,0.546115,0.46070500000000003,0.50366,0.5,0.5,0.499805,0.560055,2
1.0,0.0,0.5,0.5,0.5,0.5,0.5,0.5,0.5,0.5,0.5,0.5,0.0,1.0,1.0,0.77586,0.5,0.5,0.5,0.5,0.5,0.5,0.5,0.5,0.5,0.5,1.0,1.0,0.5,0.5,0.5,0.5,0.5,0.5,2
1.0,0.0,0.856265,0.487025,0.706435,0.38466500000000003,0.990095,0.452635,0.998545,0.44882,1.0,0.445245,0.794825,1.0,0.9186300000000001,0.0,0.91135,0.41068499999999997,0.9037999999999999,0.358715,0.37043000000000004,0.96365,0.759665,0.52728,0.827465,0.39804,0.9656199999999999,0.293465,0.819055,0.390495,0.93068,0.06323000000000001,0.38407,0.0,2
1.0,0.0,0.93142,0.59655,0.9046000000000001,0.7057450000000001,0.836015,0.778925,0.772795,0.84981,0.6835249999999999,0.9076649999999999,0.598085,0.928355,0.479695,0.93142,0.413795,0.878925,0.3295,0.828735,0.25900500000000004,0.7804599999999999,0.19885000000000003,0.7049799999999999,0.20383,0.628735,0.18480999999999997,0.54409,0.213795,0.46092,0.22566999999999998,0.400385,0.28544,0.34023000000000003,1
1.0,0.0,0.97299,0.486575,0.0,0.630655,0.318035,0.678195,0.84629,0.182865,1.0,0.483235,0.3549,0.49725,0.22574,0.57726,0.959605,0.26865,1.0,0.24788,0.351325,0.34273,0.13068000000000002,0.686805,0.91936,0.26633,0.7610399999999999,0.20934999999999998,1.0,0.193035,0.45183,0.602385,0.469415,0.709565,2
0.0,0.0,1.0,1.0,1.0,0.0,1.0,0.0,1.0,1.0,0.5,0.5,1.0,0.0,0.5,0.5,0.5,0.5,0.5,0.5,0.0,1.0,1.0,1.0,0.5,0.5,1.0,1.0,0.5,0.5,0.0,0.0,0.5,0.5,2
1.0,0.0,0.9334450000000001,0.67975,0.86007,0.8333349999999999,0.686005,0.915245,0.54323,0.929465,0.37941,0.930605,0.24118499999999998,0.837885,0.15643,0.70762,0.11490499999999998,0.54949,0.153015,0.43174,0.25256,0.288965,0.33731500000000003,0.211605,0.48578,0.20023000000000002,0.5768,0.234365,0.661545,0.31456,0.730945,0.401595,0.70478,0.5091,1
0.0,0.0,0.0,1.0,0.0,0.0,0.5,0.5,0.0,1.0,1.0,0.0,0.0,0.0,0.0,1.0,0.5,0.5,0.0,0.0,0.0,1.0,0.5,0.5,1.0,0.0,1.0,1.0,1.0,0.0,1.0,1.0,0.5,0.5,2
1.0,0.0,1.0,0.64023,1.0,0.512385,1.0,0.53882,1.0,0.521585,0.9938100000000001,0.66633,1.0,0.527445,1.0,0.52192,0.97875,0.37701,0.921855,0.45666,1.0,0.52075,0.999665,0.63688,1.0,0.30472,0.98207,0.48913,0.933735,0.6168,0.97289,0.389895,0.901775,0.463355,1
1.0,0.0,0.86905,0.9166650000000001,0.11904999999999999,0.38095,0.6666650000000001,0.42857,0.72619,0.42857,0.16357500000000003,0.56404,0.6666650000000001,0.5,0.642855,0.464285,0.30893000000000004,0.755815,0.61905,0.511905,0.72619,0.52381,0.583335,0.36905,0.213725,0.44883,0.624445,0.24460500000000002,1.0,0.5,0.166665,0.47619,0.63095,0.511905,2
1.0,0.0,0.65517,0.448275,0.62069,0.448275,0.60345,0.465515,0.537025,0.472845,0.518245,0.481555,0.508535,0.488085,0.503705,0.49259,0.501405,0.495535,0.50039,0.497385,0.499985,0.498505,0.49986,0.49917,0.499845,0.49955,0.499875,0.49976,0.49991,0.49988,0.49994,0.49994,0.49996,0.49997,1
1.0,0.0,0.93789,0.518635,0.949755,0.501715,0.9460500000000001,0.50255,0.931675,0.5,0.975155,0.537265,0.9351050000000001,0.50497,0.931515,0.505755,0.9192549999999999,0.468945,0.92857,0.51242,0.92091,0.508015,0.91743,0.508745,0.8975150000000001,0.47826,0.910555,0.510165,0.90994,0.54348,0.9037850000000001,0.51154,0.90044,0.512205,1
1.0,0.0,0.84099,0.41343,0.91166,0.60954,0.733215,0.66431,0.6289750000000001,0.79152,1.0,0.42403,0.5053,0.722615,0.5053,0.694345,0.593405,0.70584,0.552835,0.681765,0.521625,0.653725,0.499585,0.62468,0.48569,0.597025,0.47843,0.572405,0.476105,0.551745,0.477075,0.53532,0.479935,0.52293,2
1.0,0.0,0.9735050000000001,0.49983,0.966035,0.483865,0.975885,0.482845,0.97792,0.51223,0.97062,0.50883,0.962975,0.52344,0.96977,0.492695,0.9741850000000001,0.51002,0.96892,0.506965,0.95703,0.538385,0.94735,0.53074,0.96994,0.515965,0.962445,0.51271,0.9606,0.51121,0.962295,0.50221,0.9634849999999999,0.497115,1
1.0,0.0,0.998505,0.608385,0.95983,0.73515,0.88451,0.812075,0.76656,0.8906000000000001,0.68387,0.9414549999999999,0.550535,0.91656,0.465865,0.9463699999999999,0.358655,0.860365,0.28146499999999997,0.80844,0.221155,0.7406,0.175,0.67767,0.17670999999999998,0.5795399999999999,0.16674499999999998,0.511385,0.17564000000000002,0.43269,0.226925,0.385255,0.263995,0.32484,1
1.0,0.0,1.0,0.49329,1.0,0.50783,1.0,0.49888,1.0,0.53132,0.988815,0.52237,0.979865,0.51454,1.0,0.53244,0.994405,0.51678,1.0,0.517895,0.99888,0.54698,0.978745,0.536915,1.0,0.550335,0.999945,0.543815,0.995525,0.542505,1.0,0.550335,1.0,0.550335,1
1.0,0.0,0.0,0.0,0.5,0.5,0.75407,0.10748999999999997,0.8029299999999999,0.6644950000000001,0.0,0.29316,0.5,0.5,0.5,0.5,1.0,0.36645,0.68241,0.18241000000000002,0.98534,0.0,0.0,0.0,1.0,0.201955,0.0,0.0,0.0,0.0,1.0,0.0,0.5,0.5,2
0.0,0.0,0.5,0.5,0.5,0.5,1.0,0.0,0.5,0.5,0.0,0.0,0.5,0.5,0.5,0.5,1.0,1.0,0.0,0.0,0.5,0.5,0.5,0.5,1.0,1.0,1.0,1.0,0.5,0.5,1.0,1.0,0.5,0.5,2
1.0,0.0,0.987565,0.50355,0.9928950000000001,0.50977,1.0,0.50977,0.9964500000000001,0.507995,0.978685,0.511545,0.9857899999999999,0.51776,1.0,0.51865,0.9893449999999999,0.510655,0.9928950000000001,0.52842,0.9857899999999999,0.52398,0.97247,0.52753,0.992005,0.51776,0.9877,0.532385,0.974245,0.540855,0.99556,0.531085,0.9946699999999999,0.549735,1
1.0,0.0,0.895785,0.584255,0.5,0.5,0.782705,0.53437,0.69734,1.0,0.6917949999999999,0.9977849999999999,0.487805,0.7660750000000001,0.618625,0.5643,0.486695,0.97561,0.24501,0.9246099999999999,0.449,0.694015,0.28714,0.618625,0.04213,0.9035500000000001,0.32927,0.9412400000000001,0.0,0.847005,0.0,0.5643,0.5,0.5,2
1.0,0.0,0.94705,0.567125,0.935005,0.657715,0.8944799999999999,0.71694,0.81694,0.799875,0.770015,0.8550800000000001,0.698495,0.8808050000000001,0.6213299999999999,0.897615,0.54567,0.8979900000000001,0.45420499999999997,0.881305,0.398995,0.83463,0.348685,0.81305,0.29724,0.752445,0.26892499999999997,0.703765,0.24842999999999998,0.63626,0.235885,0.5958600000000001,0.25595999999999997,0.52986,1
1.0,0.0,1.0,0.757575,0.727275,0.6666650000000001,0.530305,0.68182,0.33948,0.86531,0.272725,0.742425,0.21211999999999998,0.5,0.21211999999999998,0.439395,0.333335,0.257575,0.454545,0.07576,0.742425,0.21211999999999998,0.78788,0.28788,1.0,0.30303,0.864805,0.561655,0.98485,0.78788,0.62121,0.68182,0.545455,0.6666650000000001,1
1.0,0.0,0.508335,0.321875,0.5,0.5,0.5,0.5,0.5,0.5,0.5,0.5,0.5,0.5,0.56146,0.22499999999999998,0.614065,0.914065,1.0,0.28854,0.5,0.5,0.541665,0.0,0.446875,0.416665,1.0,0.11666500000000002,0.0,0.59427,0.5,0.5,1.0,0.36354,2
1.0,0.0,0.87426,0.485945,0.8284,0.47411,0.903105,0.514055,0.929735,0.512575,0.81731,0.54364,0.85799,0.5392,0.8653850000000001,0.52589,0.8927499999999999,0.36094499999999996,0.82988,0.492605,0.89349,0.534765,0.673075,0.40680499999999997,0.826925,0.514055,0.805045,0.466815,0.7677499999999999,0.39422999999999997,0.79512,0.429735,0.7818050000000001,0.514795,1
0.0,0.0,1.0,1.0,1.0,0.0,1.0,1.0,1.0,1.0,1.0,1.0,1.0,1.0,1.0,1.0,1.0,0.0,0.0,1.0,0.0,1.0,0.0,1.0,1.0,0.0,1.0,1.0,0.0,1.0,0.0,0.0,0.0,1.0,2
1.0,0.0,0.8116749999999999,0.48255,0.795425,0.502405,0.802045,0.462695,0.815885,0.504815,0.8122750000000001,0.462695,0.83514,0.5361,0.8146800000000001,0.45788,0.837545,0.54573,0.8357399999999999,0.5,0.794825,0.55054,0.7503,0.515645,0.829725,0.570395,0.802315,0.510095,0.75692,0.52226,0.808665,0.495185,0.80686,0.45427,1
1.0,0.0,0.809285,0.55425,0.85347,0.465325,0.85179,0.50839,0.871365,0.50112,0.855145,0.57886,0.8579399999999999,0.49888,0.8987700000000001,0.533,0.918345,0.417225,0.8433999999999999,0.4547,0.81264,0.49329,0.80481,0.558725,0.856265,0.45246,0.849225,0.491635,0.8165549999999999,0.52405,0.8942950000000001,0.474275,0.826065,0.47651,1
1.0,0.0,0.883135,0.60553,0.8196749999999999,0.6905600000000001,0.7420450000000001,0.7625,0.575,0.611365,0.568765,0.797825,0.461365,0.7227250000000001,0.5,0.74318,0.362545,0.71007,0.21932000000000001,0.68409,0.317045,0.59432,0.297335,0.53794,0.307585,0.483855,0.33029,0.43757,0.3623,0.40143,0.40019,0.37676,0.44053,0.36391,1
1.0,0.0,0.958835,0.59099,0.93045,0.6777150000000001,0.864365,0.728735,0.802125,0.849325,0.75188,0.87461,0.6805,0.908975,0.57832,0.91779,0.50198,0.92605,0.41805000000000003,0.889265,0.32001999999999997,0.880965,0.284565,0.826925,0.2343,0.7694300000000001,0.19835999999999998,0.70486,0.17744500000000002,0.63669,0.17145,0.568335,0.17972,0.52697,1
1.0,0.0,0.8206100000000001,0.507015,0.67073,0.487805,0.763755,0.51733,0.59756,0.560975,0.716565,0.523775,0.609755,0.52439,0.64634,0.5,0.682925,0.5,0.658535,0.536585,0.634145,0.560975,0.61849,0.529065,0.609755,0.54878,0.5965199999999999,0.528205,0.58705,0.52752,0.59756,0.5,0.585365,0.536585,1
1.0,0.0,0.87042,0.52487,0.89537,0.512715,0.892875,0.518965,0.83115,0.54974,0.839005,0.65576,0.87967,0.53674,0.873475,0.54221,0.853405,0.460735,0.818065,0.5,0.850105,0.556775,0.8409150000000001,0.560925,0.83508,0.577225,0.82079,0.56804,0.828535,0.587695,0.7987949999999999,0.573485,0.787275,0.57557,1
0.0,0.0,0.5,0.5,0.5,0.5,0.5,0.5,0.5,0.5,0.5,0.5,0.5,0.5,0.5,0.5,0.5,0.5,0.5,0.5,0.5,0.5,0.5,0.5,0.5,0.5,1.0,0.0,0.5,0.5,0.5,0.5,0.5,0.5,2
1.0,0.0,0.5,0.5,0.0,0.0,0.0,1.0,0.5,0.5,0.0,1.0,1.0,1.0,1.0,0.0,0.5,0.5,0.5,0.5,0.0,0.0,0.0,1.0,1.0,0.71875,1.0,0.0,0.5,0.5,0.0,0.0,0.0,1.0,2
0.0,0.0,1.0,1.0,0.5,0.5,0.5,0.5,0.0,0.0,0.5,0.5,0.5,0.5,0.0,0.0,0.0,0.0,0.0,1.0,0.0,1.0,0.5,0.5,0.5,0.5,1.0,0.0,0.0,1.0,0.0,1.0,0.0,1.0,2
1.0,0.0,0.607145,0.45238,0.6666650000000001,0.5357149999999999,0.59524,0.59524,0.61905,0.54762,0.70238,0.511905,0.65476,0.47619,0.65476,0.47619,0.642855,0.440475,0.6666650000000001,0.52381,0.65476,0.5,0.607145,0.440475,0.67857,0.47619,0.610545,0.48855,0.59524,0.5,0.584985,0.48983,0.57347,0.490615,1
0.0,0.0,0.5,0.5,1.0,1.0,1.0,1.0,0.5,0.5,0.5,0.5,0.0,0.0,0.5,0.5,0.0,0.0,0.5,0.5,0.5,0.5,1.0,1.0,0.5,0.5,1.0,1.0,0.5,0.5,0.0,1.0,0.5,0.5,2
1.0,0.0,0.0,1.0,0.0,0.57622,0.64177,1.0,0.0,1.0,0.0,0.0,1.0,1.0,0.0,0.38262,0.641505,0.0,1.0,1.0,0.34299,0.0,0.0,0.0,1.0,0.0,0.0,0.48211,1.0,0.0,0.0,0.338415,0.574695,1.0,2
0.0,0.0,1.0,0.0,0.5,0.5,0.5,0.5,1.0,1.0,1.0,0.0,0.140625,1.0,0.5,0.5,0.0,1.0,1.0,1.0,0.0,1.0,1.0,0.78125,0.0,1.0,1.0,1.0,1.0,0.0,1.0,1.0,1.0,1.0,2
1.0,0.0,0.8,0.516665,0.816665,0.533335,0.85,0.533335,0.85,0.5,0.816665,0.5,0.9,0.5,0.866665,0.5,0.85,0.55,0.8333349999999999,0.55,0.866665,0.483335,0.883335,0.5,0.816665,0.566665,0.8296600000000001,0.55084,0.8,0.566665,0.8,0.583335,0.816665,0.583335,1
1.0,0.0,0.835325,0.51264,0.8331299999999999,0.525155,0.7859849999999999,0.593805,0.54388,0.670405,0.8181050000000001,0.560655,0.810495,0.571425,0.893185,0.55488,0.791865,0.590755,0.571975,0.70612,0.76944,0.60663,0.7571,0.613125,0.74419,0.61862,0.730835,0.62309,0.717165,0.62653,0.703315,0.62896,1.0,0.66518,1
1.0,0.0,1.0,0.7891,1.0,0.0,1.0,0.0,1.0,0.0,1.0,0.0,1.0,0.0,1.0,0.0,1.0,0.0,1.0,0.0,1.0,0.18602000000000002,1.0,0.0,1.0,0.0,1.0,0.0,1.0,0.0,1.0,0.0,1.0,0.0,2
1.0,0.0,0.53202,0.423645,0.477835,0.529555,0.54187,0.487685,0.49261,0.593595,0.53202,0.5,0.561575,0.45074000000000003,0.529555,0.5,0.50985,0.48522,0.43596,0.39655,0.534485,0.50739,0.534485,0.51478,0.53941,0.58128,0.640395,0.47537,0.470445,0.4532,0.522165,0.527095,0.536945,0.445815,2
1.0,0.0,1.0,0.57143,1.0,0.857145,1.0,0.857145,1.0,0.42857,0.92857,0.42857,1.0,0.51267,1.0,0.5,0.7142850000000001,0.42857,1.0,0.518085,1.0,0.357145,1.0,0.5,0.642855,0.357145,1.0,0.524455,1.0,0.52591,1.0,0.7857149999999999,1.0,0.5,1
1.0,0.0,1.0,0.54901,1.0,0.625505,0.99195,0.66522,0.901825,0.7651,0.874885,0.801485,0.7846850000000001,0.85971,0.776555,0.870395,0.64726,0.910965,0.605685,0.8988849999999999,0.548545,0.91081,0.49133,0.89935,0.42428,0.87798,0.385805,0.845935,0.341435,0.80474,0.298545,0.77261,0.285925,0.72267,1
1.0,0.0,0.89689,0.64746,0.8203199999999999,0.76156,0.706595,0.8407899999999999,0.570885,0.91774,0.415845,0.89386,0.285445,0.86164,0.214175,0.707355,0.12281999999999998,0.583775,0.150115,0.45072,0.21152500000000002,0.382485,0.296815,0.308565,0.412815,0.2373,0.507615,0.256465,0.59515,0.309705,0.6550400000000001,0.384005,0.67286,0.45982,1
1.0,0.0,0.5,0.5,0.0,0.18617,1.0,0.75532,0.539895,0.38298,0.0,0.31915,0.56383,0.204785,1.0,0.0,0.5,0.5,0.914895,0.460105,0.375,1.0,0.585105,0.146275,0.5,0.5,0.40425500000000003,0.265955,0.3883,0.25532,0.87234,0.9521299999999999,0.16223500000000002,0.7287250000000001,2
1.0,0.0,0.80339,0.48644,0.835595,0.52034,0.764405,0.477965,0.75254,0.518645,0.8525400000000001,0.461015,0.78983,0.48983,0.7661,0.538985,0.8203400000000001,0.55932,0.784745,0.488135,0.7661,0.50339,0.8576250000000001,0.48305,0.764405,0.48305,0.7863100000000001,0.50375,0.79322,0.498305,0.794915,0.48644,0.750845,0.5339,1
1.0,0.0,0.5,0.5,0.33164,0.92694,0.5,0.5,0.844345,0.0,0.98539,0.656925,0.36976,0.20394,0.34879499999999997,0.827825,0.9707749999999999,0.581955,0.5,0.5,0.5,0.5,0.409785,0.0,0.5,0.5,1.0,0.0,0.5,0.5,0.522235,0.8094049999999999,0.5,0.5,2
1.0,0.0,1.0,0.505525,1.0,0.505525,1.0,0.5116,0.99724,0.49282,0.99724,0.498895,0.991715,0.5116,1.0,0.50442,0.987845,0.503865,0.9895050000000001,0.508285,0.990055,0.503315,0.99061,0.510495,0.985635,0.496685,0.990165,0.508,0.9895050000000001,0.507735,0.99282,0.510495,0.99337,0.51381,1
0.0,0.0,0.0,1.0,1.0,0.0,0.5,0.5,0.5,0.5,1.0,0.0,1.0,1.0,0.5,0.5,1.0,0.0,0.5,0.5,0.5,0.5,1.0,1.0,0.0,1.0,1.0,0.0,0.0,1.0,0.0,0.0,0.5,0.5,2
1.0,0.0,1.0,0.5332749999999999,1.0,0.40806,1.0,0.3634,1.0,0.28446499999999997,1.0,0.293255,0.98116,0.24063,0.9535549999999999,0.204915,0.94615,0.16763,0.84938,0.145015,0.853225,0.1184,0.8154049999999999,0.09727999999999998,0.779335,0.05436000000000002,0.736055,0.0675,0.701515,0.081625,0.65498,0.054535,0.614975,0.05420999999999998,1
1.0,0.0,0.160325,0.0,0.0,1.0,1.0,0.816585,0.517575,0.0,0.0,0.0,1.0,1.0,0.943415,0.0,0.0,1.0,0.9192,1.0,1.0,0.0,0.0,0.0,0.40571999999999997,1.0,1.0,0.0,0.0,0.0,0.0,1.0,1.0,0.6680550000000001,2
1.0,0.0,0.9615400000000001,0.577255,0.931995,0.648785,0.8629100000000001,0.6839500000000001,0.85294,0.78415,0.787245,0.8135950000000001,0.71635,0.87338,0.658525,0.8384849999999999,0.59564,0.88409,0.52343,0.8808549999999999,0.43968,0.884845,0.407605,0.856635,0.353545,0.82854,0.30601,0.7927649999999999,0.266005,0.7506550000000001,0.23426999999999998,0.70366,0.218845,0.675475,1
1.0,0.0,0.5,0.5,0.5,0.5,1.0,1.0,0.0,0.0,0.5,0.5,1.0,0.444445,0.5,0.5,0.5,0.5,0.0,1.0,1.0,1.0,1.0,0.0,0.5,0.5,1.0,0.0,0.5,0.5,0.5,0.5,1.0,1.0,2
0.0,0.0,1.0,0.0,1.0,1.0,1.0,0.0,1.0,1.0,1.0,0.0,1.0,1.0,1.0,0.0,1.0,0.0,1.0,1.0,1.0,1.0,1.0,0.0,1.0,0.0,1.0,0.0,1.0,1.0,1.0,0.0,1.0,1.0,2
1.0,0.0,0.642045,0.34091,0.5,0.5,0.84091,0.0,0.65341,0.9791650000000001,0.82197,0.532195,0.67424,0.07576,0.5,0.5,0.795455,0.320075,0.72538,0.09659000000000001,0.5,0.5,0.5,0.5,0.62121,0.589015,1.0,0.38068,0.530305,0.257575,0.58144,0.14961999999999998,0.5,0.5,2
1.0,0.0,0.5,0.5,0.5,0.5,0.5,0.5,0.5,0.5,0.810975,1.0,0.5,0.5,0.5,0.5,0.682925,0.140245,0.78049,0.0,0.5,0.5,0.5,0.5,0.5,0.5,1.0,0.55488,0.5,0.5,0.5,0.5,0.5,0.5,2
1.0,0.0,1.0,0.53269,1.0,0.60373,1.0,0.631405,0.965255,0.661065,0.933865,0.695195,0.87737,0.75041,0.897775,0.761605,0.82977,0.8037799999999999,0.788095,0.814995,0.739035,0.835675,0.702765,0.8442000000000001,0.67192,0.86041,0.63856,0.86193,0.59648,0.85341,0.55686,0.86344,0.53495,0.85722,1
1.0,0.0,1.0,0.494595,1.0,0.486485,1.0,0.46757,0.9756750000000001,0.49189,0.994595,0.483785,0.994595,0.543245,1.0,0.46757,0.9756750000000001,0.545945,0.98919,0.497295,1.0,0.53243,1.0,0.52162,0.98919,0.545945,0.99278,0.506255,1.0,0.483785,1.0,0.5135149999999999,1.0,0.464865,1
1.0,0.0,0.87234,0.55319,0.94353,0.50491,0.9427099999999999,0.507355,0.93617,0.49291,0.8652500000000001,0.55319,0.938285,0.51456,0.936175,0.51691,0.9787250000000001,0.539005,0.975175,0.521275,0.9279850000000001,0.523715,0.924655,0.52589,0.93617,0.55674,0.917145,0.53007,0.87234,0.48227,0.90855,0.534,0.90387,0.535865,1
1.0,0.0,0.967685,0.568225,0.96858,0.626795,0.928525,0.693895,0.895195,0.735635,0.8617600000000001,0.7997099999999999,0.8263,0.875,0.75415,0.86793,0.708145,0.91371,0.627695,0.9297599999999999,0.56856,0.928075,0.50247,0.944345,0.463195,0.8989,0.395025,0.89002,0.334155,0.85727,0.30734,0.821815,0.262905,0.779175,1
1.0,0.0,1.0,0.83892,0.9065449999999999,0.9101049999999999,0.715095,1.0,0.603095,0.902705,0.28064,1.0,0.104325,0.88546,0.0,0.70134,0.30477,0.20683,0.010465000000000002,0.28589,0.134585,0.118305,0.311645,0.012544999999999973,0.7068300000000001,0.0,0.70889,0.033519999999999994,0.628865,0.0,0.96785,0.32389,0.9940800000000001,0.51723,1
1.0,0.0,1.0,0.558825,1.0,0.617645,1.0,0.7058800000000001,1.0,0.52941,1.0,0.617645,1.0,0.558825,1.0,0.735295,1.0,0.47059,1.0,0.441175,1.0,0.67647,1.0,0.7058800000000001,1.0,0.441175,1.0,0.601125,1.0,0.52941,1.0,0.67647,1.0,0.617645,1
1.0,0.0,0.9352400000000001,0.6901349999999999,0.820495,0.84606,0.6567350000000001,0.933125,0.480335,0.9537,0.28913500000000003,0.89673,0.14719500000000002,0.7578,0.09475499999999998,0.613675,0.09432000000000001,0.437305,0.16263,0.30949,0.30833,0.185695,0.434935,0.14619,0.57776,0.16789500000000002,0.69272,0.24216,0.762865,0.350515,0.781195,0.47031,0.7573,0.583225,1
1.0,0.0,0.905715,0.51857,0.9257150000000001,0.499285,0.895,0.50357,0.8978550000000001,0.47857,0.937855,0.5,0.927855,0.46643,0.932145,0.50143,0.914285,0.472855,0.905,0.440715,0.884285,0.457855,0.92143,0.475,0.885,0.465715,0.9079900000000001,0.456655,0.912855,0.447855,0.907145,0.475,0.9107149999999999,0.424285,1
1.0,0.0,0.9478150000000001,0.689585,0.8365549999999999,0.84719,0.67958,0.94348,0.479035,0.9667250000000001,0.30562500000000004,0.92207,0.16363,0.8103899999999999,0.08660000000000001,0.65178,0.06924999999999998,0.473175,0.13218000000000002,0.328625,0.24111,0.18778499999999998,0.38286,0.13072499999999998,0.534555,0.13072,0.667655,0.18852000000000002,0.76207,0.28957,0.8060849999999999,0.413285,0.800365,0.5433,1
0.0,0.0,0.0,0.0,1.0,0.0,0.0,1.0,0.5,0.5,1.0,0.0,1.0,0.0,0.5,0.5,0.5,0.5,0.5,0.5,0.0,1.0,1.0,0.0,0.0,1.0,1.0,1.0,0.5,0.5,1.0,0.75,0.5,0.5,2
0.0,0.0,0.0,1.0,0.5,0.5,0.5,0.5,0.0,1.0,1.0,1.0,0.5,0.5,0.5,0.5,1.0,0.0,0.0,1.0,1.0,1.0,0.5,0.5,0.0,0.0,1.0,0.0,1.0,1.0,0.0,1.0,0.5,0.5,2
1.0,0.0,1.0,0.620385,0.9990749999999999,0.501845,0.90122,0.349335,0.949595,0.38256999999999997,0.8532150000000001,0.379615,0.869275,0.347305,0.85746,0.31961,0.73597,0.19405499999999998,0.702365,0.224705,0.805205,0.30335999999999996,0.76588,0.336595,0.61983,0.23929,0.64604,0.25805,0.563885,0.304285,0.5782849999999999,0.243355,0.591765,0.26698500000000003,1
1.0,0.0,1.0,0.06649500000000003,1.0,0.6113999999999999,0.92746,0.30052,1.0,0.43955,1.0,0.675735,1.0,0.53886,1.0,0.426165,1.0,0.0,1.0,0.0,0.8091550000000001,0.5790150000000001,1.0,0.8117449999999999,1.0,0.41494,1.0,0.67962,1.0,0.16753,1.0,0.94214,1.0,0.40587,2
1.0,0.0,0.84722,0.694445,0.5,0.5,0.33531500000000003,0.849205,0.5,0.5,0.5,0.5,0.5,0.5,0.603175,0.37897000000000003,0.60516,0.59722,0.732145,0.890875,0.5,0.5,0.5,0.5,0.867065,0.636905,0.88095,0.8174600000000001,0.5,0.5,0.5,0.5,0.5,0.5,2
1.0,0.0,0.87782,0.74819,0.9177500000000001,0.771505,0.77458,0.8603149999999999,0.676125,0.85396,0.567345,0.9737450000000001,0.45091,0.96889,0.31198000000000004,0.911115,0.23629,0.8558049999999999,0.15821000000000002,0.8399449999999999,0.149185,0.62478,0.104265,0.514975,0.005060000000000009,0.35450499999999996,0.14823999999999998,0.33604,0.18344,0.404075,0.329345,0.19773000000000002,0.401955,0.18522,1
1.0,0.0,1.0,0.46909,1.0,0.51471,1.0,0.474345,1.0,0.491465,1.0,0.44137,0.922465,0.47399,0.96696,0.46701,0.84585,0.463105,0.8286549999999999,0.398165,0.97455,0.34221,0.9042600000000001,0.34173,0.92466,0.32581,0.862645,0.35413,0.86547,0.30712,0.77178,0.36858,0.821035,0.302565,1
1.0,0.0,0.97245,0.25344500000000003,1.0,0.48154,0.99449,0.06474000000000002,0.950415,0.8347100000000001,1.0,0.44948,1.0,0.437535,1.0,0.424915,1.0,0.411595,1.0,0.397545,1.0,0.38273999999999997,1.0,0.367145,1.0,0.35074,1.0,0.33348,1.0,0.315345,1.0,0.2963,1.0,0.276305,1
1.0,0.0,1.0,0.77451,0.813725,1.0,0.509805,1.0,0.2549,0.960785,0.08823500000000001,0.7941199999999999,0.0,0.558825,0.019610000000000016,0.333335,0.17647000000000002,0.15686499999999998,0.382355,0.06862499999999999,0.67647,0.0,0.8725499999999999,0.13725500000000002,0.960785,0.39215500000000003,0.96437,0.60938,0.862745,0.784315,0.617645,0.9509799999999999,0.441175,0.9509799999999999,1
1.0,0.0,1.0,0.545455,0.977275,0.454545,0.8863650000000001,0.5,1.0,0.5,0.977275,0.5,1.0,0.522725,0.954545,0.477275,1.0,0.5,1.0,0.5,0.93182,0.545455,0.8863650000000001,0.545455,0.954545,0.522725,0.957705,0.514485,0.977275,0.545455,0.93182,0.454545,0.93182,0.522725,1
1.0,0.0,0.89915,0.547085,0.890645,0.60328,0.85814,0.64034,0.8466,0.70626,0.829585,0.75061,0.78949,0.8040700000000001,0.74605,0.792225,0.66677,0.839305,0.647935,0.81774,0.547995,0.8405199999999999,0.51033,0.8611800000000001,0.45626,0.815915,0.440375,0.80348,0.40887,0.7800750000000001,0.37242,0.758505,0.363305,0.7123349999999999,1
1.0,0.0,1.0,1.0,0.6835,0.53079,0.5649649999999999,0.963565,0.36207,0.9679800000000001,0.34236500000000003,0.6884250000000001,0.06403999999999999,0.6847300000000001,0.035715,0.455665,0.30542,0.32882,0.26724000000000003,0.08744000000000002,0.472905,0.03201999999999999,0.62808,0.397785,0.86896,0.27025,0.9273549999999999,0.465845,1.0,1.0,0.69335,0.50123,0.58879,0.89895,1
1.0,0.0,1.0,0.487995,0.9707,0.532655,0.96053,0.383725,0.88576,0.418005,0.76399,0.398625,0.782045,0.49644,0.671975,0.362715,0.7646999999999999,0.3911,0.725535,0.410935,0.52991,0.322125,0.511545,0.235605,0.51643,0.17420999999999998,0.56645,0.23397,0.512155,0.189015,0.471465,0.202135,0.47696,0.17151499999999997,1
1.0,0.0,0.69697,0.37879,0.813275,0.50635,0.727275,0.545455,0.81818,0.545455,0.60606,0.39394,0.78788,0.57576,0.69697,0.5,0.78078,0.522805,0.757575,0.51515,0.89394,0.59091,0.6515150000000001,0.42424,0.74263,0.529645,0.73181,0.53071,0.6666650000000001,0.48485,0.70928,0.53205,0.69697,0.62121,1
1.0,0.0,0.9698599999999999,0.64041,0.9024300000000001,0.764105,0.790835,0.865755,0.674805,0.902555,0.553985,0.9520150000000001,0.399925,0.9466749999999999,0.30135,0.9108149999999999,0.20582499999999998,0.814335,0.118475,0.70184,0.09369,0.59444,0.09341500000000003,0.47858,0.123635,0.365585,0.183815,0.26781,0.26788999999999996,0.19277,0.368055,0.14582499999999998,0.455315,0.143635,1
1.0,0.0,0.86207,0.49458,0.89852,0.50542,0.9,0.500985,0.8950750000000001,0.50542,0.89212,0.495075,0.91675,0.516255,0.9256150000000001,0.508375,0.900495,0.49606,0.8955649999999999,0.48522,0.879805,0.51675,0.8738900000000001,0.527585,0.863055,0.49261,0.890205,0.50306,0.870445,0.474875,0.9147799999999999,0.51478,0.8950750000000001,0.50394,1
0.0,0.0,1.0,1.0,1.0,0.0,1.0,1.0,0.0,1.0,0.5,0.5,1.0,1.0,0.5,0.5,0.5,0.5,0.0,1.0,0.0,1.0,1.0,1.0,1.0,0.0,1.0,1.0,1.0,1.0,1.0,0.0,0.0,1.0,2
1.0,0.0,0.973155,0.58749,0.9547300000000001,0.6657150000000001,0.9254800000000001,0.7498,0.86839,0.81921,0.796075,0.86919,0.74349,0.9180699999999999,0.6522950000000001,0.953325,0.589795,0.9671449999999999,0.496495,0.965545,0.4056,0.946915,0.334885,0.91246,0.26733,0.88241,0.207185,0.8316749999999999,0.16035500000000003,0.76282,0.12339499999999998,0.71244,0.09394999999999998,0.63046,1
1.0,0.0,1.0,0.52906,0.9726250000000001,0.53709,0.99976,0.566155,1.0,0.490445,0.9742299999999999,0.535165,0.978565,0.57322,0.97431,0.55612,0.95448,0.600595,0.983705,0.581325,0.998475,0.57129,0.95392,0.58205,0.9583349999999999,0.612155,0.942115,0.617855,0.94284,0.612555,0.8916200000000001,0.64788,0.91787,0.65583,1
1.0,0.0,1.0,0.580975,1.0,0.47221,1.0,0.506865,1.0,0.43824,1.0,0.492445,1.0,0.491345,1.0,0.46813,1.0,0.464215,1.0,0.5295,1.0,0.44945999999999997,1.0,0.486575,1.0,0.38511,1.0,0.465885,1.0,0.541495,1.0,0.42903,1.0,0.462805,1
1.0,0.0,0.8543499999999999,0.376085,0.82174,0.52174,0.726085,0.6913050000000001,0.826085,0.591305,0.75,0.6347849999999999,0.78913,0.384785,0.752175,0.68913,0.69348,0.28695499999999996,0.680435,0.36956500000000003,0.6347849999999999,0.5586949999999999,0.76623,0.480775,0.65652,0.43913,0.74965,0.47868,0.7417400000000001,0.47776,0.82174,0.373915,0.752175,0.573915,1
1.0,0.0,0.81908,1.0,0.604165,0.0,1.0,1.0,0.9385950000000001,0.654605,0.16557,1.0,0.470395,0.79386,0.50877,0.52522,0.242325,0.0,0.57127,0.483555,0.663375,0.2807,0.0,1.0,0.904605,0.0,1.0,0.4693,1.0,1.0,0.60307,0.0,1.0,1.0,2
1.0,0.0,1.0,0.488705,1.0,0.47753,1.0,0.46659,1.0,0.456005,1.0,0.7808649999999999,1.0,0.43631,1.0,0.42739,1.0,0.662035,1.0,0.411805,0.99742,0.40525500000000003,0.978005,0.39959500000000003,1.0,0.03858,0.9364,0.391035,0.9146000000000001,0.38815,0.892395,0.386175,0.8699600000000001,0.385095,1
1.0,0.0,1.0,0.459085,1.0,0.44337,0.99623,0.35099,1.0,0.334625,0.98331,0.32859499999999997,0.92894,0.263675,0.9595199999999999,0.25915,0.8654200000000001,0.17387999999999998,0.8406549999999999,0.18228,0.91225,0.10842000000000002,0.794145,0.126075,0.8351649999999999,0.01851999999999998,0.743785,0.07165500000000002,0.689705,0.08053500000000002,0.6205849999999999,0.055769999999999986,0.646105,0.051895000000000024,1
1.0,0.0,0.978295,0.5407150000000001,0.9874350000000001,0.471665,0.985825,0.45758,0.980485,0.467195,0.9735849999999999,0.506395,0.9771799999999999,0.416025,0.97306,0.402515,0.99815,0.33865999999999996,0.951715,0.32049,0.95714,0.36341999999999997,0.9507,0.35096499999999997,0.999495,0.296265,0.93622,0.32706999999999997,0.960295,0.346905,0.919755,0.304695,0.91083,0.29413500000000004,1
1.0,0.0,0.66417,0.5126,0.57618,0.60639,0.574595,0.870015,0.37146999999999997,0.9616199999999999,0.44844,0.5969,0.19324000000000002,0.62893,0.02973500000000001,0.472955,0.434415,0.428355,0.348425,0.276925,0.442955,0.072015,0.51334,0.38607,0.63971,0.46852499999999997,0.668685,0.44062,0.638285,0.442955,0.57539,0.56648,0.560985,0.60234,1
1.0,0.0,0.944265,0.508155,0.960035,0.506525,0.96221,0.506795,0.9458949999999999,0.448885,0.950515,0.45786,0.9652000000000001,0.494835,0.96547,0.45541,0.930125,0.474715,0.947255,0.47988,0.94209,0.43937,0.944535,0.440455,0.9149,0.42930999999999997,0.932265,0.44096,0.9276800000000001,0.434745,0.91762,0.43774,0.9339299999999999,0.438825,1
1.0,0.0,0.94853,0.691175,0.9558800000000001,0.6875,0.871325,0.8382350000000001,0.72794,0.889705,0.59559,0.944855,0.48897,0.930145,0.39705999999999997,0.9117649999999999,0.3125,0.8382350000000001,0.25,0.73897,0.132355,0.691175,0.069855,0.54412,0.12867499999999998,0.4375,0.160375,0.379345,0.224265,0.286765,0.27941,0.24632500000000002,0.35662,0.21691,1
1.0,0.0,0.7339249999999999,0.55654,0.7948999999999999,0.503325,0.7771600000000001,0.53437,0.73947,0.430155,0.764965,0.50665,0.8192900000000001,0.41907,0.839245,0.48337,0.772725,0.432375,0.764965,0.47672,0.73947,0.40244,0.75388,0.432375,0.707315,0.399115,0.76965,0.442725,0.799335,0.48559,0.768295,0.44124,0.781595,0.477825,1
1.0,0.0,0.64601,0.56791,0.726655,0.58404,0.758915,0.497455,0.7631600000000001,0.604415,0.76231,0.41681,0.7368399999999999,0.47623,0.77759,0.519525,0.90832,0.387945,0.712225,0.47878,0.674875,0.533105,0.640915,0.395585,0.7586550000000001,0.48412,0.751845,0.483245,0.673175,0.549235,0.85399,0.49066,0.6977949999999999,0.48387,1
1.0,0.0,0.925065,0.509045,0.961055,0.50728,0.9602299999999999,0.5109,0.9638249999999999,0.54005,0.9379850000000001,0.55685,0.955805,0.5216,0.9536899999999999,0.5250900000000001,0.936695,0.5142100000000001,0.97933,0.5,0.945485,0.535235,0.94215,0.538485,0.918605,0.554265,0.934615,0.54475,0.9379850000000001,0.54393,0.92599,0.55067,0.9212899999999999,0.55349,1
1.0,0.0,0.67673,0.43116,0.846935,0.487885,0.840975,0.48213,0.7785850000000001,0.469405,0.80918,0.447665,0.810495,0.46736500000000003,0.796805,0.463555,0.711355,0.36795500000000003,0.791065,0.52496,0.74868,0.456145,0.731205,0.455055,0.72504,0.49718,0.69573,0.45481,0.67794,0.44847,0.66116,0.45681499999999997,0.644715,0.4585,1
1.0,0.0,0.633335,0.45,0.7666649999999999,0.5,0.6666650000000001,0.433335,0.683335,0.558335,0.783335,0.508335,0.8583350000000001,0.541665,0.85,0.466665,0.7666649999999999,0.6,0.7083349999999999,0.491665,0.658335,0.6,0.85,0.5,0.625,0.566665,0.73107,0.527195,0.7,0.516665,0.733335,0.516665,0.7083349999999999,0.475,1
1.0,0.0,0.496795,0.25,0.5,0.5,0.490385,1.0,0.5,0.5,0.5,0.5,0.5,0.5,0.5,0.5,0.5,0.5,0.65705,0.964745,0.32372,0.871795,0.326925,0.09615499999999999,0.5,0.5,0.19230999999999998,0.24358999999999997,0.5,0.5,0.5,0.5,0.5,0.5,2
1.0,0.0,0.9404250000000001,0.67616,0.8419449999999999,0.8256399999999999,0.67408,0.8989199999999999,0.52916,0.95421,0.35108,0.93245,0.18682500000000002,0.84795,0.11447000000000002,0.696545,0.07098500000000002,0.54204,0.09179500000000002,0.379915,0.177105,0.24989,0.30117,0.15831499999999998,0.444265,0.12233500000000003,0.585205,0.14248,0.703375,0.21175500000000003,0.78313,0.316175,0.813825,0.433475,1
1.0,0.0,1.0,0.45238,0.0,0.0,0.0,0.0,1.0,0.65873,0.906745,0.88095,0.0,0.0,0.0,1.0,0.73682,1.0,1.0,1.0,0.844195,0.0,0.0,0.0,0.914685,0.68254,1.0,1.0,1.0,0.75397,0.0,0.3373,0.0,0.864155,2
0.0,0.0,1.0,1.0,0.0,0.0,0.0,0.0,0.5,0.5,0.5,0.5,0.0,0.0,0.5,0.5,0.5,0.5,0.5,0.5,0.0,1.0,1.0,1.0,0.5,0.5,1.0,0.0,0.5,0.5,0.0,0.0,0.0,0.0,2
1.0,0.0,0.924215,0.5339700000000001,0.90281,0.488505,0.885155,0.483505,0.8336250000000001,0.4669,0.79791,0.46167,0.8363,0.471145,0.8212999999999999,0.46781,0.695995,0.52265,0.85627,0.50697,0.7798499999999999,0.459805,0.76715,0.457735,0.73519,0.38589,0.743295,0.45436,0.763065,0.457315,0.7213849999999999,0.451895,0.7111149999999999,0.45096,1
1.0,0.0,0.70966,0.56241,0.675,0.5625,0.61591,0.639775,0.48182,0.72159,0.522585,0.68097,0.404545,0.66818,0.43325,0.63661,0.513635,0.702275,0.326135,0.563635,0.39986,0.52539,0.40682,0.68182,0.429985,0.47599,0.450145,0.46443,0.0,0.0,0.48542,0.46268,0.49737,0.46843,2
1.0,0.0,0.541665,0.396575,0.0,1.0,0.0,1.0,0.859375,0.735865,0.089285,0.18638500000000002,0.0,0.0,0.0,1.0,0.486235,0.79576,0.289435,0.289435,0.12685999999999997,0.0,0.0,0.265995,0.0,0.61905,1.0,0.0,0.0,0.30543,0.0,0.0,0.0,0.8072900000000001,2
1.0,0.0,1.0,0.45643,1.0,0.41368499999999997,0.933175,0.09110499999999999,0.974085,0.805265,0.977365,0.29308999999999996,0.94243,0.34132,0.939685,0.382835,0.9052549999999999,0.1891,0.561225,0.0,0.9514199999999999,0.555265,0.811785,0.107265,0.776945,0.08566000000000001,0.74068,0.067085,0.7032499999999999,0.05163000000000001,0.66492,0.039360000000000006,0.433295,0.0,1
1.0,0.0,1.0,0.35786,1.0,0.37327,0.973115,0.32453,1.0,0.34717,0.96368,0.254715,0.95409,0.279405,0.8786149999999999,0.205505,0.84874,0.209905,0.798115,0.212105,0.842295,0.145125,0.7723249999999999,0.063365,0.74607,0.13333499999999998,0.67752,0.11973,0.63176,0.10880499999999999,0.58302,0.13427499999999998,0.56997,0.15000000000000002,1
1.0,0.0,0.9785200000000001,0.439525,0.8165899999999999,0.43655,0.981825,0.40879,0.9851300000000001,0.5423,0.9600150000000001,0.49438,0.9177150000000001,0.376405,1.0,0.343025,0.996365,0.39392,0.99339,0.39491,1.0,0.364175,0.96563,0.30271000000000003,1.0,0.403835,0.9439649999999999,0.342175,0.9071400000000001,0.38136000000000003,0.9454750000000001,0.340715,0.847655,0.29213500000000003,1
1.0,0.0,1.0,0.49694,1.0,0.45083,1.0,0.461755,1.0,0.446975,1.0,0.444635,1.0,0.302555,1.0,0.42192,0.96062,0.34058,0.932365,0.32733,0.958465,0.27964,0.9803,0.26566999999999996,0.90937,0.29813999999999996,0.913405,0.288845,0.8789199999999999,0.30884500000000004,0.9022399999999999,0.297125,0.8717699999999999,0.27480499999999997,1
1.0,0.0,1.0,0.525745,0.996815,0.550615,0.98071,0.57378,0.977565,0.36752,0.83013,0.773505,0.90213,0.6264149999999999,0.868905,0.6369,0.8338749999999999,0.64357,0.798075,0.64652,0.76247,0.646,0.7279100000000001,0.64238,0.695115,0.63613,0.66465,0.627765,0.636905,0.61784,0.612135,0.60689,0.59043,0.595415,1
1.0,0.0,0.8735200000000001,0.433795,0.768775,0.58498,0.8636349999999999,0.54743,0.847825,0.444665,0.83399,0.38241,0.9397249999999999,0.40415,0.868575,0.52075,0.815215,0.498025,0.81818,0.44071,0.896245,0.37351999999999996,0.832015,0.35672000000000004,0.83597,0.44763,0.8092349999999999,0.439795,0.800395,0.395255,0.687745,0.534585,0.805335,0.493085,1
1.0,0.0,0.98794,0.44699,0.973005,0.396,0.9640299999999999,0.35825,0.92998,0.36329,0.89883,0.260355,0.891125,0.24618,0.87314,0.19282,0.789725,0.15957,0.68926,0.131795,0.68162,0.11719000000000002,0.65949,0.10123500000000002,0.6139600000000001,0.09183000000000002,0.568295,0.08745000000000003,0.52303,0.08802500000000002,0.47869,0.09340999999999999,0.43084,0.09512500000000002,1
1.0,0.0,0.71818,0.436365,0.79091,0.427275,0.59091,0.16363499999999997,0.672725,0.48182,0.645455,0.472725,0.645455,0.645455,0.68182,0.29091,0.6,0.49091,0.68182,0.527275,0.563635,0.745455,0.80909,0.58182,0.663635,0.58182,0.70549,0.464865,0.672725,0.472725,0.563635,0.31818,0.645455,0.354545,2
1.0,0.0,0.80769,0.594615,0.8907849999999999,0.5089,0.8874299999999999,0.513235,0.825385,0.44845999999999997,0.88769,0.54,0.8698049999999999,0.5253,0.86161,0.52888,0.843075,0.455385,0.80846,0.58154,0.8311649999999999,0.537865,0.8193900000000001,0.540205,0.80077,0.463845,0.794015,0.543835,0.775385,0.62846,0.766945,0.546035,0.753045,0.54661,1
1.0,0.0,0.9716549999999999,0.599795,0.98066,0.7040150000000001,0.90257,0.782845,0.783435,0.85415,0.70918,0.91615,0.574695,0.947445,0.525835,0.96841,0.37629,0.9196949999999999,0.285945,0.8777699999999999,0.248745,0.8128150000000001,0.172425,0.75214,0.15574500000000002,0.65456,0.11451499999999998,0.578095,0.12297000000000002,0.478005,0.12400499999999998,0.410395,0.16534,0.32816500000000004,1
1.0,0.0,0.947525,0.48416,0.9376249999999999,0.527725,0.947525,0.50693,0.9643550000000001,0.51386,0.9564349999999999,0.49505,0.970295,0.49208,0.9594050000000001,0.51683,0.968315,0.5,0.971285,0.50693,0.952475,0.50396,0.943565,0.49109,0.946535,0.51188,0.94501,0.508055,0.9405950000000001,0.50099,0.936635,0.52079,0.933665,0.51188,1
1.0,0.0,0.992275,0.48632,0.99029,0.47948,1.0,0.461825,0.9936,0.50728,0.97639,0.48698,0.9924999999999999,0.46271,0.99691,0.464255,0.98698,0.45234,0.98632,0.43888,0.99647,0.47374,0.97639,0.45543,0.9867600000000001,0.458295,0.9832650000000001,0.43544,0.967345,0.42542,0.98566,0.421225,0.9838899999999999,0.406,1
1.0,0.0,1.0,0.494105,1.0,0.498285,1.0,0.492175,1.0,0.492175,1.0,0.485955,1.0,0.48906499999999997,0.9991399999999999,0.484565,0.9976400000000001,0.48381,0.99657,0.48274,1.0,0.480595,1.0,0.474805,1.0,0.475345,0.9992099999999999,0.472365,0.997,0.46848,0.995285,0.467515,0.994855,0.46666,1
1.0,0.0,1.0,0.292715,1.0,0.880655,0.9353,0.592965,1.0,0.45037499999999997,0.96922,0.73995,0.82726,0.4196,1.0,0.504395,0.988065,0.24936999999999998,0.9001250000000001,0.377515,0.9403250000000001,0.404525,1.0,0.43844,0.967965,0.55339,0.96445,0.46375500000000003,1.0,0.36306499999999997,0.71985,0.599245,0.75691,0.47299,1
1.0,0.0,1.0,0.584005,0.99676,0.58167,0.97308,0.666735,0.9587950000000001,0.61305,0.95704,0.685535,0.92125,0.734495,0.9050549999999999,0.746125,0.8923650000000001,0.741555,0.825455,0.784885,0.7827649999999999,0.7903549999999999,0.77793,0.8236,0.741555,0.77618,0.716585,0.845645,0.67842,0.880735,0.669605,0.83422,0.610505,0.893425,1
0.0,0.0,0.5,0.5,0.0,0.0,1.0,1.0,0.0,1.0,0.0,1.0,1.0,0.0,1.0,1.0,0.0,0.0,0.0,1.0,1.0,0.0,0.0,1.0,0.0,1.0,1.0,0.0,0.0,1.0,0.0,0.0,1.0,0.0,2
1.0,0.0,0.75466,0.03001999999999999,1.0,0.63354,0.4824,0.0,1.0,0.0,0.718425,0.0,0.5,0.5,0.0,0.328675,0.311595,0.518115,1.0,0.0,0.5,0.5,0.5,0.5,0.41873499999999997,0.9611799999999999,0.69876,0.632505,0.5,0.5,1.0,0.61594,0.5,0.5,2
1.0,0.0,0.92355,0.567665,0.86819,0.469245,0.939365,0.5413,0.9446399999999999,0.454305,0.893675,0.53339,0.90334,0.498245,0.8963099999999999,0.49473,0.92882,0.477155,0.9358500000000001,0.482425,0.9086099999999999,0.45255,0.85501,0.52197,0.932335,0.42443,0.905735,0.47589,0.891035,0.496485,0.878735,0.46660999999999997,0.92882,0.469245,1
1.0,0.0,0.645365,0.550125,0.61654,0.586465,0.518795,0.67168,0.56015,0.63158,0.53133,0.606515,0.476375,0.563835,0.468335,0.539535,0.46836,0.520485,0.472845,0.50704,0.47917,0.4986,0.48562,0.49412,0.491225,0.492475,0.49557,0.492625,0.4986,0.49375,0.50048,0.49526,0.50145,0.496765,1
1.0,0.0,1.0,1.0,1.0,0.0,1.0,0.0,1.0,1.0,1.0,1.0,1.0,1.0,1.0,0.0,1.0,1.0,1.0,1.0,1.0,1.0,1.0,1.0,1.0,1.0,1.0,0.75,0.5,0.5,1.0,0.0,1.0,0.0,2
1.0,0.0,0.899235,0.691325,0.90402,0.41518,1.0,0.461735,0.990755,0.46301,0.851085,0.603315,0.998725,0.510525,0.99107,0.512435,1.0,0.43463,0.978315,0.538585,1.0,0.500955,0.95153,0.65402,1.0,0.427295,1.0,0.49803,0.87819,0.53954,1.0,0.40625,1.0,0.4713,1
1.0,0.0,0.97941,0.550645,1.0,0.49041,0.991565,0.512775,0.98487,0.45342,0.994775,0.48642,0.9899,0.48452,1.0,0.473285,1.0,0.474105,0.9692000000000001,0.507785,0.9881,0.45358,0.989445,0.47341,0.957835,0.421625,0.9783850000000001,0.465025,0.95489,0.506535,1.0,0.446015,0.96572,0.46556,1
1.0,0.0,0.940515,0.495715,0.94909,0.487675,0.9705250000000001,0.49089,0.945875,0.436225,0.9110400000000001,0.44534,0.944265,0.505895,0.95391,0.431405,0.93569,0.469455,0.95391,0.48821,0.93998,0.427115,0.914255,0.437835,0.9506950000000001,0.402465,0.941225,0.425485,0.92176,0.43569,0.9421200000000001,0.40729,0.958735,0.415865,1
1.0,0.0,0.972655,0.48242,0.0,0.333985,0.0,0.492185,0.9863299999999999,0.50586,0.9667950000000001,0.490235,0.0,0.58203,0.0,0.498045,0.976565,0.48242,0.96094,0.48633,0.003904999999999992,0.558595,0.033204999999999985,0.67383,0.978515,0.498045,0.9102049999999999,0.56879,0.9511700000000001,0.466795,0.0,0.40625,0.0,0.328125,2
1.0,0.0,0.93886,0.45924,0.9171199999999999,0.536685,0.923915,0.52038,0.8858699999999999,0.48913,0.8858699999999999,0.471465,0.9116850000000001,0.44701,0.839675,0.497285,0.940215,0.39538,0.9171199999999999,0.516305,0.9320649999999999,0.47011000000000003,0.986415,0.360055,0.92527,0.40625,0.918525,0.448945,0.92935,0.483695,0.892665,0.44565,0.8953800000000001,0.497285,1
1.0,0.0,0.997695,0.470555,0.926215,0.51153,0.91699,0.31145999999999996,1.0,0.5188,0.926215,0.411225,0.798775,0.275275,0.8026800000000001,0.30888499999999997,0.92178,0.30729,0.79106,0.33904,0.7848550000000001,0.35163,0.6847300000000001,0.263215,0.784055,0.244145,0.70539,0.26916,0.60633,0.32955,0.711335,0.22756500000000002,0.593205,0.27349999999999997,1
1.0,0.0,0.977795,0.499225,0.932105,0.43378,0.9749099999999999,0.497695,0.914045,0.244145,0.962205,0.55184,1.0,0.428765,0.99632,0.48729,0.979265,0.42241,0.920065,0.8086949999999999,1.0,0.418395,0.93746,0.457525,0.928705,0.49168,0.92066,0.491155,0.9121349999999999,0.490665,0.90317,0.490215,0.893805,0.489805,1
1.0,0.0,1.0,0.420505,0.86157,0.63843,0.917215,0.20806000000000002,1.0,0.358965,1.0,0.250685,0.89981,0.437365,0.884185,0.57319,1.0,0.696685,1.0,0.63295,0.98177,0.490545,0.962995,0.043310000000000015,1.0,0.5740149999999999,1.0,0.44209,1.0,0.444355,1.0,0.76686,1.0,0.21121,1
1.0,0.0,0.952735,0.705565,0.82677,0.8738049999999999,0.649605,0.979525,0.43329,0.9891,0.23881999999999998,0.916315,0.101715,0.7754300000000001,0.016845,0.57596,0.034995,0.37223,0.140685,0.20310499999999998,0.29227000000000003,0.07397500000000001,0.48875,0.031059999999999977,0.68159,0.07316,0.83769,0.190205,0.9298850000000001,0.359385,0.94327,0.549,0.877475,0.731505,1
1.0,0.0,0.995125,0.471075,0.998965,0.434955,0.993315,0.40285,0.9968699999999999,0.37078500000000003,0.9636899999999999,0.34935,0.963255,0.310175,0.94906,0.28102,0.9246099999999999,0.23968,0.937165,0.214625,0.89508,0.200805,0.873625,0.176925,0.84141,0.157605,0.826235,0.13413000000000003,0.80505,0.12323499999999998,0.77376,0.09860999999999998,0.745975,0.08377499999999999,1
1.0,0.0,1.0,0.40585499999999997,0.965175,0.31922,0.44566,0.032015000000000016,1.0,0.477255,0.75437,0.161285,0.67216,0.15146500000000002,0.24157499999999998,0.01242500000000002,0.527495,0.188815,0.665545,0.0,0.434245,0.27349999999999997,0.40972,0.32133,0.39834,0.367155,0.39766,0.407995,0.4048,0.442035,0.41687,0.46856,0.43130999999999997,0.487765,2
0.0,0.0,1.0,0.0,1.0,1.0,0.0,0.0,1.0,0.0,0.5,0.5,0.5,0.5,0.0,1.0,1.0,0.0,1.0,0.0,0.125,1.0,1.0,0.0,1.0,0.0,1.0,0.0,0.0,0.0,0.5,0.5,1.0,0.0,2
1.0,0.0,1.0,0.61529,1.0,0.10745500000000002,1.0,0.447995,1.0,0.57707,1.0,0.6391,0.9905999999999999,0.46569499999999997,1.0,0.53305,0.9790099999999999,0.40523,0.9179200000000001,0.421835,0.987,0.51864,0.99812,0.54621,1.0,0.493735,0.98119,0.477015,0.9558249999999999,0.519425,1.0,0.43139,0.982615,0.441415,1
1.0,0.0,0.98857,0.595245,0.913415,0.731295,0.8588549999999999,0.79366,0.73984,0.9213899999999999,0.657045,0.9632149999999999,0.551445,0.969725,0.43373,0.92145,0.3399,0.9581200000000001,0.23927500000000002,0.897625,0.15863,0.74754,0.11296,0.667685,0.07312000000000002,0.589245,0.08343,0.49321,0.08817000000000003,0.403395,0.163555,0.33169000000000004,0.200285,0.2515,1
1.0,0.0,0.68438,0.0,0.0,0.0,0.461695,1.0,1.0,0.975205,0.872985,0.30645,0.0,0.103435,0.451615,1.0,0.74342,0.73251,0.658775,0.362695,0.428285,0.39905999999999997,0.44012,0.534475,0.515105,0.533195,0.517215,0.49407,0.497985,0.49164,0.496195,0.50054,0.500075,0.501625,2
0.0,0.0,0.5,0.5,1.0,1.0,0.5,0.5,1.0,1.0,0.5,0.5,1.0,0.0,0.5,0.5,0.5,0.5,0.5,0.5,0.5,0.5,0.5,0.5,0.5,0.5,1.0,0.0,0.5,0.5,0.0,1.0,0.5,0.5,2
1.0,0.0,0.95187,0.49198,1.0,0.5401050000000001,1.0,0.50802,0.96524,0.502675,0.9679150000000001,0.49198,1.0,0.5,1.0,0.532085,1.0,0.524065,0.95722,0.52139,0.983955,0.510695,0.99465,0.49198,0.981285,0.52674,0.98487,0.52226,0.9385049999999999,0.50535,1.0,0.545455,0.989305,0.532085,1
1.0,0.0,0.829225,0.718085,0.723405,0.87402,0.526595,0.92553,0.339865,0.910695,0.15873500000000001,0.76204,0.07894499999999999,0.535555,0.085945,0.356385,0.26483999999999996,0.14137499999999997,0.476205,0.06999,0.61646,0.11842000000000003,0.783315,0.23936000000000002,0.8714999999999999,0.406775,0.8737900000000001,0.618565,0.7259249999999999,0.795355,0.602745,0.88382,0.407335,0.87178,1
1.0,0.0,0.810605,0.18181999999999998,0.5,0.5,0.5,0.5,0.67235,0.64394,0.7140150000000001,0.69697,0.46212,0.75947,0.68182,0.657195,0.23106,0.664775,0.560605,0.426135,0.50947,0.23295500000000002,0.21211999999999998,0.589015,0.6458349999999999,0.36363500000000004,0.62879,0.21211999999999998,0.71591,0.62121,0.59091,0.488635,0.585225,0.291665,2
1.0,0.0,0.9972449999999999,0.50263,0.92041,0.443435,0.9411849999999999,0.417845,0.995305,0.468715,0.9824200000000001,0.46252,0.926105,0.51483,0.935805,0.39576,0.9694050000000001,0.43511500000000003,0.99149,0.455325,0.94938,0.500375,0.93918,0.47059,0.9668399999999999,0.40064,0.9378949999999999,0.41097,0.9714700000000001,0.417095,0.901265,0.371295,0.88293,0.36102999999999996,1
1.0,0.0,0.74935,0.50909,0.715585,0.45195,0.7532449999999999,0.47922,0.75065,0.54805,0.723375,0.52987,0.77922,0.44026,0.75844,0.48182,0.7636350000000001,0.47013,0.776625,0.494805,0.742855,0.483115,0.745455,0.494805,0.7961050000000001,0.5,0.7660750000000001,0.4836,0.715585,0.516885,0.772725,0.472725,0.794805,0.457145,1
0.0,0.0,0.5,0.5,0.5,0.5,0.5,0.5,1.0,1.0,1.0,1.0,0.5,0.5,0.5,0.5,0.3125,0.0,0.0,0.0,0.5,0.5,0.5,0.5,0.0,0.0,0.0,0.0,0.0,1.0,1.0,0.5,0.5,0.5,2
1.0,0.0,1.0,0.727275,1.0,0.272725,1.0,0.545455,1.0,0.454545,1.0,0.5,1.0,0.36363500000000004,1.0,0.40909,1.0,0.545455,1.0,0.5,1.0,0.31818,1.0,0.545455,1.0,0.454545,1.0,0.47543,1.0,0.727275,1.0,0.36363500000000004,1.0,0.40909,1
1.0,0.0,0.75056,0.48202,0.80562,0.50674,0.79438,0.507865,0.79438,0.51236,0.83371,0.497755,0.858425,0.476405,0.832585,0.504495,0.7865150000000001,0.51236,0.8235950000000001,0.46292,0.78427,0.570785,0.78764,0.48202,0.732585,0.52472,0.78294,0.50412,0.7382,0.48202,0.773035,0.55281,0.8033699999999999,0.45955,1
1.0,0.0,0.91754,0.54149,0.868695,0.42647,0.921745,0.472165,0.952205,0.47689,0.946955,0.56565,0.905985,0.533615,0.8965350000000001,0.455355,1.0,0.489495,0.983195,0.53309,0.938025,0.505775,0.887605,0.53309,0.97689,0.47899,0.917395,0.500615,1.0,0.564075,0.9333,0.44643,0.9527300000000001,0.47846500000000003,1
1.0,0.0,0.8333349999999999,0.49317,0.98702,0.534155,0.74795,0.750685,0.878415,0.498635,0.82582,0.429645,0.70082,0.255465,0.69604,0.793715,0.88388,0.6591549999999999,0.89276,0.556695,0.737705,0.275275,1.0,0.503415,0.80328,0.534835,0.84328,0.58544,0.93784,0.5389349999999999,0.77664,0.62295,0.56967,0.740435,1
0.0,0.0,1.0,0.0,1.0,0.0,1.0,0.0,1.0,0.0,1.0,1.0,1.0,1.0,1.0,0.0,1.0,1.0,1.0,1.0,1.0,1.0,1.0,0.0,1.0,0.0,1.0,0.0,1.0,0.828125,0.5,0.5,1.0,0.0,2
1.0,0.0,0.7877000000000001,0.484125,0.87599,0.473215,0.8075399999999999,0.49405,0.7698400000000001,0.516865,0.80853,0.549605,0.795635,0.488095,0.81349,0.50595,0.8541650000000001,0.512895,0.801585,0.507935,0.739085,0.48611,0.795635,0.51885,0.75,0.51984,0.8064549999999999,0.493815,0.80853,0.43254,0.844245,0.493055,0.8125,0.484125,1
1.0,0.0,1.0,0.502165,1.0,0.493955,1.0,0.4852,1.0,0.46493,0.989195,0.46872,1.0,0.46728000000000003,0.986305,0.460415,0.962805,0.43167500000000003,0.97092,0.428365,0.9979450000000001,0.42876000000000003,0.974075,0.432175,0.947345,0.395745,0.945335,0.410455,0.92822,0.40724,0.918885,0.399495,0.919335,0.39617,1
1.0,0.0,0.926355,0.52713,1.0,0.540345,1.0,1.0,0.957365,0.496125,0.918605,0.51938,1.0,0.635765,1.0,1.0,0.906975,0.523255,0.95349,0.55814,1.0,0.75335,1.0,0.0,0.9031,0.51938,1.0,0.8580650000000001,0.92248,0.534885,1.0,0.936585,1.0,1.0,2
