1.0,0.0,0.59733,0.528625,0.52099,0.625955,0.44721500000000003,0.7443299999999999,0.408395,0.408395,0.29007499999999997,0.530535,0.27290000000000003,0.5458,0.41794,0.34733,0.448475,0.301525,0.59351,0.412215,0.67006,0.440235,0.64313,0.419845,0.608225,0.62346,0.519565,0.6554599999999999,0.480915,0.63168,0.41603,0.58397,0.34923499999999996,0.33206,1
0.0,0.0,0.5,0.5,0.5,0.5,0.5,0.5,1.0,1.0,1.0,1.0,0.5,0.5,0.5,0.5,0.3125,0.0,0.0,0.0,0.5,0.5,0.5,0.5,0.0,0.0,0.0,0.0,0.0,1.0,1.0,0.5,0.5,0.5,2
0.0,0.0,1.0,1.0,1.0,0.0,0.5,0.5,0.5,0.5,0.0,0.0,0.5,0.5,0.5,0.5,0.0,1.0,1.0,1.0,0.0,1.0,0.0,1.0,1.0,0.0,1.0,1.0,0.0,1.0,1.0,1.0,0.5,0.5,2
1.0,0.0,1.0,0.52906,0.9726250000000001,0.53709,0.99976,0.566155,1.0,0.490445,0.9742299999999999,0.535165,0.978565,0.57322,0.97431,0.55612,0.95448,0.600595,0.983705,0.581325,0.998475,0.57129,0.95392,0.58205,0.9583349999999999,0.612155,0.942115,0.617855,0.94284,0.612555,0.8916200000000001,0.64788,0.91787,0.65583,1
1.0,0.0,0.989525,0.57905,0.9505600000000001,0.676185,0.910195,0.7428049999999999,0.8588,0.8244400000000001,0.794135,0.868715,0.7017450000000001,0.91578,0.6257,0.9240200000000001,0.5235,0.9273750000000001,0.439035,0.898745,0.3691,0.90377,0.310825,0.8583799999999999,0.24483,0.79162,0.212065,0.7302,0.19050499999999998,0.65398,0.17123,0.5917250000000001,0.17933,0.51484,1
1.0,0.0,1.0,0.584005,0.99676,0.58167,0.97308,0.666735,0.9587950000000001,0.61305,0.95704,0.685535,0.92125,0.734495,0.9050549999999999,0.746125,0.8923650000000001,0.741555,0.825455,0.784885,0.7827649999999999,0.7903549999999999,0.77793,0.8236,0.741555,0.77618,0.716585,0.845645,0.67842,0.880735,0.669605,0.83422,0.610505,0.893425,1
0.0,0.0,0.5,0.5,0.5,0.5,0.5,0.5,0.5,0.5,0.5,0.5,0.0,0.0,0.5,0.5,1.0,0.875,0.5,0.5,0.5,0.5,0.0,1.0,0.5,0.5,1.0,0.0,0.0,0.0,1.0,1.0,0.5,0.5,2
0.0,0.0,0.0,1.0,0.5,0.5,0.5,0.5,0.0,1.0,1.0,1.0,0.5,0.5,0.5,0.5,1.0,0.0,0.0,1.0,1.0,1.0,0.5,0.5,0.0,0.0,1.0,0.0,1.0,1.0,0.0,1.0,0.5,0.5,2
1.0,0.0,0.89689,0.64746,0.8203199999999999,0.76156,0.706595,0.8407899999999999,0.570885,0.91774,0.415845,0.89386,0.285445,0.86164,0.214175,0.707355,0.12281999999999998,0.583775,0.150115,0.45072,0.21152500000000002,0.382485,0.296815,0.308565,0.412815,0.2373,0.507615,0.256465,0.59515,0.309705,0.6550400000000001,0.384005,0.67286,0.45982,1
1.0,0.0,0.49068,0.45770500000000003,0.5,0.5,0.5,0.5,0.55735,0.36595,0.271685,0.30913999999999997,0.5,0.5,0.33172,0.69301,0.31433500000000003,0.57509,0.81864,0.610575,0.5,0.5,0.5,0.5,0.425985,0.49337,0.603225,0.48853,0.5,0.5,0.582975,0.62043,0.45896,0.690325,2
1.0,0.0,0.5,0.5,0.5,0.5,1.0,1.0,0.0,0.0,0.5,0.5,1.0,0.444445,0.5,0.5,0.5,0.5,0.0,1.0,1.0,1.0,1.0,0.0,0.5,0.5,1.0,0.0,0.5,0.5,0.5,0.5,1.0,1.0,2
1.0,0.0,0.98857,0.595245,0.913415,0.731295,0.8588549999999999,0.79366,0.73984,0.9213899999999999,0.657045,0.9632149999999999,0.551445,0.969725,0.43373,0.92145,0.3399,0.9581200000000001,0.23927500000000002,0.897625,0.15863,0.74754,0.11296,0.667685,0.07312000000000002,0.589245,0.08343,0.49321,0.08817000000000003,0.403395,0.163555,0.33169000000000004,0.200285,0.2515,1
0.0,0.0,1.0,1.0,0.5,0.5,1.0,0.0,1.0,0.0,1.0,1.0,1.0,1.0,1.0,0.0,1.0,1.0,1.0,1.0,1.0,0.0,0.0,0.0,1.0,0.0,1.0,0.0,1.0,1.0,0.5,0.5,1.0,0.0,2
1.0,0.0,1.0,0.22895,1.0,0.0,1.0,0.0,1.0,0.6810849999999999,1.0,0.29440500000000003,1.0,1.0,1.0,0.0,1.0,0.35323,1.0,0.032005000000000006,1.0,1.0,1.0,1.0,1.0,0.29556,1.0,0.18627500000000002,1.0,0.0,1.0,0.0,1.0,0.0,2
1.0,0.0,0.9615400000000001,0.577255,0.931995,0.648785,0.8629100000000001,0.6839500000000001,0.85294,0.78415,0.787245,0.8135950000000001,0.71635,0.87338,0.658525,0.8384849999999999,0.59564,0.88409,0.52343,0.8808549999999999,0.43968,0.884845,0.407605,0.856635,0.353545,0.82854,0.30601,0.7927649999999999,0.266005,0.7506550000000001,0.23426999999999998,0.70366,0.218845,0.675475,1
1.0,0.0,1.0,0.75,1.0,0.625,0.625,1.0,0.584255,0.9559,0.43332,0.90227,0.329465,0.803965,0.28090000000000004,0.68928,0.28168499999999996,0.583545,0.31662,0.50339,0.367615,0.45487500000000003,0.41911,0.43518,0.46109,0.43628,0.489555,0.44879,0.505165,0.46482,0.51112,0.47929,0.511245,0.489915,1
1.0,0.0,1.0,0.45643,1.0,0.41368499999999997,0.933175,0.09110499999999999,0.974085,0.805265,0.977365,0.29308999999999996,0.94243,0.34132,0.939685,0.382835,0.9052549999999999,0.1891,0.561225,0.0,0.9514199999999999,0.555265,0.811785,0.107265,0.776945,0.08566000000000001,0.74068,0.067085,0.7032499999999999,0.05163000000000001,0.66492,0.039360000000000006,0.433295,0.0,1
1.0,0.0,0.788235,0.492155,0.70196,0.5,0.692155,0.564705,0.7,0.47059,0.782355,0.57059,0.733335,0.541175,0.762745,0.47255,0.790195,0.507845,0.75098,0.5,0.72941,0.533335,0.790195,0.541175,0.74902,0.50196,0.743005,0.550195,0.731375,0.541175,0.72549,0.617645,0.715685,0.586275,1
0.0,0.0,0.5,0.5,0.5,0.5,0.5,0.5,0.5,0.5,0.5,0.5,0.5,0.5,0.5,0.5,0.5,0.5,0.5,0.5,0.5,0.5,0.5,0.5,0.5,0.5,1.0,0.5,0.5,0.5,0.5,0.5,0.5,0.5,2
1.0,0.0,0.926355,0.52713,1.0,0.540345,1.0,1.0,0.957365,0.496125,0.918605,0.51938,1.0,0.635765,1.0,1.0,0.906975,0.523255,0.95349,0.55814,1.0,0.75335,1.0,0.0,0.9031,0.51938,1.0,0.8580650000000001,0.92248,0.534885,1.0,0.936585,1.0,1.0,2
0.0,0.0,1.0,1.0,1.0,0.0,1.0,1.0,1.0,1.0,1.0,1.0,1.0,1.0,1.0,1.0,1.0,0.0,0.0,1.0,0.0,1.0,0.0,1.0,1.0,0.0,1.0,1.0,0.0,1.0,0.0,0.0,0.0,1.0,2
1.0,0.0,0.52933,0.49581,0.53352,0.50419,0.5,0.494415,0.502795,0.480445,0.50838,0.46229,0.497205,0.526535,0.532125,0.48324,0.5,0.547485,0.467875,0.53771,0.476255,0.51257,0.513965,0.497205,0.50419,0.502795,0.551675,0.49581,0.515365,0.498605,0.522345,0.5,0.523745,0.48324,2
1.0,0.0,0.663945,0.55521,0.57985,0.64654,0.5701,0.872425,0.37434500000000004,0.959965,0.417485,0.63332,0.18142999999999998,0.624325,0.011749999999999983,0.498315,0.383865,0.400455,0.34739,0.25556999999999996,0.42787,0.050045000000000006,0.546725,0.35542,0.641535,0.4072,0.697995,0.44251,0.655025,0.52807,0.6072150000000001,0.6027,0.56688,0.63211,1
1.0,0.0,1.0,0.57143,1.0,0.857145,1.0,0.857145,1.0,0.42857,0.92857,0.42857,1.0,0.51267,1.0,0.5,0.7142850000000001,0.42857,1.0,0.518085,1.0,0.357145,1.0,0.5,0.642855,0.357145,1.0,0.524455,1.0,0.52591,1.0,0.7857149999999999,1.0,0.5,1
1.0,0.0,0.66417,0.5126,0.57618,0.60639,0.574595,0.870015,0.37146999999999997,0.9616199999999999,0.44844,0.5969,0.19324000000000002,0.62893,0.02973500000000001,0.472955,0.434415,0.428355,0.348425,0.276925,0.442955,0.072015,0.51334,0.38607,0.63971,0.46852499999999997,0.668685,0.44062,0.638285,0.442955,0.57539,0.56648,0.560985,0.60234,1
1.0,0.0,0.973155,0.58749,0.9547300000000001,0.6657150000000001,0.9254800000000001,0.7498,0.86839,0.81921,0.796075,0.86919,0.74349,0.9180699999999999,0.6522950000000001,0.953325,0.589795,0.9671449999999999,0.496495,0.965545,0.4056,0.946915,0.334885,0.91246,0.26733,0.88241,0.207185,0.8316749999999999,0.16035500000000003,0.76282,0.12339499999999998,0.71244,0.09394999999999998,0.63046,1
1.0,0.0,0.511685,0.49704,0.45038,0.440255,0.496185,0.44088,0.57353,0.533185,0.51893,0.46849,0.5,0.5,0.47714,0.4223,0.498285,0.44902,0.442125,0.47293,0.50919,0.5183450000000001,0.507595,0.50444,0.517565,0.492325,0.4838,0.546115,0.46070500000000003,0.50366,0.5,0.5,0.499805,0.560055,2
1.0,0.0,1.0,0.508545,0.9810749999999999,0.48429,1.0,0.48282,1.0,0.474645,0.9951300000000001,0.46454,0.995865,0.45499,1.0,0.421365,1.0,0.428715,0.9915499999999999,0.440935,1.0,0.407405,1.0,0.40364,0.994855,0.389585,0.98245,0.398785,0.972995,0.414385,0.98218,0.387195,0.935055,0.38351999999999997,1
0.0,0.0,1.0,1.0,0.5,0.5,0.5,0.5,0.0,0.0,0.5,0.5,0.5,0.5,0.0,0.0,0.0,0.0,0.0,1.0,0.0,1.0,0.5,0.5,0.5,0.5,1.0,0.0,0.0,1.0,0.0,1.0,0.0,1.0,2
1.0,0.0,0.958835,0.59099,0.93045,0.6777150000000001,0.864365,0.728735,0.802125,0.849325,0.75188,0.87461,0.6805,0.908975,0.57832,0.91779,0.50198,0.92605,0.41805000000000003,0.889265,0.32001999999999997,0.880965,0.284565,0.826925,0.2343,0.7694300000000001,0.19835999999999998,0.70486,0.17744500000000002,0.63669,0.17145,0.568335,0.17972,0.52697,1
1.0,0.0,0.967685,0.568225,0.96858,0.626795,0.928525,0.693895,0.895195,0.735635,0.8617600000000001,0.7997099999999999,0.8263,0.875,0.75415,0.86793,0.708145,0.91371,0.627695,0.9297599999999999,0.56856,0.928075,0.50247,0.944345,0.463195,0.8989,0.395025,0.89002,0.334155,0.85727,0.30734,0.821815,0.262905,0.779175,1
1.0,0.0,0.5,0.5,0.5,0.5,0.5,0.5,0.07500000000000001,0.0,0.5,0.5,1.0,0.0,0.5,0.5,0.0,0.0,0.0,0.0,1.0,0.0,0.2,0.0,1.0,1.0,0.0,0.4,1.0,0.0,0.5,1.0,0.5,0.5,2
1.0,0.0,0.736685,0.597635,0.531065,0.408285,0.81158,0.50503,0.7278100000000001,0.47781,0.782545,0.508875,0.723375,0.637575,0.85799,0.48077,0.778105,0.56213,0.7071000000000001,0.55769,0.763835,0.5142100000000001,0.755915,0.446745,0.739645,0.488165,0.7325699999999999,0.516295,0.7677499999999999,0.62574,0.6597649999999999,0.427515,0.673075,0.49852,1
1.0,0.0,0.95058,0.583035,0.896495,0.686895,0.86495,0.752575,0.7989200000000001,0.864985,0.721515,0.90576,0.6220600000000001,0.937465,0.53219,0.92519,0.43694500000000003,0.9369799999999999,0.356305,0.898085,0.266825,0.82962,0.214325,0.7690250000000001,0.15920499999999999,0.699755,0.14078000000000002,0.629175,0.13815499999999997,0.55609,0.142625,0.472375,0.161505,0.40048,1
0.0,0.0,0.5,0.5,0.0,0.0,1.0,1.0,0.0,1.0,0.0,1.0,1.0,0.0,1.0,1.0,0.0,0.0,0.0,1.0,1.0,0.0,0.0,1.0,0.0,1.0,1.0,0.0,0.0,1.0,0.0,0.0,1.0,0.0,2
1.0,0.0,0.9503550000000001,0.508865,1.0,0.491135,0.9503550000000001,0.503545,0.92376,0.52837,1.0,0.51773,0.98936,0.50532,0.98759,0.51773,1.0,0.484045,0.94858,0.484045,0.93085,0.539005,1.0,0.5461,0.9503550000000001,0.52305,0.971525,0.516235,0.9734050000000001,0.51241,1.0,0.50532,0.968085,0.51064,1
1.0,0.0,1.0,0.5,1.0,0.5,0.75,0.75,0.875,0.5,0.956005,0.56047,0.945335,0.5710500000000001,0.9346099999999999,0.58114,0.875,0.625,0.875,0.75,0.875,0.5,1.0,0.375,0.75,0.75,0.86972,0.63194,0.875,0.625,0.848175,0.64537,0.837465,0.651465,1
1.0,0.0,1.0,0.420505,0.86157,0.63843,0.917215,0.20806000000000002,1.0,0.358965,1.0,0.250685,0.89981,0.437365,0.884185,0.57319,1.0,0.696685,1.0,0.63295,0.98177,0.490545,0.962995,0.043310000000000015,1.0,0.5740149999999999,1.0,0.44209,1.0,0.444355,1.0,0.76686,1.0,0.21121,1
0.0,0.0,0.0,0.0,1.0,1.0,1.0,0.0,0.0,1.0,1.0,0.0,0.0,0.0,0.5,0.5,1.0,1.0,0.0,0.0,1.0,0.0,1.0,0.0,1.0,1.0,1.0,0.0,1.0,0.0,0.0,1.0,1.0,0.0,2
1.0,0.0,0.5,0.5,0.994595,0.38648499999999997,0.594595,0.472975,0.5,0.5,0.966215,0.536485,1.0,0.4,1.0,0.535135,1.0,0.443245,0.5,0.5,1.0,0.39459500000000003,1.0,0.29189,0.5,0.5,1.0,0.41215999999999997,0.5,0.5,1.0,0.37027,0.644595,0.42162,2
1.0,0.0,0.7992,0.70166,0.914045,0.902605,0.8800049999999999,0.853545,0.92005,0.44508000000000003,0.9865550000000001,0.539905,0.97912,0.07136500000000001,0.95981,0.9422200000000001,0.97726,0.47397,0.943365,0.5906750000000001,0.9924200000000001,0.15203,0.93335,0.07122499999999998,0.64302,0.349685,1.0,0.58538,0.81479,0.7133849999999999,0.938785,0.905035,0.909895,0.84411,2
1.0,0.0,0.98794,0.44699,0.973005,0.396,0.9640299999999999,0.35825,0.92998,0.36329,0.89883,0.260355,0.891125,0.24618,0.87314,0.19282,0.789725,0.15957,0.68926,0.131795,0.68162,0.11719000000000002,0.65949,0.10123500000000002,0.6139600000000001,0.09183000000000002,0.568295,0.08745000000000003,0.52303,0.08802500000000002,0.47869,0.09340999999999999,0.43084,0.09512500000000002,1
1.0,0.0,0.0,0.0,1.0,1.0,1.0,0.428125,0.5,0.5,0.0,1.0,1.0,1.0,0.589585,0.0,0.0,0.0,0.54375,0.0,1.0,0.0,0.0,1.0,0.0,0.0,1.0,0.0,0.0,0.0,1.0,1.0,0.5,0.5,2
1.0,0.0,1.0,0.46698,1.0,0.814685,1.0,0.547785,1.0,0.6014,1.0,0.0,1.0,0.297205,1.0,0.420745,1.0,0.524475,1.0,0.19230999999999998,1.0,0.367135,1.0,0.0,1.0,0.20978999999999998,1.0,0.09314,1.0,0.0,1.0,0.10722500000000001,1.0,0.25873999999999997,1
1.0,0.0,0.97299,0.486575,0.0,0.630655,0.318035,0.678195,0.84629,0.182865,1.0,0.483235,0.3549,0.49725,0.22574,0.57726,0.959605,0.26865,1.0,0.24788,0.351325,0.34273,0.13068000000000002,0.686805,0.91936,0.26633,0.7610399999999999,0.20934999999999998,1.0,0.193035,0.45183,0.602385,0.469415,0.709565,2
1.0,0.0,0.7877000000000001,0.484125,0.87599,0.473215,0.8075399999999999,0.49405,0.7698400000000001,0.516865,0.80853,0.549605,0.795635,0.488095,0.81349,0.50595,0.8541650000000001,0.512895,0.801585,0.507935,0.739085,0.48611,0.795635,0.51885,0.75,0.51984,0.8064549999999999,0.493815,0.80853,0.43254,0.844245,0.493055,0.8125,0.484125,1
1.0,0.0,0.727275,0.545455,0.81818,0.545455,0.636365,0.59091,0.81818,0.5,0.68182,0.454545,0.727275,0.454545,0.74306,0.493285,0.81818,0.40909,0.727275,0.5,0.68182,0.454545,0.636365,0.59091,0.68182,0.454545,0.67221,0.49116,0.636365,0.5,0.68182,0.5,0.644925,0.49084,1
1.0,0.0,0.73969,0.438145,0.71392,0.438145,0.850515,0.304125,0.86598,0.53608,0.631445,0.391755,0.747425,0.579895,0.726805,0.44072,0.71134,0.53093,0.75,0.3634,0.7731950000000001,0.592785,0.71134,0.541235,0.8530949999999999,0.59794,0.76698,0.437765,0.57732,0.36855499999999997,0.737115,0.52062,0.726805,0.24226999999999999,1
0.0,0.0,1.0,0.0,1.0,1.0,1.0,0.0,1.0,1.0,1.0,0.0,1.0,1.0,1.0,0.0,1.0,0.0,1.0,1.0,1.0,1.0,1.0,0.0,1.0,0.0,1.0,0.0,1.0,1.0,1.0,0.0,1.0,1.0,2
0.0,0.0,1.0,1.0,0.0,0.0,0.0,0.0,0.5,0.5,0.5,0.5,0.0,0.0,0.5,0.5,0.5,0.5,0.5,0.5,0.0,1.0,1.0,1.0,0.5,0.5,1.0,0.0,0.5,0.5,0.0,0.0,0.0,0.0,2
1.0,0.0,0.8,0.516665,0.816665,0.533335,0.85,0.533335,0.85,0.5,0.816665,0.5,0.9,0.5,0.866665,0.5,0.85,0.55,0.8333349999999999,0.55,0.866665,0.483335,0.883335,0.5,0.816665,0.566665,0.8296600000000001,0.55084,0.8,0.566665,0.8,0.583335,0.816665,0.583335,1
1.0,0.0,0.7135400000000001,0.25,0.5,0.5,0.5,0.5,0.73229,0.7552099999999999,0.79479,0.510415,0.5,0.5,0.5,0.5,0.58229,0.272915,0.7958350000000001,0.408335,0.5,0.5,0.5,0.5,0.99375,0.29583499999999996,0.0,0.0,0.36041500000000004,0.12187500000000001,0.5,0.5,0.5,0.5,2
0.0,0.0,0.0,0.0,0.5,0.5,0.0,1.0,1.0,0.3125,0.5,0.5,0.5,0.5,0.5,0.5,1.0,0.0,0.0,0.0,1.0,0.0,0.5,0.5,1.0,0.0,0.0,1.0,0.0,0.0,0.5,0.5,0.0,1.0,2
0.0,0.0,0.5,0.5,0.5,0.5,0.5,0.5,0.5,0.5,0.5,0.5,1.0,1.0,1.0,1.0,1.0,0.0,0.5,0.5,1.0,1.0,1.0,0.0,1.0,1.0,1.0,0.5,1.0,1.0,1.0,0.0,0.5,0.5,2
1.0,0.0,0.923915,0.55299,1.0,0.69565,1.0,0.0,0.8346899999999999,0.54212,1.0,0.63519,1.0,0.80299,1.0,0.677535,1.0,0.51336,0.7921199999999999,0.284875,1.0,0.81748,0.94565,0.632925,0.955165,0.333335,1.0,0.57971,0.6884049999999999,0.490265,1.0,0.61232,1.0,0.687045,2
0.0,0.0,0.0,0.0,0.5,0.5,0.5,0.5,0.5,0.5,0.5,0.5,0.5,0.5,1.0,0.0,0.5,0.5,0.0,0.0,0.5,0.5,1.0,1.0,1.0,0.0,1.0,0.0,0.5,0.5,0.5,0.5,0.5,0.5,2
1.0,0.0,0.99091,0.5,0.9431350000000001,0.515655,0.931245,0.52286,0.9,0.5,0.8454550000000001,0.522725,0.8967149999999999,0.54218,0.88559,0.547895,0.813635,0.627275,0.84091,0.563635,0.85337,0.56304,0.84302,0.567465,0.872725,0.613635,0.822905,0.57544,0.836365,0.513635,0.8035749999999999,0.582325,0.7942,0.585385,1
1.0,0.0,0.922785,0.4571,0.341275,0.09723500000000002,0.455195,0.217825,0.90324,0.52288,0.94757,0.496185,0.40753,0.8198300000000001,0.399905,0.159675,0.928505,0.44328,0.889895,0.421355,0.465205,0.75405,0.32936,0.90467,0.89466,0.48141,0.85441,0.37356,0.88942,0.42945500000000003,0.39322999999999997,0.10915000000000002,0.40753,0.20066499999999998,2
1.0,0.0,0.9583349999999999,0.6458349999999999,0.9166650000000001,0.416665,0.8541650000000001,0.625,0.9375,0.458335,0.9583349999999999,0.520835,0.9166650000000001,0.5625,0.8541650000000001,0.5,0.9375,0.520835,1.0,0.541665,0.8333349999999999,0.458335,0.875,0.583335,0.9166650000000001,0.4375,0.91898,0.527515,1.0,0.604165,0.8541650000000001,0.5,0.8541650000000001,0.520835,1
1.0,0.0,0.87395,0.5042,0.91656,0.508295,0.91319,0.512345,0.932775,0.508405,0.80252,0.52941,0.895465,0.523655,0.887205,0.527035,0.82353,0.5966400000000001,0.9201699999999999,0.52101,0.856425,0.53561,0.844475,0.537885,0.831935,0.542015,0.81864,0.54148,0.806725,0.508405,0.7909349999999999,0.543785,0.7766500000000001,0.544455,1
0.0,0.0,1.0,0.0,1.0,0.0,1.0,0.0,1.0,0.0,1.0,1.0,1.0,1.0,1.0,0.0,1.0,1.0,1.0,1.0,1.0,1.0,1.0,0.0,1.0,0.0,1.0,0.0,1.0,0.828125,0.5,0.5,1.0,0.0,2
1.0,0.0,0.692605,0.57782,0.706225,0.536965,0.632295,0.620625,0.61673,0.56615,0.597275,0.62646,0.62257,0.684825,0.544745,0.614785,0.480545,0.684825,0.52529,0.624515,0.624515,0.54864,0.53891,0.649805,0.48753,0.64241,0.46988,0.6312800000000001,0.42607,0.57393,0.453305,0.65564,0.40467,0.6439699999999999,2
1.0,0.0,0.74935,0.50909,0.715585,0.45195,0.7532449999999999,0.47922,0.75065,0.54805,0.723375,0.52987,0.77922,0.44026,0.75844,0.48182,0.7636350000000001,0.47013,0.776625,0.494805,0.742855,0.483115,0.745455,0.494805,0.7961050000000001,0.5,0.7660750000000001,0.4836,0.715585,0.516885,0.772725,0.472725,0.794805,0.457145,1
1.0,0.0,0.813725,0.460785,0.862745,0.5,0.80392,0.460785,0.813725,0.441175,0.843135,0.441175,0.8333349999999999,0.431375,0.82353,0.45098,0.77451,0.441175,0.77451,0.39215500000000003,0.7941199999999999,0.40196,0.8333349999999999,0.382355,0.72549,0.37255,0.762045,0.37666,0.784315,0.34313499999999997,0.715685,0.39215500000000003,0.735295,0.362745,2
1.0,0.0,1.0,0.49694,1.0,0.45083,1.0,0.461755,1.0,0.446975,1.0,0.444635,1.0,0.302555,1.0,0.42192,0.96062,0.34058,0.932365,0.32733,0.958465,0.27964,0.9803,0.26566999999999996,0.90937,0.29813999999999996,0.913405,0.288845,0.8789199999999999,0.30884500000000004,0.9022399999999999,0.297125,0.8717699999999999,0.27480499999999997,1
1.0,0.0,1.0,0.505525,1.0,0.505525,1.0,0.5116,0.99724,0.49282,0.99724,0.498895,0.991715,0.5116,1.0,0.50442,0.987845,0.503865,0.9895050000000001,0.508285,0.990055,0.503315,0.99061,0.510495,0.985635,0.496685,0.990165,0.508,0.9895050000000001,0.507735,0.99282,0.510495,0.99337,0.51381,1
1.0,0.0,1.0,0.48135,1.0,0.46308499999999997,0.998005,0.444805,0.99919,0.450345,0.994705,0.43093,0.9833700000000001,0.391525,0.97644,0.374505,0.95618,0.328,0.952905,0.33924,0.949955,0.326545,0.93937,0.311785,0.931065,0.28505,0.91586,0.28439000000000003,0.907165,0.28703500000000004,0.889595,0.260115,0.875575,0.24924000000000002,1
1.0,0.0,0.9478150000000001,0.689585,0.8365549999999999,0.84719,0.67958,0.94348,0.479035,0.9667250000000001,0.30562500000000004,0.92207,0.16363,0.8103899999999999,0.08660000000000001,0.65178,0.06924999999999998,0.473175,0.13218000000000002,0.328625,0.24111,0.18778499999999998,0.38286,0.13072499999999998,0.534555,0.13072,0.667655,0.18852000000000002,0.76207,0.28957,0.8060849999999999,0.413285,0.800365,0.5433,1
1.0,0.0,1.0,0.45238,0.0,0.0,0.0,0.0,1.0,0.65873,0.906745,0.88095,0.0,0.0,0.0,1.0,0.73682,1.0,1.0,1.0,0.844195,0.0,0.0,0.0,0.914685,0.68254,1.0,1.0,1.0,0.75397,0.0,0.3373,0.0,0.864155,2
1.0,0.0,1.0,1.0,1.0,0.75625,0.8125,0.0,1.0,1.0,0.5125,0.515625,1.0,1.0,0.5,0.5,1.0,0.0,1.0,1.0,1.0,1.0,0.65625,1.0,1.0,1.0,1.0,1.0,1.0,1.0,0.02812500000000001,1.0,0.5,0.5,2
1.0,0.0,0.94058,0.637375,0.860625,0.714405,0.807795,0.81831,0.694125,0.95251,0.549155,0.98064,0.399515,0.946,0.321315,0.8875,0.17442999999999997,0.81105,0.10615999999999998,0.727675,0.09072000000000002,0.595475,0.080285,0.459605,0.10832999999999998,0.36822,0.162215,0.272445,0.22633999999999999,0.19571,0.34743999999999997,0.16649999999999998,0.40344,0.12201499999999998,1
1.0,0.0,0.5,0.5,0.0,0.18617,1.0,0.75532,0.539895,0.38298,0.0,0.31915,0.56383,0.204785,1.0,0.0,0.5,0.5,0.914895,0.460105,0.375,1.0,0.585105,0.146275,0.5,0.5,0.40425500000000003,0.265955,0.3883,0.25532,0.87234,0.9521299999999999,0.16223500000000002,0.7287250000000001,2
1.0,0.0,1.0,0.35786,1.0,0.37327,0.973115,0.32453,1.0,0.34717,0.96368,0.254715,0.95409,0.279405,0.8786149999999999,0.205505,0.84874,0.209905,0.798115,0.212105,0.842295,0.145125,0.7723249999999999,0.063365,0.74607,0.13333499999999998,0.67752,0.11973,0.63176,0.10880499999999999,0.58302,0.13427499999999998,0.56997,0.15000000000000002,1
1.0,0.0,0.949175,0.675785,0.836665,0.811165,0.71949,0.971765,0.481785,0.90255,0.38581,0.8766700000000001,0.374315,0.74408,0.213115,0.642075,0.16625,0.552955,0.263205,0.469035,0.09472000000000003,0.469945,0.334015,0.26204,0.435515,0.2319,0.53579,0.240375,0.621605,0.28261000000000003,0.68293,0.349715,0.714025,0.566485,1
1.0,0.0,0.5,0.5,0.5,0.5,0.5,0.5,0.5,0.5,0.5,0.5,0.0,1.0,1.0,0.77586,0.5,0.5,0.5,0.5,0.5,0.5,0.5,0.5,0.5,0.5,1.0,1.0,0.5,0.5,0.5,0.5,0.5,0.5,2
1.0,0.0,0.971665,0.69287,0.741315,0.82267,0.60786,0.88757,0.22029500000000002,0.824495,0.131625,0.71024,0.11974499999999999,0.5,0.18647000000000002,0.344605,0.308045,0.18921500000000002,0.436015,0.153565,0.749545,0.1819,0.857405,0.3117,0.869285,0.47258,0.8004899999999999,0.65192,0.7276050000000001,0.8025599999999999,0.51371,0.7723949999999999,0.39214,0.752285,1
1.0,0.0,0.6666650000000001,0.375,0.72222,0.61111,0.694445,0.583335,0.7083349999999999,0.569445,0.75,0.444445,0.774555,0.457785,0.7916650000000001,0.6666650000000001,0.77778,0.51389,0.625,0.40278,0.73611,0.47222,0.76389,0.48611,0.694445,0.541665,0.707715,0.42872,0.59722,0.430555,0.68462,0.425955,0.541665,0.25,1
1.0,0.0,0.841585,0.526875,0.924015,0.50101,0.921705,0.501505,0.9215,0.549505,0.879065,0.52051,0.9094599999999999,0.502925,0.90369,0.503365,0.9031100000000001,0.437765,0.889675,0.48231999999999997,0.8818250000000001,0.504545,0.873175,0.50489,0.8981600000000001,0.478785,0.85412,0.50548,0.811175,0.55799,0.8331200000000001,0.50595,0.8220350000000001,0.506135,1
1.0,0.0,1.0,1.0,0.6835,0.53079,0.5649649999999999,0.963565,0.36207,0.9679800000000001,0.34236500000000003,0.6884250000000001,0.06403999999999999,0.6847300000000001,0.035715,0.455665,0.30542,0.32882,0.26724000000000003,0.08744000000000002,0.472905,0.03201999999999999,0.62808,0.397785,0.86896,0.27025,0.9273549999999999,0.465845,1.0,1.0,0.69335,0.50123,0.58879,0.89895,1
1.0,0.0,0.903135,0.565345,0.865305,0.621615,0.823075,0.59519,0.684615,0.727885,0.723965,0.732195,0.625,0.78654,0.62596,0.685575,0.576075,0.759385,0.45096,0.7875,0.48269,0.714425,0.45572,0.72212,0.425285,0.70003,0.4003,0.67488,0.38084,0.647705,0.36683,0.61948,0.38077,0.65577,1
1.0,0.0,0.987565,0.50355,0.9928950000000001,0.50977,1.0,0.50977,0.9964500000000001,0.507995,0.978685,0.511545,0.9857899999999999,0.51776,1.0,0.51865,0.9893449999999999,0.510655,0.9928950000000001,0.52842,0.9857899999999999,0.52398,0.97247,0.52753,0.992005,0.51776,0.9877,0.532385,0.974245,0.540855,0.99556,0.531085,0.9946699999999999,0.549735,1
1.0,0.0,0.8333349999999999,0.49317,0.98702,0.534155,0.74795,0.750685,0.878415,0.498635,0.82582,0.429645,0.70082,0.255465,0.69604,0.793715,0.88388,0.6591549999999999,0.89276,0.556695,0.737705,0.275275,1.0,0.503415,0.80328,0.534835,0.84328,0.58544,0.93784,0.5389349999999999,0.77664,0.62295,0.56967,0.740435,1
0.0,0.0,1.0,0.0,0.0,1.0,0.0,1.0,1.0,1.0,1.0,1.0,0.0,0.0,0.0,0.0,1.0,1.0,1.0,0.0,0.0,0.0,0.0,0.0,1.0,0.5,1.0,0.0,1.0,0.0,0.0,1.0,0.0,1.0,2
1.0,0.0,0.0,0.0,0.24653000000000003,1.0,1.0,0.0,1.0,0.769095,0.5,0.5,0.61979,0.0,1.0,1.0,0.5,0.5,1.0,1.0,1.0,1.0,0.5,0.5,0.14236,1.0,0.6666650000000001,0.0,1.0,0.0,0.8489599999999999,0.0,0.737845,1.0,2
1.0,0.0,0.995125,0.471075,0.998965,0.434955,0.993315,0.40285,0.9968699999999999,0.37078500000000003,0.9636899999999999,0.34935,0.963255,0.310175,0.94906,0.28102,0.9246099999999999,0.23968,0.937165,0.214625,0.89508,0.200805,0.873625,0.176925,0.84141,0.157605,0.826235,0.13413000000000003,0.80505,0.12323499999999998,0.77376,0.09860999999999998,0.745975,0.08377499999999999,1
1.0,0.0,0.508335,0.321875,0.5,0.5,0.5,0.5,0.5,0.5,0.5,0.5,0.5,0.5,0.56146,0.22499999999999998,0.614065,0.914065,1.0,0.28854,0.5,0.5,0.541665,0.0,0.446875,0.416665,1.0,0.11666500000000002,0.0,0.59427,0.5,0.5,1.0,0.36354,2
0.0,0.0,1.0,0.0,1.0,1.0,0.0,0.0,1.0,0.0,0.5,0.5,0.5,0.5,0.0,1.0,1.0,0.0,1.0,0.0,0.125,1.0,1.0,0.0,1.0,0.0,1.0,0.0,0.0,0.0,0.5,0.5,1.0,0.0,2
1.0,0.0,0.978295,0.5407150000000001,0.9874350000000001,0.471665,0.985825,0.45758,0.980485,0.467195,0.9735849999999999,0.506395,0.9771799999999999,0.416025,0.97306,0.402515,0.99815,0.33865999999999996,0.951715,0.32049,0.95714,0.36341999999999997,0.9507,0.35096499999999997,0.999495,0.296265,0.93622,0.32706999999999997,0.960295,0.346905,0.919755,0.304695,0.91083,0.29413500000000004,1
1.0,0.0,0.9420999999999999,0.68362,0.835615,0.83691,0.6980649999999999,0.931995,0.51212,0.96591,0.32426,0.9185650000000001,0.19841999999999999,0.7942100000000001,0.10671000000000003,0.69389,0.08357500000000001,0.49679,0.15341,0.335185,0.23748000000000002,0.23037999999999997,0.36311499999999997,0.15937,0.50403,0.15113,0.63014,0.19661,0.722845,0.28308500000000003,0.771045,0.39229,0.7814300000000001,0.514115,1
1.0,0.0,0.829225,0.718085,0.723405,0.87402,0.526595,0.92553,0.339865,0.910695,0.15873500000000001,0.76204,0.07894499999999999,0.535555,0.085945,0.356385,0.26483999999999996,0.14137499999999997,0.476205,0.06999,0.61646,0.11842000000000003,0.783315,0.23936000000000002,0.8714999999999999,0.406775,0.8737900000000001,0.618565,0.7259249999999999,0.795355,0.602745,0.88382,0.407335,0.87178,1
1.0,0.0,0.810605,0.18181999999999998,0.5,0.5,0.5,0.5,0.67235,0.64394,0.7140150000000001,0.69697,0.46212,0.75947,0.68182,0.657195,0.23106,0.664775,0.560605,0.426135,0.50947,0.23295500000000002,0.21211999999999998,0.589015,0.6458349999999999,0.36363500000000004,0.62879,0.21211999999999998,0.71591,0.62121,0.59091,0.488635,0.585225,0.291665,2
1.0,0.0,0.67673,0.43116,0.846935,0.487885,0.840975,0.48213,0.7785850000000001,0.469405,0.80918,0.447665,0.810495,0.46736500000000003,0.796805,0.463555,0.711355,0.36795500000000003,0.791065,0.52496,0.74868,0.456145,0.731205,0.455055,0.72504,0.49718,0.69573,0.45481,0.67794,0.44847,0.66116,0.45681499999999997,0.644715,0.4585,1
1.0,0.0,0.5,0.5,1.0,0.7586200000000001,0.5,0.5,0.554955,0.0,0.5,0.5,0.5,0.5,0.0,0.38793,0.221445,0.083515,0.8847,0.815735,0.5,0.5,0.7672399999999999,0.6783399999999999,0.04848999999999998,0.72414,1.0,0.0,0.0,0.9078649999999999,0.5,0.5,0.5,0.5,2
1.0,0.0,1.0,0.459085,1.0,0.44337,0.99623,0.35099,1.0,0.334625,0.98331,0.32859499999999997,0.92894,0.263675,0.9595199999999999,0.25915,0.8654200000000001,0.17387999999999998,0.8406549999999999,0.18228,0.91225,0.10842000000000002,0.794145,0.126075,0.8351649999999999,0.01851999999999998,0.743785,0.07165500000000002,0.689705,0.08053500000000002,0.6205849999999999,0.055769999999999986,0.646105,0.051895000000000024,1
1.0,0.0,0.94055,0.5,0.974085,0.48628,0.96799,0.4939,0.95122,0.509145,0.95122,0.509145,0.96951,0.504575,0.97866,0.501525,1.0,0.51372,0.971035,0.4939,0.95427,0.512195,0.957315,0.52744,0.998475,0.52439,0.94833,0.51113,0.95427,0.504575,1.0,0.52744,0.987805,0.4939,1
1.0,0.0,0.95304,0.491715,0.99061,0.490055,0.9784550000000001,0.48177,0.92873,0.50055,0.94862,0.483425,0.9453050000000001,0.49282,0.95304,0.47735,0.956905,0.49558,0.9038649999999999,0.43535999999999997,0.9436450000000001,0.506075,0.9607749999999999,0.4884,0.9552499999999999,0.489505,0.945735,0.4612,0.9149149999999999,0.41381,0.98011,0.481215,0.9370149999999999,0.418785,1
1.0,0.0,0.67347,0.60204,0.734695,0.62245,0.70408,0.60204,0.734695,0.72449,0.65306,0.79592,0.561225,0.7755099999999999,0.5,0.7551,0.46939,0.7755099999999999,0.39796,0.7755099999999999,0.357145,0.72449,0.357145,0.663265,0.19388,0.612245,0.26710500000000004,0.574475,0.20407999999999998,0.591835,0.32653,0.5,0.36734500000000003,0.37755,1
1.0,0.0,0.799435,0.573445,0.84934,0.43032,0.92561,0.43032,0.904895,0.51224,0.752355,0.514125,0.8371,0.4774,0.9039550000000001,0.43126,0.7570600000000001,0.37759,0.9077200000000001,0.428435,0.851225,0.498115,0.6666650000000001,0.531075,0.780605,0.334275,0.80722,0.415815,0.763655,0.48964,0.769305,0.34369,0.8371,0.38983,1
0.0,0.0,1.0,1.0,1.0,0.0,1.0,0.0,1.0,1.0,0.5,0.5,1.0,0.0,0.5,0.5,0.5,0.5,0.5,0.5,0.0,1.0,1.0,1.0,0.5,0.5,1.0,1.0,0.5,0.5,0.0,0.0,0.5,0.5,2
1.0,0.0,0.84074,0.55185,0.885185,0.517285,0.825925,0.54074,0.80494,0.49753000000000003,0.89506,0.55926,0.798765,0.52469,0.812345,0.54815,0.8913599999999999,0.412345,0.869135,0.44568,0.74321,0.5049399999999999,0.80494,0.54074,0.8333349999999999,0.4358,0.818865,0.487745,0.882715,0.51111,0.806175,0.4642,0.7567900000000001,0.476545,1
1.0,0.0,1.0,0.558825,1.0,0.617645,1.0,0.7058800000000001,1.0,0.52941,1.0,0.617645,1.0,0.558825,1.0,0.735295,1.0,0.47059,1.0,0.441175,1.0,0.67647,1.0,0.7058800000000001,1.0,0.441175,1.0,0.601125,1.0,0.52941,1.0,0.67647,1.0,0.617645,1
1.0,0.0,1.0,0.488705,1.0,0.47753,1.0,0.46659,1.0,0.456005,1.0,0.7808649999999999,1.0,0.43631,1.0,0.42739,1.0,0.662035,1.0,0.411805,0.99742,0.40525500000000003,0.978005,0.39959500000000003,1.0,0.03858,0.9364,0.391035,0.9146000000000001,0.38815,0.892395,0.386175,0.8699600000000001,0.385095,1
1.0,0.0,0.829545,0.18560500000000002,0.5,0.5,0.5,0.5,0.8863650000000001,1.0,1.0,0.35985,0.5,0.5,0.5,0.5,0.810605,0.386365,0.920455,0.0,1.0,0.0,0.5,0.5,0.5,0.5,1.0,0.030305000000000026,0.435605,0.03409000000000001,0.5,0.5,0.5,0.5,2
1.0,0.0,0.87458,0.512745,0.99497,0.54896,0.879275,0.564385,0.8715649999999999,0.45406,0.97921,0.51241,0.9896050000000001,0.497655,0.98055,0.550975,0.95741,0.51878,0.85513,0.513415,0.9061049999999999,0.45976,1.0,0.5,0.8588199999999999,0.493965,0.911355,0.51276,0.862175,0.494635,0.952045,0.55533,0.864185,0.51375,1
1.0,0.0,0.89915,0.547085,0.890645,0.60328,0.85814,0.64034,0.8466,0.70626,0.829585,0.75061,0.78949,0.8040700000000001,0.74605,0.792225,0.66677,0.839305,0.647935,0.81774,0.547995,0.8405199999999999,0.51033,0.8611800000000001,0.45626,0.815915,0.440375,0.80348,0.40887,0.7800750000000001,0.37242,0.758505,0.363305,0.7123349999999999,1
1.0,0.0,1.0,0.5369,1.0,0.5171,1.0,0.472185,1.0,0.54382,1.0,0.598255,1.0,0.60164,1.0,0.563925,1.0,0.552805,1.0,0.635435,1.0,0.7237899999999999,1.0,0.70875,1.0,0.6001650000000001,1.0,0.683715,0.9780150000000001,0.743205,1.0,0.66246,1.0,0.73356,1
1.0,0.0,1.0,0.03773500000000002,1.0,0.8773599999999999,0.745285,0.4717,0.81132,0.5,1.0,0.49973,0.726415,0.537735,0.81132,0.4717,0.99439,0.499575,0.76415,0.5,0.76415,0.537735,0.97595,0.49944,1.0,0.896225,0.96096,0.49936,0.9717,0.0,1.0,0.71698,0.71698,0.443395,1
1.0,0.0,0.93789,0.518635,0.949755,0.501715,0.9460500000000001,0.50255,0.931675,0.5,0.975155,0.537265,0.9351050000000001,0.50497,0.931515,0.505755,0.9192549999999999,0.468945,0.92857,0.51242,0.92091,0.508015,0.91743,0.508745,0.8975150000000001,0.47826,0.910555,0.510165,0.90994,0.54348,0.9037850000000001,0.51154,0.90044,0.512205,1
1.0,0.0,0.84099,0.41343,0.91166,0.60954,0.733215,0.66431,0.6289750000000001,0.79152,1.0,0.42403,0.5053,0.722615,0.5053,0.694345,0.593405,0.70584,0.552835,0.681765,0.521625,0.653725,0.499585,0.62468,0.48569,0.597025,0.47843,0.572405,0.476105,0.551745,0.477075,0.53532,0.479935,0.52293,2
1.0,0.0,1.0,0.757575,0.727275,0.6666650000000001,0.530305,0.68182,0.33948,0.86531,0.272725,0.742425,0.21211999999999998,0.5,0.21211999999999998,0.439395,0.333335,0.257575,0.454545,0.07576,0.742425,0.21211999999999998,0.78788,0.28788,1.0,0.30303,0.864805,0.561655,0.98485,0.78788,0.62121,0.68182,0.545455,0.6666650000000001,1
0.0,0.0,0.5,0.5,0.5,0.5,0.5,0.5,0.5,0.5,0.5,0.5,0.5,0.5,0.5,0.5,0.5,0.5,0.5,0.5,0.5,0.5,0.5,0.5,0.5,0.5,1.0,0.0,0.5,0.5,0.5,0.5,0.5,0.5,2
1.0,0.0,0.22910000000000003,0.574305,0.33127,0.8668750000000001,0.76006,0.43034,0.6594450000000001,0.465945,0.603715,0.42415,0.7368399999999999,0.54489,0.7817350000000001,0.4226,0.582045,0.726005,0.66873,0.51703,0.75232,0.535605,0.18111500000000003,0.19195,1.0,0.828175,0.70674,0.29942,0.42415,0.5557300000000001,0.511995,0.7791,0.7631600000000001,0.45511,2
1.0,0.0,1.0,0.0,0.5,0.5,0.889705,0.003674999999999984,0.9044099999999999,0.7757350000000001,0.29044000000000003,0.025735000000000008,0.5,0.5,0.5,0.5,0.860295,0.11397000000000002,0.867645,0.19852999999999998,0.5,0.5,0.59191,0.0,0.0,0.0,0.0,0.0,1.0,0.0,1.0,0.0,0.5,0.5,2
1.0,0.0,0.75,0.5,0.69348,0.552175,0.74565,0.53261,0.734785,0.480435,0.67826,0.436955,0.72826,0.523915,0.752175,0.513045,0.67826,0.597825,0.71087,0.573915,0.71087,0.486955,0.6608700000000001,0.44348,0.736955,0.49565,0.7089449999999999,0.53454,0.69348,0.519565,0.676085,0.573915,0.723915,0.586955,1
1.0,0.0,0.917135,0.695605,0.7702,0.892895,0.56163,0.94701,0.333895,0.91789,0.14956999999999998,0.79782,0.06689,0.609545,0.07779000000000003,0.37918,0.20143,0.19052999999999998,0.40323,0.06106499999999998,0.562195,0.054680000000000006,0.755545,0.13773000000000002,0.895715,0.36133000000000004,0.9150400000000001,0.54359,0.8329599999999999,0.745395,0.68771,0.850055,0.480085,0.89722,1
1.0,0.0,0.926045,0.69626,0.694435,0.88216,0.54429,0.994515,0.286875,0.94372,0.11885499999999999,0.7499,0.034540000000000015,0.55384,0.07050000000000001,0.34478,0.16985,0.22369,0.4037,0.069685,0.64222,0.09752,0.823245,0.32384999999999997,0.88907,0.38338,0.85849,0.606715,0.68915,0.79155,0.5983350000000001,0.831575,0.443925,0.824665,1
1.0,0.0,1.0,0.42623,1.0,0.52459,0.7868850000000001,0.491805,0.82787,0.508195,0.92623,0.483605,0.860655,0.5,0.84426,0.418035,0.59836,0.42623,0.82779,0.41412,0.8360650000000001,0.516395,1.0,0.35246,0.65574,0.32787,0.761925,0.39837500000000003,0.6639349999999999,0.483605,0.639345,0.27869,0.7459,0.467215,2
0.0,0.0,0.0,1.0,0.0,0.0,0.5,0.5,0.0,1.0,1.0,0.0,0.0,0.0,0.0,1.0,0.5,0.5,0.0,0.0,0.0,1.0,0.5,0.5,1.0,0.0,1.0,1.0,1.0,0.0,1.0,1.0,0.5,0.5,2
1.0,0.0,1.0,0.21388000000000001,0.99575,0.133145,0.9475899999999999,0.012749999999999984,1.0,0.32091000000000003,1.0,0.383855,0.81445,0.06799,1.0,0.21232499999999999,1.0,0.10198499999999999,0.8838550000000001,0.05524000000000001,0.983005,0.0,0.8506,0.12552000000000002,0.8097300000000001,0.11548000000000003,0.768885,0.11007,0.9051,0.0,1.0,0.0,0.652225,0.11943999999999999,1
1.0,0.0,1.0,0.40585499999999997,0.965175,0.31922,0.44566,0.032015000000000016,1.0,0.477255,0.75437,0.161285,0.67216,0.15146500000000002,0.24157499999999998,0.01242500000000002,0.527495,0.188815,0.665545,0.0,0.434245,0.27349999999999997,0.40972,0.32133,0.39834,0.367155,0.39766,0.407995,0.4048,0.442035,0.41687,0.46856,0.43130999999999997,0.487765,2
0.0,0.0,1.0,1.0,1.0,0.0,1.0,1.0,0.0,1.0,0.5,0.5,1.0,1.0,0.5,0.5,0.5,0.5,0.0,1.0,0.0,1.0,1.0,1.0,1.0,0.0,1.0,1.0,1.0,1.0,1.0,0.0,0.0,1.0,2
1.0,0.0,0.856265,0.487025,0.706435,0.38466500000000003,0.990095,0.452635,0.998545,0.44882,1.0,0.445245,0.794825,1.0,0.9186300000000001,0.0,0.91135,0.41068499999999997,0.9037999999999999,0.358715,0.37043000000000004,0.96365,0.759665,0.52728,0.827465,0.39804,0.9656199999999999,0.293465,0.819055,0.390495,0.93068,0.06323000000000001,0.38407,0.0,2
1.0,0.0,1.0,0.27419499999999997,1.0,1.0,0.85608,0.0,0.5,0.5,0.5,0.5,0.5,0.5,0.0,0.57258,0.77047,0.30335,0.0,0.227665,0.150125,1.0,0.5,0.5,1.0,0.9534750000000001,0.758065,1.0,1.0,0.399505,0.62841,1.0,0.33809,1.0,2
1.0,0.0,0.963285,0.5208699999999999,0.94633,0.57883,0.93049,0.598955,0.9183749999999999,0.68263,0.903095,0.70099,0.881105,0.70276,0.83293,0.7418,0.800505,0.75876,0.76696,0.7609,0.742175,0.7710600000000001,0.71273,0.77842,0.6667,0.77637,0.63489,0.7710699999999999,0.6115349999999999,0.7672399999999999,0.57156,0.74562,0.557865,0.732855,1
1.0,0.0,1.0,0.494595,1.0,0.486485,1.0,0.46757,0.9756750000000001,0.49189,0.994595,0.483785,0.994595,0.543245,1.0,0.46757,0.9756750000000001,0.545945,0.98919,0.497295,1.0,0.53243,1.0,0.52162,0.98919,0.545945,0.99278,0.506255,1.0,0.483785,1.0,0.5135149999999999,1.0,0.464865,1
1.0,0.0,0.0,0.0,0.5,0.5,0.75407,0.10748999999999997,0.8029299999999999,0.6644950000000001,0.0,0.29316,0.5,0.5,0.5,0.5,1.0,0.36645,0.68241,0.18241000000000002,0.98534,0.0,0.0,0.0,1.0,0.201955,0.0,0.0,0.0,0.0,1.0,0.0,0.5,0.5,2
1.0,0.0,0.607145,0.45238,0.6666650000000001,0.5357149999999999,0.59524,0.59524,0.61905,0.54762,0.70238,0.511905,0.65476,0.47619,0.65476,0.47619,0.642855,0.440475,0.6666650000000001,0.52381,0.65476,0.5,0.607145,0.440475,0.67857,0.47619,0.610545,0.48855,0.59524,0.5,0.584985,0.48983,0.57347,0.490615,1
1.0,0.0,0.75466,0.03001999999999999,1.0,0.63354,0.4824,0.0,1.0,0.0,0.718425,0.0,0.5,0.5,0.0,0.328675,0.311595,0.518115,1.0,0.0,0.5,0.5,0.5,0.5,0.41873499999999997,0.9611799999999999,0.69876,0.632505,0.5,0.5,1.0,0.61594,0.5,0.5,2
1.0,0.0,0.99411,0.510935,0.96551,0.6705,0.91952,0.67611,0.8735299999999999,0.74453,0.86792,0.759395,0.77538,0.800895,0.71565,0.8311850000000001,0.659,0.852215,0.641895,0.844365,0.537575,0.8684799999999999,0.53169,0.85642,0.417555,0.84857,0.41722,0.80255,0.41895499999999997,0.7790250000000001,0.326415,0.720975,0.332585,0.687325,1
1.0,0.0,0.64601,0.56791,0.726655,0.58404,0.758915,0.497455,0.7631600000000001,0.604415,0.76231,0.41681,0.7368399999999999,0.47623,0.77759,0.519525,0.90832,0.387945,0.712225,0.47878,0.674875,0.533105,0.640915,0.395585,0.7586550000000001,0.48412,0.751845,0.483245,0.673175,0.549235,0.85399,0.49066,0.6977949999999999,0.48387,1
1.0,0.0,0.9168350000000001,0.65728,0.827705,0.7883549999999999,0.67481,0.8533850000000001,0.586465,0.8947350000000001,0.40512,0.89943,0.29135500000000003,0.832705,0.157895,0.73872,0.12637500000000002,0.59746,0.1391,0.475565,0.18985000000000002,0.35902500000000004,0.25417500000000004,0.23268499999999998,0.36711499999999997,0.16993000000000003,0.49235,0.15147,0.61354,0.17786000000000002,0.7155,0.24397000000000002,0.82331,0.34962499999999996,1
1.0,0.0,0.940515,0.495715,0.94909,0.487675,0.9705250000000001,0.49089,0.945875,0.436225,0.9110400000000001,0.44534,0.944265,0.505895,0.95391,0.431405,0.93569,0.469455,0.95391,0.48821,0.93998,0.427115,0.914255,0.437835,0.9506950000000001,0.402465,0.941225,0.425485,0.92176,0.43569,0.9421200000000001,0.40729,0.958735,0.415865,1
1.0,0.0,1.0,0.46909,1.0,0.51471,1.0,0.474345,1.0,0.491465,1.0,0.44137,0.922465,0.47399,0.96696,0.46701,0.84585,0.463105,0.8286549999999999,0.398165,0.97455,0.34221,0.9042600000000001,0.34173,0.92466,0.32581,0.862645,0.35413,0.86547,0.30712,0.77178,0.36858,0.821035,0.302565,1
1.0,0.0,0.58594,0.0,0.0,1.0,0.5,0.5,0.5,0.5,0.0,1.0,0.5,0.5,0.19323,0.16146,0.902605,0.6807300000000001,0.759895,0.571875,0.5,0.5,0.0,0.364585,0.07604,0.98125,1.0,1.0,0.0,0.8385400000000001,0.5,0.5,0.5,0.5,2
1.0,0.0,0.824735,0.46052,0.79132,0.4281,0.434355,0.39308,0.64898,0.522015,0.69048,0.368305,0.644655,0.340015,0.517295,0.405265,0.601345,0.35279499999999997,0.57598,0.35474,0.547565,0.342375,0.53278,0.366025,0.51502,0.37438,0.49977,0.38395,0.48694,0.394355,0.476415,0.40525,0.50668,0.363995,1
1.0,0.0,0.950735,0.7089300000000001,0.820655,0.878625,0.6522,0.97574,0.39775499999999997,0.9826699999999999,0.22258499999999998,0.9059550000000001,0.09071499999999999,0.754745,0.015069999999999972,0.551725,0.04271999999999998,0.34294,0.149185,0.172695,0.33823000000000003,0.055005000000000026,0.529325,0.02914,0.722415,0.08922999999999998,0.870525,0.22384500000000002,0.947075,0.406375,0.939465,0.601795,0.8527750000000001,0.77426,1
1.0,0.0,0.918945,0.71452,0.860565,0.791925,0.728125,0.890575,0.58235,0.91366,0.43494,0.934735,0.269115,0.892485,0.20282499999999998,0.7603500000000001,0.10765000000000002,0.632645,0.07993,0.51964,0.189795,0.343245,0.26294,0.255475,0.31351,0.16102,0.47473,0.18654500000000002,0.57345,0.270445,0.685465,0.304165,0.741595,0.37843499999999997,1
1.0,0.0,0.91127,0.46214,0.90231,0.501155,0.93757,0.49393,0.934105,0.46243,0.86416,0.44133,0.9231199999999999,0.525145,0.915605,0.463005,0.87399,0.533525,0.8916200000000001,0.53179,0.9338150000000001,0.48815,0.89422,0.46994,0.872255,0.48815,0.8835850000000001,0.486345,0.8702300000000001,0.46185,0.85029,0.4789,0.8921950000000001,0.50607,1
1.0,0.0,0.837735,0.52264,0.884905,0.44717,0.88679,0.51887,0.83019,0.47736,0.82264,0.50566,0.83396,0.43019,0.860375,0.48868,0.884905,0.543395,0.809435,0.460375,0.879245,0.38112999999999997,0.86981,0.426415,0.9245300000000001,0.42453,0.8694299999999999,0.470995,0.83396,0.51132,0.932075,0.51887,0.8660399999999999,0.503775,1
1.0,0.0,1.0,0.512305,0.99836,0.524305,0.987725,0.5357149999999999,0.808725,0.0,0.9551799999999999,0.555735,0.94231,0.7682,0.910385,0.570685,0.884645,0.575945,1.0,0.705015,0.82925,0.581855,0.80069,0.58258,0.77223,0.58195,0.744335,0.580095,0.717405,0.57718,0.69176,0.573385,1.0,1.0,2
1.0,0.0,1.0,0.727275,1.0,0.272725,1.0,0.545455,1.0,0.454545,1.0,0.5,1.0,0.36363500000000004,1.0,0.40909,1.0,0.545455,1.0,0.5,1.0,0.31818,1.0,0.545455,1.0,0.454545,1.0,0.47543,1.0,0.727275,1.0,0.36363500000000004,1.0,0.40909,1
0.0,0.0,0.5,0.5,1.0,1.0,0.5,0.5,1.0,1.0,0.5,0.5,1.0,0.0,0.5,0.5,0.5,0.5,0.5,0.5,0.5,0.5,0.5,0.5,0.5,0.5,1.0,0.0,0.5,0.5,0.0,1.0,0.5,0.5,2
1.0,0.0,0.541665,0.396575,0.0,1.0,0.0,1.0,0.859375,0.735865,0.089285,0.18638500000000002,0.0,0.0,0.0,1.0,0.486235,0.79576,0.289435,0.289435,0.12685999999999997,0.0,0.0,0.265995,0.0,0.61905,1.0,0.0,0.0,0.30543,0.0,0.0,0.0,0.8072900000000001,2
0.0,0.0,0.0,1.0,1.0,0.0,0.0,1.0,0.5,0.5,1.0,1.0,0.0,0.40625,1.0,1.0,0.0,0.0,1.0,0.0,0.0,0.0,1.0,1.0,1.0,0.0,1.0,1.0,1.0,1.0,0.5,0.5,0.0,0.0,2
1.0,0.0,0.9404250000000001,0.67616,0.8419449999999999,0.8256399999999999,0.67408,0.8989199999999999,0.52916,0.95421,0.35108,0.93245,0.18682500000000002,0.84795,0.11447000000000002,0.696545,0.07098500000000002,0.54204,0.09179500000000002,0.379915,0.177105,0.24989,0.30117,0.15831499999999998,0.444265,0.12233500000000003,0.585205,0.14248,0.703375,0.21175500000000003,0.78313,0.316175,0.813825,0.433475,1
1.0,0.0,0.976085,0.532975,0.96807,0.56515,0.9549799999999999,0.59576,0.9244049999999999,0.25019,0.950115,0.8066,0.8896850000000001,0.67164,0.86127,0.68994,0.8307249999999999,0.7042200000000001,0.97736,0.79931,0.76629,0.72044,0.733865,0.7225550000000001,0.7021999999999999,0.720995,0.67187,0.716105,0.95165,1.0,0.617025,0.6980999999999999,0.59316,0.685955,1
1.0,0.0,1.0,0.61529,1.0,0.10745500000000002,1.0,0.447995,1.0,0.57707,1.0,0.6391,0.9905999999999999,0.46569499999999997,1.0,0.53305,0.9790099999999999,0.40523,0.9179200000000001,0.421835,0.987,0.51864,0.99812,0.54621,1.0,0.493735,0.98119,0.477015,0.9558249999999999,0.519425,1.0,0.43139,0.982615,0.441415,1
1.0,0.0,1.0,0.727275,1.0,0.772725,0.90909,0.81818,1.0,0.454545,1.0,0.5,0.90909,0.272725,0.81818,0.636365,1.0,0.18181999999999998,1.0,0.36363500000000004,0.954545,0.272725,1.0,0.53875,1.0,0.454545,1.0,0.544335,1.0,0.68182,1.0,0.81818,0.8636349999999999,0.636365,1
1.0,0.0,0.835325,0.51264,0.8331299999999999,0.525155,0.7859849999999999,0.593805,0.54388,0.670405,0.8181050000000001,0.560655,0.810495,0.571425,0.893185,0.55488,0.791865,0.590755,0.571975,0.70612,0.76944,0.60663,0.7571,0.613125,0.74419,0.61862,0.730835,0.62309,0.717165,0.62653,0.703315,0.62896,1.0,0.66518,1
1.0,0.0,0.97026,0.492345,0.97085,0.505005,0.97497,0.49264,0.97939,0.4947,0.973205,0.48145,0.985865,0.491165,0.985275,0.480565,0.977325,0.47968,0.9761500000000001,0.476445,0.9711449999999999,0.489105,0.964075,0.477915,0.960245,0.47762,0.9634750000000001,0.470865,0.9517100000000001,0.462605,0.959955,0.46377999999999997,0.960245,0.4629,1
1.0,0.0,0.92355,0.567665,0.86819,0.469245,0.939365,0.5413,0.9446399999999999,0.454305,0.893675,0.53339,0.90334,0.498245,0.8963099999999999,0.49473,0.92882,0.477155,0.9358500000000001,0.482425,0.9086099999999999,0.45255,0.85501,0.52197,0.932335,0.42443,0.905735,0.47589,0.891035,0.496485,0.878735,0.46660999999999997,0.92882,0.469245,1
1.0,0.0,0.71875,0.520835,0.7916650000000001,0.447915,0.6979150000000001,0.5,0.6666650000000001,0.46875,0.7395849999999999,0.5,0.6458349999999999,0.552085,0.7708349999999999,0.510415,0.71875,0.385415,0.6770849999999999,0.385415,0.6666650000000001,0.541665,0.625,0.59375,0.6979150000000001,0.40625,0.72006,0.44968,0.7083349999999999,0.458335,0.7916650000000001,0.34375,0.6666650000000001,0.46875,1
1.0,0.0,0.8735200000000001,0.433795,0.768775,0.58498,0.8636349999999999,0.54743,0.847825,0.444665,0.83399,0.38241,0.9397249999999999,0.40415,0.868575,0.52075,0.815215,0.498025,0.81818,0.44071,0.896245,0.37351999999999996,0.832015,0.35672000000000004,0.83597,0.44763,0.8092349999999999,0.439795,0.800395,0.395255,0.687745,0.534585,0.805335,0.493085,1
1.0,0.0,0.830805,0.0,1.0,1.0,1.0,0.163395,0.9044650000000001,0.29777,1.0,0.0,1.0,0.05312499999999998,1.0,0.866965,0.5879449999999999,0.8549100000000001,1.0,0.89018,1.0,0.9263399999999999,1.0,0.0,1.0,0.926785,1.0,0.457145,0.9799100000000001,0.31875,1.0,0.8263400000000001,1.0,0.67366,2
0.0,0.0,0.0,1.0,1.0,0.0,0.5,0.5,0.5,0.5,1.0,0.0,1.0,1.0,0.5,0.5,1.0,0.0,0.5,0.5,0.5,0.5,1.0,1.0,0.0,1.0,1.0,0.0,0.0,1.0,0.0,0.0,0.5,0.5,2
1.0,0.0,1.0,0.64023,1.0,0.512385,1.0,0.53882,1.0,0.521585,0.9938100000000001,0.66633,1.0,0.527445,1.0,0.52192,0.97875,0.37701,0.921855,0.45666,1.0,0.52075,0.999665,0.63688,1.0,0.30472,0.98207,0.48913,0.933735,0.6168,0.97289,0.389895,0.901775,0.463355,1
1.0,0.0,0.9558800000000001,0.45588,0.985295,0.588235,0.9117649999999999,0.54412,0.9558800000000001,0.485295,0.985295,0.411765,0.985295,0.57353,0.9705900000000001,0.514705,1.0,0.5,1.0,0.5,0.882355,0.558825,0.941175,0.514705,0.92647,0.514705,0.9633149999999999,0.513,0.9705900000000001,0.441175,0.985295,0.52941,0.9558800000000001,0.52941,1
1.0,0.0,0.984665,0.50438,1.0,0.504215,0.99329,0.496185,0.98934,0.48578,0.9991,0.48245,1.0,0.493645,1.0,0.487095,1.0,0.494125,0.992425,0.500125,1.0,0.48694,1.0,0.47628,0.9800949999999999,0.477365,0.99594,0.482635,0.9851,0.48761,1.0,0.480725,0.9921,0.47944,1
1.0,0.0,0.9334450000000001,0.67975,0.86007,0.8333349999999999,0.686005,0.915245,0.54323,0.929465,0.37941,0.930605,0.24118499999999998,0.837885,0.15643,0.70762,0.11490499999999998,0.54949,0.153015,0.43174,0.25256,0.288965,0.33731500000000003,0.211605,0.48578,0.20023000000000002,0.5768,0.234365,0.661545,0.31456,0.730945,0.401595,0.70478,0.5091,1
0.0,0.0,1.0,0.0,1.0,1.0,1.0,1.0,1.0,1.0,1.0,1.0,1.0,0.0,1.0,0.0,1.0,1.0,1.0,0.0,1.0,1.0,1.0,1.0,1.0,0.0,1.0,1.0,1.0,0.0,1.0,1.0,1.0,0.0,2
1.0,0.0,0.8543499999999999,0.376085,0.82174,0.52174,0.726085,0.6913050000000001,0.826085,0.591305,0.75,0.6347849999999999,0.78913,0.384785,0.752175,0.68913,0.69348,0.28695499999999996,0.680435,0.36956500000000003,0.6347849999999999,0.5586949999999999,0.76623,0.480775,0.65652,0.43913,0.74965,0.47868,0.7417400000000001,0.47776,0.82174,0.373915,0.752175,0.573915,1
1.0,0.0,1.0,0.616975,0.95702,0.760065,0.8901,0.8607199999999999,0.7383,0.92111,0.6381950000000001,0.95865,0.547335,0.9412400000000001,0.3901,0.95702,0.32916,0.8775850000000001,0.24320000000000003,0.822635,0.177365,0.72307,0.12949,0.64581,0.14581,0.5179549999999999,0.141345,0.440285,0.17519,0.359085,0.243745,0.277475,0.31284,0.23340499999999997,1
1.0,0.0,0.5,0.5,0.5,0.5,0.5,0.5,0.5,0.5,1.0,0.333335,0.583335,0.6302099999999999,0.5,0.5,0.5,0.5,0.5,0.5,0.40104,0.390625,0.416665,0.953125,0.0,0.75,0.520835,0.875,0.385415,0.0,0.4375,0.364585,0.40104,0.03125,2
1.0,0.0,0.8722449999999999,0.48805,0.8538600000000001,0.516545,0.8612150000000001,0.58456,0.8961399999999999,0.538605,0.90717,0.71967,0.818935,0.502755,0.8538600000000001,0.608455,1.0,0.53033,0.805145,0.525735,0.837315,0.52114,0.7601100000000001,0.375,0.8648899999999999,0.42095499999999997,0.808635,0.53562,0.6544099999999999,0.5432,0.7795799999999999,0.53729,0.80147,0.608455,1
1.0,0.0,0.93886,0.45924,0.9171199999999999,0.536685,0.923915,0.52038,0.8858699999999999,0.48913,0.8858699999999999,0.471465,0.9116850000000001,0.44701,0.839675,0.497285,0.940215,0.39538,0.9171199999999999,0.516305,0.9320649999999999,0.47011000000000003,0.986415,0.360055,0.92527,0.40625,0.918525,0.448945,0.92935,0.483695,0.892665,0.44565,0.8953800000000001,0.497285,1
1.0,0.0,0.947525,0.48416,0.9376249999999999,0.527725,0.947525,0.50693,0.9643550000000001,0.51386,0.9564349999999999,0.49505,0.970295,0.49208,0.9594050000000001,0.51683,0.968315,0.5,0.971285,0.50693,0.952475,0.50396,0.943565,0.49109,0.946535,0.51188,0.94501,0.508055,0.9405950000000001,0.50099,0.936635,0.52079,0.933665,0.51188,1
1.0,0.0,0.809285,0.55425,0.85347,0.465325,0.85179,0.50839,0.871365,0.50112,0.855145,0.57886,0.8579399999999999,0.49888,0.8987700000000001,0.533,0.918345,0.417225,0.8433999999999999,0.4547,0.81264,0.49329,0.80481,0.558725,0.856265,0.45246,0.849225,0.491635,0.8165549999999999,0.52405,0.8942950000000001,0.474275,0.826065,0.47651,1
1.0,0.0,1.0,0.81774,1.0,1.0,0.885615,1.0,0.333335,1.0,0.0,1.0,0.5,1.0,0.0,1.0,0.0,0.5,0.0,0.166665,0.0,0.03732000000000002,0.0,0.333335,0.333335,0.0,0.596175,0.0,1.0,0.0,0.5,0.0,1.0,0.166665,1
1.0,0.0,0.98516,0.42808,0.95662,0.49886,0.9828749999999999,0.414385,0.99315,0.591325,0.958905,0.50114,0.968035,0.457765,0.95662,0.49886,0.93379,0.45662,0.98516,0.393835,1.0,0.55137,0.960045,0.47374499999999997,0.96233,0.534245,0.970215,0.45374,0.98516,0.399545,0.92694,0.45662,0.9828749999999999,0.39041,1
1.0,0.0,0.947945,0.69643,0.8306450000000001,0.85902,0.647605,0.9541200000000001,0.476065,0.972075,0.27137500000000003,0.923025,0.11170000000000002,0.792555,0.03590500000000002,0.625665,0.03859000000000001,0.423425,0.11968000000000001,0.25798,0.24534499999999998,0.11901499999999998,0.425525,0.05704500000000001,0.607905,0.07148500000000002,0.7661450000000001,0.15703499999999998,0.8742300000000001,0.29672,0.91571,0.464855,0.8843099999999999,0.63963,1
0.0,0.0,1.0,0.0,1.0,1.0,1.0,0.0,1.0,1.0,1.0,0.0,1.0,0.0,1.0,0.0,1.0,1.0,1.0,1.0,1.0,1.0,1.0,0.0,1.0,1.0,1.0,1.0,1.0,1.0,1.0,1.0,1.0,0.0,2
0.0,0.0,0.5,0.5,0.5,0.5,0.5,0.5,0.5,0.5,0.5,0.5,0.5,0.5,0.5,0.5,0.5,0.5,0.5,0.5,0.5,0.5,0.5,0.5,0.5,0.5,1.0,1.0,0.5,0.5,0.5,0.5,0.5,0.5,2
1.0,0.0,1.0,0.545455,0.977275,0.454545,0.8863650000000001,0.5,1.0,0.5,0.977275,0.5,1.0,0.522725,0.954545,0.477275,1.0,0.5,1.0,0.5,0.93182,0.545455,0.8863650000000001,0.545455,0.954545,0.522725,0.957705,0.514485,0.977275,0.545455,0.93182,0.454545,0.93182,0.522725,1
0.0,0.0,1.0,0.0,0.5,0.5,0.5,0.5,1.0,1.0,1.0,0.0,0.140625,1.0,0.5,0.5,0.0,1.0,1.0,1.0,0.0,1.0,1.0,0.78125,0.0,1.0,1.0,1.0,1.0,0.0,1.0,1.0,1.0,1.0,2
1.0,0.0,0.87234,0.55319,0.94353,0.50491,0.9427099999999999,0.507355,0.93617,0.49291,0.8652500000000001,0.55319,0.938285,0.51456,0.936175,0.51691,0.9787250000000001,0.539005,0.975175,0.521275,0.9279850000000001,0.523715,0.924655,0.52589,0.93617,0.55674,0.917145,0.53007,0.87234,0.48227,0.90855,0.534,0.90387,0.535865,1
