1.0,0.0,0.3975,0.64375,0.615,0.55,0.64125,0.65875,0.66125,0.675,0.681425,0.326915,0.54625,0.6375,0.4525,0.605,0.45625,0.6174999999999999,0.329065,0.6570400000000001,0.26,0.46,0.64954,0.66588,0.21000000000000002,0.38,0.66095,0.35762499999999997,0.265,0.5925,0.36448,0.34386,0.702225,0.51525,2
1.0,0.0,0.6666650000000001,0.375,0.72222,0.61111,0.694445,0.583335,0.7083349999999999,0.569445,0.75,0.444445,0.774555,0.457785,0.7916650000000001,0.6666650000000001,0.77778,0.51389,0.625,0.40278,0.73611,0.47222,0.76389,0.48611,0.694445,0.541665,0.707715,0.42872,0.59722,0.430555,0.68462,0.425955,0.541665,0.25,1
1.0,0.0,0.9546600000000001,0.543955,0.93264,0.58444,1.0,0.58299,0.775935,0.84077,0.851035,0.683595,0.58143,0.713695,0.7881,0.73043,0.755335,0.74809,0.658195,0.564835,0.68912,0.77231,0.65637,0.77913,0.62428,0.782635,0.59313,0.7830250000000001,0.563175,0.780505,0.534635,0.775305,0.560685,0.838695,1
1.0,0.0,0.68438,0.0,0.0,0.0,0.461695,1.0,1.0,0.975205,0.872985,0.30645,0.0,0.103435,0.451615,1.0,0.74342,0.73251,0.658775,0.362695,0.428285,0.39905999999999997,0.44012,0.534475,0.515105,0.533195,0.517215,0.49407,0.497985,0.49164,0.496195,0.50054,0.500075,0.501625,2
1.0,0.0,0.96435,0.66582,0.8808400000000001,0.8117449999999999,0.746525,0.92133,0.6079600000000001,0.975965,0.43022,0.980835,0.26399,0.91795,0.14626499999999998,0.82745,0.06263000000000002,0.68375,0.04093000000000002,0.527975,0.05087999999999998,0.369135,0.13015500000000002,0.229655,0.24621500000000002,0.12632500000000002,0.388385,0.06939000000000001,0.53905,0.06420500000000001,0.680105,0.10971500000000001,0.7970349999999999,0.19865,1
1.0,0.0,0.917135,0.695605,0.7702,0.892895,0.56163,0.94701,0.333895,0.91789,0.14956999999999998,0.79782,0.06689,0.609545,0.07779000000000003,0.37918,0.20143,0.19052999999999998,0.40323,0.06106499999999998,0.562195,0.054680000000000006,0.755545,0.13773000000000002,0.895715,0.36133000000000004,0.9150400000000001,0.54359,0.8329599999999999,0.745395,0.68771,0.850055,0.480085,0.89722,1
1.0,0.0,0.965735,0.64641,0.8995850000000001,0.77878,0.79976,0.85798,0.631015,0.963255,0.52318,0.9837400000000001,0.383815,0.97565,0.22037,0.90509,0.133355,0.811925,0.04502499999999998,0.681,0.03872999999999999,0.5302,0.031909999999999994,0.40081,0.08404,0.26547,0.17417500000000002,0.15222000000000002,0.293885,0.07137500000000002,0.43205,0.030235000000000012,0.550035,0.02588499999999999,1
1.0,0.0,0.91754,0.54149,0.868695,0.42647,0.921745,0.472165,0.952205,0.47689,0.946955,0.56565,0.905985,0.533615,0.8965350000000001,0.455355,1.0,0.489495,0.983195,0.53309,0.938025,0.505775,0.887605,0.53309,0.97689,0.47899,0.917395,0.500615,1.0,0.564075,0.9333,0.44643,0.9527300000000001,0.47846500000000003,1
1.0,0.0,0.97245,0.25344500000000003,1.0,0.48154,0.99449,0.06474000000000002,0.950415,0.8347100000000001,1.0,0.44948,1.0,0.437535,1.0,0.424915,1.0,0.411595,1.0,0.397545,1.0,0.38273999999999997,1.0,0.367145,1.0,0.35074,1.0,0.33348,1.0,0.315345,1.0,0.2963,1.0,0.276305,1
1.0,0.0,0.940895,0.717455,0.797865,0.8882749999999999,0.59836,0.972685,0.379485,0.96272,0.18736999999999998,0.856285,0.06778499999999998,0.66826,0.03808,0.47331,0.11321999999999999,0.27646499999999996,0.26525,0.133575,0.448815,0.08891500000000002,0.63192,0.11215000000000003,0.77992,0.22044999999999998,0.860735,0.37783500000000003,0.86239,0.547995,0.7906850000000001,0.6945749999999999,0.673745,0.78828,1
0.0,0.0,1.0,1.0,1.0,0.0,1.0,1.0,1.0,1.0,1.0,1.0,1.0,0.0,1.0,1.0,1.0,0.0,1.0,0.0,1.0,1.0,1.0,1.0,1.0,0.0,1.0,1.0,1.0,1.0,1.0,1.0,1.0,1.0,2
1.0,0.0,0.830805,0.0,1.0,1.0,1.0,0.163395,0.9044650000000001,0.29777,1.0,0.0,1.0,0.05312499999999998,1.0,0.866965,0.5879449999999999,0.8549100000000001,1.0,0.89018,1.0,0.9263399999999999,1.0,0.0,1.0,0.926785,1.0,0.457145,0.9799100000000001,0.31875,1.0,0.8263400000000001,1.0,0.67366,2
1.0,0.0,0.829225,0.718085,0.723405,0.87402,0.526595,0.92553,0.339865,0.910695,0.15873500000000001,0.76204,0.07894499999999999,0.535555,0.085945,0.356385,0.26483999999999996,0.14137499999999997,0.476205,0.06999,0.61646,0.11842000000000003,0.783315,0.23936000000000002,0.8714999999999999,0.406775,0.8737900000000001,0.618565,0.7259249999999999,0.795355,0.602745,0.88382,0.407335,0.87178,1
1.0,0.0,0.5,0.5,0.5,0.5,0.5,0.5,0.5,0.5,0.5,0.5,0.0,1.0,1.0,0.77586,0.5,0.5,0.5,0.5,0.5,0.5,0.5,0.5,0.5,0.5,1.0,1.0,0.5,0.5,0.5,0.5,0.5,0.5,2
1.0,0.0,1.0,0.53269,1.0,0.60373,1.0,0.631405,0.965255,0.661065,0.933865,0.695195,0.87737,0.75041,0.897775,0.761605,0.82977,0.8037799999999999,0.788095,0.814995,0.739035,0.835675,0.702765,0.8442000000000001,0.67192,0.86041,0.63856,0.86193,0.59648,0.85341,0.55686,0.86344,0.53495,0.85722,1
1.0,0.0,0.940515,0.495715,0.94909,0.487675,0.9705250000000001,0.49089,0.945875,0.436225,0.9110400000000001,0.44534,0.944265,0.505895,0.95391,0.431405,0.93569,0.469455,0.95391,0.48821,0.93998,0.427115,0.914255,0.437835,0.9506950000000001,0.402465,0.941225,0.425485,0.92176,0.43569,0.9421200000000001,0.40729,0.958735,0.415865,1
0.0,0.0,0.5,0.5,0.0,0.0,1.0,1.0,0.0,1.0,0.0,1.0,1.0,0.0,1.0,1.0,0.0,0.0,0.0,1.0,1.0,0.0,0.0,1.0,0.0,1.0,1.0,0.0,0.0,1.0,0.0,0.0,1.0,0.0,2
0.0,0.0,1.0,0.0,0.5,0.5,0.5,0.5,1.0,1.0,1.0,0.0,0.140625,1.0,0.5,0.5,0.0,1.0,1.0,1.0,0.0,1.0,1.0,0.78125,0.0,1.0,1.0,1.0,1.0,0.0,1.0,1.0,1.0,1.0,2
1.0,0.0,1.0,0.620385,0.9990749999999999,0.501845,0.90122,0.349335,0.949595,0.38256999999999997,0.8532150000000001,0.379615,0.869275,0.347305,0.85746,0.31961,0.73597,0.19405499999999998,0.702365,0.224705,0.805205,0.30335999999999996,0.76588,0.336595,0.61983,0.23929,0.64604,0.25805,0.563885,0.304285,0.5782849999999999,0.243355,0.591765,0.26698500000000003,1
0.0,0.0,1.0,1.0,1.0,0.0,1.0,1.0,0.0,1.0,0.5,0.5,1.0,1.0,0.5,0.5,0.5,0.5,0.0,1.0,0.0,1.0,1.0,1.0,1.0,0.0,1.0,1.0,1.0,1.0,1.0,0.0,0.0,1.0,2
1.0,0.0,0.97026,0.492345,0.97085,0.505005,0.97497,0.49264,0.97939,0.4947,0.973205,0.48145,0.985865,0.491165,0.985275,0.480565,0.977325,0.47968,0.9761500000000001,0.476445,0.9711449999999999,0.489105,0.964075,0.477915,0.960245,0.47762,0.9634750000000001,0.470865,0.9517100000000001,0.462605,0.959955,0.46377999999999997,0.960245,0.4629,1
0.0,0.0,1.0,1.0,0.5,0.5,0.5,0.5,0.0,0.0,0.5,0.5,0.5,0.5,0.0,0.0,0.0,0.0,0.0,1.0,0.0,1.0,0.5,0.5,0.5,0.5,1.0,0.0,0.0,1.0,0.0,1.0,0.0,1.0,2
1.0,0.0,0.843645,1.0,0.959865,0.11956499999999998,0.908865,0.52174,0.8804350000000001,0.55351,0.933945,0.86873,0.8503350000000001,0.591135,0.8795999999999999,0.56856,0.96739,0.37458,0.85368,0.593645,0.824415,0.62291,0.801005,0.8871249999999999,1.0,0.23076999999999998,0.94631,0.61108,0.85535,0.7692300000000001,1.0,0.46738999999999997,0.78261,0.619565,2
1.0,0.0,1.0,0.459085,1.0,0.44337,0.99623,0.35099,1.0,0.334625,0.98331,0.32859499999999997,0.92894,0.263675,0.9595199999999999,0.25915,0.8654200000000001,0.17387999999999998,0.8406549999999999,0.18228,0.91225,0.10842000000000002,0.794145,0.126075,0.8351649999999999,0.01851999999999998,0.743785,0.07165500000000002,0.689705,0.08053500000000002,0.6205849999999999,0.055769999999999986,0.646105,0.051895000000000024,1
1.0,0.0,0.975565,0.502095,0.975915,0.486385,0.96719,0.4904,0.97295,0.50803,0.98255,0.516405,0.970855,0.53665,0.973125,0.49337,0.985865,0.5007,0.97417,0.53019,0.9633499999999999,0.54206,0.9656199999999999,0.550435,0.9726,0.506805,0.9676100000000001,0.524625,0.965795,0.54084,0.97033,0.499825,0.957415,0.52356,1
1.0,0.0,0.5,0.5,0.994595,0.38648499999999997,0.594595,0.472975,0.5,0.5,0.966215,0.536485,1.0,0.4,1.0,0.535135,1.0,0.443245,0.5,0.5,1.0,0.39459500000000003,1.0,0.29189,0.5,0.5,1.0,0.41215999999999997,0.5,0.5,1.0,0.37027,0.644595,0.42162,2
1.0,0.0,0.52933,0.49581,0.53352,0.50419,0.5,0.494415,0.502795,0.480445,0.50838,0.46229,0.497205,0.526535,0.532125,0.48324,0.5,0.547485,0.467875,0.53771,0.476255,0.51257,0.513965,0.497205,0.50419,0.502795,0.551675,0.49581,0.515365,0.498605,0.522345,0.5,0.523745,0.48324,2
1.0,0.0,0.89915,0.547085,0.890645,0.60328,0.85814,0.64034,0.8466,0.70626,0.829585,0.75061,0.78949,0.8040700000000001,0.74605,0.792225,0.66677,0.839305,0.647935,0.81774,0.547995,0.8405199999999999,0.51033,0.8611800000000001,0.45626,0.815915,0.440375,0.80348,0.40887,0.7800750000000001,0.37242,0.758505,0.363305,0.7123349999999999,1
1.0,0.0,0.92067,0.40819,0.71822,0.514595,0.967105,0.498665,0.939735,0.568975,0.905605,0.491055,0.942795,0.7749550000000001,0.9585699999999999,0.21256999999999998,0.875,0.3524,0.93338,0.39948,1.0,1.0,0.73305,0.41855,0.95033,0.48611,0.96679,0.49421,0.80791,0.33851,0.922315,0.37146999999999997,0.966615,0.492875,1
1.0,0.0,1.0,0.379745,1.0,0.398735,0.9367099999999999,0.449365,0.94304,0.50633,1.0,0.55696,0.962025,0.531645,0.92405,0.481015,0.8164549999999999,0.316455,0.9367099999999999,0.49367,0.9683550000000001,0.531645,1.0,0.62658,0.810125,0.310125,0.9231849999999999,0.4723,1.0,0.468355,0.765825,0.51266,0.91772,0.48734,1
0.0,0.0,1.0,1.0,1.0,0.0,0.5,0.5,0.5,0.5,1.0,1.0,1.0,1.0,0.0,0.0,1.0,0.0,0.0,1.0,0.5,0.5,1.0,0.0,1.0,0.0,1.0,1.0,0.0,0.0,0.5,0.5,0.5,0.5,2
1.0,0.0,0.87234,0.55319,0.94353,0.50491,0.9427099999999999,0.507355,0.93617,0.49291,0.8652500000000001,0.55319,0.938285,0.51456,0.936175,0.51691,0.9787250000000001,0.539005,0.975175,0.521275,0.9279850000000001,0.523715,0.924655,0.52589,0.93617,0.55674,0.917145,0.53007,0.87234,0.48227,0.90855,0.534,0.90387,0.535865,1
1.0,0.0,1.0,0.757575,0.727275,0.6666650000000001,0.530305,0.68182,0.33948,0.86531,0.272725,0.742425,0.21211999999999998,0.5,0.21211999999999998,0.439395,0.333335,0.257575,0.454545,0.07576,0.742425,0.21211999999999998,0.78788,0.28788,1.0,0.30303,0.864805,0.561655,0.98485,0.78788,0.62121,0.68182,0.545455,0.6666650000000001,1
1.0,0.0,0.9698599999999999,0.64041,0.9024300000000001,0.764105,0.790835,0.865755,0.674805,0.902555,0.553985,0.9520150000000001,0.399925,0.9466749999999999,0.30135,0.9108149999999999,0.20582499999999998,0.814335,0.118475,0.70184,0.09369,0.59444,0.09341500000000003,0.47858,0.123635,0.365585,0.183815,0.26781,0.26788999999999996,0.19277,0.368055,0.14582499999999998,0.455315,0.143635,1
1.0,0.0,0.956765,0.90793,0.135135,1.0,0.30267,0.778675,0.527025,0.64865,0.407005,0.448795,0.48421000000000003,0.45515,0.507005,0.482985,0.50554,0.497315,0.50171,0.500485,0.50024,0.500375,0.499985,0.500095,0.499985,0.50001,0.499995,0.5,0.5,0.5,0.5,0.5,0.5,0.5,2
1.0,0.0,0.98794,0.44699,0.973005,0.396,0.9640299999999999,0.35825,0.92998,0.36329,0.89883,0.260355,0.891125,0.24618,0.87314,0.19282,0.789725,0.15957,0.68926,0.131795,0.68162,0.11719000000000002,0.65949,0.10123500000000002,0.6139600000000001,0.09183000000000002,0.568295,0.08745000000000003,0.52303,0.08802500000000002,0.47869,0.09340999999999999,0.43084,0.09512500000000002,1
1.0,0.0,1.0,0.616975,0.95702,0.760065,0.8901,0.8607199999999999,0.7383,0.92111,0.6381950000000001,0.95865,0.547335,0.9412400000000001,0.3901,0.95702,0.32916,0.8775850000000001,0.24320000000000003,0.822635,0.177365,0.72307,0.12949,0.64581,0.14581,0.5179549999999999,0.141345,0.440285,0.17519,0.359085,0.243745,0.277475,0.31284,0.23340499999999997,1
1.0,0.0,0.727275,0.545455,0.81818,0.545455,0.636365,0.59091,0.81818,0.5,0.68182,0.454545,0.727275,0.454545,0.74306,0.493285,0.81818,0.40909,0.727275,0.5,0.68182,0.454545,0.636365,0.59091,0.68182,0.454545,0.67221,0.49116,0.636365,0.5,0.68182,0.5,0.644925,0.49084,1
1.0,0.0,0.7877000000000001,0.484125,0.87599,0.473215,0.8075399999999999,0.49405,0.7698400000000001,0.516865,0.80853,0.549605,0.795635,0.488095,0.81349,0.50595,0.8541650000000001,0.512895,0.801585,0.507935,0.739085,0.48611,0.795635,0.51885,0.75,0.51984,0.8064549999999999,0.493815,0.80853,0.43254,0.844245,0.493055,0.8125,0.484125,1
1.0,0.0,0.84074,0.55185,0.885185,0.517285,0.825925,0.54074,0.80494,0.49753000000000003,0.89506,0.55926,0.798765,0.52469,0.812345,0.54815,0.8913599999999999,0.412345,0.869135,0.44568,0.74321,0.5049399999999999,0.80494,0.54074,0.8333349999999999,0.4358,0.818865,0.487745,0.882715,0.51111,0.806175,0.4642,0.7567900000000001,0.476545,1
1.0,0.0,0.947945,0.69643,0.8306450000000001,0.85902,0.647605,0.9541200000000001,0.476065,0.972075,0.27137500000000003,0.923025,0.11170000000000002,0.792555,0.03590500000000002,0.625665,0.03859000000000001,0.423425,0.11968000000000001,0.25798,0.24534499999999998,0.11901499999999998,0.425525,0.05704500000000001,0.607905,0.07148500000000002,0.7661450000000001,0.15703499999999998,0.8742300000000001,0.29672,0.91571,0.464855,0.8843099999999999,0.63963,1
1.0,0.0,0.944265,0.508155,0.960035,0.506525,0.96221,0.506795,0.9458949999999999,0.448885,0.950515,0.45786,0.9652000000000001,0.494835,0.96547,0.45541,0.930125,0.474715,0.947255,0.47988,0.94209,0.43937,0.944535,0.440455,0.9149,0.42930999999999997,0.932265,0.44096,0.9276800000000001,0.434745,0.91762,0.43774,0.9339299999999999,0.438825,1
0.0,0.0,0.0,1.0,0.5,0.5,0.5,0.5,0.0,1.0,1.0,1.0,0.5,0.5,0.5,0.5,1.0,0.0,0.0,1.0,1.0,1.0,0.5,0.5,0.0,0.0,1.0,0.0,1.0,1.0,0.0,1.0,0.5,0.5,2
1.0,0.0,1.0,0.27419499999999997,1.0,1.0,0.85608,0.0,0.5,0.5,0.5,0.5,0.5,0.5,0.0,0.57258,0.77047,0.30335,0.0,0.227665,0.150125,1.0,0.5,0.5,1.0,0.9534750000000001,0.758065,1.0,1.0,0.399505,0.62841,1.0,0.33809,1.0,2
0.0,0.0,0.5,0.5,0.5,0.5,0.5,0.5,0.5,0.5,0.5,0.5,0.0,0.0,0.5,0.5,1.0,0.875,0.5,0.5,0.5,0.5,0.0,1.0,0.5,0.5,1.0,0.0,0.0,0.0,1.0,1.0,0.5,0.5,2
1.0,0.0,0.86207,0.49458,0.89852,0.50542,0.9,0.500985,0.8950750000000001,0.50542,0.89212,0.495075,0.91675,0.516255,0.9256150000000001,0.508375,0.900495,0.49606,0.8955649999999999,0.48522,0.879805,0.51675,0.8738900000000001,0.527585,0.863055,0.49261,0.890205,0.50306,0.870445,0.474875,0.9147799999999999,0.51478,0.8950750000000001,0.50394,1
1.0,0.0,0.84099,0.41343,0.91166,0.60954,0.733215,0.66431,0.6289750000000001,0.79152,1.0,0.42403,0.5053,0.722615,0.5053,0.694345,0.593405,0.70584,0.552835,0.681765,0.521625,0.653725,0.499585,0.62468,0.48569,0.597025,0.47843,0.572405,0.476105,0.551745,0.477075,0.53532,0.479935,0.52293,2
0.0,0.0,0.5,0.5,0.5,0.5,1.0,0.0,0.5,0.5,0.0,0.0,0.5,0.5,0.5,0.5,1.0,1.0,0.0,0.0,0.5,0.5,0.5,0.5,1.0,1.0,1.0,1.0,0.5,0.5,1.0,1.0,0.5,0.5,2
0.0,0.0,0.0,1.0,0.0,0.0,0.5,0.5,0.0,1.0,1.0,0.0,0.0,0.0,0.0,1.0,0.5,0.5,0.0,0.0,0.0,1.0,0.5,0.5,1.0,0.0,1.0,1.0,1.0,0.0,1.0,1.0,0.5,0.5,2
1.0,0.0,1.0,0.727275,1.0,0.272725,1.0,0.545455,1.0,0.454545,1.0,0.5,1.0,0.36363500000000004,1.0,0.40909,1.0,0.545455,1.0,0.5,1.0,0.31818,1.0,0.545455,1.0,0.454545,1.0,0.47543,1.0,0.727275,1.0,0.36363500000000004,1.0,0.40909,1
1.0,0.0,0.968345,0.49905,0.803805,0.71602,0.96157,0.29935500000000004,0.965615,0.58414,0.980985,0.545305,0.99838,0.54086,0.95793,0.525485,0.9231400000000001,0.37338,0.936895,0.42759,0.924355,0.630665,0.875405,0.481795,0.9227350000000001,0.487055,0.936465,0.48849,0.99272,0.546925,0.8915850000000001,0.44903,0.9292050000000001,0.426375,1
1.0,0.0,0.80339,0.48644,0.835595,0.52034,0.764405,0.477965,0.75254,0.518645,0.8525400000000001,0.461015,0.78983,0.48983,0.7661,0.538985,0.8203400000000001,0.55932,0.784745,0.488135,0.7661,0.50339,0.8576250000000001,0.48305,0.764405,0.48305,0.7863100000000001,0.50375,0.79322,0.498305,0.794915,0.48644,0.750845,0.5339,1
1.0,0.0,0.22910000000000003,0.574305,0.33127,0.8668750000000001,0.76006,0.43034,0.6594450000000001,0.465945,0.603715,0.42415,0.7368399999999999,0.54489,0.7817350000000001,0.4226,0.582045,0.726005,0.66873,0.51703,0.75232,0.535605,0.18111500000000003,0.19195,1.0,0.828175,0.70674,0.29942,0.42415,0.5557300000000001,0.511995,0.7791,0.7631600000000001,0.45511,2
1.0,0.0,0.88148,0.46111,1.0,0.35185,1.0,0.071295,0.9,0.530555,0.72778,0.28611,1.0,0.437095,1.0,0.082405,0.7462949999999999,0.50926,0.91111,0.47037,0.9910749999999999,0.40031,1.0,0.610185,0.84815,0.367595,0.9607399999999999,0.377255,0.8944449999999999,0.510185,0.93746,0.364475,1.0,0.21481499999999998,1
1.0,0.0,1.0,0.508545,0.9810749999999999,0.48429,1.0,0.48282,1.0,0.474645,0.9951300000000001,0.46454,0.995865,0.45499,1.0,0.421365,1.0,0.428715,0.9915499999999999,0.440935,1.0,0.407405,1.0,0.40364,0.994855,0.389585,0.98245,0.398785,0.972995,0.414385,0.98218,0.387195,0.935055,0.38351999999999997,1
1.0,0.0,0.810605,0.18181999999999998,0.5,0.5,0.5,0.5,0.67235,0.64394,0.7140150000000001,0.69697,0.46212,0.75947,0.68182,0.657195,0.23106,0.664775,0.560605,0.426135,0.50947,0.23295500000000002,0.21211999999999998,0.589015,0.6458349999999999,0.36363500000000004,0.62879,0.21211999999999998,0.71591,0.62121,0.59091,0.488635,0.585225,0.291665,2
1.0,0.0,0.633335,0.45,0.7666649999999999,0.5,0.6666650000000001,0.433335,0.683335,0.558335,0.783335,0.508335,0.8583350000000001,0.541665,0.85,0.466665,0.7666649999999999,0.6,0.7083349999999999,0.491665,0.658335,0.6,0.85,0.5,0.625,0.566665,0.73107,0.527195,0.7,0.516665,0.733335,0.516665,0.7083349999999999,0.475,1
1.0,0.0,0.8206100000000001,0.507015,0.67073,0.487805,0.763755,0.51733,0.59756,0.560975,0.716565,0.523775,0.609755,0.52439,0.64634,0.5,0.682925,0.5,0.658535,0.536585,0.634145,0.560975,0.61849,0.529065,0.609755,0.54878,0.5965199999999999,0.528205,0.58705,0.52752,0.59756,0.5,0.585365,0.536585,1
1.0,0.0,1.0,0.83892,0.9065449999999999,0.9101049999999999,0.715095,1.0,0.603095,0.902705,0.28064,1.0,0.104325,0.88546,0.0,0.70134,0.30477,0.20683,0.010465000000000002,0.28589,0.134585,0.118305,0.311645,0.012544999999999973,0.7068300000000001,0.0,0.70889,0.033519999999999994,0.628865,0.0,0.96785,0.32389,0.9940800000000001,0.51723,1
1.0,0.0,0.977795,0.499225,0.932105,0.43378,0.9749099999999999,0.497695,0.914045,0.244145,0.962205,0.55184,1.0,0.428765,0.99632,0.48729,0.979265,0.42241,0.920065,0.8086949999999999,1.0,0.418395,0.93746,0.457525,0.928705,0.49168,0.92066,0.491155,0.9121349999999999,0.490665,0.90317,0.490215,0.893805,0.489805,1
1.0,0.0,0.9412050000000001,0.65317,0.86616,0.78908,0.670545,0.792635,0.528585,1.0,0.45381,0.96059,0.187985,0.85998,0.151165,0.66279,0.09288999999999997,0.705975,0.0,0.496125,0.10513499999999998,0.29457500000000003,0.11549500000000001,0.27261,0.21378999999999998,0.16197499999999998,0.34195,0.09061999999999998,0.485105,0.06579499999999999,0.62696,0.08936500000000003,0.50097,0.09156999999999998,1
1.0,0.0,0.62658,0.679745,0.5,0.5,0.3519,0.0,0.5,0.5,0.537975,0.46329,0.5,0.5,0.5,0.5,0.5,0.5,0.5,0.5,0.503795,0.8405050000000001,0.4,0.668355,0.4481,0.67848,0.52785,0.0,0.5,0.5,0.531645,0.0,0.5,0.5,2
1.0,0.0,1.0,0.534215,1.0,0.571055,1.0,0.61054,1.0,0.4375,1.0,0.6974750000000001,1.0,0.744905,1.0,0.79493,0.3125,1.0,1.0,0.5,1.0,0.960005,1.0,1.0,1.0,1.0,1.0,1.0,1.0,0.625,1.0,1.0,1.0,1.0,1
1.0,0.0,0.967685,0.568225,0.96858,0.626795,0.928525,0.693895,0.895195,0.735635,0.8617600000000001,0.7997099999999999,0.8263,0.875,0.75415,0.86793,0.708145,0.91371,0.627695,0.9297599999999999,0.56856,0.928075,0.50247,0.944345,0.463195,0.8989,0.395025,0.89002,0.334155,0.85727,0.30734,0.821815,0.262905,0.779175,1
1.0,0.0,0.97601,0.51127,0.968785,0.49364,0.96763,0.50607,0.983525,0.49133,0.98468,0.5026,0.978325,0.48468,0.9763,0.497975,0.9974000000000001,0.486705,0.998845,0.50896,0.96792,0.475145,0.969075,0.48815,0.98526,0.477745,0.9810749999999999,0.491765,0.9869950000000001,0.50954,0.97717,0.48295,0.97919,0.504045,1
1.0,0.0,1.0,0.5369,1.0,0.5171,1.0,0.472185,1.0,0.54382,1.0,0.598255,1.0,0.60164,1.0,0.563925,1.0,0.552805,1.0,0.635435,1.0,0.7237899999999999,1.0,0.70875,1.0,0.6001650000000001,1.0,0.683715,0.9780150000000001,0.743205,1.0,0.66246,1.0,0.73356,1
1.0,0.0,0.841585,0.526875,0.924015,0.50101,0.921705,0.501505,0.9215,0.549505,0.879065,0.52051,0.9094599999999999,0.502925,0.90369,0.503365,0.9031100000000001,0.437765,0.889675,0.48231999999999997,0.8818250000000001,0.504545,0.873175,0.50489,0.8981600000000001,0.478785,0.85412,0.50548,0.811175,0.55799,0.8331200000000001,0.50595,0.8220350000000001,0.506135,1
1.0,0.0,0.918045,0.566075,0.8608549999999999,0.530295,0.829145,0.541575,0.61944,0.564805,0.719185,0.60165,0.74709,0.56343,0.723735,0.567535,0.64676,0.51461,0.7407900000000001,0.57878,0.664175,0.57308,0.647475,0.57319,0.63218,0.57265,0.618205,0.57157,0.632145,0.580685,0.593835,0.56816,0.583275,0.56599,1
1.0,0.0,0.692605,0.57782,0.706225,0.536965,0.632295,0.620625,0.61673,0.56615,0.597275,0.62646,0.62257,0.684825,0.544745,0.614785,0.480545,0.684825,0.52529,0.624515,0.624515,0.54864,0.53891,0.649805,0.48753,0.64241,0.46988,0.6312800000000001,0.42607,0.57393,0.453305,0.65564,0.40467,0.6439699999999999,2
1.0,0.0,0.5,0.5,1.0,0.7586200000000001,0.5,0.5,0.554955,0.0,0.5,0.5,0.5,0.5,0.0,0.38793,0.221445,0.083515,0.8847,0.815735,0.5,0.5,0.7672399999999999,0.6783399999999999,0.04848999999999998,0.72414,1.0,0.0,0.0,0.9078649999999999,0.5,0.5,0.5,0.5,2
1.0,0.0,0.973155,0.58749,0.9547300000000001,0.6657150000000001,0.9254800000000001,0.7498,0.86839,0.81921,0.796075,0.86919,0.74349,0.9180699999999999,0.6522950000000001,0.953325,0.589795,0.9671449999999999,0.496495,0.965545,0.4056,0.946915,0.334885,0.91246,0.26733,0.88241,0.207185,0.8316749999999999,0.16035500000000003,0.76282,0.12339499999999998,0.71244,0.09394999999999998,0.63046,1
1.0,0.0,1.0,0.525745,0.996815,0.550615,0.98071,0.57378,0.977565,0.36752,0.83013,0.773505,0.90213,0.6264149999999999,0.868905,0.6369,0.8338749999999999,0.64357,0.798075,0.64652,0.76247,0.646,0.7279100000000001,0.64238,0.695115,0.63613,0.66465,0.627765,0.636905,0.61784,0.612135,0.60689,0.59043,0.595415,1
1.0,0.0,1.0,0.0,1.0,1.0,0.0,1.0,1.0,0.0,1.0,0.0,0.0,0.0,0.0,1.0,1.0,1.0,1.0,1.0,0.0,1.0,1.0,0.0,1.0,0.0,1.0,1.0,1.0,1.0,0.0,1.0,0.0,1.0,2
1.0,0.0,1.0,0.57143,1.0,0.857145,1.0,0.857145,1.0,0.42857,0.92857,0.42857,1.0,0.51267,1.0,0.5,0.7142850000000001,0.42857,1.0,0.518085,1.0,0.357145,1.0,0.5,0.642855,0.357145,1.0,0.524455,1.0,0.52591,1.0,0.7857149999999999,1.0,0.5,1
1.0,0.0,1.0,0.5332749999999999,1.0,0.40806,1.0,0.3634,1.0,0.28446499999999997,1.0,0.293255,0.98116,0.24063,0.9535549999999999,0.204915,0.94615,0.16763,0.84938,0.145015,0.853225,0.1184,0.8154049999999999,0.09727999999999998,0.779335,0.05436000000000002,0.736055,0.0675,0.701515,0.081625,0.65498,0.054535,0.614975,0.05420999999999998,1
1.0,0.0,0.94055,0.5,0.974085,0.48628,0.96799,0.4939,0.95122,0.509145,0.95122,0.509145,0.96951,0.504575,0.97866,0.501525,1.0,0.51372,0.971035,0.4939,0.95427,0.512195,0.957315,0.52744,0.998475,0.52439,0.94833,0.51113,0.95427,0.504575,1.0,0.52744,0.987805,0.4939,1
1.0,0.0,0.73969,0.438145,0.71392,0.438145,0.850515,0.304125,0.86598,0.53608,0.631445,0.391755,0.747425,0.579895,0.726805,0.44072,0.71134,0.53093,0.75,0.3634,0.7731950000000001,0.592785,0.71134,0.541235,0.8530949999999999,0.59794,0.76698,0.437765,0.57732,0.36855499999999997,0.737115,0.52062,0.726805,0.24226999999999999,1
1.0,0.0,0.799435,0.573445,0.84934,0.43032,0.92561,0.43032,0.904895,0.51224,0.752355,0.514125,0.8371,0.4774,0.9039550000000001,0.43126,0.7570600000000001,0.37759,0.9077200000000001,0.428435,0.851225,0.498115,0.6666650000000001,0.531075,0.780605,0.334275,0.80722,0.415815,0.763655,0.48964,0.769305,0.34369,0.8371,0.38983,1
1.0,0.0,1.0,0.81774,1.0,1.0,0.885615,1.0,0.333335,1.0,0.0,1.0,0.5,1.0,0.0,1.0,0.0,0.5,0.0,0.166665,0.0,0.03732000000000002,0.0,0.333335,0.333335,0.0,0.596175,0.0,1.0,0.0,0.5,0.0,1.0,0.166665,1
1.0,0.0,1.0,0.49329,1.0,0.50783,1.0,0.49888,1.0,0.53132,0.988815,0.52237,0.979865,0.51454,1.0,0.53244,0.994405,0.51678,1.0,0.517895,0.99888,0.54698,0.978745,0.536915,1.0,0.550335,0.999945,0.543815,0.995525,0.542505,1.0,0.550335,1.0,0.550335,1
1.0,0.0,0.9817750000000001,0.46401,1.0,0.428335,1.0,0.393435,1.0,0.31913,0.96285,0.282155,0.97255,0.29666000000000003,0.9519599999999999,0.26809499999999997,0.991525,0.323715,0.922685,0.1699,0.87673,0.19705499999999998,0.848185,0.178875,0.92553,0.1728,0.787885,0.15144000000000002,0.627175,0.18040499999999998,0.72557,0.13610499999999998,0.694475,0.13290000000000002,1
1.0,0.0,0.9503550000000001,0.508865,1.0,0.491135,0.9503550000000001,0.503545,0.92376,0.52837,1.0,0.51773,0.98936,0.50532,0.98759,0.51773,1.0,0.484045,0.94858,0.484045,0.93085,0.539005,1.0,0.5461,0.9503550000000001,0.52305,0.971525,0.516235,0.9734050000000001,0.51241,1.0,0.50532,0.968085,0.51064,1
0.0,0.0,0.5,0.5,0.5,0.5,0.5,0.5,1.0,1.0,1.0,1.0,0.5,0.5,0.5,0.5,0.3125,0.0,0.0,0.0,0.5,0.5,0.5,0.5,0.0,0.0,0.0,0.0,0.0,1.0,1.0,0.5,0.5,0.5,2
1.0,0.0,0.9900100000000001,0.500375,1.0,0.5,0.99491,0.499625,0.973605,0.51197,0.9884999999999999,0.51065,0.98944,0.515365,0.99585,0.51169,0.969645,0.528565,0.96776,0.526395,0.9886900000000001,0.52762,1.0,0.531205,0.9707749999999999,0.540535,0.983545,0.5362750000000001,0.978505,0.54044,0.99095,0.5406299999999999,0.986235,0.54308,1
1.0,0.0,0.935555,0.52163,0.8997299999999999,0.591485,0.995045,0.64646,0.947275,0.45831500000000003,0.94299,0.48986,0.95223,0.36638000000000004,0.94705,0.59982,0.94322,0.47679,0.9222600000000001,0.495045,0.98941,0.32988,0.8947700000000001,0.374495,0.933305,0.454035,0.929835,0.48546,0.8938699999999999,0.479495,0.879675,0.60906,0.94119,0.545965,1
1.0,0.0,0.550675,0.554055,0.5,0.5,0.5,0.5,0.77365,0.9121600000000001,0.655405,1.0,0.5,0.5,0.5,0.5,0.68581,0.0,0.66554,0.0,0.5,0.5,0.5,0.5,0.28715999999999997,0.0,1.0,0.0,0.7770250000000001,0.381755,0.5,0.5,0.5,0.5,2
1.0,0.0,0.9716549999999999,0.599795,0.98066,0.7040150000000001,0.90257,0.782845,0.783435,0.85415,0.70918,0.91615,0.574695,0.947445,0.525835,0.96841,0.37629,0.9196949999999999,0.285945,0.8777699999999999,0.248745,0.8128150000000001,0.172425,0.75214,0.15574500000000002,0.65456,0.11451499999999998,0.578095,0.12297000000000002,0.478005,0.12400499999999998,0.410395,0.16534,0.32816500000000004,1
1.0,0.0,0.736685,0.597635,0.531065,0.408285,0.81158,0.50503,0.7278100000000001,0.47781,0.782545,0.508875,0.723375,0.637575,0.85799,0.48077,0.778105,0.56213,0.7071000000000001,0.55769,0.763835,0.5142100000000001,0.755915,0.446745,0.739645,0.488165,0.7325699999999999,0.516295,0.7677499999999999,0.62574,0.6597649999999999,0.427515,0.673075,0.49852,1
1.0,0.0,0.9735050000000001,0.49983,0.966035,0.483865,0.975885,0.482845,0.97792,0.51223,0.97062,0.50883,0.962975,0.52344,0.96977,0.492695,0.9741850000000001,0.51002,0.96892,0.506965,0.95703,0.538385,0.94735,0.53074,0.96994,0.515965,0.962445,0.51271,0.9606,0.51121,0.962295,0.50221,0.9634849999999999,0.497115,1
1.0,0.0,0.7339249999999999,0.55654,0.7948999999999999,0.503325,0.7771600000000001,0.53437,0.73947,0.430155,0.764965,0.50665,0.8192900000000001,0.41907,0.839245,0.48337,0.772725,0.432375,0.764965,0.47672,0.73947,0.40244,0.75388,0.432375,0.707315,0.399115,0.76965,0.442725,0.799335,0.48559,0.768295,0.44124,0.781595,0.477825,1
1.0,0.0,1.0,0.517645,1.0,0.591405,1.0,0.63484,1.0,0.62534,1.0,0.64389,1.0,0.693215,1.0,0.65837,1.0,0.828505,1.0,0.7692300000000001,1.0,0.806335,1.0,0.797285,0.947965,0.84163,0.9475100000000001,0.85687,0.9280550000000001,0.835745,0.871945,0.9280550000000001,0.8574649999999999,0.879185,1
1.0,0.0,0.171875,0.578125,0.53125,0.5,0.5,0.53125,0.8125,0.53125,0.59375,0.5,0.484375,0.546875,0.53125,0.5,0.578125,0.421875,0.71875,0.3125,0.5,0.453125,0.5,0.5,0.515625,0.265625,0.515625,0.5,0.140625,0.515625,0.484375,0.5,0.5,0.546875,2
1.0,0.0,1.0,0.556925,0.850095,0.43928,0.9079699999999999,0.548385,0.855785,0.505695,0.780835,0.4611,0.84535,0.56262,0.7931699999999999,0.519925,0.765655,0.48292,0.8472500000000001,0.58444,0.86338,0.536055,0.66034,0.52941,0.766605,0.686905,0.74545,0.589755,0.5759,0.6622399999999999,0.720705,0.594485,0.780835,0.5759,1
1.0,0.0,0.984665,0.50438,1.0,0.504215,0.99329,0.496185,0.98934,0.48578,0.9991,0.48245,1.0,0.493645,1.0,0.487095,1.0,0.494125,0.992425,0.500125,1.0,0.48694,1.0,0.47628,0.9800949999999999,0.477365,0.99594,0.482635,0.9851,0.48761,1.0,0.480725,0.9921,0.47944,1
1.0,0.0,0.5,0.5,0.5,0.5,0.5,0.5,0.5,0.5,1.0,0.333335,0.583335,0.6302099999999999,0.5,0.5,0.5,0.5,0.5,0.5,0.40104,0.390625,0.416665,0.953125,0.0,0.75,0.520835,0.875,0.385415,0.0,0.4375,0.364585,0.40104,0.03125,2
1.0,0.0,1.0,0.292715,1.0,0.880655,0.9353,0.592965,1.0,0.45037499999999997,0.96922,0.73995,0.82726,0.4196,1.0,0.504395,0.988065,0.24936999999999998,0.9001250000000001,0.377515,0.9403250000000001,0.404525,1.0,0.43844,0.967965,0.55339,0.96445,0.46375500000000003,1.0,0.36306499999999997,0.71985,0.599245,0.75691,0.47299,1
1.0,0.0,0.65517,0.448275,0.62069,0.448275,0.60345,0.465515,0.537025,0.472845,0.518245,0.481555,0.508535,0.488085,0.503705,0.49259,0.501405,0.495535,0.50039,0.497385,0.499985,0.498505,0.49986,0.49917,0.499845,0.49955,0.499875,0.49976,0.49991,0.49988,0.49994,0.49994,0.49996,0.49997,1
1.0,0.0,0.96218,0.68462,0.85988,0.8421000000000001,0.646515,0.97039,0.44446,0.8826350000000001,0.34197500000000003,0.9622649999999999,0.16692,0.89383,0.039275000000000004,0.71157,0.028424999999999978,0.547925,0.0,0.515955,0.16784500000000002,0.16860999999999998,0.26995,0.10913,0.43257,0.059589999999999976,0.5988249999999999,0.07431500000000002,0.74452,0.14876499999999998,0.84943,0.26976,0.8803300000000001,0.43403,1
0.0,0.0,1.0,1.0,1.0,0.0,1.0,1.0,1.0,1.0,1.0,1.0,1.0,1.0,1.0,1.0,1.0,0.0,0.0,1.0,0.0,1.0,0.0,1.0,1.0,0.0,1.0,1.0,0.0,1.0,0.0,0.0,0.0,1.0,2
1.0,0.0,0.8,0.516665,0.816665,0.533335,0.85,0.533335,0.85,0.5,0.816665,0.5,0.9,0.5,0.866665,0.5,0.85,0.55,0.8333349999999999,0.55,0.866665,0.483335,0.883335,0.5,0.816665,0.566665,0.8296600000000001,0.55084,0.8,0.566665,0.8,0.583335,0.816665,0.583335,1
1.0,0.0,1.0,0.512305,0.99836,0.524305,0.987725,0.5357149999999999,0.808725,0.0,0.9551799999999999,0.555735,0.94231,0.7682,0.910385,0.570685,0.884645,0.575945,1.0,0.705015,0.82925,0.581855,0.80069,0.58258,0.77223,0.58195,0.744335,0.580095,0.717405,0.57718,0.69176,0.573385,1.0,1.0,2
1.0,0.0,0.645365,0.550125,0.61654,0.586465,0.518795,0.67168,0.56015,0.63158,0.53133,0.606515,0.476375,0.563835,0.468335,0.539535,0.46836,0.520485,0.472845,0.50704,0.47917,0.4986,0.48562,0.49412,0.491225,0.492475,0.49557,0.492625,0.4986,0.49375,0.50048,0.49526,0.50145,0.496765,1
1.0,0.0,0.9440200000000001,0.69069,0.82963,0.847155,0.64574,0.93946,0.46637,0.9506749999999999,0.30201500000000003,0.9022049999999999,0.17713,0.78251,0.0852,0.63453,0.1053,0.458975,0.1861,0.34529,0.266815,0.22197499999999998,0.417755,0.17831000000000002,0.54781,0.19472499999999998,0.65203,0.25804,0.716135,0.35081,0.7351449999999999,0.452695,0.7107600000000001,0.5627800000000001,1
1.0,0.0,0.66417,0.5126,0.57618,0.60639,0.574595,0.870015,0.37146999999999997,0.9616199999999999,0.44844,0.5969,0.19324000000000002,0.62893,0.02973500000000001,0.472955,0.434415,0.428355,0.348425,0.276925,0.442955,0.072015,0.51334,0.38607,0.63971,0.46852499999999997,0.668685,0.44062,0.638285,0.442955,0.57539,0.56648,0.560985,0.60234,1
1.0,0.0,1.0,0.502165,1.0,0.493955,1.0,0.4852,1.0,0.46493,0.989195,0.46872,1.0,0.46728000000000003,0.986305,0.460415,0.962805,0.43167500000000003,0.97092,0.428365,0.9979450000000001,0.42876000000000003,0.974075,0.432175,0.947345,0.395745,0.945335,0.410455,0.92822,0.40724,0.918885,0.399495,0.919335,0.39617,1
1.0,0.0,0.835325,0.51264,0.8331299999999999,0.525155,0.7859849999999999,0.593805,0.54388,0.670405,0.8181050000000001,0.560655,0.810495,0.571425,0.893185,0.55488,0.791865,0.590755,0.571975,0.70612,0.76944,0.60663,0.7571,0.613125,0.74419,0.61862,0.730835,0.62309,0.717165,0.62653,0.703315,0.62896,1.0,0.66518,1
1.0,0.0,0.59295,0.416665,0.5,0.5,0.5,0.5,0.5,0.5,0.5,0.5,0.55769,0.40464500000000003,0.5,0.5,0.5,0.5,0.5,0.5,0.5,0.5,0.47436,0.467145,0.539265,0.54487,0.5865400000000001,0.445515,0.5625,0.548075,0.51282,0.47596,0.584135,0.597755,2
1.0,0.0,0.926045,0.69626,0.694435,0.88216,0.54429,0.994515,0.286875,0.94372,0.11885499999999999,0.7499,0.034540000000000015,0.55384,0.07050000000000001,0.34478,0.16985,0.22369,0.4037,0.069685,0.64222,0.09752,0.823245,0.32384999999999997,0.88907,0.38338,0.85849,0.606715,0.68915,0.79155,0.5983350000000001,0.831575,0.443925,0.824665,1
1.0,0.0,0.980435,0.5431,0.9838,0.596395,0.98013,0.637255,0.99022,0.67526,0.9643349999999999,0.731405,0.931325,0.7625850000000001,0.9141,0.7939700000000001,0.8662099999999999,0.845325,0.8450150000000001,0.8657,0.772365,0.8441000000000001,0.741695,0.880985,0.703075,0.873445,0.667005,0.91898,0.6247199999999999,0.9303049999999999,0.56878,0.934175,0.54524,0.931425,1
1.0,0.0,0.809285,0.55425,0.85347,0.465325,0.85179,0.50839,0.871365,0.50112,0.855145,0.57886,0.8579399999999999,0.49888,0.8987700000000001,0.533,0.918345,0.417225,0.8433999999999999,0.4547,0.81264,0.49329,0.80481,0.558725,0.856265,0.45246,0.849225,0.491635,0.8165549999999999,0.52405,0.8942950000000001,0.474275,0.826065,0.47651,1
1.0,0.0,0.958835,0.59099,0.93045,0.6777150000000001,0.864365,0.728735,0.802125,0.849325,0.75188,0.87461,0.6805,0.908975,0.57832,0.91779,0.50198,0.92605,0.41805000000000003,0.889265,0.32001999999999997,0.880965,0.284565,0.826925,0.2343,0.7694300000000001,0.19835999999999998,0.70486,0.17744500000000002,0.63669,0.17145,0.568335,0.17972,0.52697,1
1.0,0.0,0.5,0.5,0.5,0.5,1.0,1.0,0.0,0.0,0.5,0.5,1.0,0.444445,0.5,0.5,0.5,0.5,0.0,1.0,1.0,1.0,1.0,0.0,0.5,0.5,1.0,0.0,0.5,0.5,0.5,0.5,1.0,1.0,2
1.0,0.0,0.49068,0.45770500000000003,0.5,0.5,0.5,0.5,0.55735,0.36595,0.271685,0.30913999999999997,0.5,0.5,0.33172,0.69301,0.31433500000000003,0.57509,0.81864,0.610575,0.5,0.5,0.5,0.5,0.425985,0.49337,0.603225,0.48853,0.5,0.5,0.582975,0.62043,0.45896,0.690325,2
1.0,0.0,1.0,0.5,1.0,0.5,0.75,0.75,0.875,0.5,0.956005,0.56047,0.945335,0.5710500000000001,0.9346099999999999,0.58114,0.875,0.625,0.875,0.75,0.875,0.5,1.0,0.375,0.75,0.75,0.86972,0.63194,0.875,0.625,0.848175,0.64537,0.837465,0.651465,1
1.0,0.0,0.9785200000000001,0.439525,0.8165899999999999,0.43655,0.981825,0.40879,0.9851300000000001,0.5423,0.9600150000000001,0.49438,0.9177150000000001,0.376405,1.0,0.343025,0.996365,0.39392,0.99339,0.39491,1.0,0.364175,0.96563,0.30271000000000003,1.0,0.403835,0.9439649999999999,0.342175,0.9071400000000001,0.38136000000000003,0.9454750000000001,0.340715,0.847655,0.29213500000000003,1
1.0,0.0,0.92355,0.567665,0.86819,0.469245,0.939365,0.5413,0.9446399999999999,0.454305,0.893675,0.53339,0.90334,0.498245,0.8963099999999999,0.49473,0.92882,0.477155,0.9358500000000001,0.482425,0.9086099999999999,0.45255,0.85501,0.52197,0.932335,0.42443,0.905735,0.47589,0.891035,0.496485,0.878735,0.46660999999999997,0.92882,0.469245,1
1.0,0.0,1.0,0.5,1.0,0.5,0.8333349999999999,0.555555,1.0,0.444445,0.944445,0.444445,1.0,0.38889,0.88889,0.5,0.88889,0.5,1.0,0.444445,0.88889,0.444445,0.8333349999999999,0.444445,0.8333349999999999,0.5,0.951735,0.47324,1.0,0.555555,0.944445,0.444445,1.0,0.5,1
1.0,0.0,0.67347,0.60204,0.734695,0.62245,0.70408,0.60204,0.734695,0.72449,0.65306,0.79592,0.561225,0.7755099999999999,0.5,0.7551,0.46939,0.7755099999999999,0.39796,0.7755099999999999,0.357145,0.72449,0.357145,0.663265,0.19388,0.612245,0.26710500000000004,0.574475,0.20407999999999998,0.591835,0.32653,0.5,0.36734500000000003,0.37755,1
1.0,0.0,1.0,1.0,0.0,1.0,0.0,0.08772000000000002,0.673245,0.6052649999999999,0.7302649999999999,0.53509,0.614035,0.52851,0.67544,0.673245,0.864035,0.480265,0.614035,0.76535,0.5,0.5,0.350875,0.41886,1.0,0.166665,1.0,0.0,1.0,0.377195,0.67544,0.600875,0.9144749999999999,0.539475,2
1.0,0.0,0.607145,0.45238,0.6666650000000001,0.5357149999999999,0.59524,0.59524,0.61905,0.54762,0.70238,0.511905,0.65476,0.47619,0.65476,0.47619,0.642855,0.440475,0.6666650000000001,0.52381,0.65476,0.5,0.607145,0.440475,0.67857,0.47619,0.610545,0.48855,0.59524,0.5,0.584985,0.48983,0.57347,0.490615,1
1.0,0.0,0.7992,0.70166,0.914045,0.902605,0.8800049999999999,0.853545,0.92005,0.44508000000000003,0.9865550000000001,0.539905,0.97912,0.07136500000000001,0.95981,0.9422200000000001,0.97726,0.47397,0.943365,0.5906750000000001,0.9924200000000001,0.15203,0.93335,0.07122499999999998,0.64302,0.349685,1.0,0.58538,0.81479,0.7133849999999999,0.938785,0.905035,0.909895,0.84411,2
1.0,0.0,1.0,0.52039,1.0,0.55991,1.0,0.580795,1.0,0.639605,0.9935149999999999,0.6544449999999999,0.9637249999999999,0.688195,0.9555899999999999,0.698745,0.9096949999999999,0.730295,0.893095,0.73497,0.897,0.7814099999999999,0.851655,0.790645,0.835385,0.7986150000000001,0.7945150000000001,0.80495,0.76976,0.8046599999999999,0.72656,0.81818,0.70221,0.8132900000000001,1
1.0,0.0,0.837735,0.52264,0.884905,0.44717,0.88679,0.51887,0.83019,0.47736,0.82264,0.50566,0.83396,0.43019,0.860375,0.48868,0.884905,0.543395,0.809435,0.460375,0.879245,0.38112999999999997,0.86981,0.426415,0.9245300000000001,0.42453,0.8694299999999999,0.470995,0.83396,0.51132,0.932075,0.51887,0.8660399999999999,0.503775,1
1.0,0.0,0.97299,0.486575,0.0,0.630655,0.318035,0.678195,0.84629,0.182865,1.0,0.483235,0.3549,0.49725,0.22574,0.57726,0.959605,0.26865,1.0,0.24788,0.351325,0.34273,0.13068000000000002,0.686805,0.91936,0.26633,0.7610399999999999,0.20934999999999998,1.0,0.193035,0.45183,0.602385,0.469415,0.709565,2
1.0,0.0,0.9703999999999999,0.559665,0.92869,0.50519,0.92562,0.50773,0.88483,0.49861,0.922295,0.55458,0.916445,0.515135,0.9134,0.51753,0.87419,0.509715,0.900095,0.512025,0.90431,0.524505,0.901295,0.52676,0.88668,0.5111,0.8952899999999999,0.531175,0.9296949999999999,0.546255,0.8893150000000001,0.53545,0.8863449999999999,0.53754,1
1.0,0.0,1.0,0.45238,0.0,0.0,0.0,0.0,1.0,0.65873,0.906745,0.88095,0.0,0.0,0.0,1.0,0.73682,1.0,1.0,1.0,0.844195,0.0,0.0,0.0,0.914685,0.68254,1.0,1.0,1.0,0.75397,0.0,0.3373,0.0,0.864155,2
1.0,0.0,0.541665,0.396575,0.0,1.0,0.0,1.0,0.859375,0.735865,0.089285,0.18638500000000002,0.0,0.0,0.0,1.0,0.486235,0.79576,0.289435,0.289435,0.12685999999999997,0.0,0.0,0.265995,0.0,0.61905,1.0,0.0,0.0,0.30543,0.0,0.0,0.0,0.8072900000000001,2
1.0,0.0,0.949175,0.675785,0.836665,0.811165,0.71949,0.971765,0.481785,0.90255,0.38581,0.8766700000000001,0.374315,0.74408,0.213115,0.642075,0.16625,0.552955,0.263205,0.469035,0.09472000000000003,0.469945,0.334015,0.26204,0.435515,0.2319,0.53579,0.240375,0.621605,0.28261000000000003,0.68293,0.349715,0.714025,0.566485,1
1.0,0.0,0.5,0.5,0.5,0.5,0.5,0.5,0.0,1.0,0.5,0.5,1.0,0.686665,0.44,0.44,0.5,0.5,0.0,0.0,0.5,0.5,1.0,0.0,0.5,0.5,1.0,0.613335,0.5,0.5,0.5,0.5,0.5,0.5,2
1.0,0.0,1.0,0.548855,1.0,0.560985,1.0,0.61287,0.99301,0.546185,0.97465,0.596055,0.96496,0.62144,0.946205,0.641715,0.927645,0.633605,0.91828,0.665645,0.916965,0.65849,0.874145,0.697985,0.880965,0.6732899999999999,0.84226,0.71373,0.81382,0.730155,0.783955,0.7351650000000001,0.7712600000000001,0.754515,1
1.0,0.0,1.0,0.41842,1.0,0.44915499999999997,0.999995,0.42401500000000003,1.0,0.403615,0.970275,0.324245,0.978675,0.351075,0.968595,0.32794,0.97243,0.35947,0.950685,0.28308500000000003,0.930215,0.26346,0.914935,0.2439,0.9204,0.26431499999999997,0.88112,0.20815,0.828615,0.15603,0.8435699999999999,0.177315,0.823635,0.16387000000000002,1
1.0,0.0,1.0,0.03773500000000002,1.0,0.8773599999999999,0.745285,0.4717,0.81132,0.5,1.0,0.49973,0.726415,0.537735,0.81132,0.4717,0.99439,0.499575,0.76415,0.5,0.76415,0.537735,0.97595,0.49944,1.0,0.896225,0.96096,0.49936,0.9717,0.0,1.0,0.71698,0.71698,0.443395,1
1.0,0.0,0.91127,0.46214,0.90231,0.501155,0.93757,0.49393,0.934105,0.46243,0.86416,0.44133,0.9231199999999999,0.525145,0.915605,0.463005,0.87399,0.533525,0.8916200000000001,0.53179,0.9338150000000001,0.48815,0.89422,0.46994,0.872255,0.48815,0.8835850000000001,0.486345,0.8702300000000001,0.46185,0.85029,0.4789,0.8921950000000001,0.50607,1
0.0,0.0,0.0,1.0,1.0,1.0,0.5,0.5,1.0,0.0,1.0,0.0,1.0,0.0,0.0,0.0,0.5,0.5,0.0,0.0,0.5,0.5,0.5,0.5,0.0,0.0,1.0,0.0,1.0,1.0,0.0,0.0,0.5,0.5,2
1.0,0.0,0.918945,0.71452,0.860565,0.791925,0.728125,0.890575,0.58235,0.91366,0.43494,0.934735,0.269115,0.892485,0.20282499999999998,0.7603500000000001,0.10765000000000002,0.632645,0.07993,0.51964,0.189795,0.343245,0.26294,0.255475,0.31351,0.16102,0.47473,0.18654500000000002,0.57345,0.270445,0.685465,0.304165,0.741595,0.37843499999999997,1
1.0,0.0,1.0,0.54901,1.0,0.625505,0.99195,0.66522,0.901825,0.7651,0.874885,0.801485,0.7846850000000001,0.85971,0.776555,0.870395,0.64726,0.910965,0.605685,0.8988849999999999,0.548545,0.91081,0.49133,0.89935,0.42428,0.87798,0.385805,0.845935,0.341435,0.80474,0.298545,0.77261,0.285925,0.72267,1
0.0,0.0,1.0,0.0,1.0,1.0,1.0,1.0,1.0,1.0,1.0,1.0,1.0,0.0,1.0,1.0,1.0,1.0,1.0,0.0,1.0,0.0,1.0,0.0,1.0,0.0,1.0,1.0,1.0,0.0,1.0,1.0,1.0,1.0,2
0.0,0.0,0.0,0.0,0.5,0.5,0.5,0.5,0.5,0.5,0.5,0.5,0.5,0.5,1.0,0.0,0.5,0.5,0.0,0.0,0.5,0.5,1.0,1.0,1.0,0.0,1.0,0.0,0.5,0.5,0.5,0.5,0.5,0.5,2
1.0,0.0,0.973265,0.6435649999999999,0.86277,0.83624,0.73782,0.912275,0.506335,0.9455450000000001,0.375645,0.922375,0.26178,0.780395,0.12059500000000001,0.708715,0.167725,0.53604,0.17287000000000002,0.402375,0.23762499999999998,0.28,0.34574499999999997,0.224555,0.479405,0.17603999999999997,0.580425,0.21789999999999998,0.68376,0.290495,0.730295,0.38732500000000003,0.75188,0.4701,1
1.0,0.0,0.950735,0.7089300000000001,0.820655,0.878625,0.6522,0.97574,0.39775499999999997,0.9826699999999999,0.22258499999999998,0.9059550000000001,0.09071499999999999,0.754745,0.015069999999999972,0.551725,0.04271999999999998,0.34294,0.149185,0.172695,0.33823000000000003,0.055005000000000026,0.529325,0.02914,0.722415,0.08922999999999998,0.870525,0.22384500000000002,0.947075,0.406375,0.939465,0.601795,0.8527750000000001,0.77426,1
1.0,0.0,0.5,0.5,0.0,0.0,0.0,1.0,0.5,0.5,0.0,1.0,1.0,1.0,1.0,0.0,0.5,0.5,0.5,0.5,0.0,0.0,0.0,1.0,1.0,0.71875,1.0,0.0,0.5,0.5,0.0,0.0,0.0,1.0,2
1.0,0.0,1.0,0.35786,1.0,0.37327,0.973115,0.32453,1.0,0.34717,0.96368,0.254715,0.95409,0.279405,0.8786149999999999,0.205505,0.84874,0.209905,0.798115,0.212105,0.842295,0.145125,0.7723249999999999,0.063365,0.74607,0.13333499999999998,0.67752,0.11973,0.63176,0.10880499999999999,0.58302,0.13427499999999998,0.56997,0.15000000000000002,1
1.0,0.0,0.9982249999999999,0.53234,1.0,0.49382,0.989055,0.51249,0.98056,0.51156,0.99637,0.53904,0.946615,0.55173,0.97106,0.526345,0.944045,0.5556,0.93052,0.543155,0.908165,0.55915,0.9183399999999999,0.57221,0.9066449999999999,0.56706,0.8973800000000001,0.56819,0.8955500000000001,0.576895,0.88561,0.57965,0.854705,0.560075,1
1.0,0.0,0.59733,0.528625,0.52099,0.625955,0.44721500000000003,0.7443299999999999,0.408395,0.408395,0.29007499999999997,0.530535,0.27290000000000003,0.5458,0.41794,0.34733,0.448475,0.301525,0.59351,0.412215,0.67006,0.440235,0.64313,0.419845,0.608225,0.62346,0.519565,0.6554599999999999,0.480915,0.63168,0.41603,0.58397,0.34923499999999996,0.33206,1
1.0,0.0,1.0,0.75,1.0,0.625,0.625,1.0,0.584255,0.9559,0.43332,0.90227,0.329465,0.803965,0.28090000000000004,0.68928,0.28168499999999996,0.583545,0.31662,0.50339,0.367615,0.45487500000000003,0.41911,0.43518,0.46109,0.43628,0.489555,0.44879,0.505165,0.46482,0.51112,0.47929,0.511245,0.489915,1
1.0,0.0,1.0,0.6208400000000001,1.0,0.74295,1.0,0.864865,1.0,1.0,1.0,1.0,1.0,1.0,1.0,0.88564,1.0,1.0,1.0,1.0,0.87234,1.0,0.9482349999999999,1.0,0.82314,1.0,0.691275,1.0,0.554095,1.0,0.41315,1.0,0.09308499999999997,1.0,1
0.0,0.0,1.0,1.0,1.0,0.0,0.5,0.5,0.5,0.5,0.0,0.0,0.5,0.5,0.5,0.5,0.0,1.0,1.0,1.0,0.0,1.0,0.0,1.0,1.0,0.0,1.0,1.0,0.0,1.0,1.0,1.0,0.5,0.5,2
1.0,0.0,0.0,0.640525,0.61111,0.575165,0.121535,0.14508,0.34640499999999996,0.85621,0.0,1.0,0.091505,0.669935,0.10457499999999997,0.48693,0.009805000000000008,0.08496500000000001,0.199345,0.22876000000000002,0.477125,0.08496500000000001,0.9705900000000001,0.02940999999999999,0.0,0.284315,0.8719250000000001,0.54588,0.0,0.526145,0.591505,0.51307,0.298995,0.258795,2
1.0,0.0,0.978295,0.5407150000000001,0.9874350000000001,0.471665,0.985825,0.45758,0.980485,0.467195,0.9735849999999999,0.506395,0.9771799999999999,0.416025,0.97306,0.402515,0.99815,0.33865999999999996,0.951715,0.32049,0.95714,0.36341999999999997,0.9507,0.35096499999999997,0.999495,0.296265,0.93622,0.32706999999999997,0.960295,0.346905,0.919755,0.304695,0.91083,0.29413500000000004,1
0.0,0.0,0.5,0.5,0.5,0.5,0.5,0.5,0.5,0.5,0.5,0.5,1.0,1.0,1.0,1.0,1.0,0.0,0.5,0.5,1.0,1.0,1.0,0.0,1.0,1.0,1.0,0.5,1.0,1.0,1.0,0.0,0.5,0.5,2
1.0,0.0,0.99091,0.5,0.9431350000000001,0.515655,0.931245,0.52286,0.9,0.5,0.8454550000000001,0.522725,0.8967149999999999,0.54218,0.88559,0.547895,0.813635,0.627275,0.84091,0.563635,0.85337,0.56304,0.84302,0.567465,0.872725,0.613635,0.822905,0.57544,0.836365,0.513635,0.8035749999999999,0.582325,0.7942,0.585385,1
1.0,0.0,0.8735200000000001,0.433795,0.768775,0.58498,0.8636349999999999,0.54743,0.847825,0.444665,0.83399,0.38241,0.9397249999999999,0.40415,0.868575,0.52075,0.815215,0.498025,0.81818,0.44071,0.896245,0.37351999999999996,0.832015,0.35672000000000004,0.83597,0.44763,0.8092349999999999,0.439795,0.800395,0.395255,0.687745,0.534585,0.805335,0.493085,1
1.0,0.0,0.934445,0.464445,1.0,0.48753,1.0,0.465555,0.93889,0.50111,0.91778,0.46778,1.0,0.463565,1.0,0.4,0.934445,0.526665,0.94,0.48111,1.0,0.44237,1.0,0.406665,0.92222,0.51778,1.0,0.42919,0.91111,0.426665,1.0,0.42195499999999997,1.0,0.27888999999999997,1
1.0,0.0,0.8802300000000001,0.50546,0.931675,0.50129,0.9291050000000001,0.50192,0.89994,0.51152,0.90752,0.56034,0.9154800000000001,0.50372,0.9090750000000001,0.50427,0.9138850000000001,0.46513,0.882655,0.519405,0.884895,0.50574,0.875355,0.50616,0.88569,0.498485,0.85443,0.506875,0.830805,0.504245,0.8314900000000001,0.50742,0.819435,0.507625,1
1.0,0.0,0.98516,0.42808,0.95662,0.49886,0.9828749999999999,0.414385,0.99315,0.591325,0.958905,0.50114,0.968035,0.457765,0.95662,0.49886,0.93379,0.45662,0.98516,0.393835,1.0,0.55137,0.960045,0.47374499999999997,0.96233,0.534245,0.970215,0.45374,0.98516,0.399545,0.92694,0.45662,0.9828749999999999,0.39041,1
1.0,0.0,0.747575,0.548545,0.64806,0.529125,0.674755,0.5,0.78641,0.487865,0.7912600000000001,0.512135,0.667475,0.52427,0.762135,0.502425,0.7354350000000001,0.4466,0.71602,0.502425,0.674755,0.529125,0.59466,0.62864,0.65534,0.424755,0.682735,0.519075,0.6966,0.58738,0.63107,0.5,0.686895,0.49029,1
1.0,0.0,1.0,0.558825,1.0,0.617645,1.0,0.7058800000000001,1.0,0.52941,1.0,0.617645,1.0,0.558825,1.0,0.735295,1.0,0.47059,1.0,0.441175,1.0,0.67647,1.0,0.7058800000000001,1.0,0.441175,1.0,0.601125,1.0,0.52941,1.0,0.67647,1.0,0.617645,1
1.0,0.0,1.0,0.46909,1.0,0.51471,1.0,0.474345,1.0,0.491465,1.0,0.44137,0.922465,0.47399,0.96696,0.46701,0.84585,0.463105,0.8286549999999999,0.398165,0.97455,0.34221,0.9042600000000001,0.34173,0.92466,0.32581,0.862645,0.35413,0.86547,0.30712,0.77178,0.36858,0.821035,0.302565,1
1.0,0.0,0.997695,0.470555,0.926215,0.51153,0.91699,0.31145999999999996,1.0,0.5188,0.926215,0.411225,0.798775,0.275275,0.8026800000000001,0.30888499999999997,0.92178,0.30729,0.79106,0.33904,0.7848550000000001,0.35163,0.6847300000000001,0.263215,0.784055,0.244145,0.70539,0.26916,0.60633,0.32955,0.711335,0.22756500000000002,0.593205,0.27349999999999997,1
0.0,0.0,0.5,0.5,0.5,0.5,0.5,0.5,0.5,0.5,0.5,0.5,0.5,0.5,0.5,0.5,0.5,0.5,0.5,0.5,0.5,0.5,0.5,0.5,0.5,0.5,1.0,0.5,0.5,0.5,0.5,0.5,0.5,0.5,2
1.0,0.0,0.663945,0.55521,0.57985,0.64654,0.5701,0.872425,0.37434500000000004,0.959965,0.417485,0.63332,0.18142999999999998,0.624325,0.011749999999999983,0.498315,0.383865,0.400455,0.34739,0.25556999999999996,0.42787,0.050045000000000006,0.546725,0.35542,0.641535,0.4072,0.697995,0.44251,0.655025,0.52807,0.6072150000000001,0.6027,0.56688,0.63211,1
1.0,0.0,0.97941,0.550645,1.0,0.49041,0.991565,0.512775,0.98487,0.45342,0.994775,0.48642,0.9899,0.48452,1.0,0.473285,1.0,0.474105,0.9692000000000001,0.507785,0.9881,0.45358,0.989445,0.47341,0.957835,0.421625,0.9783850000000001,0.465025,0.95489,0.506535,1.0,0.446015,0.96572,0.46556,1
1.0,0.0,1.0,1.0,1.0,0.75625,0.8125,0.0,1.0,1.0,0.5125,0.515625,1.0,1.0,0.5,0.5,1.0,0.0,1.0,1.0,1.0,1.0,0.65625,1.0,1.0,1.0,1.0,1.0,1.0,1.0,0.02812500000000001,1.0,0.5,0.5,2
1.0,0.0,1.0,0.48135,1.0,0.46308499999999997,0.998005,0.444805,0.99919,0.450345,0.994705,0.43093,0.9833700000000001,0.391525,0.97644,0.374505,0.95618,0.328,0.952905,0.33924,0.949955,0.326545,0.93937,0.311785,0.931065,0.28505,0.91586,0.28439000000000003,0.907165,0.28703500000000004,0.889595,0.260115,0.875575,0.24924000000000002,1
1.0,0.0,0.87458,0.512745,0.99497,0.54896,0.879275,0.564385,0.8715649999999999,0.45406,0.97921,0.51241,0.9896050000000001,0.497655,0.98055,0.550975,0.95741,0.51878,0.85513,0.513415,0.9061049999999999,0.45976,1.0,0.5,0.8588199999999999,0.493965,0.911355,0.51276,0.862175,0.494635,0.952045,0.55533,0.864185,0.51375,1
1.0,0.0,0.99083,0.50437,0.990515,0.48091,0.987825,0.471505,0.979735,0.46514500000000003,0.99502,0.47746500000000003,0.973565,0.44449,0.966845,0.43605,0.971085,0.442085,0.8984099999999999,0.404,0.94137,0.413065,0.9312849999999999,0.406305,0.942435,0.401555,0.909065,0.39432,0.89273,0.38068,0.884555,0.384525,0.871615,0.38049,1
1.0,0.0,0.9583349999999999,0.6458349999999999,0.9166650000000001,0.416665,0.8541650000000001,0.625,0.9375,0.458335,0.9583349999999999,0.520835,0.9166650000000001,0.5625,0.8541650000000001,0.5,0.9375,0.520835,1.0,0.541665,0.8333349999999999,0.458335,0.875,0.583335,0.9166650000000001,0.4375,0.91898,0.527515,1.0,0.604165,0.8541650000000001,0.5,0.8541650000000001,0.520835,1
1.0,0.0,1.0,0.42623,1.0,0.52459,0.7868850000000001,0.491805,0.82787,0.508195,0.92623,0.483605,0.860655,0.5,0.84426,0.418035,0.59836,0.42623,0.82779,0.41412,0.8360650000000001,0.516395,1.0,0.35246,0.65574,0.32787,0.761925,0.39837500000000003,0.6639349999999999,0.483605,0.639345,0.27869,0.7459,0.467215,2
1.0,0.0,0.9420999999999999,0.68362,0.835615,0.83691,0.6980649999999999,0.931995,0.51212,0.96591,0.32426,0.9185650000000001,0.19841999999999999,0.7942100000000001,0.10671000000000003,0.69389,0.08357500000000001,0.49679,0.15341,0.335185,0.23748000000000002,0.23037999999999997,0.36311499999999997,0.15937,0.50403,0.15113,0.63014,0.19661,0.722845,0.28308500000000003,0.771045,0.39229,0.7814300000000001,0.514115,1
1.0,0.0,0.924215,0.5339700000000001,0.90281,0.488505,0.885155,0.483505,0.8336250000000001,0.4669,0.79791,0.46167,0.8363,0.471145,0.8212999999999999,0.46781,0.695995,0.52265,0.85627,0.50697,0.7798499999999999,0.459805,0.76715,0.457735,0.73519,0.38589,0.743295,0.45436,0.763065,0.457315,0.7213849999999999,0.451895,0.7111149999999999,0.45096,1
1.0,0.0,0.973245,0.50446,0.986435,0.4987,0.99461,0.50186,0.979005,0.50799,0.97027,0.5176499999999999,0.986065,0.523595,0.993125,0.50929,0.9713849999999999,0.535675,0.992755,0.49647,0.98885,0.5249,0.9817899999999999,0.53549,0.96637,0.540505,0.976215,0.52178,0.987365,0.50409,0.989225,0.535305,1.0,0.4987,1
1.0,0.0,0.952735,0.705565,0.82677,0.8738049999999999,0.649605,0.979525,0.43329,0.9891,0.23881999999999998,0.916315,0.101715,0.7754300000000001,0.016845,0.57596,0.034995,0.37223,0.140685,0.20310499999999998,0.29227000000000003,0.07397500000000001,0.48875,0.031059999999999977,0.68159,0.07316,0.83769,0.190205,0.9298850000000001,0.359385,0.94327,0.549,0.877475,0.731505,1
1.0,0.0,0.75,0.5,0.69348,0.552175,0.74565,0.53261,0.734785,0.480435,0.67826,0.436955,0.72826,0.523915,0.752175,0.513045,0.67826,0.597825,0.71087,0.573915,0.71087,0.486955,0.6608700000000001,0.44348,0.736955,0.49565,0.7089449999999999,0.53454,0.69348,0.519565,0.676085,0.573915,0.723915,0.586955,1
1.0,0.0,0.98857,0.595245,0.913415,0.731295,0.8588549999999999,0.79366,0.73984,0.9213899999999999,0.657045,0.9632149999999999,0.551445,0.969725,0.43373,0.92145,0.3399,0.9581200000000001,0.23927500000000002,0.897625,0.15863,0.74754,0.11296,0.667685,0.07312000000000002,0.589245,0.08343,0.49321,0.08817000000000003,0.403395,0.163555,0.33169000000000004,0.200285,0.2515,1
0.0,0.0,1.0,1.0,1.0,0.0,1.0,0.0,1.0,1.0,0.5,0.5,1.0,0.0,0.5,0.5,0.5,0.5,0.5,0.5,0.0,1.0,1.0,1.0,0.5,0.5,1.0,1.0,0.5,0.5,0.0,0.0,0.5,0.5,2
