0.0,0.0,1.0,1.0,1.0,0.0,0.5,0.5,0.5,0.5,1.0,1.0,1.0,1.0,0.0,0.0,1.0,0.0,0.0,1.0,0.5,0.5,1.0,0.0,1.0,0.0,1.0,1.0,0.0,0.0,0.5,0.5,0.5,0.5,2
1.0,0.0,0.69643,0.761905,0.10587999999999997,0.55671,0.41686,0.11810999999999999,0.8333349999999999,0.50595,0.9107149999999999,0.70238,0.16385,0.653645,0.326015,0.18166,0.732145,0.57738,0.77381,0.52976,0.24085,0.724805,0.261745,0.26203,0.6607149999999999,0.85119,0.759855,0.69424,0.7857149999999999,0.69643,0.225545,0.350425,0.627205,0.22081499999999998,2
1.0,0.0,1.0,0.52906,0.9726250000000001,0.53709,0.99976,0.566155,1.0,0.490445,0.9742299999999999,0.535165,0.978565,0.57322,0.97431,0.55612,0.95448,0.600595,0.983705,0.581325,0.998475,0.57129,0.95392,0.58205,0.9583349999999999,0.612155,0.942115,0.617855,0.94284,0.612555,0.8916200000000001,0.64788,0.91787,0.65583,1
1.0,0.0,1.0,0.5,1.0,0.5,0.75,0.75,0.875,0.5,0.956005,0.56047,0.945335,0.5710500000000001,0.9346099999999999,0.58114,0.875,0.625,0.875,0.75,0.875,0.5,1.0,0.375,0.75,0.75,0.86972,0.63194,0.875,0.625,0.848175,0.64537,0.837465,0.651465,1
1.0,0.0,0.7339249999999999,0.55654,0.7948999999999999,0.503325,0.7771600000000001,0.53437,0.73947,0.430155,0.764965,0.50665,0.8192900000000001,0.41907,0.839245,0.48337,0.772725,0.432375,0.764965,0.47672,0.73947,0.40244,0.75388,0.432375,0.707315,0.399115,0.76965,0.442725,0.799335,0.48559,0.768295,0.44124,0.781595,0.477825,1
1.0,0.0,0.843645,1.0,0.959865,0.11956499999999998,0.908865,0.52174,0.8804350000000001,0.55351,0.933945,0.86873,0.8503350000000001,0.591135,0.8795999999999999,0.56856,0.96739,0.37458,0.85368,0.593645,0.824415,0.62291,0.801005,0.8871249999999999,1.0,0.23076999999999998,0.94631,0.61108,0.85535,0.7692300000000001,1.0,0.46738999999999997,0.78261,0.619565,2
0.0,0.0,0.0,0.0,0.5,0.5,0.0,1.0,1.0,0.3125,0.5,0.5,0.5,0.5,0.5,0.5,1.0,0.0,0.0,0.0,1.0,0.0,0.5,0.5,1.0,0.0,0.0,1.0,0.0,0.0,0.5,0.5,0.0,1.0,2
1.0,0.0,0.799435,0.573445,0.84934,0.43032,0.92561,0.43032,0.904895,0.51224,0.752355,0.514125,0.8371,0.4774,0.9039550000000001,0.43126,0.7570600000000001,0.37759,0.9077200000000001,0.428435,0.851225,0.498115,0.6666650000000001,0.531075,0.780605,0.334275,0.80722,0.415815,0.763655,0.48964,0.769305,0.34369,0.8371,0.38983,1
1.0,0.0,0.9352400000000001,0.6901349999999999,0.820495,0.84606,0.6567350000000001,0.933125,0.480335,0.9537,0.28913500000000003,0.89673,0.14719500000000002,0.7578,0.09475499999999998,0.613675,0.09432000000000001,0.437305,0.16263,0.30949,0.30833,0.185695,0.434935,0.14619,0.57776,0.16789500000000002,0.69272,0.24216,0.762865,0.350515,0.781195,0.47031,0.7573,0.583225,1
1.0,0.0,0.947945,0.69643,0.8306450000000001,0.85902,0.647605,0.9541200000000001,0.476065,0.972075,0.27137500000000003,0.923025,0.11170000000000002,0.792555,0.03590500000000002,0.625665,0.03859000000000001,0.423425,0.11968000000000001,0.25798,0.24534499999999998,0.11901499999999998,0.425525,0.05704500000000001,0.607905,0.07148500000000002,0.7661450000000001,0.15703499999999998,0.8742300000000001,0.29672,0.91571,0.464855,0.8843099999999999,0.63963,1
1.0,0.0,0.69697,0.37879,0.813275,0.50635,0.727275,0.545455,0.81818,0.545455,0.60606,0.39394,0.78788,0.57576,0.69697,0.5,0.78078,0.522805,0.757575,0.51515,0.89394,0.59091,0.6515150000000001,0.42424,0.74263,0.529645,0.73181,0.53071,0.6666650000000001,0.48485,0.70928,0.53205,0.69697,0.62121,1
1.0,0.0,0.977795,0.499225,0.932105,0.43378,0.9749099999999999,0.497695,0.914045,0.244145,0.962205,0.55184,1.0,0.428765,0.99632,0.48729,0.979265,0.42241,0.920065,0.8086949999999999,1.0,0.418395,0.93746,0.457525,0.928705,0.49168,0.92066,0.491155,0.9121349999999999,0.490665,0.90317,0.490215,0.893805,0.489805,1
1.0,0.0,0.8735200000000001,0.433795,0.768775,0.58498,0.8636349999999999,0.54743,0.847825,0.444665,0.83399,0.38241,0.9397249999999999,0.40415,0.868575,0.52075,0.815215,0.498025,0.81818,0.44071,0.896245,0.37351999999999996,0.832015,0.35672000000000004,0.83597,0.44763,0.8092349999999999,0.439795,0.800395,0.395255,0.687745,0.534585,0.805335,0.493085,1
1.0,0.0,0.5,0.5,1.0,0.7586200000000001,0.5,0.5,0.554955,0.0,0.5,0.5,0.5,0.5,0.0,0.38793,0.221445,0.083515,0.8847,0.815735,0.5,0.5,0.7672399999999999,0.6783399999999999,0.04848999999999998,0.72414,1.0,0.0,0.0,0.9078649999999999,0.5,0.5,0.5,0.5,2
1.0,0.0,0.5273,0.507185,0.48707,0.52299,0.507185,0.52299,0.461205,0.50431,0.50862,0.466955,0.48132,0.52155,0.458335,0.47701,0.452585,0.54023,0.479885,0.52586,0.510055,0.511495,0.48132,0.494255,0.515805,0.49569,0.50431,0.50862,0.51293,0.505745,0.51293,0.505745,0.47701,0.497125,2
1.0,0.0,0.96829,0.675535,0.87627,0.8282,0.727855,0.9428799999999999,0.576615,0.97888,0.391125,0.9815050000000001,0.217325,0.9169849999999999,0.10624499999999998,0.790225,0.03448000000000001,0.6301,0.03179500000000002,0.46791,0.06485999999999997,0.295255,0.174605,0.16268,0.316005,0.075245,0.47711,0.04389500000000002,0.6366499999999999,0.07118999999999998,0.774135,0.151935,0.8741399999999999,0.279135,1
1.0,0.0,0.867615,0.308535,0.900755,0.55139,0.89413,0.57633,0.7779,0.52626,1.0,0.606125,0.859735,0.6447700000000001,0.84399,0.664625,0.74836,0.586435,0.821665,0.485775,0.786995,0.7126399999999999,0.7656000000000001,0.72436,0.97265,0.7877449999999999,0.72087,0.741,0.562365,1.0,0.67535,0.748605,0.65294,0.749155,1
0.0,0.0,0.0,1.0,0.5,0.5,0.5,0.5,0.0,1.0,1.0,1.0,0.5,0.5,0.5,0.5,1.0,0.0,0.0,1.0,1.0,1.0,0.5,0.5,0.0,0.0,1.0,0.0,1.0,1.0,0.0,1.0,0.5,0.5,2
1.0,0.0,0.7354499999999999,0.613755,0.71164,0.66799,0.628305,0.738095,0.50926,0.747355,0.48942,0.7698400000000001,0.329365,0.656085,0.29364999999999997,0.6627000000000001,0.24206499999999997,0.53439,0.25,0.44179999999999997,0.425925,0.42725,0.425925,0.309525,0.3836,0.501325,0.51787,0.34130499999999997,0.579365,0.39153499999999997,0.62434,0.378305,0.6335999999999999,0.521165,1
1.0,0.0,0.917135,0.695605,0.7702,0.892895,0.56163,0.94701,0.333895,0.91789,0.14956999999999998,0.79782,0.06689,0.609545,0.07779000000000003,0.37918,0.20143,0.19052999999999998,0.40323,0.06106499999999998,0.562195,0.054680000000000006,0.755545,0.13773000000000002,0.895715,0.36133000000000004,0.9150400000000001,0.54359,0.8329599999999999,0.745395,0.68771,0.850055,0.480085,0.89722,1
1.0,0.0,0.92868,0.500375,0.909635,0.47162,0.887605,0.47909,0.921585,0.545185,0.93129,0.559745,0.9402550000000001,0.46938,0.89171,0.51755,0.918595,0.46602,0.91785,0.42905,0.940625,0.505975,0.952575,0.5112,0.8984300000000001,0.49029,0.911915,0.48161,0.940625,0.467885,0.86968,0.49029,0.895445,0.45407,1
1.0,0.0,0.92355,0.567665,0.86819,0.469245,0.939365,0.5413,0.9446399999999999,0.454305,0.893675,0.53339,0.90334,0.498245,0.8963099999999999,0.49473,0.92882,0.477155,0.9358500000000001,0.482425,0.9086099999999999,0.45255,0.85501,0.52197,0.932335,0.42443,0.905735,0.47589,0.891035,0.496485,0.878735,0.46660999999999997,0.92882,0.469245,1
1.0,0.0,1.0,0.64023,1.0,0.512385,1.0,0.53882,1.0,0.521585,0.9938100000000001,0.66633,1.0,0.527445,1.0,0.52192,0.97875,0.37701,0.921855,0.45666,1.0,0.52075,0.999665,0.63688,1.0,0.30472,0.98207,0.48913,0.933735,0.6168,0.97289,0.389895,0.901775,0.463355,1
1.0,0.0,0.980435,0.5431,0.9838,0.596395,0.98013,0.637255,0.99022,0.67526,0.9643349999999999,0.731405,0.931325,0.7625850000000001,0.9141,0.7939700000000001,0.8662099999999999,0.845325,0.8450150000000001,0.8657,0.772365,0.8441000000000001,0.741695,0.880985,0.703075,0.873445,0.667005,0.91898,0.6247199999999999,0.9303049999999999,0.56878,0.934175,0.54524,0.931425,1
1.0,0.0,0.998505,0.608385,0.95983,0.73515,0.88451,0.812075,0.76656,0.8906000000000001,0.68387,0.9414549999999999,0.550535,0.91656,0.465865,0.9463699999999999,0.358655,0.860365,0.28146499999999997,0.80844,0.221155,0.7406,0.175,0.67767,0.17670999999999998,0.5795399999999999,0.16674499999999998,0.511385,0.17564000000000002,0.43269,0.226925,0.385255,0.263995,0.32484,1
0.0,0.0,1.0,0.0,1.0,1.0,1.0,0.0,1.0,1.0,1.0,0.0,1.0,1.0,1.0,0.0,1.0,0.0,1.0,1.0,1.0,1.0,1.0,0.0,1.0,0.0,1.0,0.0,1.0,1.0,1.0,0.0,1.0,1.0,2
0.0,0.0,0.5,0.5,0.5,0.5,0.5,0.5,0.5,0.5,0.5,0.5,0.0,0.0,0.5,0.5,1.0,0.875,0.5,0.5,0.5,0.5,0.0,1.0,0.5,0.5,1.0,0.0,0.0,0.0,1.0,1.0,0.5,0.5,2
1.0,0.0,1.0,0.525745,0.996815,0.550615,0.98071,0.57378,0.977565,0.36752,0.83013,0.773505,0.90213,0.6264149999999999,0.868905,0.6369,0.8338749999999999,0.64357,0.798075,0.64652,0.76247,0.646,0.7279100000000001,0.64238,0.695115,0.63613,0.66465,0.627765,0.636905,0.61784,0.612135,0.60689,0.59043,0.595415,1
1.0,0.0,0.74935,0.50909,0.715585,0.45195,0.7532449999999999,0.47922,0.75065,0.54805,0.723375,0.52987,0.77922,0.44026,0.75844,0.48182,0.7636350000000001,0.47013,0.776625,0.494805,0.742855,0.483115,0.745455,0.494805,0.7961050000000001,0.5,0.7660750000000001,0.4836,0.715585,0.516885,0.772725,0.472725,0.794805,0.457145,1
1.0,0.0,1.0,0.580975,1.0,0.47221,1.0,0.506865,1.0,0.43824,1.0,0.492445,1.0,0.491345,1.0,0.46813,1.0,0.464215,1.0,0.5295,1.0,0.44945999999999997,1.0,0.486575,1.0,0.38511,1.0,0.465885,1.0,0.541495,1.0,0.42903,1.0,0.462805,1
1.0,0.0,1.0,0.40585499999999997,0.965175,0.31922,0.44566,0.032015000000000016,1.0,0.477255,0.75437,0.161285,0.67216,0.15146500000000002,0.24157499999999998,0.01242500000000002,0.527495,0.188815,0.665545,0.0,0.434245,0.27349999999999997,0.40972,0.32133,0.39834,0.367155,0.39766,0.407995,0.4048,0.442035,0.41687,0.46856,0.43130999999999997,0.487765,2
1.0,0.0,0.99091,0.5,0.9431350000000001,0.515655,0.931245,0.52286,0.9,0.5,0.8454550000000001,0.522725,0.8967149999999999,0.54218,0.88559,0.547895,0.813635,0.627275,0.84091,0.563635,0.85337,0.56304,0.84302,0.567465,0.872725,0.613635,0.822905,0.57544,0.836365,0.513635,0.8035749999999999,0.582325,0.7942,0.585385,1
1.0,0.0,0.926355,0.52713,1.0,0.540345,1.0,1.0,0.957365,0.496125,0.918605,0.51938,1.0,0.635765,1.0,1.0,0.906975,0.523255,0.95349,0.55814,1.0,0.75335,1.0,0.0,0.9031,0.51938,1.0,0.8580650000000001,0.92248,0.534885,1.0,0.936585,1.0,1.0,2
1.0,0.0,0.9817750000000001,0.46401,1.0,0.428335,1.0,0.393435,1.0,0.31913,0.96285,0.282155,0.97255,0.29666000000000003,0.9519599999999999,0.26809499999999997,0.991525,0.323715,0.922685,0.1699,0.87673,0.19705499999999998,0.848185,0.178875,0.92553,0.1728,0.787885,0.15144000000000002,0.627175,0.18040499999999998,0.72557,0.13610499999999998,0.694475,0.13290000000000002,1
1.0,0.0,0.841585,0.526875,0.924015,0.50101,0.921705,0.501505,0.9215,0.549505,0.879065,0.52051,0.9094599999999999,0.502925,0.90369,0.503365,0.9031100000000001,0.437765,0.889675,0.48231999999999997,0.8818250000000001,0.504545,0.873175,0.50489,0.8981600000000001,0.478785,0.85412,0.50548,0.811175,0.55799,0.8331200000000001,0.50595,0.8220350000000001,0.506135,1
1.0,0.0,0.94104,0.426805,0.96704,0.44471499999999997,0.9605,0.41775,0.941535,0.41481999999999997,0.94231,0.340955,0.926345,0.342685,0.91058,0.32038,0.903405,0.33184,0.876215,0.26488999999999996,0.8527750000000001,0.264235,0.83075,0.249575,0.806485,0.25956999999999997,0.7840199999999999,0.22685499999999997,0.750895,0.20073000000000002,0.735375,0.213115,0.7109449999999999,0.20956999999999998,1
1.0,0.0,0.940895,0.717455,0.797865,0.8882749999999999,0.59836,0.972685,0.379485,0.96272,0.18736999999999998,0.856285,0.06778499999999998,0.66826,0.03808,0.47331,0.11321999999999999,0.27646499999999996,0.26525,0.133575,0.448815,0.08891500000000002,0.63192,0.11215000000000003,0.77992,0.22044999999999998,0.860735,0.37783500000000003,0.86239,0.547995,0.7906850000000001,0.6945749999999999,0.673745,0.78828,1
1.0,0.0,1.0,0.545455,0.977275,0.454545,0.8863650000000001,0.5,1.0,0.5,0.977275,0.5,1.0,0.522725,0.954545,0.477275,1.0,0.5,1.0,0.5,0.93182,0.545455,0.8863650000000001,0.545455,0.954545,0.522725,0.957705,0.514485,0.977275,0.545455,0.93182,0.454545,0.93182,0.522725,1
1.0,0.0,0.66417,0.5126,0.57618,0.60639,0.574595,0.870015,0.37146999999999997,0.9616199999999999,0.44844,0.5969,0.19324000000000002,0.62893,0.02973500000000001,0.472955,0.434415,0.428355,0.348425,0.276925,0.442955,0.072015,0.51334,0.38607,0.63971,0.46852499999999997,0.668685,0.44062,0.638285,0.442955,0.57539,0.56648,0.560985,0.60234,1
1.0,0.0,1.0,0.483175,1.0,0.502425,1.0,0.43969,0.944825,0.50599,0.86541,0.52673,0.927215,0.504135,0.7729550000000001,0.501495,0.918875,0.43178,0.877675,0.4573,0.8544350000000001,0.36249,0.716925,0.43969,0.78764,0.2989,0.7949200000000001,0.389275,0.7155,0.413175,0.80218,0.3791,0.780225,0.30881000000000003,1
1.0,0.0,0.837735,0.52264,0.884905,0.44717,0.88679,0.51887,0.83019,0.47736,0.82264,0.50566,0.83396,0.43019,0.860375,0.48868,0.884905,0.543395,0.809435,0.460375,0.879245,0.38112999999999997,0.86981,0.426415,0.9245300000000001,0.42453,0.8694299999999999,0.470995,0.83396,0.51132,0.932075,0.51887,0.8660399999999999,0.503775,1
1.0,0.0,0.5,0.5,0.0,0.18617,1.0,0.75532,0.539895,0.38298,0.0,0.31915,0.56383,0.204785,1.0,0.0,0.5,0.5,0.914895,0.460105,0.375,1.0,0.585105,0.146275,0.5,0.5,0.40425500000000003,0.265955,0.3883,0.25532,0.87234,0.9521299999999999,0.16223500000000002,0.7287250000000001,2
1.0,0.0,0.5,0.5,0.5,0.5,0.5,0.5,0.5,0.5,1.0,0.333335,0.583335,0.6302099999999999,0.5,0.5,0.5,0.5,0.5,0.5,0.40104,0.390625,0.416665,0.953125,0.0,0.75,0.520835,0.875,0.385415,0.0,0.4375,0.364585,0.40104,0.03125,2
1.0,0.0,0.903135,0.565345,0.865305,0.621615,0.823075,0.59519,0.684615,0.727885,0.723965,0.732195,0.625,0.78654,0.62596,0.685575,0.576075,0.759385,0.45096,0.7875,0.48269,0.714425,0.45572,0.72212,0.425285,0.70003,0.4003,0.67488,0.38084,0.647705,0.36683,0.61948,0.38077,0.65577,1
1.0,0.0,1.0,0.27419499999999997,1.0,1.0,0.85608,0.0,0.5,0.5,0.5,0.5,0.5,0.5,0.0,0.57258,0.77047,0.30335,0.0,0.227665,0.150125,1.0,0.5,0.5,1.0,0.9534750000000001,0.758065,1.0,1.0,0.399505,0.62841,1.0,0.33809,1.0,2
1.0,0.0,0.8,0.516665,0.816665,0.533335,0.85,0.533335,0.85,0.5,0.816665,0.5,0.9,0.5,0.866665,0.5,0.85,0.55,0.8333349999999999,0.55,0.866665,0.483335,0.883335,0.5,0.816665,0.566665,0.8296600000000001,0.55084,0.8,0.566665,0.8,0.583335,0.816665,0.583335,1
1.0,0.0,0.926045,0.69626,0.694435,0.88216,0.54429,0.994515,0.286875,0.94372,0.11885499999999999,0.7499,0.034540000000000015,0.55384,0.07050000000000001,0.34478,0.16985,0.22369,0.4037,0.069685,0.64222,0.09752,0.823245,0.32384999999999997,0.88907,0.38338,0.85849,0.606715,0.68915,0.79155,0.5983350000000001,0.831575,0.443925,0.824665,1
1.0,0.0,0.899235,0.691325,0.90402,0.41518,1.0,0.461735,0.990755,0.46301,0.851085,0.603315,0.998725,0.510525,0.99107,0.512435,1.0,0.43463,0.978315,0.538585,1.0,0.500955,0.95153,0.65402,1.0,0.427295,1.0,0.49803,0.87819,0.53954,1.0,0.40625,1.0,0.4713,1
1.0,0.0,1.0,0.45643,1.0,0.41368499999999997,0.933175,0.09110499999999999,0.974085,0.805265,0.977365,0.29308999999999996,0.94243,0.34132,0.939685,0.382835,0.9052549999999999,0.1891,0.561225,0.0,0.9514199999999999,0.555265,0.811785,0.107265,0.776945,0.08566000000000001,0.74068,0.067085,0.7032499999999999,0.05163000000000001,0.66492,0.039360000000000006,0.433295,0.0,1
1.0,0.0,1.0,0.46909,1.0,0.51471,1.0,0.474345,1.0,0.491465,1.0,0.44137,0.922465,0.47399,0.96696,0.46701,0.84585,0.463105,0.8286549999999999,0.398165,0.97455,0.34221,0.9042600000000001,0.34173,0.92466,0.32581,0.862645,0.35413,0.86547,0.30712,0.77178,0.36858,0.821035,0.302565,1
0.0,0.0,1.0,1.0,1.0,0.0,1.0,1.0,1.0,1.0,1.0,1.0,1.0,0.0,1.0,1.0,1.0,0.0,1.0,0.0,1.0,1.0,1.0,1.0,1.0,0.0,1.0,1.0,1.0,1.0,1.0,1.0,1.0,1.0,2
1.0,0.0,0.8722449999999999,0.48805,0.8538600000000001,0.516545,0.8612150000000001,0.58456,0.8961399999999999,0.538605,0.90717,0.71967,0.818935,0.502755,0.8538600000000001,0.608455,1.0,0.53033,0.805145,0.525735,0.837315,0.52114,0.7601100000000001,0.375,0.8648899999999999,0.42095499999999997,0.808635,0.53562,0.6544099999999999,0.5432,0.7795799999999999,0.53729,0.80147,0.608455,1
1.0,0.0,0.64601,0.56791,0.726655,0.58404,0.758915,0.497455,0.7631600000000001,0.604415,0.76231,0.41681,0.7368399999999999,0.47623,0.77759,0.519525,0.90832,0.387945,0.712225,0.47878,0.674875,0.533105,0.640915,0.395585,0.7586550000000001,0.48412,0.751845,0.483245,0.673175,0.549235,0.85399,0.49066,0.6977949999999999,0.48387,1
1.0,0.0,1.0,1.0,1.0,0.0,0.5,0.5,0.5,0.5,1.0,1.0,1.0,0.0,1.0,1.0,1.0,0.0,0.5,0.5,0.5,0.5,1.0,0.36111,0.5,0.5,1.0,0.0,1.0,1.0,1.0,0.0,0.5,0.5,2
1.0,0.0,1.0,0.0,1.0,1.0,1.0,1.0,1.0,0.25,1.0,1.0,1.0,1.0,1.0,1.0,0.5,0.5,1.0,1.0,1.0,1.0,1.0,0.0,1.0,1.0,1.0,0.8125,1.0,0.125,0.125,1.0,1.0,1.0,2
1.0,0.0,1.0,0.35786,1.0,0.37327,0.973115,0.32453,1.0,0.34717,0.96368,0.254715,0.95409,0.279405,0.8786149999999999,0.205505,0.84874,0.209905,0.798115,0.212105,0.842295,0.145125,0.7723249999999999,0.063365,0.74607,0.13333499999999998,0.67752,0.11973,0.63176,0.10880499999999999,0.58302,0.13427499999999998,0.56997,0.15000000000000002,1
1.0,0.0,1.0,0.57143,1.0,0.857145,1.0,0.857145,1.0,0.42857,0.92857,0.42857,1.0,0.51267,1.0,0.5,0.7142850000000001,0.42857,1.0,0.518085,1.0,0.357145,1.0,0.5,0.642855,0.357145,1.0,0.524455,1.0,0.52591,1.0,0.7857149999999999,1.0,0.5,1
1.0,0.0,1.0,0.31081000000000003,0.824325,0.64865,0.824325,0.37838,0.93243,0.594595,1.0,0.364865,0.7567550000000001,0.5,0.81081,0.472975,0.66216,0.39189,0.859165,0.41167,0.81081,0.527025,0.8783799999999999,0.56757,0.675675,0.35135,0.8051550000000001,0.389185,0.7923899999999999,0.384865,0.864865,0.20270500000000002,0.7567550000000001,0.37838,1
1.0,0.0,1.0,1.0,0.0,1.0,0.0,0.08772000000000002,0.673245,0.6052649999999999,0.7302649999999999,0.53509,0.614035,0.52851,0.67544,0.673245,0.864035,0.480265,0.614035,0.76535,0.5,0.5,0.350875,0.41886,1.0,0.166665,1.0,0.0,1.0,0.377195,0.67544,0.600875,0.9144749999999999,0.539475,2
1.0,0.0,0.965735,0.64641,0.8995850000000001,0.77878,0.79976,0.85798,0.631015,0.963255,0.52318,0.9837400000000001,0.383815,0.97565,0.22037,0.90509,0.133355,0.811925,0.04502499999999998,0.681,0.03872999999999999,0.5302,0.031909999999999994,0.40081,0.08404,0.26547,0.17417500000000002,0.15222000000000002,0.293885,0.07137500000000002,0.43205,0.030235000000000012,0.550035,0.02588499999999999,1
1.0,0.0,0.0,0.0,0.5,0.5,0.75407,0.10748999999999997,0.8029299999999999,0.6644950000000001,0.0,0.29316,0.5,0.5,0.5,0.5,1.0,0.36645,0.68241,0.18241000000000002,0.98534,0.0,0.0,0.0,1.0,0.201955,0.0,0.0,0.0,0.0,1.0,0.0,0.5,0.5,2
1.0,0.0,1.0,1.0,0.6835,0.53079,0.5649649999999999,0.963565,0.36207,0.9679800000000001,0.34236500000000003,0.6884250000000001,0.06403999999999999,0.6847300000000001,0.035715,0.455665,0.30542,0.32882,0.26724000000000003,0.08744000000000002,0.472905,0.03201999999999999,0.62808,0.397785,0.86896,0.27025,0.9273549999999999,0.465845,1.0,1.0,0.69335,0.50123,0.58879,0.89895,1
1.0,0.0,0.94853,0.691175,0.9558800000000001,0.6875,0.871325,0.8382350000000001,0.72794,0.889705,0.59559,0.944855,0.48897,0.930145,0.39705999999999997,0.9117649999999999,0.3125,0.8382350000000001,0.25,0.73897,0.132355,0.691175,0.069855,0.54412,0.12867499999999998,0.4375,0.160375,0.379345,0.224265,0.286765,0.27941,0.24632500000000002,0.35662,0.21691,1
1.0,0.0,0.923915,0.55299,1.0,0.69565,1.0,0.0,0.8346899999999999,0.54212,1.0,0.63519,1.0,0.80299,1.0,0.677535,1.0,0.51336,0.7921199999999999,0.284875,1.0,0.81748,0.94565,0.632925,0.955165,0.333335,1.0,0.57971,0.6884049999999999,0.490265,1.0,0.61232,1.0,0.687045,2
1.0,0.0,0.5,0.5,1.0,0.0,0.5,0.5,0.5,0.5,1.0,1.0,1.0,0.37329,1.0,0.61644,1.0,0.0,0.5,0.5,0.5,0.5,1.0,1.0,0.5,0.5,1.0,0.0,0.5,0.5,1.0,0.0,0.5,0.5,2
1.0,0.0,0.9785200000000001,0.439525,0.8165899999999999,0.43655,0.981825,0.40879,0.9851300000000001,0.5423,0.9600150000000001,0.49438,0.9177150000000001,0.376405,1.0,0.343025,0.996365,0.39392,0.99339,0.39491,1.0,0.364175,0.96563,0.30271000000000003,1.0,0.403835,0.9439649999999999,0.342175,0.9071400000000001,0.38136000000000003,0.9454750000000001,0.340715,0.847655,0.29213500000000003,1
1.0,0.0,0.51926,0.51284,0.50214,0.5,0.509985,0.490015,0.5107,0.475035,0.47575,0.49358,0.507135,0.48859,0.5,0.483595,0.47646,0.48573500000000003,0.49144,0.51783,0.5107,0.50214,0.52568,0.48859,0.52568,0.50927,0.51997,0.507845,0.509985,0.503565,0.48716,0.49073,0.492865,0.509985,2
1.0,0.0,0.509875,0.503525,0.52045,0.49577,0.51058,0.50564,0.50564,0.52186,0.50141,0.500705,0.509875,0.484485,0.490125,0.530325,0.47955,0.5134,0.48801,0.497885,0.52186,0.487305,0.50917,0.5,0.5,0.493655,0.50917,0.49436,0.50282,0.492245,0.491535,0.48801,0.503525,0.5,2
1.0,0.0,0.940515,0.495715,0.94909,0.487675,0.9705250000000001,0.49089,0.945875,0.436225,0.9110400000000001,0.44534,0.944265,0.505895,0.95391,0.431405,0.93569,0.469455,0.95391,0.48821,0.93998,0.427115,0.914255,0.437835,0.9506950000000001,0.402465,0.941225,0.425485,0.92176,0.43569,0.9421200000000001,0.40729,0.958735,0.415865,1
1.0,0.0,0.71818,0.436365,0.79091,0.427275,0.59091,0.16363499999999997,0.672725,0.48182,0.645455,0.472725,0.645455,0.645455,0.68182,0.29091,0.6,0.49091,0.68182,0.527275,0.563635,0.745455,0.80909,0.58182,0.663635,0.58182,0.70549,0.464865,0.672725,0.472725,0.563635,0.31818,0.645455,0.354545,2
0.0,0.0,1.0,0.0,0.5,0.5,0.5,0.5,1.0,1.0,1.0,0.0,0.140625,1.0,0.5,0.5,0.0,1.0,1.0,1.0,0.0,1.0,1.0,0.78125,0.0,1.0,1.0,1.0,1.0,0.0,1.0,1.0,1.0,1.0,2
1.0,0.0,0.956205,0.521735,0.970955,0.5114,0.973525,0.526725,0.96791,0.506605,0.9595549999999999,0.53174,0.96383,0.560335,0.96024,0.531055,0.944495,0.5636099999999999,0.91872,0.572195,0.904915,0.559245,0.885205,0.57111,0.878775,0.556495,0.86775,0.56641,0.831935,0.5765,0.854625,0.55377,0.82629,0.557235,1
0.0,0.0,1.0,1.0,0.0,0.0,0.0,0.0,0.5,0.5,0.5,0.5,0.0,0.0,0.5,0.5,0.5,0.5,0.5,0.5,0.0,1.0,1.0,1.0,0.5,0.5,1.0,0.0,0.5,0.5,0.0,0.0,0.0,0.0,2
1.0,0.0,0.99083,0.50437,0.990515,0.48091,0.987825,0.471505,0.979735,0.46514500000000003,0.99502,0.47746500000000003,0.973565,0.44449,0.966845,0.43605,0.971085,0.442085,0.8984099999999999,0.404,0.94137,0.413065,0.9312849999999999,0.406305,0.942435,0.401555,0.909065,0.39432,0.89273,0.38068,0.884555,0.384525,0.871615,0.38049,1
1.0,0.0,0.84099,0.41343,0.91166,0.60954,0.733215,0.66431,0.6289750000000001,0.79152,1.0,0.42403,0.5053,0.722615,0.5053,0.694345,0.593405,0.70584,0.552835,0.681765,0.521625,0.653725,0.499585,0.62468,0.48569,0.597025,0.47843,0.572405,0.476105,0.551745,0.477075,0.53532,0.479935,0.52293,2
1.0,0.0,0.792295,0.32237,1.0,0.67669,0.87688,0.49718,0.912595,0.596805,0.7509399999999999,0.36184,0.829885,0.531955,0.848685,0.57331,0.8618399999999999,0.286655,0.88064,0.522555,0.834585,0.602445,0.92387,0.295115,0.8242499999999999,0.476505,0.78418,0.447145,0.7641,0.43327,0.57801,0.43891,0.723835,0.448455,1
1.0,0.0,0.160325,0.0,0.0,1.0,1.0,0.816585,0.517575,0.0,0.0,0.0,1.0,1.0,0.943415,0.0,0.0,1.0,0.9192,1.0,1.0,0.0,0.0,0.0,0.40571999999999997,1.0,1.0,0.0,0.0,0.0,0.0,1.0,1.0,0.6680550000000001,2
1.0,0.0,1.0,0.727275,1.0,0.772725,0.90909,0.81818,1.0,0.454545,1.0,0.5,0.90909,0.272725,0.81818,0.636365,1.0,0.18181999999999998,1.0,0.36363500000000004,0.954545,0.272725,1.0,0.53875,1.0,0.454545,1.0,0.544335,1.0,0.68182,1.0,0.81818,0.8636349999999999,0.636365,1
0.0,0.0,0.0,1.0,1.0,0.0,0.0,1.0,0.5,0.5,1.0,1.0,0.0,0.40625,1.0,1.0,0.0,0.0,1.0,0.0,0.0,0.0,1.0,1.0,1.0,0.0,1.0,1.0,1.0,1.0,0.5,0.5,0.0,0.0,2
1.0,0.0,0.984665,0.50438,1.0,0.504215,0.99329,0.496185,0.98934,0.48578,0.9991,0.48245,1.0,0.493645,1.0,0.487095,1.0,0.494125,0.992425,0.500125,1.0,0.48694,1.0,0.47628,0.9800949999999999,0.477365,0.99594,0.482635,0.9851,0.48761,1.0,0.480725,0.9921,0.47944,1
1.0,0.0,0.76271,0.48305,0.974575,0.542375,0.76271,0.415255,0.65254,0.491525,0.754235,0.432205,0.8220350000000001,0.64407,0.9152549999999999,0.32203499999999996,0.771185,0.508475,0.77966,0.51695,0.79661,0.65254,0.932205,0.525425,0.70339,0.5762700000000001,0.836435,0.49867,0.8305100000000001,0.48305,0.9152549999999999,0.42373,0.881355,0.44915499999999997,1
1.0,0.0,0.80339,0.48644,0.835595,0.52034,0.764405,0.477965,0.75254,0.518645,0.8525400000000001,0.461015,0.78983,0.48983,0.7661,0.538985,0.8203400000000001,0.55932,0.784745,0.488135,0.7661,0.50339,0.8576250000000001,0.48305,0.764405,0.48305,0.7863100000000001,0.50375,0.79322,0.498305,0.794915,0.48644,0.750845,0.5339,1
1.0,0.0,0.967685,0.568225,0.96858,0.626795,0.928525,0.693895,0.895195,0.735635,0.8617600000000001,0.7997099999999999,0.8263,0.875,0.75415,0.86793,0.708145,0.91371,0.627695,0.9297599999999999,0.56856,0.928075,0.50247,0.944345,0.463195,0.8989,0.395025,0.89002,0.334155,0.85727,0.30734,0.821815,0.262905,0.779175,1
1.0,0.0,0.9612350000000001,0.40276,0.9820949999999999,0.41163,0.93512,0.38699,0.9085099999999999,0.36465000000000003,0.896355,0.35545499999999997,0.85151,0.251805,0.81669,0.25016499999999997,0.6862699999999999,0.146355,0.63535,0.139455,0.70253,0.22914,0.667545,0.20154499999999997,0.57375,0.18199500000000002,0.54656,0.20205499999999998,0.46419,0.22536,0.4908,0.22963,0.462715,0.26051,1
1.0,0.0,1.0,0.61529,1.0,0.10745500000000002,1.0,0.447995,1.0,0.57707,1.0,0.6391,0.9905999999999999,0.46569499999999997,1.0,0.53305,0.9790099999999999,0.40523,0.9179200000000001,0.421835,0.987,0.51864,0.99812,0.54621,1.0,0.493735,0.98119,0.477015,0.9558249999999999,0.519425,1.0,0.43139,0.982615,0.441415,1
1.0,0.0,0.924215,0.5339700000000001,0.90281,0.488505,0.885155,0.483505,0.8336250000000001,0.4669,0.79791,0.46167,0.8363,0.471145,0.8212999999999999,0.46781,0.695995,0.52265,0.85627,0.50697,0.7798499999999999,0.459805,0.76715,0.457735,0.73519,0.38589,0.743295,0.45436,0.763065,0.457315,0.7213849999999999,0.451895,0.7111149999999999,0.45096,1
1.0,0.0,0.607145,0.45238,0.6666650000000001,0.5357149999999999,0.59524,0.59524,0.61905,0.54762,0.70238,0.511905,0.65476,0.47619,0.65476,0.47619,0.642855,0.440475,0.6666650000000001,0.52381,0.65476,0.5,0.607145,0.440475,0.67857,0.47619,0.610545,0.48855,0.59524,0.5,0.584985,0.48983,0.57347,0.490615,1
1.0,0.0,0.84722,0.694445,0.5,0.5,0.33531500000000003,0.849205,0.5,0.5,0.5,0.5,0.5,0.5,0.603175,0.37897000000000003,0.60516,0.59722,0.732145,0.890875,0.5,0.5,0.5,0.5,0.867065,0.636905,0.88095,0.8174600000000001,0.5,0.5,0.5,0.5,0.5,0.5,2
1.0,0.0,1.0,1.0,0.5,0.5,1.0,0.0,0.0,0.0,1.0,1.0,1.0,0.0,0.5,0.5,1.0,0.0,1.0,1.0,0.5,0.5,1.0,0.0,0.0,0.0,1.0,1.0,0.0,1.0,0.0,1.0,0.5,0.5,2
0.0,0.0,0.0,1.0,1.0,0.0,0.5,0.5,0.5,0.5,1.0,0.0,1.0,1.0,0.5,0.5,1.0,0.0,0.5,0.5,0.5,0.5,1.0,1.0,0.0,1.0,1.0,0.0,0.0,1.0,0.0,0.0,0.5,0.5,2
1.0,0.0,0.944265,0.508155,0.960035,0.506525,0.96221,0.506795,0.9458949999999999,0.448885,0.950515,0.45786,0.9652000000000001,0.494835,0.96547,0.45541,0.930125,0.474715,0.947255,0.47988,0.94209,0.43937,0.944535,0.440455,0.9149,0.42930999999999997,0.932265,0.44096,0.9276800000000001,0.434745,0.91762,0.43774,0.9339299999999999,0.438825,1
1.0,0.0,0.8206100000000001,0.507015,0.67073,0.487805,0.763755,0.51733,0.59756,0.560975,0.716565,0.523775,0.609755,0.52439,0.64634,0.5,0.682925,0.5,0.658535,0.536585,0.634145,0.560975,0.61849,0.529065,0.609755,0.54878,0.5965199999999999,0.528205,0.58705,0.52752,0.59756,0.5,0.585365,0.536585,1
1.0,0.0,0.727275,0.545455,0.81818,0.545455,0.636365,0.59091,0.81818,0.5,0.68182,0.454545,0.727275,0.454545,0.74306,0.493285,0.81818,0.40909,0.727275,0.5,0.68182,0.454545,0.636365,0.59091,0.68182,0.454545,0.67221,0.49116,0.636365,0.5,0.68182,0.5,0.644925,0.49084,1
1.0,0.0,0.923565,0.48301499999999997,0.93206,0.457535,0.9097649999999999,0.5,0.868365,0.461785,0.859875,0.43206,0.874735,0.441615,0.887475,0.40658,0.89066,0.393845,0.8099799999999999,0.449045,0.895965,0.421445,0.94692,0.48301499999999997,0.9246300000000001,0.369425,0.870575,0.38344,0.83121,0.388535,0.863055,0.31104,0.8290850000000001,0.375795,1
1.0,0.0,0.0,1.0,0.0,0.57622,0.64177,1.0,0.0,1.0,0.0,0.0,1.0,1.0,0.0,0.38262,0.641505,0.0,1.0,1.0,0.34299,0.0,0.0,0.0,1.0,0.0,0.0,0.48211,1.0,0.0,0.0,0.338415,0.574695,1.0,2
0.0,0.0,0.0,0.0,1.0,1.0,1.0,0.0,0.0,1.0,1.0,0.0,0.0,0.0,0.5,0.5,1.0,1.0,0.0,0.0,1.0,0.0,1.0,0.0,1.0,1.0,1.0,0.0,1.0,0.0,0.0,1.0,1.0,0.0,2
1.0,0.0,0.91754,0.54149,0.868695,0.42647,0.921745,0.472165,0.952205,0.47689,0.946955,0.56565,0.905985,0.533615,0.8965350000000001,0.455355,1.0,0.489495,0.983195,0.53309,0.938025,0.505775,0.887605,0.53309,0.97689,0.47899,0.917395,0.500615,1.0,0.564075,0.9333,0.44643,0.9527300000000001,0.47846500000000003,1
1.0,0.0,0.93886,0.45924,0.9171199999999999,0.536685,0.923915,0.52038,0.8858699999999999,0.48913,0.8858699999999999,0.471465,0.9116850000000001,0.44701,0.839675,0.497285,0.940215,0.39538,0.9171199999999999,0.516305,0.9320649999999999,0.47011000000000003,0.986415,0.360055,0.92527,0.40625,0.918525,0.448945,0.92935,0.483695,0.892665,0.44565,0.8953800000000001,0.497285,1
0.0,0.0,1.0,1.0,1.0,0.0,1.0,0.0,1.0,1.0,0.5,0.5,1.0,0.0,0.5,0.5,0.5,0.5,0.5,0.5,0.0,1.0,1.0,1.0,0.5,0.5,1.0,1.0,0.5,0.5,0.0,0.0,0.5,0.5,2
1.0,0.0,0.81755,0.47806,0.8826499999999999,0.51484,0.80716,0.68014,0.82679,0.49769,0.821015,0.54157,0.89723,0.28291,0.8625849999999999,0.774825,0.79792,0.569285,0.81755,0.6097,0.816395,0.37298,0.8547549999999999,0.576795,0.823325,0.615475,0.8438749999999999,0.58852,0.808315,0.538105,0.83158,0.599205,0.8452649999999999,0.683605,1
1.0,0.0,0.62658,0.679745,0.5,0.5,0.3519,0.0,0.5,0.5,0.537975,0.46329,0.5,0.5,0.5,0.5,0.5,0.5,0.5,0.5,0.503795,0.8405050000000001,0.4,0.668355,0.4481,0.67848,0.52785,0.0,0.5,0.5,0.531645,0.0,0.5,0.5,2
1.0,0.0,0.788235,0.492155,0.70196,0.5,0.692155,0.564705,0.7,0.47059,0.782355,0.57059,0.733335,0.541175,0.762745,0.47255,0.790195,0.507845,0.75098,0.5,0.72941,0.533335,0.790195,0.541175,0.74902,0.50196,0.743005,0.550195,0.731375,0.541175,0.72549,0.617645,0.715685,0.586275,1
1.0,0.0,0.736685,0.597635,0.531065,0.408285,0.81158,0.50503,0.7278100000000001,0.47781,0.782545,0.508875,0.723375,0.637575,0.85799,0.48077,0.778105,0.56213,0.7071000000000001,0.55769,0.763835,0.5142100000000001,0.755915,0.446745,0.739645,0.488165,0.7325699999999999,0.516295,0.7677499999999999,0.62574,0.6597649999999999,0.427515,0.673075,0.49852,1
1.0,0.0,0.992275,0.48632,0.99029,0.47948,1.0,0.461825,0.9936,0.50728,0.97639,0.48698,0.9924999999999999,0.46271,0.99691,0.464255,0.98698,0.45234,0.98632,0.43888,0.99647,0.47374,0.97639,0.45543,0.9867600000000001,0.458295,0.9832650000000001,0.43544,0.967345,0.42542,0.98566,0.421225,0.9838899999999999,0.406,1
0.0,0.0,1.0,1.0,0.5,0.5,0.5,0.5,0.0,0.0,0.5,0.5,0.5,0.5,0.0,0.0,0.0,0.0,0.0,1.0,0.0,1.0,0.5,0.5,0.5,0.5,1.0,0.0,0.0,1.0,0.0,1.0,0.0,1.0,2
1.0,0.0,0.5,0.5,1.0,0.564445,0.9422200000000001,0.49,0.5,0.5,1.0,0.28778000000000004,1.0,0.59778,1.0,0.473335,1.0,0.09222000000000002,0.5,0.5,1.0,0.48,1.0,0.406665,0.5,0.5,1.0,0.0,0.5,0.5,1.0,0.55889,0.953335,0.45222,2
1.0,0.0,0.95304,0.491715,0.99061,0.490055,0.9784550000000001,0.48177,0.92873,0.50055,0.94862,0.483425,0.9453050000000001,0.49282,0.95304,0.47735,0.956905,0.49558,0.9038649999999999,0.43535999999999997,0.9436450000000001,0.506075,0.9607749999999999,0.4884,0.9552499999999999,0.489505,0.945735,0.4612,0.9149149999999999,0.41381,0.98011,0.481215,0.9370149999999999,0.418785,1
1.0,0.0,0.9478150000000001,0.689585,0.8365549999999999,0.84719,0.67958,0.94348,0.479035,0.9667250000000001,0.30562500000000004,0.92207,0.16363,0.8103899999999999,0.08660000000000001,0.65178,0.06924999999999998,0.473175,0.13218000000000002,0.328625,0.24111,0.18778499999999998,0.38286,0.13072499999999998,0.534555,0.13072,0.667655,0.18852000000000002,0.76207,0.28957,0.8060849999999999,0.413285,0.800365,0.5433,1
1.0,0.0,1.0,0.508545,0.9810749999999999,0.48429,1.0,0.48282,1.0,0.474645,0.9951300000000001,0.46454,0.995865,0.45499,1.0,0.421365,1.0,0.428715,0.9915499999999999,0.440935,1.0,0.407405,1.0,0.40364,0.994855,0.389585,0.98245,0.398785,0.972995,0.414385,0.98218,0.387195,0.935055,0.38351999999999997,1
1.0,0.0,0.94705,0.567125,0.935005,0.657715,0.8944799999999999,0.71694,0.81694,0.799875,0.770015,0.8550800000000001,0.698495,0.8808050000000001,0.6213299999999999,0.897615,0.54567,0.8979900000000001,0.45420499999999997,0.881305,0.398995,0.83463,0.348685,0.81305,0.29724,0.752445,0.26892499999999997,0.703765,0.24842999999999998,0.63626,0.235885,0.5958600000000001,0.25595999999999997,0.52986,1
1.0,0.0,0.7992,0.70166,0.914045,0.902605,0.8800049999999999,0.853545,0.92005,0.44508000000000003,0.9865550000000001,0.539905,0.97912,0.07136500000000001,0.95981,0.9422200000000001,0.97726,0.47397,0.943365,0.5906750000000001,0.9924200000000001,0.15203,0.93335,0.07122499999999998,0.64302,0.349685,1.0,0.58538,0.81479,0.7133849999999999,0.938785,0.905035,0.909895,0.84411,2
1.0,0.0,0.987565,0.50355,0.9928950000000001,0.50977,1.0,0.50977,0.9964500000000001,0.507995,0.978685,0.511545,0.9857899999999999,0.51776,1.0,0.51865,0.9893449999999999,0.510655,0.9928950000000001,0.52842,0.9857899999999999,0.52398,0.97247,0.52753,0.992005,0.51776,0.9877,0.532385,0.974245,0.540855,0.99556,0.531085,0.9946699999999999,0.549735,1
1.0,0.0,1.0,0.379745,1.0,0.398735,0.9367099999999999,0.449365,0.94304,0.50633,1.0,0.55696,0.962025,0.531645,0.92405,0.481015,0.8164549999999999,0.316455,0.9367099999999999,0.49367,0.9683550000000001,0.531645,1.0,0.62658,0.810125,0.310125,0.9231849999999999,0.4723,1.0,0.468355,0.765825,0.51266,0.91772,0.48734,1
1.0,0.0,0.935555,0.52163,0.8997299999999999,0.591485,0.995045,0.64646,0.947275,0.45831500000000003,0.94299,0.48986,0.95223,0.36638000000000004,0.94705,0.59982,0.94322,0.47679,0.9222600000000001,0.495045,0.98941,0.32988,0.8947700000000001,0.374495,0.933305,0.454035,0.929835,0.48546,0.8938699999999999,0.479495,0.879675,0.60906,0.94119,0.545965,1
1.0,0.0,1.0,0.420505,0.86157,0.63843,0.917215,0.20806000000000002,1.0,0.358965,1.0,0.250685,0.89981,0.437365,0.884185,0.57319,1.0,0.696685,1.0,0.63295,0.98177,0.490545,0.962995,0.043310000000000015,1.0,0.5740149999999999,1.0,0.44209,1.0,0.444355,1.0,0.76686,1.0,0.21121,1
1.0,0.0,0.8116749999999999,0.48255,0.795425,0.502405,0.802045,0.462695,0.815885,0.504815,0.8122750000000001,0.462695,0.83514,0.5361,0.8146800000000001,0.45788,0.837545,0.54573,0.8357399999999999,0.5,0.794825,0.55054,0.7503,0.515645,0.829725,0.570395,0.802315,0.510095,0.75692,0.52226,0.808665,0.495185,0.80686,0.45427,1
1.0,0.0,0.963285,0.5208699999999999,0.94633,0.57883,0.93049,0.598955,0.9183749999999999,0.68263,0.903095,0.70099,0.881105,0.70276,0.83293,0.7418,0.800505,0.75876,0.76696,0.7609,0.742175,0.7710600000000001,0.71273,0.77842,0.6667,0.77637,0.63489,0.7710699999999999,0.6115349999999999,0.7672399999999999,0.57156,0.74562,0.557865,0.732855,1
0.0,0.0,1.0,1.0,1.0,0.0,0.5,0.5,0.5,0.5,0.0,0.0,0.5,0.5,0.5,0.5,0.0,1.0,1.0,1.0,0.0,1.0,0.0,1.0,1.0,0.0,1.0,1.0,0.0,1.0,1.0,1.0,0.5,0.5,2
1.0,0.0,1.0,0.487995,0.9707,0.532655,0.96053,0.383725,0.88576,0.418005,0.76399,0.398625,0.782045,0.49644,0.671975,0.362715,0.7646999999999999,0.3911,0.725535,0.410935,0.52991,0.322125,0.511545,0.235605,0.51643,0.17420999999999998,0.56645,0.23397,0.512155,0.189015,0.471465,0.202135,0.47696,0.17151499999999997,1
1.0,0.0,0.22910000000000003,0.574305,0.33127,0.8668750000000001,0.76006,0.43034,0.6594450000000001,0.465945,0.603715,0.42415,0.7368399999999999,0.54489,0.7817350000000001,0.4226,0.582045,0.726005,0.66873,0.51703,0.75232,0.535605,0.18111500000000003,0.19195,1.0,0.828175,0.70674,0.29942,0.42415,0.5557300000000001,0.511995,0.7791,0.7631600000000001,0.45511,2
1.0,0.0,1.0,0.46698,1.0,0.814685,1.0,0.547785,1.0,0.6014,1.0,0.0,1.0,0.297205,1.0,0.420745,1.0,0.524475,1.0,0.19230999999999998,1.0,0.367135,1.0,0.0,1.0,0.20978999999999998,1.0,0.09314,1.0,0.0,1.0,0.10722500000000001,1.0,0.25873999999999997,1
1.0,0.0,1.0,0.03773500000000002,1.0,0.8773599999999999,0.745285,0.4717,0.81132,0.5,1.0,0.49973,0.726415,0.537735,0.81132,0.4717,0.99439,0.499575,0.76415,0.5,0.76415,0.537735,0.97595,0.49944,1.0,0.896225,0.96096,0.49936,0.9717,0.0,1.0,0.71698,0.71698,0.443395,1
1.0,0.0,0.550675,0.554055,0.5,0.5,0.5,0.5,0.77365,0.9121600000000001,0.655405,1.0,0.5,0.5,0.5,0.5,0.68581,0.0,0.66554,0.0,0.5,0.5,0.5,0.5,0.28715999999999997,0.0,1.0,0.0,0.7770250000000001,0.381755,0.5,0.5,0.5,0.5,2
1.0,0.0,0.905715,0.51857,0.9257150000000001,0.499285,0.895,0.50357,0.8978550000000001,0.47857,0.937855,0.5,0.927855,0.46643,0.932145,0.50143,0.914285,0.472855,0.905,0.440715,0.884285,0.457855,0.92143,0.475,0.885,0.465715,0.9079900000000001,0.456655,0.912855,0.447855,0.907145,0.475,0.9107149999999999,0.424285,1
1.0,0.0,0.952735,0.705565,0.82677,0.8738049999999999,0.649605,0.979525,0.43329,0.9891,0.23881999999999998,0.916315,0.101715,0.7754300000000001,0.016845,0.57596,0.034995,0.37223,0.140685,0.20310499999999998,0.29227000000000003,0.07397500000000001,0.48875,0.031059999999999977,0.68159,0.07316,0.83769,0.190205,0.9298850000000001,0.359385,0.94327,0.549,0.877475,0.731505,1
1.0,0.0,1.0,0.41842,1.0,0.44915499999999997,0.999995,0.42401500000000003,1.0,0.403615,0.970275,0.324245,0.978675,0.351075,0.968595,0.32794,0.97243,0.35947,0.950685,0.28308500000000003,0.930215,0.26346,0.914935,0.2439,0.9204,0.26431499999999997,0.88112,0.20815,0.828615,0.15603,0.8435699999999999,0.177315,0.823635,0.16387000000000002,1
1.0,0.0,0.692605,0.57782,0.706225,0.536965,0.632295,0.620625,0.61673,0.56615,0.597275,0.62646,0.62257,0.684825,0.544745,0.614785,0.480545,0.684825,0.52529,0.624515,0.624515,0.54864,0.53891,0.649805,0.48753,0.64241,0.46988,0.6312800000000001,0.42607,0.57393,0.453305,0.65564,0.40467,0.6439699999999999,2
1.0,0.0,0.9716549999999999,0.599795,0.98066,0.7040150000000001,0.90257,0.782845,0.783435,0.85415,0.70918,0.91615,0.574695,0.947445,0.525835,0.96841,0.37629,0.9196949999999999,0.285945,0.8777699999999999,0.248745,0.8128150000000001,0.172425,0.75214,0.15574500000000002,0.65456,0.11451499999999998,0.578095,0.12297000000000002,0.478005,0.12400499999999998,0.410395,0.16534,0.32816500000000004,1
1.0,0.0,0.59733,0.528625,0.52099,0.625955,0.44721500000000003,0.7443299999999999,0.408395,0.408395,0.29007499999999997,0.530535,0.27290000000000003,0.5458,0.41794,0.34733,0.448475,0.301525,0.59351,0.412215,0.67006,0.440235,0.64313,0.419845,0.608225,0.62346,0.519565,0.6554599999999999,0.480915,0.63168,0.41603,0.58397,0.34923499999999996,0.33206,1
1.0,0.0,0.5,0.5,0.994595,0.38648499999999997,0.594595,0.472975,0.5,0.5,0.966215,0.536485,1.0,0.4,1.0,0.535135,1.0,0.443245,0.5,0.5,1.0,0.39459500000000003,1.0,0.29189,0.5,0.5,1.0,0.41215999999999997,0.5,0.5,1.0,0.37027,0.644595,0.42162,2
1.0,0.0,0.72222,0.72222,0.768475,0.9538150000000001,0.38889,1.0,0.333335,0.944445,0.0,0.6666650000000001,0.0,0.444445,0.0,0.38889,0.166665,0.11110999999999999,0.77778,0.0,0.38889,0.11110999999999999,0.88889,0.38889,0.6666650000000001,0.5,0.9606,0.725095,0.78727,0.921765,0.61111,1.0,0.22221999999999997,1.0,1
1.0,0.0,0.97245,0.25344500000000003,1.0,0.48154,0.99449,0.06474000000000002,0.950415,0.8347100000000001,1.0,0.44948,1.0,0.437535,1.0,0.424915,1.0,0.411595,1.0,0.397545,1.0,0.38273999999999997,1.0,0.367145,1.0,0.35074,1.0,0.33348,1.0,0.315345,1.0,0.2963,1.0,0.276305,1
1.0,0.0,0.9900100000000001,0.500375,1.0,0.5,0.99491,0.499625,0.973605,0.51197,0.9884999999999999,0.51065,0.98944,0.515365,0.99585,0.51169,0.969645,0.528565,0.96776,0.526395,0.9886900000000001,0.52762,1.0,0.531205,0.9707749999999999,0.540535,0.983545,0.5362750000000001,0.978505,0.54044,0.99095,0.5406299999999999,0.986235,0.54308,1
1.0,0.0,1.0,0.5332749999999999,1.0,0.40806,1.0,0.3634,1.0,0.28446499999999997,1.0,0.293255,0.98116,0.24063,0.9535549999999999,0.204915,0.94615,0.16763,0.84938,0.145015,0.853225,0.1184,0.8154049999999999,0.09727999999999998,0.779335,0.05436000000000002,0.736055,0.0675,0.701515,0.081625,0.65498,0.054535,0.614975,0.05420999999999998,1
1.0,0.0,0.96435,0.66582,0.8808400000000001,0.8117449999999999,0.746525,0.92133,0.6079600000000001,0.975965,0.43022,0.980835,0.26399,0.91795,0.14626499999999998,0.82745,0.06263000000000002,0.68375,0.04093000000000002,0.527975,0.05087999999999998,0.369135,0.13015500000000002,0.229655,0.24621500000000002,0.12632500000000002,0.388385,0.06939000000000001,0.53905,0.06420500000000001,0.680105,0.10971500000000001,0.7970349999999999,0.19865,1
1.0,0.0,0.94058,0.637375,0.860625,0.714405,0.807795,0.81831,0.694125,0.95251,0.549155,0.98064,0.399515,0.946,0.321315,0.8875,0.17442999999999997,0.81105,0.10615999999999998,0.727675,0.09072000000000002,0.595475,0.080285,0.459605,0.10832999999999998,0.36822,0.162215,0.272445,0.22633999999999999,0.19571,0.34743999999999997,0.16649999999999998,0.40344,0.12201499999999998,1
1.0,0.0,0.3975,0.64375,0.615,0.55,0.64125,0.65875,0.66125,0.675,0.681425,0.326915,0.54625,0.6375,0.4525,0.605,0.45625,0.6174999999999999,0.329065,0.6570400000000001,0.26,0.46,0.64954,0.66588,0.21000000000000002,0.38,0.66095,0.35762499999999997,0.265,0.5925,0.36448,0.34386,0.702225,0.51525,2
1.0,0.0,0.52933,0.49581,0.53352,0.50419,0.5,0.494415,0.502795,0.480445,0.50838,0.46229,0.497205,0.526535,0.532125,0.48324,0.5,0.547485,0.467875,0.53771,0.476255,0.51257,0.513965,0.497205,0.50419,0.502795,0.551675,0.49581,0.515365,0.498605,0.522345,0.5,0.523745,0.48324,2
1.0,0.0,0.91127,0.46214,0.90231,0.501155,0.93757,0.49393,0.934105,0.46243,0.86416,0.44133,0.9231199999999999,0.525145,0.915605,0.463005,0.87399,0.533525,0.8916200000000001,0.53179,0.9338150000000001,0.48815,0.89422,0.46994,0.872255,0.48815,0.8835850000000001,0.486345,0.8702300000000001,0.46185,0.85029,0.4789,0.8921950000000001,0.50607,1
1.0,0.0,0.829225,0.718085,0.723405,0.87402,0.526595,0.92553,0.339865,0.910695,0.15873500000000001,0.76204,0.07894499999999999,0.535555,0.085945,0.356385,0.26483999999999996,0.14137499999999997,0.476205,0.06999,0.61646,0.11842000000000003,0.783315,0.23936000000000002,0.8714999999999999,0.406775,0.8737900000000001,0.618565,0.7259249999999999,0.795355,0.602745,0.88382,0.407335,0.87178,1
1.0,0.0,1.0,0.494105,1.0,0.498285,1.0,0.492175,1.0,0.492175,1.0,0.485955,1.0,0.48906499999999997,0.9991399999999999,0.484565,0.9976400000000001,0.48381,0.99657,0.48274,1.0,0.480595,1.0,0.474805,1.0,0.475345,0.9992099999999999,0.472365,0.997,0.46848,0.995285,0.467515,0.994855,0.46666,1
1.0,0.0,0.642045,0.34091,0.5,0.5,0.84091,0.0,0.65341,0.9791650000000001,0.82197,0.532195,0.67424,0.07576,0.5,0.5,0.795455,0.320075,0.72538,0.09659000000000001,0.5,0.5,0.5,0.5,0.62121,0.589015,1.0,0.38068,0.530305,0.257575,0.58144,0.14961999999999998,0.5,0.5,2
1.0,0.0,0.976085,0.532975,0.96807,0.56515,0.9549799999999999,0.59576,0.9244049999999999,0.25019,0.950115,0.8066,0.8896850000000001,0.67164,0.86127,0.68994,0.8307249999999999,0.7042200000000001,0.97736,0.79931,0.76629,0.72044,0.733865,0.7225550000000001,0.7021999999999999,0.720995,0.67187,0.716105,0.95165,1.0,0.617025,0.6980999999999999,0.59316,0.685955,1
1.0,0.0,1.0,0.6208400000000001,1.0,0.74295,1.0,0.864865,1.0,1.0,1.0,1.0,1.0,1.0,1.0,0.88564,1.0,1.0,1.0,1.0,0.87234,1.0,0.9482349999999999,1.0,0.82314,1.0,0.691275,1.0,0.554095,1.0,0.41315,1.0,0.09308499999999997,1.0,1
1.0,0.0,1.0,0.21388000000000001,0.99575,0.133145,0.9475899999999999,0.012749999999999984,1.0,0.32091000000000003,1.0,0.383855,0.81445,0.06799,1.0,0.21232499999999999,1.0,0.10198499999999999,0.8838550000000001,0.05524000000000001,0.983005,0.0,0.8506,0.12552000000000002,0.8097300000000001,0.11548000000000003,0.768885,0.11007,0.9051,0.0,1.0,0.0,0.652225,0.11943999999999999,1
1.0,0.0,0.80769,0.594615,0.8907849999999999,0.5089,0.8874299999999999,0.513235,0.825385,0.44845999999999997,0.88769,0.54,0.8698049999999999,0.5253,0.86161,0.52888,0.843075,0.455385,0.80846,0.58154,0.8311649999999999,0.537865,0.8193900000000001,0.540205,0.80077,0.463845,0.794015,0.543835,0.775385,0.62846,0.766945,0.546035,0.753045,0.54661,1
1.0,0.0,0.87234,0.55319,0.94353,0.50491,0.9427099999999999,0.507355,0.93617,0.49291,0.8652500000000001,0.55319,0.938285,0.51456,0.936175,0.51691,0.9787250000000001,0.539005,0.975175,0.521275,0.9279850000000001,0.523715,0.924655,0.52589,0.93617,0.55674,0.917145,0.53007,0.87234,0.48227,0.90855,0.534,0.90387,0.535865,1
0.0,0.0,0.5,0.5,0.5,0.5,0.5,0.5,1.0,1.0,1.0,1.0,0.5,0.5,0.5,0.5,0.3125,0.0,0.0,0.0,0.5,0.5,0.5,0.5,0.0,0.0,0.0,0.0,0.0,1.0,1.0,0.5,0.5,0.5,2
1.0,0.0,0.73969,0.438145,0.71392,0.438145,0.850515,0.304125,0.86598,0.53608,0.631445,0.391755,0.747425,0.579895,0.726805,0.44072,0.71134,0.53093,0.75,0.3634,0.7731950000000001,0.592785,0.71134,0.541235,0.8530949999999999,0.59794,0.76698,0.437765,0.57732,0.36855499999999997,0.737115,0.52062,0.726805,0.24226999999999999,1
1.0,0.0,1.0,0.22895,1.0,0.0,1.0,0.0,1.0,0.6810849999999999,1.0,0.29440500000000003,1.0,1.0,1.0,0.0,1.0,0.35323,1.0,0.032005000000000006,1.0,1.0,1.0,1.0,1.0,0.29556,1.0,0.18627500000000002,1.0,0.0,1.0,0.0,1.0,0.0,2
1.0,0.0,0.171875,0.578125,0.53125,0.5,0.5,0.53125,0.8125,0.53125,0.59375,0.5,0.484375,0.546875,0.53125,0.5,0.578125,0.421875,0.71875,0.3125,0.5,0.453125,0.5,0.5,0.515625,0.265625,0.515625,0.5,0.140625,0.515625,0.484375,0.5,0.5,0.546875,2
1.0,0.0,0.9546600000000001,0.543955,0.93264,0.58444,1.0,0.58299,0.775935,0.84077,0.851035,0.683595,0.58143,0.713695,0.7881,0.73043,0.755335,0.74809,0.658195,0.564835,0.68912,0.77231,0.65637,0.77913,0.62428,0.782635,0.59313,0.7830250000000001,0.563175,0.780505,0.534635,0.775305,0.560685,0.838695,1
1.0,0.0,0.70966,0.56241,0.675,0.5625,0.61591,0.639775,0.48182,0.72159,0.522585,0.68097,0.404545,0.66818,0.43325,0.63661,0.513635,0.702275,0.326135,0.563635,0.39986,0.52539,0.40682,0.68182,0.429985,0.47599,0.450145,0.46443,0.0,0.0,0.48542,0.46268,0.49737,0.46843,2
1.0,0.0,0.9735050000000001,0.49983,0.966035,0.483865,0.975885,0.482845,0.97792,0.51223,0.97062,0.50883,0.962975,0.52344,0.96977,0.492695,0.9741850000000001,0.51002,0.96892,0.506965,0.95703,0.538385,0.94735,0.53074,0.96994,0.515965,0.962445,0.51271,0.9606,0.51121,0.962295,0.50221,0.9634849999999999,0.497115,1
1.0,0.0,0.8333349999999999,0.49317,0.98702,0.534155,0.74795,0.750685,0.878415,0.498635,0.82582,0.429645,0.70082,0.255465,0.69604,0.793715,0.88388,0.6591549999999999,0.89276,0.556695,0.737705,0.275275,1.0,0.503415,0.80328,0.534835,0.84328,0.58544,0.93784,0.5389349999999999,0.77664,0.62295,0.56967,0.740435,1
1.0,0.0,0.75056,0.48202,0.80562,0.50674,0.79438,0.507865,0.79438,0.51236,0.83371,0.497755,0.858425,0.476405,0.832585,0.504495,0.7865150000000001,0.51236,0.8235950000000001,0.46292,0.78427,0.570785,0.78764,0.48202,0.732585,0.52472,0.78294,0.50412,0.7382,0.48202,0.773035,0.55281,0.8033699999999999,0.45955,1
1.0,0.0,0.941525,0.39002000000000003,1.0,0.6818649999999999,0.912015,0.5960300000000001,0.92543,0.529505,0.95279,0.47854,0.9259649999999999,0.625,0.8894850000000001,0.62661,0.8460300000000001,0.7897000000000001,0.8551500000000001,0.69528,0.86588,0.637875,1.0,0.674355,0.7838,0.760195,0.849055,0.766175,0.904505,0.7929200000000001,0.71513,0.854615,0.7618050000000001,0.7709250000000001,1
1.0,0.0,0.508335,0.321875,0.5,0.5,0.5,0.5,0.5,0.5,0.5,0.5,0.5,0.5,0.56146,0.22499999999999998,0.614065,0.914065,1.0,0.28854,0.5,0.5,0.541665,0.0,0.446875,0.416665,1.0,0.11666500000000002,0.0,0.59427,0.5,0.5,1.0,0.36354,2
1.0,0.0,1.0,0.727275,1.0,0.272725,1.0,0.545455,1.0,0.454545,1.0,0.5,1.0,0.36363500000000004,1.0,0.40909,1.0,0.545455,1.0,0.5,1.0,0.31818,1.0,0.545455,1.0,0.454545,1.0,0.47543,1.0,0.727275,1.0,0.36363500000000004,1.0,0.40909,1
1.0,0.0,1.0,0.77451,0.813725,1.0,0.509805,1.0,0.2549,0.960785,0.08823500000000001,0.7941199999999999,0.0,0.558825,0.019610000000000016,0.333335,0.17647000000000002,0.15686499999999998,0.382355,0.06862499999999999,0.67647,0.0,0.8725499999999999,0.13725500000000002,0.960785,0.39215500000000003,0.96437,0.60938,0.862745,0.784315,0.617645,0.9509799999999999,0.441175,0.9509799999999999,1
0.0,0.0,0.5,0.5,0.5,0.5,0.5,0.5,0.5,0.5,0.5,0.5,0.5,0.5,0.5,0.5,0.5,0.5,0.5,0.5,0.5,0.5,0.5,0.5,0.5,0.5,1.0,0.0,0.5,0.5,0.5,0.5,0.5,0.5,2
0.0,0.0,0.5,0.5,0.5,0.5,0.5,0.5,0.5,0.5,0.5,0.5,0.5,0.5,0.5,0.5,0.5,0.5,0.5,0.5,0.5,0.5,0.5,0.5,0.5,0.5,1.0,0.0,0.5,0.5,0.5,0.5,0.5,0.5,2
1.0,0.0,0.756035,1.0,1.0,0.76905,0.85589,0.904165,0.72811,0.732135,0.665405,1.0,0.606245,1.0,0.41292,1.0,0.334595,0.99361,0.19308999999999998,1.0,0.23663,0.858495,0.057499999999999996,0.73947,0.0,0.675875,0.0,0.547845,0.0,0.416435,0.0,0.28886999999999996,0.04048499999999999,0.172215,1
1.0,0.0,0.97941,0.550645,1.0,0.49041,0.991565,0.512775,0.98487,0.45342,0.994775,0.48642,0.9899,0.48452,1.0,0.473285,1.0,0.474105,0.9692000000000001,0.507785,0.9881,0.45358,0.989445,0.47341,0.957835,0.421625,0.9783850000000001,0.465025,0.95489,0.506535,1.0,0.446015,0.96572,0.46556,1
1.0,0.0,0.934445,0.464445,1.0,0.48753,1.0,0.465555,0.93889,0.50111,0.91778,0.46778,1.0,0.463565,1.0,0.4,0.934445,0.526665,0.94,0.48111,1.0,0.44237,1.0,0.406665,0.92222,0.51778,1.0,0.42919,0.91111,0.426665,1.0,0.42195499999999997,1.0,0.27888999999999997,1
0.0,0.0,1.0,0.0,1.0,1.0,1.0,1.0,1.0,1.0,1.0,1.0,1.0,0.0,1.0,1.0,1.0,1.0,1.0,0.0,1.0,0.0,1.0,0.0,1.0,0.0,1.0,1.0,1.0,0.0,1.0,1.0,1.0,1.0,2
1.0,0.0,0.695895,0.468285,0.98732,0.52164,1.0,1.0,0.679105,0.576495,0.77239,0.5653,0.8078350000000001,0.08955000000000002,0.78918,0.83955,0.833955,0.44776,0.73321,0.44216500000000003,0.82787,0.57396,0.916045,0.72761,0.735075,0.58209,0.746545,0.57315,0.662315,0.48694,0.69559,0.567605,0.6720550000000001,0.563775,2
1.0,0.0,0.980355,0.53544,1.0,0.5214799999999999,1.0,0.546565,0.9508449999999999,0.47428,0.946315,0.5129,0.91625,0.46929,0.93767,0.549155,0.88272,0.5014,0.87603,0.473525,0.829805,0.460475,0.82079,0.470355,0.778385,0.461475,0.7902549999999999,0.488975,0.74832,0.493745,0.7565500000000001,0.499925,0.7604949999999999,0.49909,1
1.0,0.0,0.5,0.5,0.5,0.5,1.0,1.0,0.0,0.0,0.5,0.5,1.0,0.444445,0.5,0.5,0.5,0.5,0.0,1.0,1.0,1.0,1.0,0.0,0.5,0.5,1.0,0.0,0.5,0.5,0.5,0.5,1.0,1.0,2
1.0,0.0,0.8802300000000001,0.50546,0.931675,0.50129,0.9291050000000001,0.50192,0.89994,0.51152,0.90752,0.56034,0.9154800000000001,0.50372,0.9090750000000001,0.50427,0.9138850000000001,0.46513,0.882655,0.519405,0.884895,0.50574,0.875355,0.50616,0.88569,0.498485,0.85443,0.506875,0.830805,0.504245,0.8314900000000001,0.50742,0.819435,0.507625,1
1.0,0.0,1.0,0.540065,0.983875,0.49759,0.9834149999999999,0.49639,0.9399,0.480385,1.0,0.507095,0.9809300000000001,0.49282,0.979735,0.491645,0.9924850000000001,0.50501,0.9557599999999999,0.45576,0.97508,0.48818,0.9731799999999999,0.487045,0.99082,0.510015,0.96886,0.48483,1.0,0.470785,0.96387,0.48268,0.96113,0.481635,1
1.0,0.0,0.9583349999999999,0.6458349999999999,0.9166650000000001,0.416665,0.8541650000000001,0.625,0.9375,0.458335,0.9583349999999999,0.520835,0.9166650000000001,0.5625,0.8541650000000001,0.5,0.9375,0.520835,1.0,0.541665,0.8333349999999999,0.458335,0.875,0.583335,0.9166650000000001,0.4375,0.91898,0.527515,1.0,0.604165,0.8541650000000001,0.5,0.8541650000000001,0.520835,1
1.0,0.0,0.9404250000000001,0.67616,0.8419449999999999,0.8256399999999999,0.67408,0.8989199999999999,0.52916,0.95421,0.35108,0.93245,0.18682500000000002,0.84795,0.11447000000000002,0.696545,0.07098500000000002,0.54204,0.09179500000000002,0.379915,0.177105,0.24989,0.30117,0.15831499999999998,0.444265,0.12233500000000003,0.585205,0.14248,0.703375,0.21175500000000003,0.78313,0.316175,0.813825,0.433475,1
1.0,0.0,0.9420999999999999,0.68362,0.835615,0.83691,0.6980649999999999,0.931995,0.51212,0.96591,0.32426,0.9185650000000001,0.19841999999999999,0.7942100000000001,0.10671000000000003,0.69389,0.08357500000000001,0.49679,0.15341,0.335185,0.23748000000000002,0.23037999999999997,0.36311499999999997,0.15937,0.50403,0.15113,0.63014,0.19661,0.722845,0.28308500000000003,0.771045,0.39229,0.7814300000000001,0.514115,1
1.0,0.0,0.956765,0.90793,0.135135,1.0,0.30267,0.778675,0.527025,0.64865,0.407005,0.448795,0.48421000000000003,0.45515,0.507005,0.482985,0.50554,0.497315,0.50171,0.500485,0.50024,0.500375,0.499985,0.500095,0.499985,0.50001,0.499995,0.5,0.5,0.5,0.5,0.5,0.5,0.5,2
