1.0,0.0,0.52933,0.49581,0.53352,0.50419,0.5,0.494415,0.502795,0.480445,0.50838,0.46229,0.497205,0.526535,0.532125,0.48324,0.5,0.547485,0.467875,0.53771,0.476255,0.51257,0.513965,0.497205,0.50419,0.502795,0.551675,0.49581,0.515365,0.498605,0.522345,0.5,0.523745,0.48324,2
1.0,0.0,0.949175,0.675785,0.836665,0.811165,0.71949,0.971765,0.481785,0.90255,0.38581,0.8766700000000001,0.374315,0.74408,0.213115,0.642075,0.16625,0.552955,0.263205,0.469035,0.09472000000000003,0.469945,0.334015,0.26204,0.435515,0.2319,0.53579,0.240375,0.621605,0.28261000000000003,0.68293,0.349715,0.714025,0.566485,1
1.0,0.0,1.0,0.757575,0.727275,0.6666650000000001,0.530305,0.68182,0.33948,0.86531,0.272725,0.742425,0.21211999999999998,0.5,0.21211999999999998,0.439395,0.333335,0.257575,0.454545,0.07576,0.742425,0.21211999999999998,0.78788,0.28788,1.0,0.30303,0.864805,0.561655,0.98485,0.78788,0.62121,0.68182,0.545455,0.6666650000000001,1
1.0,0.0,0.899235,0.691325,0.90402,0.41518,1.0,0.461735,0.990755,0.46301,0.851085,0.603315,0.998725,0.510525,0.99107,0.512435,1.0,0.43463,0.978315,0.538585,1.0,0.500955,0.95153,0.65402,1.0,0.427295,1.0,0.49803,0.87819,0.53954,1.0,0.40625,1.0,0.4713,1
1.0,0.0,0.984665,0.50438,1.0,0.504215,0.99329,0.496185,0.98934,0.48578,0.9991,0.48245,1.0,0.493645,1.0,0.487095,1.0,0.494125,0.992425,0.500125,1.0,0.48694,1.0,0.47628,0.9800949999999999,0.477365,0.99594,0.482635,0.9851,0.48761,1.0,0.480725,0.9921,0.47944,1
0.0,0.0,0.5,0.5,0.0,0.0,1.0,1.0,0.0,1.0,0.0,1.0,1.0,0.0,1.0,1.0,0.0,0.0,0.0,1.0,1.0,0.0,0.0,1.0,0.0,1.0,1.0,0.0,0.0,1.0,0.0,0.0,1.0,0.0,2
0.0,0.0,1.0,1.0,0.5,0.5,0.5,0.5,0.0,0.0,0.5,0.5,0.5,0.5,0.0,0.0,0.0,0.0,0.0,1.0,0.0,1.0,0.5,0.5,0.5,0.5,1.0,0.0,0.0,1.0,0.0,1.0,0.0,1.0,2
1.0,0.0,0.813725,0.460785,0.862745,0.5,0.80392,0.460785,0.813725,0.441175,0.843135,0.441175,0.8333349999999999,0.431375,0.82353,0.45098,0.77451,0.441175,0.77451,0.39215500000000003,0.7941199999999999,0.40196,0.8333349999999999,0.382355,0.72549,0.37255,0.762045,0.37666,0.784315,0.34313499999999997,0.715685,0.39215500000000003,0.735295,0.362745,2
1.0,0.0,0.883135,0.60553,0.8196749999999999,0.6905600000000001,0.7420450000000001,0.7625,0.575,0.611365,0.568765,0.797825,0.461365,0.7227250000000001,0.5,0.74318,0.362545,0.71007,0.21932000000000001,0.68409,0.317045,0.59432,0.297335,0.53794,0.307585,0.483855,0.33029,0.43757,0.3623,0.40143,0.40019,0.37676,0.44053,0.36391,1
1.0,0.0,0.72222,0.72222,0.768475,0.9538150000000001,0.38889,1.0,0.333335,0.944445,0.0,0.6666650000000001,0.0,0.444445,0.0,0.38889,0.166665,0.11110999999999999,0.77778,0.0,0.38889,0.11110999999999999,0.88889,0.38889,0.6666650000000001,0.5,0.9606,0.725095,0.78727,0.921765,0.61111,1.0,0.22221999999999997,1.0,1
1.0,0.0,0.965735,0.64641,0.8995850000000001,0.77878,0.79976,0.85798,0.631015,0.963255,0.52318,0.9837400000000001,0.383815,0.97565,0.22037,0.90509,0.133355,0.811925,0.04502499999999998,0.681,0.03872999999999999,0.5302,0.031909999999999994,0.40081,0.08404,0.26547,0.17417500000000002,0.15222000000000002,0.293885,0.07137500000000002,0.43205,0.030235000000000012,0.550035,0.02588499999999999,1
1.0,0.0,0.9412050000000001,0.65317,0.86616,0.78908,0.670545,0.792635,0.528585,1.0,0.45381,0.96059,0.187985,0.85998,0.151165,0.66279,0.09288999999999997,0.705975,0.0,0.496125,0.10513499999999998,0.29457500000000003,0.11549500000000001,0.27261,0.21378999999999998,0.16197499999999998,0.34195,0.09061999999999998,0.485105,0.06579499999999999,0.62696,0.08936500000000003,0.50097,0.09156999999999998,1
1.0,0.0,1.0,0.27419499999999997,1.0,1.0,0.85608,0.0,0.5,0.5,0.5,0.5,0.5,0.5,0.0,0.57258,0.77047,0.30335,0.0,0.227665,0.150125,1.0,0.5,0.5,1.0,0.9534750000000001,0.758065,1.0,1.0,0.399505,0.62841,1.0,0.33809,1.0,2
1.0,0.0,0.96435,0.66582,0.8808400000000001,0.8117449999999999,0.746525,0.92133,0.6079600000000001,0.975965,0.43022,0.980835,0.26399,0.91795,0.14626499999999998,0.82745,0.06263000000000002,0.68375,0.04093000000000002,0.527975,0.05087999999999998,0.369135,0.13015500000000002,0.229655,0.24621500000000002,0.12632500000000002,0.388385,0.06939000000000001,0.53905,0.06420500000000001,0.680105,0.10971500000000001,0.7970349999999999,0.19865,1
1.0,0.0,0.84099,0.41343,0.91166,0.60954,0.733215,0.66431,0.6289750000000001,0.79152,1.0,0.42403,0.5053,0.722615,0.5053,0.694345,0.593405,0.70584,0.552835,0.681765,0.521625,0.653725,0.499585,0.62468,0.48569,0.597025,0.47843,0.572405,0.476105,0.551745,0.477075,0.53532,0.479935,0.52293,2
1.0,0.0,0.976085,0.532975,0.96807,0.56515,0.9549799999999999,0.59576,0.9244049999999999,0.25019,0.950115,0.8066,0.8896850000000001,0.67164,0.86127,0.68994,0.8307249999999999,0.7042200000000001,0.97736,0.79931,0.76629,0.72044,0.733865,0.7225550000000001,0.7021999999999999,0.720995,0.67187,0.716105,0.95165,1.0,0.617025,0.6980999999999999,0.59316,0.685955,1
1.0,0.0,0.736685,0.597635,0.531065,0.408285,0.81158,0.50503,0.7278100000000001,0.47781,0.782545,0.508875,0.723375,0.637575,0.85799,0.48077,0.778105,0.56213,0.7071000000000001,0.55769,0.763835,0.5142100000000001,0.755915,0.446745,0.739645,0.488165,0.7325699999999999,0.516295,0.7677499999999999,0.62574,0.6597649999999999,0.427515,0.673075,0.49852,1
1.0,0.0,0.81755,0.47806,0.8826499999999999,0.51484,0.80716,0.68014,0.82679,0.49769,0.821015,0.54157,0.89723,0.28291,0.8625849999999999,0.774825,0.79792,0.569285,0.81755,0.6097,0.816395,0.37298,0.8547549999999999,0.576795,0.823325,0.615475,0.8438749999999999,0.58852,0.808315,0.538105,0.83158,0.599205,0.8452649999999999,0.683605,1
1.0,0.0,1.0,0.03773500000000002,1.0,0.8773599999999999,0.745285,0.4717,0.81132,0.5,1.0,0.49973,0.726415,0.537735,0.81132,0.4717,0.99439,0.499575,0.76415,0.5,0.76415,0.537735,0.97595,0.49944,1.0,0.896225,0.96096,0.49936,0.9717,0.0,1.0,0.71698,0.71698,0.443395,1
1.0,0.0,0.9334450000000001,0.67975,0.86007,0.8333349999999999,0.686005,0.915245,0.54323,0.929465,0.37941,0.930605,0.24118499999999998,0.837885,0.15643,0.70762,0.11490499999999998,0.54949,0.153015,0.43174,0.25256,0.288965,0.33731500000000003,0.211605,0.48578,0.20023000000000002,0.5768,0.234365,0.661545,0.31456,0.730945,0.401595,0.70478,0.5091,1
0.0,0.0,1.0,1.0,1.0,0.0,1.0,0.0,1.0,1.0,0.5,0.5,1.0,0.0,0.5,0.5,0.5,0.5,0.5,0.5,0.0,1.0,1.0,1.0,0.5,0.5,1.0,1.0,0.5,0.5,0.0,0.0,0.5,0.5,2
1.0,0.0,0.956205,0.521735,0.970955,0.5114,0.973525,0.526725,0.96791,0.506605,0.9595549999999999,0.53174,0.96383,0.560335,0.96024,0.531055,0.944495,0.5636099999999999,0.91872,0.572195,0.904915,0.559245,0.885205,0.57111,0.878775,0.556495,0.86775,0.56641,0.831935,0.5765,0.854625,0.55377,0.82629,0.557235,1
1.0,0.0,0.829225,0.718085,0.723405,0.87402,0.526595,0.92553,0.339865,0.910695,0.15873500000000001,0.76204,0.07894499999999999,0.535555,0.085945,0.356385,0.26483999999999996,0.14137499999999997,0.476205,0.06999,0.61646,0.11842000000000003,0.783315,0.23936000000000002,0.8714999999999999,0.406775,0.8737900000000001,0.618565,0.7259249999999999,0.795355,0.602745,0.88382,0.407335,0.87178,1
1.0,0.0,0.9900100000000001,0.500375,1.0,0.5,0.99491,0.499625,0.973605,0.51197,0.9884999999999999,0.51065,0.98944,0.515365,0.99585,0.51169,0.969645,0.528565,0.96776,0.526395,0.9886900000000001,0.52762,1.0,0.531205,0.9707749999999999,0.540535,0.983545,0.5362750000000001,0.978505,0.54044,0.99095,0.5406299999999999,0.986235,0.54308,1
1.0,0.0,0.67347,0.60204,0.734695,0.62245,0.70408,0.60204,0.734695,0.72449,0.65306,0.79592,0.561225,0.7755099999999999,0.5,0.7551,0.46939,0.7755099999999999,0.39796,0.7755099999999999,0.357145,0.72449,0.357145,0.663265,0.19388,0.612245,0.26710500000000004,0.574475,0.20407999999999998,0.591835,0.32653,0.5,0.36734500000000003,0.37755,1
1.0,0.0,0.51926,0.51284,0.50214,0.5,0.509985,0.490015,0.5107,0.475035,0.47575,0.49358,0.507135,0.48859,0.5,0.483595,0.47646,0.48573500000000003,0.49144,0.51783,0.5107,0.50214,0.52568,0.48859,0.52568,0.50927,0.51997,0.507845,0.509985,0.503565,0.48716,0.49073,0.492865,0.509985,2
1.0,0.0,0.5,0.5,0.33164,0.92694,0.5,0.5,0.844345,0.0,0.98539,0.656925,0.36976,0.20394,0.34879499999999997,0.827825,0.9707749999999999,0.581955,0.5,0.5,0.5,0.5,0.409785,0.0,0.5,0.5,1.0,0.0,0.5,0.5,0.522235,0.8094049999999999,0.5,0.5,2
1.0,0.0,0.58594,0.0,0.0,1.0,0.5,0.5,0.5,0.5,0.0,1.0,0.5,0.5,0.19323,0.16146,0.902605,0.6807300000000001,0.759895,0.571875,0.5,0.5,0.0,0.364585,0.07604,0.98125,1.0,1.0,0.0,0.8385400000000001,0.5,0.5,0.5,0.5,2
1.0,0.0,0.958835,0.59099,0.93045,0.6777150000000001,0.864365,0.728735,0.802125,0.849325,0.75188,0.87461,0.6805,0.908975,0.57832,0.91779,0.50198,0.92605,0.41805000000000003,0.889265,0.32001999999999997,0.880965,0.284565,0.826925,0.2343,0.7694300000000001,0.19835999999999998,0.70486,0.17744500000000002,0.63669,0.17145,0.568335,0.17972,0.52697,1
1.0,0.0,1.0,0.494595,1.0,0.486485,1.0,0.46757,0.9756750000000001,0.49189,0.994595,0.483785,0.994595,0.543245,1.0,0.46757,0.9756750000000001,0.545945,0.98919,0.497295,1.0,0.53243,1.0,0.52162,0.98919,0.545945,0.99278,0.506255,1.0,0.483785,1.0,0.5135149999999999,1.0,0.464865,1
1.0,0.0,1.0,1.0,1.0,1.0,0.95505,1.0,0.36515,1.0,0.08423999999999998,1.0,0.0,1.0,0.0,0.86263,0.0,0.211105,0.0,0.28974,0.0,0.0,0.23581000000000002,0.0,0.95007,0.0,1.0,0.0,1.0,0.0,1.0,0.32657,1.0,0.674225,1
1.0,0.0,0.856265,0.487025,0.706435,0.38466500000000003,0.990095,0.452635,0.998545,0.44882,1.0,0.445245,0.794825,1.0,0.9186300000000001,0.0,0.91135,0.41068499999999997,0.9037999999999999,0.358715,0.37043000000000004,0.96365,0.759665,0.52728,0.827465,0.39804,0.9656199999999999,0.293465,0.819055,0.390495,0.93068,0.06323000000000001,0.38407,0.0,2
1.0,0.0,1.0,0.61529,1.0,0.10745500000000002,1.0,0.447995,1.0,0.57707,1.0,0.6391,0.9905999999999999,0.46569499999999997,1.0,0.53305,0.9790099999999999,0.40523,0.9179200000000001,0.421835,0.987,0.51864,0.99812,0.54621,1.0,0.493735,0.98119,0.477015,0.9558249999999999,0.519425,1.0,0.43139,0.982615,0.441415,1
1.0,0.0,1.0,0.0,1.0,1.0,1.0,0.0,1.0,0.0,1.0,0.0,1.0,0.4908,1.0,0.0,1.0,1.0,1.0,0.07208500000000001,1.0,1.0,1.0,0.0,0.5,0.5,1.0,1.0,1.0,0.10429500000000003,1.0,1.0,1.0,1.0,2
1.0,0.0,0.810605,0.18181999999999998,0.5,0.5,0.5,0.5,0.67235,0.64394,0.7140150000000001,0.69697,0.46212,0.75947,0.68182,0.657195,0.23106,0.664775,0.560605,0.426135,0.50947,0.23295500000000002,0.21211999999999998,0.589015,0.6458349999999999,0.36363500000000004,0.62879,0.21211999999999998,0.71591,0.62121,0.59091,0.488635,0.585225,0.291665,2
1.0,0.0,0.950735,0.7089300000000001,0.820655,0.878625,0.6522,0.97574,0.39775499999999997,0.9826699999999999,0.22258499999999998,0.9059550000000001,0.09071499999999999,0.754745,0.015069999999999972,0.551725,0.04271999999999998,0.34294,0.149185,0.172695,0.33823000000000003,0.055005000000000026,0.529325,0.02914,0.722415,0.08922999999999998,0.870525,0.22384500000000002,0.947075,0.406375,0.939465,0.601795,0.8527750000000001,0.77426,1
1.0,0.0,0.9558800000000001,0.45588,0.985295,0.588235,0.9117649999999999,0.54412,0.9558800000000001,0.485295,0.985295,0.411765,0.985295,0.57353,0.9705900000000001,0.514705,1.0,0.5,1.0,0.5,0.882355,0.558825,0.941175,0.514705,0.92647,0.514705,0.9633149999999999,0.513,0.9705900000000001,0.441175,0.985295,0.52941,0.9558800000000001,0.52941,1
1.0,0.0,0.75466,0.03001999999999999,1.0,0.63354,0.4824,0.0,1.0,0.0,0.718425,0.0,0.5,0.5,0.0,0.328675,0.311595,0.518115,1.0,0.0,0.5,0.5,0.5,0.5,0.41873499999999997,0.9611799999999999,0.69876,0.632505,0.5,0.5,1.0,0.61594,0.5,0.5,2
1.0,0.0,0.727275,0.545455,0.81818,0.545455,0.636365,0.59091,0.81818,0.5,0.68182,0.454545,0.727275,0.454545,0.74306,0.493285,0.81818,0.40909,0.727275,0.5,0.68182,0.454545,0.636365,0.59091,0.68182,0.454545,0.67221,0.49116,0.636365,0.5,0.68182,0.5,0.644925,0.49084,1
1.0,0.0,0.829545,0.18560500000000002,0.5,0.5,0.5,0.5,0.8863650000000001,1.0,1.0,0.35985,0.5,0.5,0.5,0.5,0.810605,0.386365,0.920455,0.0,1.0,0.0,0.5,0.5,0.5,0.5,1.0,0.030305000000000026,0.435605,0.03409000000000001,0.5,0.5,0.5,0.5,2
1.0,0.0,0.625,0.583335,0.733335,0.633335,0.59518,0.61983,0.53883,0.599695,0.50535,0.57461,0.488165,0.55094,0.481575,0.531585,0.48117,0.51729,0.48385,0.50766,0.48763,0.501785,0.49137,0.498635,0.494515,0.497305,0.496895,0.49707,0.49853,0.4974,0.499555,0.49796,0.500125,0.498545,1
1.0,0.0,0.49068,0.45770500000000003,0.5,0.5,0.5,0.5,0.55735,0.36595,0.271685,0.30913999999999997,0.5,0.5,0.33172,0.69301,0.31433500000000003,0.57509,0.81864,0.610575,0.5,0.5,0.5,0.5,0.425985,0.49337,0.603225,0.48853,0.5,0.5,0.582975,0.62043,0.45896,0.690325,2
0.0,0.0,0.5,0.5,1.0,1.0,1.0,1.0,0.5,0.5,0.5,0.5,0.0,0.0,0.5,0.5,0.0,0.0,0.5,0.5,0.5,0.5,1.0,1.0,0.5,0.5,1.0,1.0,0.5,0.5,0.0,1.0,0.5,0.5,2
1.0,0.0,0.952735,0.705565,0.82677,0.8738049999999999,0.649605,0.979525,0.43329,0.9891,0.23881999999999998,0.916315,0.101715,0.7754300000000001,0.016845,0.57596,0.034995,0.37223,0.140685,0.20310499999999998,0.29227000000000003,0.07397500000000001,0.48875,0.031059999999999977,0.68159,0.07316,0.83769,0.190205,0.9298850000000001,0.359385,0.94327,0.549,0.877475,0.731505,1
1.0,0.0,0.5,0.5,0.5,0.5,1.0,1.0,0.0,0.0,0.5,0.5,1.0,0.444445,0.5,0.5,0.5,0.5,0.0,1.0,1.0,1.0,1.0,0.0,0.5,0.5,1.0,0.0,0.5,0.5,0.5,0.5,1.0,1.0,2
1.0,0.0,0.843645,1.0,0.959865,0.11956499999999998,0.908865,0.52174,0.8804350000000001,0.55351,0.933945,0.86873,0.8503350000000001,0.591135,0.8795999999999999,0.56856,0.96739,0.37458,0.85368,0.593645,0.824415,0.62291,0.801005,0.8871249999999999,1.0,0.23076999999999998,0.94631,0.61108,0.85535,0.7692300000000001,1.0,0.46738999999999997,0.78261,0.619565,2
1.0,0.0,0.947945,0.69643,0.8306450000000001,0.85902,0.647605,0.9541200000000001,0.476065,0.972075,0.27137500000000003,0.923025,0.11170000000000002,0.792555,0.03590500000000002,0.625665,0.03859000000000001,0.423425,0.11968000000000001,0.25798,0.24534499999999998,0.11901499999999998,0.425525,0.05704500000000001,0.607905,0.07148500000000002,0.7661450000000001,0.15703499999999998,0.8742300000000001,0.29672,0.91571,0.464855,0.8843099999999999,0.63963,1
1.0,0.0,0.5,0.5,0.5,0.5,0.5,0.5,0.0,1.0,0.5,0.5,1.0,0.686665,0.44,0.44,0.5,0.5,0.0,0.0,0.5,0.5,1.0,0.0,0.5,0.5,1.0,0.613335,0.5,0.5,0.5,0.5,0.5,0.5,2
1.0,0.0,1.0,0.483175,1.0,0.502425,1.0,0.43969,0.944825,0.50599,0.86541,0.52673,0.927215,0.504135,0.7729550000000001,0.501495,0.918875,0.43178,0.877675,0.4573,0.8544350000000001,0.36249,0.716925,0.43969,0.78764,0.2989,0.7949200000000001,0.389275,0.7155,0.413175,0.80218,0.3791,0.780225,0.30881000000000003,1
1.0,0.0,0.940895,0.717455,0.797865,0.8882749999999999,0.59836,0.972685,0.379485,0.96272,0.18736999999999998,0.856285,0.06778499999999998,0.66826,0.03808,0.47331,0.11321999999999999,0.27646499999999996,0.26525,0.133575,0.448815,0.08891500000000002,0.63192,0.11215000000000003,0.77992,0.22044999999999998,0.860735,0.37783500000000003,0.86239,0.547995,0.7906850000000001,0.6945749999999999,0.673745,0.78828,1
0.0,0.0,1.0,1.0,1.0,0.0,1.0,1.0,1.0,1.0,1.0,1.0,1.0,0.0,1.0,1.0,1.0,0.0,1.0,0.0,1.0,1.0,1.0,1.0,1.0,0.0,1.0,1.0,1.0,1.0,1.0,1.0,1.0,1.0,2
0.0,0.0,0.0,0.0,1.0,1.0,1.0,0.0,0.0,1.0,1.0,0.0,0.0,0.0,0.5,0.5,1.0,1.0,0.0,0.0,1.0,0.0,1.0,0.0,1.0,1.0,1.0,0.0,1.0,0.0,0.0,1.0,1.0,0.0,2
1.0,0.0,0.997695,0.470555,0.926215,0.51153,0.91699,0.31145999999999996,1.0,0.5188,0.926215,0.411225,0.798775,0.275275,0.8026800000000001,0.30888499999999997,0.92178,0.30729,0.79106,0.33904,0.7848550000000001,0.35163,0.6847300000000001,0.263215,0.784055,0.244145,0.70539,0.26916,0.60633,0.32955,0.711335,0.22756500000000002,0.593205,0.27349999999999997,1
1.0,0.0,0.99083,0.50437,0.990515,0.48091,0.987825,0.471505,0.979735,0.46514500000000003,0.99502,0.47746500000000003,0.973565,0.44449,0.966845,0.43605,0.971085,0.442085,0.8984099999999999,0.404,0.94137,0.413065,0.9312849999999999,0.406305,0.942435,0.401555,0.909065,0.39432,0.89273,0.38068,0.884555,0.384525,0.871615,0.38049,1
1.0,0.0,1.0,0.49329,1.0,0.50783,1.0,0.49888,1.0,0.53132,0.988815,0.52237,0.979865,0.51454,1.0,0.53244,0.994405,0.51678,1.0,0.517895,0.99888,0.54698,0.978745,0.536915,1.0,0.550335,0.999945,0.543815,0.995525,0.542505,1.0,0.550335,1.0,0.550335,1
0.0,0.0,0.5,0.5,0.5,0.5,0.5,0.5,0.5,0.5,0.5,0.5,0.0,0.0,0.5,0.5,1.0,0.875,0.5,0.5,0.5,0.5,0.0,1.0,0.5,0.5,1.0,0.0,0.0,0.0,1.0,1.0,0.5,0.5,2
0.0,0.0,0.5,0.5,0.0,1.0,1.0,1.0,0.0,0.0,0.5,0.5,0.0,0.0,0.0,0.34375,0.0,0.0,1.0,0.0,1.0,0.0,0.5,0.5,1.0,0.0,0.0,0.0,0.5,0.5,1.0,0.0,0.5,0.5,2
1.0,0.0,0.973155,0.58749,0.9547300000000001,0.6657150000000001,0.9254800000000001,0.7498,0.86839,0.81921,0.796075,0.86919,0.74349,0.9180699999999999,0.6522950000000001,0.953325,0.589795,0.9671449999999999,0.496495,0.965545,0.4056,0.946915,0.334885,0.91246,0.26733,0.88241,0.207185,0.8316749999999999,0.16035500000000003,0.76282,0.12339499999999998,0.71244,0.09394999999999998,0.63046,1
1.0,0.0,0.9546600000000001,0.543955,0.93264,0.58444,1.0,0.58299,0.775935,0.84077,0.851035,0.683595,0.58143,0.713695,0.7881,0.73043,0.755335,0.74809,0.658195,0.564835,0.68912,0.77231,0.65637,0.77913,0.62428,0.782635,0.59313,0.7830250000000001,0.563175,0.780505,0.534635,0.775305,0.560685,0.838695,1
1.0,0.0,0.22910000000000003,0.574305,0.33127,0.8668750000000001,0.76006,0.43034,0.6594450000000001,0.465945,0.603715,0.42415,0.7368399999999999,0.54489,0.7817350000000001,0.4226,0.582045,0.726005,0.66873,0.51703,0.75232,0.535605,0.18111500000000003,0.19195,1.0,0.828175,0.70674,0.29942,0.42415,0.5557300000000001,0.511995,0.7791,0.7631600000000001,0.45511,2
1.0,0.0,0.71818,0.436365,0.79091,0.427275,0.59091,0.16363499999999997,0.672725,0.48182,0.645455,0.472725,0.645455,0.645455,0.68182,0.29091,0.6,0.49091,0.68182,0.527275,0.563635,0.745455,0.80909,0.58182,0.663635,0.58182,0.70549,0.464865,0.672725,0.472725,0.563635,0.31818,0.645455,0.354545,2
0.0,0.0,0.5,0.5,0.5,0.5,0.5,0.5,0.5,0.5,0.5,0.5,0.5,0.5,0.5,0.5,0.5,0.5,0.5,0.5,0.5,0.5,0.5,0.5,0.5,0.5,1.0,0.0,0.5,0.5,0.5,0.5,0.5,0.5,2
1.0,0.0,1.0,0.545455,0.977275,0.454545,0.8863650000000001,0.5,1.0,0.5,0.977275,0.5,1.0,0.522725,0.954545,0.477275,1.0,0.5,1.0,0.5,0.93182,0.545455,0.8863650000000001,0.545455,0.954545,0.522725,0.957705,0.514485,0.977275,0.545455,0.93182,0.454545,0.93182,0.522725,1
1.0,0.0,1.0,0.48135,1.0,0.46308499999999997,0.998005,0.444805,0.99919,0.450345,0.994705,0.43093,0.9833700000000001,0.391525,0.97644,0.374505,0.95618,0.328,0.952905,0.33924,0.949955,0.326545,0.93937,0.311785,0.931065,0.28505,0.91586,0.28439000000000003,0.907165,0.28703500000000004,0.889595,0.260115,0.875575,0.24924000000000002,1
0.0,0.0,0.0,0.0,1.0,0.0,0.0,1.0,0.5,0.5,1.0,0.0,1.0,0.0,0.5,0.5,0.5,0.5,0.5,0.5,0.0,1.0,1.0,0.0,0.0,1.0,1.0,1.0,0.5,0.5,1.0,0.75,0.5,0.5,2
1.0,0.0,0.917135,0.695605,0.7702,0.892895,0.56163,0.94701,0.333895,0.91789,0.14956999999999998,0.79782,0.06689,0.609545,0.07779000000000003,0.37918,0.20143,0.19052999999999998,0.40323,0.06106499999999998,0.562195,0.054680000000000006,0.755545,0.13773000000000002,0.895715,0.36133000000000004,0.9150400000000001,0.54359,0.8329599999999999,0.745395,0.68771,0.850055,0.480085,0.89722,1
1.0,0.0,0.792295,0.32237,1.0,0.67669,0.87688,0.49718,0.912595,0.596805,0.7509399999999999,0.36184,0.829885,0.531955,0.848685,0.57331,0.8618399999999999,0.286655,0.88064,0.522555,0.834585,0.602445,0.92387,0.295115,0.8242499999999999,0.476505,0.78418,0.447145,0.7641,0.43327,0.57801,0.43891,0.723835,0.448455,1
0.0,0.0,1.0,1.0,0.5,0.5,1.0,0.0,1.0,0.0,1.0,1.0,1.0,1.0,1.0,0.0,1.0,1.0,1.0,1.0,1.0,0.0,0.0,0.0,1.0,0.0,1.0,0.0,1.0,1.0,0.5,0.5,1.0,0.0,2
1.0,0.0,1.0,0.81774,1.0,1.0,0.885615,1.0,0.333335,1.0,0.0,1.0,0.5,1.0,0.0,1.0,0.0,0.5,0.0,0.166665,0.0,0.03732000000000002,0.0,0.333335,0.333335,0.0,0.596175,0.0,1.0,0.0,0.5,0.0,1.0,0.166665,1
1.0,0.0,0.59733,0.528625,0.52099,0.625955,0.44721500000000003,0.7443299999999999,0.408395,0.408395,0.29007499999999997,0.530535,0.27290000000000003,0.5458,0.41794,0.34733,0.448475,0.301525,0.59351,0.412215,0.67006,0.440235,0.64313,0.419845,0.608225,0.62346,0.519565,0.6554599999999999,0.480915,0.63168,0.41603,0.58397,0.34923499999999996,0.33206,1
0.0,0.0,0.5,0.5,0.5,0.5,0.5,0.5,0.5,0.5,0.5,0.5,1.0,1.0,1.0,1.0,1.0,0.0,0.5,0.5,1.0,1.0,1.0,0.0,1.0,1.0,1.0,0.5,1.0,1.0,1.0,0.0,0.5,0.5,2
1.0,0.0,1.0,0.494105,1.0,0.498285,1.0,0.492175,1.0,0.492175,1.0,0.485955,1.0,0.48906499999999997,0.9991399999999999,0.484565,0.9976400000000001,0.48381,0.99657,0.48274,1.0,0.480595,1.0,0.474805,1.0,0.475345,0.9992099999999999,0.472365,0.997,0.46848,0.995285,0.467515,0.994855,0.46666,1
1.0,0.0,1.0,0.5332749999999999,1.0,0.40806,1.0,0.3634,1.0,0.28446499999999997,1.0,0.293255,0.98116,0.24063,0.9535549999999999,0.204915,0.94615,0.16763,0.84938,0.145015,0.853225,0.1184,0.8154049999999999,0.09727999999999998,0.779335,0.05436000000000002,0.736055,0.0675,0.701515,0.081625,0.65498,0.054535,0.614975,0.05420999999999998,1
1.0,0.0,0.7992,0.70166,0.914045,0.902605,0.8800049999999999,0.853545,0.92005,0.44508000000000003,0.9865550000000001,0.539905,0.97912,0.07136500000000001,0.95981,0.9422200000000001,0.97726,0.47397,0.943365,0.5906750000000001,0.9924200000000001,0.15203,0.93335,0.07122499999999998,0.64302,0.349685,1.0,0.58538,0.81479,0.7133849999999999,0.938785,0.905035,0.909895,0.84411,2
1.0,0.0,0.6666650000000001,0.375,0.72222,0.61111,0.694445,0.583335,0.7083349999999999,0.569445,0.75,0.444445,0.774555,0.457785,0.7916650000000001,0.6666650000000001,0.77778,0.51389,0.625,0.40278,0.73611,0.47222,0.76389,0.48611,0.694445,0.541665,0.707715,0.42872,0.59722,0.430555,0.68462,0.425955,0.541665,0.25,1
1.0,0.0,1.0,0.6208400000000001,1.0,0.74295,1.0,0.864865,1.0,1.0,1.0,1.0,1.0,1.0,1.0,0.88564,1.0,1.0,1.0,1.0,0.87234,1.0,0.9482349999999999,1.0,0.82314,1.0,0.691275,1.0,0.554095,1.0,0.41315,1.0,0.09308499999999997,1.0,1
1.0,0.0,0.9982249999999999,0.53234,1.0,0.49382,0.989055,0.51249,0.98056,0.51156,0.99637,0.53904,0.946615,0.55173,0.97106,0.526345,0.944045,0.5556,0.93052,0.543155,0.908165,0.55915,0.9183399999999999,0.57221,0.9066449999999999,0.56706,0.8973800000000001,0.56819,0.8955500000000001,0.576895,0.88561,0.57965,0.854705,0.560075,1
1.0,0.0,0.5,0.5,1.0,0.564445,0.9422200000000001,0.49,0.5,0.5,1.0,0.28778000000000004,1.0,0.59778,1.0,0.473335,1.0,0.09222000000000002,0.5,0.5,1.0,0.48,1.0,0.406665,0.5,0.5,1.0,0.0,0.5,0.5,1.0,0.55889,0.953335,0.45222,2
1.0,0.0,1.0,0.5419,1.0,0.586935,1.0,0.43346,0.9908600000000001,0.8226,1.0,0.73952,1.0,0.7955650000000001,1.0,0.85379,1.0,0.9138850000000001,1.0,0.975495,1.0,1.0,0.99021,1.0,0.9581200000000001,1.0,0.919495,1.0,0.8741099999999999,1.0,0.82179,1.0,0.7623949999999999,1.0,1
1.0,0.0,0.963285,0.5208699999999999,0.94633,0.57883,0.93049,0.598955,0.9183749999999999,0.68263,0.903095,0.70099,0.881105,0.70276,0.83293,0.7418,0.800505,0.75876,0.76696,0.7609,0.742175,0.7710600000000001,0.71273,0.77842,0.6667,0.77637,0.63489,0.7710699999999999,0.6115349999999999,0.7672399999999999,0.57156,0.74562,0.557865,0.732855,1
1.0,0.0,0.788235,0.492155,0.70196,0.5,0.692155,0.564705,0.7,0.47059,0.782355,0.57059,0.733335,0.541175,0.762745,0.47255,0.790195,0.507845,0.75098,0.5,0.72941,0.533335,0.790195,0.541175,0.74902,0.50196,0.743005,0.550195,0.731375,0.541175,0.72549,0.617645,0.715685,0.586275,1
1.0,0.0,1.0,0.0,0.5,0.5,0.889705,0.003674999999999984,0.9044099999999999,0.7757350000000001,0.29044000000000003,0.025735000000000008,0.5,0.5,0.5,0.5,0.860295,0.11397000000000002,0.867645,0.19852999999999998,0.5,0.5,0.59191,0.0,0.0,0.0,0.0,0.0,1.0,0.0,1.0,0.0,0.5,0.5,2
1.0,0.0,0.971665,0.69287,0.741315,0.82267,0.60786,0.88757,0.22029500000000002,0.824495,0.131625,0.71024,0.11974499999999999,0.5,0.18647000000000002,0.344605,0.308045,0.18921500000000002,0.436015,0.153565,0.749545,0.1819,0.857405,0.3117,0.869285,0.47258,0.8004899999999999,0.65192,0.7276050000000001,0.8025599999999999,0.51371,0.7723949999999999,0.39214,0.752285,1
1.0,0.0,0.70966,0.56241,0.675,0.5625,0.61591,0.639775,0.48182,0.72159,0.522585,0.68097,0.404545,0.66818,0.43325,0.63661,0.513635,0.702275,0.326135,0.563635,0.39986,0.52539,0.40682,0.68182,0.429985,0.47599,0.450145,0.46443,0.0,0.0,0.48542,0.46268,0.49737,0.46843,2
0.0,0.0,1.0,1.0,1.0,0.0,0.5,0.5,0.5,0.5,1.0,1.0,1.0,1.0,0.0,0.0,1.0,0.0,0.0,1.0,0.5,0.5,1.0,0.0,1.0,0.0,1.0,1.0,0.0,0.0,0.5,0.5,0.5,0.5,2
1.0,0.0,0.9873350000000001,0.56541,0.9706,0.60018,0.9439150000000001,0.66124,0.945045,0.663555,0.9277500000000001,0.726085,0.86149,0.76142,0.84973,0.7941,0.79274,0.834465,0.744345,0.85199,0.721225,0.840795,0.676445,0.87811,0.6341600000000001,0.88105,0.5840650000000001,0.8927050000000001,0.537485,0.9021950000000001,0.48519,0.88851,0.448555,0.87121,1
1.0,0.0,1.0,0.505525,1.0,0.505525,1.0,0.5116,0.99724,0.49282,0.99724,0.498895,0.991715,0.5116,1.0,0.50442,0.987845,0.503865,0.9895050000000001,0.508285,0.990055,0.503315,0.99061,0.510495,0.985635,0.496685,0.990165,0.508,0.9895050000000001,0.507735,0.99282,0.510495,0.99337,0.51381,1
1.0,0.0,1.0,0.556925,0.850095,0.43928,0.9079699999999999,0.548385,0.855785,0.505695,0.780835,0.4611,0.84535,0.56262,0.7931699999999999,0.519925,0.765655,0.48292,0.8472500000000001,0.58444,0.86338,0.536055,0.66034,0.52941,0.766605,0.686905,0.74545,0.589755,0.5759,0.6622399999999999,0.720705,0.594485,0.780835,0.5759,1
1.0,0.0,0.989525,0.57905,0.9505600000000001,0.676185,0.910195,0.7428049999999999,0.8588,0.8244400000000001,0.794135,0.868715,0.7017450000000001,0.91578,0.6257,0.9240200000000001,0.5235,0.9273750000000001,0.439035,0.898745,0.3691,0.90377,0.310825,0.8583799999999999,0.24483,0.79162,0.212065,0.7302,0.19050499999999998,0.65398,0.17123,0.5917250000000001,0.17933,0.51484,1
1.0,0.0,0.926045,0.69626,0.694435,0.88216,0.54429,0.994515,0.286875,0.94372,0.11885499999999999,0.7499,0.034540000000000015,0.55384,0.07050000000000001,0.34478,0.16985,0.22369,0.4037,0.069685,0.64222,0.09752,0.823245,0.32384999999999997,0.88907,0.38338,0.85849,0.606715,0.68915,0.79155,0.5983350000000001,0.831575,0.443925,0.824665,1
1.0,0.0,0.496795,0.25,0.5,0.5,0.490385,1.0,0.5,0.5,0.5,0.5,0.5,0.5,0.5,0.5,0.5,0.5,0.65705,0.964745,0.32372,0.871795,0.326925,0.09615499999999999,0.5,0.5,0.19230999999999998,0.24358999999999997,0.5,0.5,0.5,0.5,0.5,0.5,2
1.0,0.0,0.0,0.640525,0.61111,0.575165,0.121535,0.14508,0.34640499999999996,0.85621,0.0,1.0,0.091505,0.669935,0.10457499999999997,0.48693,0.009805000000000008,0.08496500000000001,0.199345,0.22876000000000002,0.477125,0.08496500000000001,0.9705900000000001,0.02940999999999999,0.0,0.284315,0.8719250000000001,0.54588,0.0,0.526145,0.591505,0.51307,0.298995,0.258795,2
1.0,0.0,0.87782,0.74819,0.9177500000000001,0.771505,0.77458,0.8603149999999999,0.676125,0.85396,0.567345,0.9737450000000001,0.45091,0.96889,0.31198000000000004,0.911115,0.23629,0.8558049999999999,0.15821000000000002,0.8399449999999999,0.149185,0.62478,0.104265,0.514975,0.005060000000000009,0.35450499999999996,0.14823999999999998,0.33604,0.18344,0.404075,0.329345,0.19773000000000002,0.401955,0.18522,1
1.0,0.0,0.71,0.195,0.5,0.5,1.0,0.0,0.95,1.0,0.715,0.8200000000000001,0.5,0.5,0.5,0.5,0.835,0.355,0.9199999999999999,0.0,0.5,0.5,0.5,0.5,0.605,0.8400000000000001,1.0,0.61,0.5,0.5,0.5,0.5,0.5,0.5,2
0.0,0.0,1.0,1.0,1.0,0.0,0.5,0.5,0.5,0.5,0.0,0.0,0.5,0.5,0.5,0.5,0.0,1.0,1.0,1.0,0.0,1.0,0.0,1.0,1.0,0.0,1.0,1.0,0.0,1.0,1.0,1.0,0.5,0.5,2
1.0,0.0,0.918045,0.566075,0.8608549999999999,0.530295,0.829145,0.541575,0.61944,0.564805,0.719185,0.60165,0.74709,0.56343,0.723735,0.567535,0.64676,0.51461,0.7407900000000001,0.57878,0.664175,0.57308,0.647475,0.57319,0.63218,0.57265,0.618205,0.57157,0.632145,0.580685,0.593835,0.56816,0.583275,0.56599,1
1.0,0.0,1.0,0.5369,1.0,0.5171,1.0,0.472185,1.0,0.54382,1.0,0.598255,1.0,0.60164,1.0,0.563925,1.0,0.552805,1.0,0.635435,1.0,0.7237899999999999,1.0,0.70875,1.0,0.6001650000000001,1.0,0.683715,0.9780150000000001,0.743205,1.0,0.66246,1.0,0.73356,1
1.0,0.0,0.935555,0.52163,0.8997299999999999,0.591485,0.995045,0.64646,0.947275,0.45831500000000003,0.94299,0.48986,0.95223,0.36638000000000004,0.94705,0.59982,0.94322,0.47679,0.9222600000000001,0.495045,0.98941,0.32988,0.8947700000000001,0.374495,0.933305,0.454035,0.929835,0.48546,0.8938699999999999,0.479495,0.879675,0.60906,0.94119,0.545965,1
1.0,0.0,0.926355,0.52713,1.0,0.540345,1.0,1.0,0.957365,0.496125,0.918605,0.51938,1.0,0.635765,1.0,1.0,0.906975,0.523255,0.95349,0.55814,1.0,0.75335,1.0,0.0,0.9031,0.51938,1.0,0.8580650000000001,0.92248,0.534885,1.0,0.936585,1.0,1.0,2
1.0,0.0,1.0,0.580975,1.0,0.47221,1.0,0.506865,1.0,0.43824,1.0,0.492445,1.0,0.491345,1.0,0.46813,1.0,0.464215,1.0,0.5295,1.0,0.44945999999999997,1.0,0.486575,1.0,0.38511,1.0,0.465885,1.0,0.541495,1.0,0.42903,1.0,0.462805,1
1.0,0.0,1.0,0.548855,1.0,0.560985,1.0,0.61287,0.99301,0.546185,0.97465,0.596055,0.96496,0.62144,0.946205,0.641715,0.927645,0.633605,0.91828,0.665645,0.916965,0.65849,0.874145,0.697985,0.880965,0.6732899999999999,0.84226,0.71373,0.81382,0.730155,0.783955,0.7351650000000001,0.7712600000000001,0.754515,1
0.0,0.0,0.0,1.0,0.0,0.0,0.5,0.5,0.0,1.0,1.0,0.0,0.0,0.0,0.0,1.0,0.5,0.5,0.0,0.0,0.0,1.0,0.5,0.5,1.0,0.0,1.0,1.0,1.0,0.0,1.0,1.0,0.5,0.5,2
1.0,0.0,0.973245,0.50446,0.986435,0.4987,0.99461,0.50186,0.979005,0.50799,0.97027,0.5176499999999999,0.986065,0.523595,0.993125,0.50929,0.9713849999999999,0.535675,0.992755,0.49647,0.98885,0.5249,0.9817899999999999,0.53549,0.96637,0.540505,0.976215,0.52178,0.987365,0.50409,0.989225,0.535305,1.0,0.4987,1
1.0,0.0,0.918945,0.71452,0.860565,0.791925,0.728125,0.890575,0.58235,0.91366,0.43494,0.934735,0.269115,0.892485,0.20282499999999998,0.7603500000000001,0.10765000000000002,0.632645,0.07993,0.51964,0.189795,0.343245,0.26294,0.255475,0.31351,0.16102,0.47473,0.18654500000000002,0.57345,0.270445,0.685465,0.304165,0.741595,0.37843499999999997,1
0.0,0.0,0.5,0.5,0.5,0.5,0.5,0.5,0.5,0.5,0.5,0.5,0.5,0.5,0.5,0.5,0.5,0.5,0.5,0.5,0.5,0.5,0.5,0.5,0.5,0.5,1.0,0.0,0.5,0.5,0.5,0.5,0.5,0.5,2
1.0,0.0,0.9716549999999999,0.599795,0.98066,0.7040150000000001,0.90257,0.782845,0.783435,0.85415,0.70918,0.91615,0.574695,0.947445,0.525835,0.96841,0.37629,0.9196949999999999,0.285945,0.8777699999999999,0.248745,0.8128150000000001,0.172425,0.75214,0.15574500000000002,0.65456,0.11451499999999998,0.578095,0.12297000000000002,0.478005,0.12400499999999998,0.410395,0.16534,0.32816500000000004,1
1.0,0.0,0.0,0.201615,0.5,0.5,0.0,0.82258,0.06451499999999999,1.0,0.5,0.5,0.5,0.5,0.5,0.5,0.5,0.5,0.5,0.5,0.0,0.0,0.5,0.5,0.649195,0.616935,1.0,0.758065,0.5,0.5,0.5,0.5,0.5,0.5,2
1.0,0.0,0.8116749999999999,0.48255,0.795425,0.502405,0.802045,0.462695,0.815885,0.504815,0.8122750000000001,0.462695,0.83514,0.5361,0.8146800000000001,0.45788,0.837545,0.54573,0.8357399999999999,0.5,0.794825,0.55054,0.7503,0.515645,0.829725,0.570395,0.802315,0.510095,0.75692,0.52226,0.808665,0.495185,0.80686,0.45427,1
1.0,0.0,0.5273,0.507185,0.48707,0.52299,0.507185,0.52299,0.461205,0.50431,0.50862,0.466955,0.48132,0.52155,0.458335,0.47701,0.452585,0.54023,0.479885,0.52586,0.510055,0.511495,0.48132,0.494255,0.515805,0.49569,0.50431,0.50862,0.51293,0.505745,0.51293,0.505745,0.47701,0.497125,2
0.0,0.0,1.0,0.0,1.0,1.0,0.0,0.0,1.0,0.0,0.5,0.5,0.5,0.5,0.0,1.0,1.0,0.0,1.0,0.0,0.125,1.0,1.0,0.0,1.0,0.0,1.0,0.0,0.0,0.0,0.5,0.5,1.0,0.0,2
1.0,0.0,1.0,0.5,1.0,0.5,0.8333349999999999,0.555555,1.0,0.444445,0.944445,0.444445,1.0,0.38889,0.88889,0.5,0.88889,0.5,1.0,0.444445,0.88889,0.444445,0.8333349999999999,0.444445,0.8333349999999999,0.5,0.951735,0.47324,1.0,0.555555,0.944445,0.444445,1.0,0.5,1
1.0,0.0,0.17857,0.0,1.0,0.914285,1.0,0.0,1.0,0.383035,1.0,0.9808049999999999,1.0,0.311605,1.0,0.0,1.0,0.569195,1.0,0.0,1.0,0.483035,0.07856999999999997,1.0,0.76875,0.92857,1.0,1.0,1.0,0.0,1.0,0.0,1.0,0.0,2
0.0,0.0,1.0,1.0,1.0,0.0,1.0,1.0,1.0,1.0,1.0,1.0,1.0,1.0,1.0,1.0,1.0,0.0,0.0,1.0,0.0,1.0,0.0,1.0,1.0,0.0,1.0,1.0,0.0,1.0,0.0,0.0,0.0,1.0,2
0.0,0.0,0.0,1.0,1.0,0.0,0.5,0.5,0.5,0.5,1.0,0.0,1.0,1.0,0.5,0.5,1.0,0.0,0.5,0.5,0.5,0.5,1.0,1.0,0.0,1.0,1.0,0.0,0.0,1.0,0.0,0.0,0.5,0.5,2
1.0,0.0,0.992275,0.48632,0.99029,0.47948,1.0,0.461825,0.9936,0.50728,0.97639,0.48698,0.9924999999999999,0.46271,0.99691,0.464255,0.98698,0.45234,0.98632,0.43888,0.99647,0.47374,0.97639,0.45543,0.9867600000000001,0.458295,0.9832650000000001,0.43544,0.967345,0.42542,0.98566,0.421225,0.9838899999999999,0.406,1
0.0,0.0,0.0,1.0,0.5,0.5,0.5,0.5,0.0,1.0,1.0,1.0,0.5,0.5,0.5,0.5,1.0,0.0,0.0,1.0,1.0,1.0,0.5,0.5,0.0,0.0,1.0,0.0,1.0,1.0,0.0,1.0,0.5,0.5,2
1.0,0.0,1.0,0.379745,1.0,0.398735,0.9367099999999999,0.449365,0.94304,0.50633,1.0,0.55696,0.962025,0.531645,0.92405,0.481015,0.8164549999999999,0.316455,0.9367099999999999,0.49367,0.9683550000000001,0.531645,1.0,0.62658,0.810125,0.310125,0.9231849999999999,0.4723,1.0,0.468355,0.765825,0.51266,0.91772,0.48734,1
1.0,0.0,1.0,0.22895,1.0,0.0,1.0,0.0,1.0,0.6810849999999999,1.0,0.29440500000000003,1.0,1.0,1.0,0.0,1.0,0.35323,1.0,0.032005000000000006,1.0,1.0,1.0,1.0,1.0,0.29556,1.0,0.18627500000000002,1.0,0.0,1.0,0.0,1.0,0.0,2
1.0,0.0,1.0,0.472355,1.0,0.0,0.75,0.444445,0.680555,0.38889,1.0,0.37144,0.583335,0.444445,1.0,0.3267,1.0,0.305735,1.0,0.28569,0.5,0.375,1.0,0.24833499999999997,1.0,0.36111,1.0,0.21454,1.0,0.36111,1.0,0.18422,1.0,0.170325,2
1.0,0.0,1.0,0.45643,1.0,0.41368499999999997,0.933175,0.09110499999999999,0.974085,0.805265,0.977365,0.29308999999999996,0.94243,0.34132,0.939685,0.382835,0.9052549999999999,0.1891,0.561225,0.0,0.9514199999999999,0.555265,0.811785,0.107265,0.776945,0.08566000000000001,0.74068,0.067085,0.7032499999999999,0.05163000000000001,0.66492,0.039360000000000006,0.433295,0.0,1
1.0,0.0,0.97026,0.492345,0.97085,0.505005,0.97497,0.49264,0.97939,0.4947,0.973205,0.48145,0.985865,0.491165,0.985275,0.480565,0.977325,0.47968,0.9761500000000001,0.476445,0.9711449999999999,0.489105,0.964075,0.477915,0.960245,0.47762,0.9634750000000001,0.470865,0.9517100000000001,0.462605,0.959955,0.46377999999999997,0.960245,0.4629,1
1.0,0.0,0.9404250000000001,0.67616,0.8419449999999999,0.8256399999999999,0.67408,0.8989199999999999,0.52916,0.95421,0.35108,0.93245,0.18682500000000002,0.84795,0.11447000000000002,0.696545,0.07098500000000002,0.54204,0.09179500000000002,0.379915,0.177105,0.24989,0.30117,0.15831499999999998,0.444265,0.12233500000000003,0.585205,0.14248,0.703375,0.21175500000000003,0.78313,0.316175,0.813825,0.433475,1
1.0,0.0,1.0,0.534215,1.0,0.571055,1.0,0.61054,1.0,0.4375,1.0,0.6974750000000001,1.0,0.744905,1.0,0.79493,0.3125,1.0,1.0,0.5,1.0,0.960005,1.0,1.0,1.0,1.0,1.0,1.0,1.0,0.625,1.0,1.0,1.0,1.0,1
1.0,0.0,0.905715,0.51857,0.9257150000000001,0.499285,0.895,0.50357,0.8978550000000001,0.47857,0.937855,0.5,0.927855,0.46643,0.932145,0.50143,0.914285,0.472855,0.905,0.440715,0.884285,0.457855,0.92143,0.475,0.885,0.465715,0.9079900000000001,0.456655,0.912855,0.447855,0.907145,0.475,0.9107149999999999,0.424285,1
1.0,0.0,0.541665,0.396575,0.0,1.0,0.0,1.0,0.859375,0.735865,0.089285,0.18638500000000002,0.0,0.0,0.0,1.0,0.486235,0.79576,0.289435,0.289435,0.12685999999999997,0.0,0.0,0.265995,0.0,0.61905,1.0,0.0,0.0,0.30543,0.0,0.0,0.0,0.8072900000000001,2
1.0,0.0,0.0,0.0,0.5,0.5,0.75407,0.10748999999999997,0.8029299999999999,0.6644950000000001,0.0,0.29316,0.5,0.5,0.5,0.5,1.0,0.36645,0.68241,0.18241000000000002,0.98534,0.0,0.0,0.0,1.0,0.201955,0.0,0.0,0.0,0.0,1.0,0.0,0.5,0.5,2
1.0,0.0,0.8735200000000001,0.433795,0.768775,0.58498,0.8636349999999999,0.54743,0.847825,0.444665,0.83399,0.38241,0.9397249999999999,0.40415,0.868575,0.52075,0.815215,0.498025,0.81818,0.44071,0.896245,0.37351999999999996,0.832015,0.35672000000000004,0.83597,0.44763,0.8092349999999999,0.439795,0.800395,0.395255,0.687745,0.534585,0.805335,0.493085,1
1.0,0.0,0.903135,0.565345,0.865305,0.621615,0.823075,0.59519,0.684615,0.727885,0.723965,0.732195,0.625,0.78654,0.62596,0.685575,0.576075,0.759385,0.45096,0.7875,0.48269,0.714425,0.45572,0.72212,0.425285,0.70003,0.4003,0.67488,0.38084,0.647705,0.36683,0.61948,0.38077,0.65577,1
1.0,0.0,1.0,0.57143,1.0,0.857145,1.0,0.857145,1.0,0.42857,0.92857,0.42857,1.0,0.51267,1.0,0.5,0.7142850000000001,0.42857,1.0,0.518085,1.0,0.357145,1.0,0.5,0.642855,0.357145,1.0,0.524455,1.0,0.52591,1.0,0.7857149999999999,1.0,0.5,1
1.0,0.0,1.0,0.45238,0.0,0.0,0.0,0.0,1.0,0.65873,0.906745,0.88095,0.0,0.0,0.0,1.0,0.73682,1.0,1.0,1.0,0.844195,0.0,0.0,0.0,0.914685,0.68254,1.0,1.0,1.0,0.75397,0.0,0.3373,0.0,0.864155,2
1.0,0.0,1.0,0.502165,1.0,0.493955,1.0,0.4852,1.0,0.46493,0.989195,0.46872,1.0,0.46728000000000003,0.986305,0.460415,0.962805,0.43167500000000003,0.97092,0.428365,0.9979450000000001,0.42876000000000003,0.974075,0.432175,0.947345,0.395745,0.945335,0.410455,0.92822,0.40724,0.918885,0.399495,0.919335,0.39617,1
1.0,0.0,1.0,0.75,1.0,0.625,0.625,1.0,0.584255,0.9559,0.43332,0.90227,0.329465,0.803965,0.28090000000000004,0.68928,0.28168499999999996,0.583545,0.31662,0.50339,0.367615,0.45487500000000003,0.41911,0.43518,0.46109,0.43628,0.489555,0.44879,0.505165,0.46482,0.51112,0.47929,0.511245,0.489915,1
1.0,0.0,0.973265,0.6435649999999999,0.86277,0.83624,0.73782,0.912275,0.506335,0.9455450000000001,0.375645,0.922375,0.26178,0.780395,0.12059500000000001,0.708715,0.167725,0.53604,0.17287000000000002,0.402375,0.23762499999999998,0.28,0.34574499999999997,0.224555,0.479405,0.17603999999999997,0.580425,0.21789999999999998,0.68376,0.290495,0.730295,0.38732500000000003,0.75188,0.4701,1
1.0,0.0,0.9503550000000001,0.508865,1.0,0.491135,0.9503550000000001,0.503545,0.92376,0.52837,1.0,0.51773,0.98936,0.50532,0.98759,0.51773,1.0,0.484045,0.94858,0.484045,0.93085,0.539005,1.0,0.5461,0.9503550000000001,0.52305,0.971525,0.516235,0.9734050000000001,0.51241,1.0,0.50532,0.968085,0.51064,1
1.0,0.0,0.87395,0.5042,0.91656,0.508295,0.91319,0.512345,0.932775,0.508405,0.80252,0.52941,0.895465,0.523655,0.887205,0.527035,0.82353,0.5966400000000001,0.9201699999999999,0.52101,0.856425,0.53561,0.844475,0.537885,0.831935,0.542015,0.81864,0.54148,0.806725,0.508405,0.7909349999999999,0.543785,0.7766500000000001,0.544455,1
0.0,0.0,0.5,0.5,0.5,0.5,1.0,0.0,0.5,0.5,0.0,0.0,0.5,0.5,0.5,0.5,1.0,1.0,0.0,0.0,0.5,0.5,0.5,0.5,1.0,1.0,1.0,1.0,0.5,0.5,1.0,1.0,0.5,0.5,2
1.0,0.0,0.94104,0.426805,0.96704,0.44471499999999997,0.9605,0.41775,0.941535,0.41481999999999997,0.94231,0.340955,0.926345,0.342685,0.91058,0.32038,0.903405,0.33184,0.876215,0.26488999999999996,0.8527750000000001,0.264235,0.83075,0.249575,0.806485,0.25956999999999997,0.7840199999999999,0.22685499999999997,0.750895,0.20073000000000002,0.735375,0.213115,0.7109449999999999,0.20956999999999998,1
1.0,0.0,0.998505,0.608385,0.95983,0.73515,0.88451,0.812075,0.76656,0.8906000000000001,0.68387,0.9414549999999999,0.550535,0.91656,0.465865,0.9463699999999999,0.358655,0.860365,0.28146499999999997,0.80844,0.221155,0.7406,0.175,0.67767,0.17670999999999998,0.5795399999999999,0.16674499999999998,0.511385,0.17564000000000002,0.43269,0.226925,0.385255,0.263995,0.32484,1
1.0,0.0,1.0,0.46698,1.0,0.814685,1.0,0.547785,1.0,0.6014,1.0,0.0,1.0,0.297205,1.0,0.420745,1.0,0.524475,1.0,0.19230999999999998,1.0,0.367135,1.0,0.0,1.0,0.20978999999999998,1.0,0.09314,1.0,0.0,1.0,0.10722500000000001,1.0,0.25873999999999997,1
1.0,0.0,0.924215,0.5339700000000001,0.90281,0.488505,0.885155,0.483505,0.8336250000000001,0.4669,0.79791,0.46167,0.8363,0.471145,0.8212999999999999,0.46781,0.695995,0.52265,0.85627,0.50697,0.7798499999999999,0.459805,0.76715,0.457735,0.73519,0.38589,0.743295,0.45436,0.763065,0.457315,0.7213849999999999,0.451895,0.7111149999999999,0.45096,1
1.0,0.0,0.8636349999999999,0.475,0.946205,0.51731,1.0,0.8636349999999999,0.83182,0.470455,0.74091,0.41591,0.909045,0.547795,0.78409,1.0,0.752275,0.60909,0.83409,0.55,1.0,0.35,0.99318,0.0,0.786365,0.663635,0.78491,0.573365,0.711365,0.54091,0.7446349999999999,0.573215,1.0,1.0,2
1.0,0.0,0.607145,0.45238,0.6666650000000001,0.5357149999999999,0.59524,0.59524,0.61905,0.54762,0.70238,0.511905,0.65476,0.47619,0.65476,0.47619,0.642855,0.440475,0.6666650000000001,0.52381,0.65476,0.5,0.607145,0.440475,0.67857,0.47619,0.610545,0.48855,0.59524,0.5,0.584985,0.48983,0.57347,0.490615,1
1.0,0.0,0.95304,0.491715,0.99061,0.490055,0.9784550000000001,0.48177,0.92873,0.50055,0.94862,0.483425,0.9453050000000001,0.49282,0.95304,0.47735,0.956905,0.49558,0.9038649999999999,0.43535999999999997,0.9436450000000001,0.506075,0.9607749999999999,0.4884,0.9552499999999999,0.489505,0.945735,0.4612,0.9149149999999999,0.41381,0.98011,0.481215,0.9370149999999999,0.418785,1
1.0,0.0,0.5,0.5,1.0,0.7586200000000001,0.5,0.5,0.554955,0.0,0.5,0.5,0.5,0.5,0.0,0.38793,0.221445,0.083515,0.8847,0.815735,0.5,0.5,0.7672399999999999,0.6783399999999999,0.04848999999999998,0.72414,1.0,0.0,0.0,0.9078649999999999,0.5,0.5,0.5,0.5,2
1.0,0.0,0.7354499999999999,0.613755,0.71164,0.66799,0.628305,0.738095,0.50926,0.747355,0.48942,0.7698400000000001,0.329365,0.656085,0.29364999999999997,0.6627000000000001,0.24206499999999997,0.53439,0.25,0.44179999999999997,0.425925,0.42725,0.425925,0.309525,0.3836,0.501325,0.51787,0.34130499999999997,0.579365,0.39153499999999997,0.62434,0.378305,0.6335999999999999,0.521165,1
1.0,0.0,1.0,0.42882,1.0,0.41872,1.0,0.38172,1.0,0.46243,1.0,0.37495,1.0,0.369195,1.0,0.390125,1.0,0.30696999999999997,1.0,0.26919000000000004,1.0,0.322405,1.0,0.201695,1.0,0.261785,0.9941,0.25156500000000004,1.0,0.12090000000000001,1.0,0.121195,1.0,0.07781500000000002,1
1.0,0.0,0.98857,0.595245,0.913415,0.731295,0.8588549999999999,0.79366,0.73984,0.9213899999999999,0.657045,0.9632149999999999,0.551445,0.969725,0.43373,0.92145,0.3399,0.9581200000000001,0.23927500000000002,0.897625,0.15863,0.74754,0.11296,0.667685,0.07312000000000002,0.589245,0.08343,0.49321,0.08817000000000003,0.403395,0.163555,0.33169000000000004,0.200285,0.2515,1
1.0,0.0,0.87042,0.52487,0.89537,0.512715,0.892875,0.518965,0.83115,0.54974,0.839005,0.65576,0.87967,0.53674,0.873475,0.54221,0.853405,0.460735,0.818065,0.5,0.850105,0.556775,0.8409150000000001,0.560925,0.83508,0.577225,0.82079,0.56804,0.828535,0.587695,0.7987949999999999,0.573485,0.787275,0.57557,1
1.0,0.0,0.9615400000000001,0.577255,0.931995,0.648785,0.8629100000000001,0.6839500000000001,0.85294,0.78415,0.787245,0.8135950000000001,0.71635,0.87338,0.658525,0.8384849999999999,0.59564,0.88409,0.52343,0.8808549999999999,0.43968,0.884845,0.407605,0.856635,0.353545,0.82854,0.30601,0.7927649999999999,0.266005,0.7506550000000001,0.23426999999999998,0.70366,0.218845,0.675475,1
1.0,0.0,0.97299,0.486575,0.0,0.630655,0.318035,0.678195,0.84629,0.182865,1.0,0.483235,0.3549,0.49725,0.22574,0.57726,0.959605,0.26865,1.0,0.24788,0.351325,0.34273,0.13068000000000002,0.686805,0.91936,0.26633,0.7610399999999999,0.20934999999999998,1.0,0.193035,0.45183,0.602385,0.469415,0.709565,2
1.0,0.0,0.69643,0.761905,0.10587999999999997,0.55671,0.41686,0.11810999999999999,0.8333349999999999,0.50595,0.9107149999999999,0.70238,0.16385,0.653645,0.326015,0.18166,0.732145,0.57738,0.77381,0.52976,0.24085,0.724805,0.261745,0.26203,0.6607149999999999,0.85119,0.759855,0.69424,0.7857149999999999,0.69643,0.225545,0.350425,0.627205,0.22081499999999998,2
1.0,0.0,1.0,0.64023,1.0,0.512385,1.0,0.53882,1.0,0.521585,0.9938100000000001,0.66633,1.0,0.527445,1.0,0.52192,0.97875,0.37701,0.921855,0.45666,1.0,0.52075,0.999665,0.63688,1.0,0.30472,0.98207,0.48913,0.933735,0.6168,0.97289,0.389895,0.901775,0.463355,1
0.0,0.0,1.0,0.0,1.0,1.0,1.0,1.0,1.0,1.0,1.0,1.0,1.0,0.0,1.0,0.0,1.0,1.0,1.0,0.0,1.0,1.0,1.0,1.0,1.0,0.0,1.0,1.0,1.0,0.0,1.0,1.0,1.0,0.0,2
1.0,0.0,0.5,0.5,0.0,0.0,0.0,1.0,0.5,0.5,0.0,1.0,1.0,1.0,1.0,0.0,0.5,0.5,0.5,0.5,0.0,0.0,0.0,1.0,1.0,0.71875,1.0,0.0,0.5,0.5,0.0,0.0,0.0,1.0,2
1.0,0.0,0.956765,0.90793,0.135135,1.0,0.30267,0.778675,0.527025,0.64865,0.407005,0.448795,0.48421000000000003,0.45515,0.507005,0.482985,0.50554,0.497315,0.50171,0.500485,0.50024,0.500375,0.499985,0.500095,0.499985,0.50001,0.499995,0.5,0.5,0.5,0.5,0.5,0.5,0.5,2
1.0,0.0,1.0,0.35786,1.0,0.37327,0.973115,0.32453,1.0,0.34717,0.96368,0.254715,0.95409,0.279405,0.8786149999999999,0.205505,0.84874,0.209905,0.798115,0.212105,0.842295,0.145125,0.7723249999999999,0.063365,0.74607,0.13333499999999998,0.67752,0.11973,0.63176,0.10880499999999999,0.58302,0.13427499999999998,0.56997,0.15000000000000002,1
1.0,0.0,0.93516,0.7348600000000001,0.769725,0.910805,0.5519000000000001,0.976375,0.30983499999999997,0.9395800000000001,0.130305,0.79113,0.03950500000000001,0.583655,0.08791500000000002,0.37529,0.20308500000000002,0.18329,0.37994,0.08559499999999998,0.594115,0.10650500000000002,0.7577849999999999,0.21284999999999998,0.8463700000000001,0.375785,0.845485,0.55242,0.76399,0.6988099999999999,0.62987,0.7828649999999999,0.46630499999999997,0.78776,1
1.0,0.0,1.0,0.77451,0.813725,1.0,0.509805,1.0,0.2549,0.960785,0.08823500000000001,0.7941199999999999,0.0,0.558825,0.019610000000000016,0.333335,0.17647000000000002,0.15686499999999998,0.382355,0.06862499999999999,0.67647,0.0,0.8725499999999999,0.13725500000000002,0.960785,0.39215500000000003,0.96437,0.60938,0.862745,0.784315,0.617645,0.9509799999999999,0.441175,0.9509799999999999,1
0.0,0.0,1.0,1.0,0.0,0.0,0.0,0.0,0.5,0.5,0.5,0.5,0.0,0.0,0.5,0.5,0.5,0.5,0.5,0.5,0.0,1.0,1.0,1.0,0.5,0.5,1.0,0.0,0.5,0.5,0.0,0.0,0.0,0.0,2
1.0,0.0,0.980355,0.53544,1.0,0.5214799999999999,1.0,0.546565,0.9508449999999999,0.47428,0.946315,0.5129,0.91625,0.46929,0.93767,0.549155,0.88272,0.5014,0.87603,0.473525,0.829805,0.460475,0.82079,0.470355,0.778385,0.461475,0.7902549999999999,0.488975,0.74832,0.493745,0.7565500000000001,0.499925,0.7604949999999999,0.49909,1
1.0,0.0,0.809285,0.55425,0.85347,0.465325,0.85179,0.50839,0.871365,0.50112,0.855145,0.57886,0.8579399999999999,0.49888,0.8987700000000001,0.533,0.918345,0.417225,0.8433999999999999,0.4547,0.81264,0.49329,0.80481,0.558725,0.856265,0.45246,0.849225,0.491635,0.8165549999999999,0.52405,0.8942950000000001,0.474275,0.826065,0.47651,1
1.0,0.0,0.160325,0.0,0.0,1.0,1.0,0.816585,0.517575,0.0,0.0,0.0,1.0,1.0,0.943415,0.0,0.0,1.0,0.9192,1.0,1.0,0.0,0.0,0.0,0.40571999999999997,1.0,1.0,0.0,0.0,0.0,0.0,1.0,1.0,0.6680550000000001,2
1.0,0.0,1.0,0.21388000000000001,0.99575,0.133145,0.9475899999999999,0.012749999999999984,1.0,0.32091000000000003,1.0,0.383855,0.81445,0.06799,1.0,0.21232499999999999,1.0,0.10198499999999999,0.8838550000000001,0.05524000000000001,0.983005,0.0,0.8506,0.12552000000000002,0.8097300000000001,0.11548000000000003,0.768885,0.11007,0.9051,0.0,1.0,0.0,0.652225,0.11943999999999999,1
1.0,0.0,0.81908,1.0,0.604165,0.0,1.0,1.0,0.9385950000000001,0.654605,0.16557,1.0,0.470395,0.79386,0.50877,0.52522,0.242325,0.0,0.57127,0.483555,0.663375,0.2807,0.0,1.0,0.904605,0.0,1.0,0.4693,1.0,1.0,0.60307,0.0,1.0,1.0,2
1.0,0.0,1.0,0.5,1.0,0.5,0.75,0.75,0.875,0.5,0.956005,0.56047,0.945335,0.5710500000000001,0.9346099999999999,0.58114,0.875,0.625,0.875,0.75,0.875,0.5,1.0,0.375,0.75,0.75,0.86972,0.63194,0.875,0.625,0.848175,0.64537,0.837465,0.651465,1
1.0,0.0,0.5,0.5,0.5,0.5,0.5,0.5,0.07500000000000001,0.0,0.5,0.5,1.0,0.0,0.5,0.5,0.0,0.0,0.0,0.0,1.0,0.0,0.2,0.0,1.0,1.0,0.0,0.4,1.0,0.0,0.5,1.0,0.5,0.5,2
1.0,0.0,1.0,0.512305,0.99836,0.524305,0.987725,0.5357149999999999,0.808725,0.0,0.9551799999999999,0.555735,0.94231,0.7682,0.910385,0.570685,0.884645,0.575945,1.0,0.705015,0.82925,0.581855,0.80069,0.58258,0.77223,0.58195,0.744335,0.580095,0.717405,0.57718,0.69176,0.573385,1.0,1.0,2
0.0,0.0,1.0,1.0,1.0,0.0,1.0,1.0,0.0,1.0,0.5,0.5,1.0,1.0,0.5,0.5,0.5,0.5,0.0,1.0,0.0,1.0,1.0,1.0,1.0,0.0,1.0,1.0,1.0,1.0,1.0,0.0,0.0,1.0,2
1.0,0.0,0.923915,0.55299,1.0,0.69565,1.0,0.0,0.8346899999999999,0.54212,1.0,0.63519,1.0,0.80299,1.0,0.677535,1.0,0.51336,0.7921199999999999,0.284875,1.0,0.81748,0.94565,0.632925,0.955165,0.333335,1.0,0.57971,0.6884049999999999,0.490265,1.0,0.61232,1.0,0.687045,2
0.0,0.0,0.0,0.0,0.5,0.5,0.0,1.0,1.0,0.3125,0.5,0.5,0.5,0.5,0.5,0.5,1.0,0.0,0.0,0.0,1.0,0.0,0.5,0.5,1.0,0.0,0.0,1.0,0.0,0.0,0.5,0.5,0.0,1.0,2
1.0,0.0,0.93142,0.59655,0.9046000000000001,0.7057450000000001,0.836015,0.778925,0.772795,0.84981,0.6835249999999999,0.9076649999999999,0.598085,0.928355,0.479695,0.93142,0.413795,0.878925,0.3295,0.828735,0.25900500000000004,0.7804599999999999,0.19885000000000003,0.7049799999999999,0.20383,0.628735,0.18480999999999997,0.54409,0.213795,0.46092,0.22566999999999998,0.400385,0.28544,0.34023000000000003,1
1.0,0.0,1.0,0.54901,1.0,0.625505,0.99195,0.66522,0.901825,0.7651,0.874885,0.801485,0.7846850000000001,0.85971,0.776555,0.870395,0.64726,0.910965,0.605685,0.8988849999999999,0.548545,0.91081,0.49133,0.89935,0.42428,0.87798,0.385805,0.845935,0.341435,0.80474,0.298545,0.77261,0.285925,0.72267,1
0.0,0.0,0.0,1.0,1.0,0.0,0.0,1.0,0.5,0.5,1.0,1.0,0.0,0.40625,1.0,1.0,0.0,0.0,1.0,0.0,0.0,0.0,1.0,1.0,1.0,0.0,1.0,1.0,1.0,1.0,0.5,0.5,0.0,0.0,2
1.0,0.0,1.0,1.0,0.0,1.0,0.0,0.08772000000000002,0.673245,0.6052649999999999,0.7302649999999999,0.53509,0.614035,0.52851,0.67544,0.673245,0.864035,0.480265,0.614035,0.76535,0.5,0.5,0.350875,0.41886,1.0,0.166665,1.0,0.0,1.0,0.377195,0.67544,0.600875,0.9144749999999999,0.539475,2
1.0,0.0,0.977795,0.499225,0.932105,0.43378,0.9749099999999999,0.497695,0.914045,0.244145,0.962205,0.55184,1.0,0.428765,0.99632,0.48729,0.979265,0.42241,0.920065,0.8086949999999999,1.0,0.418395,0.93746,0.457525,0.928705,0.49168,0.92066,0.491155,0.9121349999999999,0.490665,0.90317,0.490215,0.893805,0.489805,1
