1.0,0.0,1.0,0.27419499999999997,1.0,1.0,0.85608,0.0,0.5,0.5,0.5,0.5,0.5,0.5,0.0,0.57258,0.77047,0.30335,0.0,0.227665,0.150125,1.0,0.5,0.5,1.0,0.9534750000000001,0.758065,1.0,1.0,0.399505,0.62841,1.0,0.33809,1.0,2
1.0,0.0,0.93142,0.59655,0.9046000000000001,0.7057450000000001,0.836015,0.778925,0.772795,0.84981,0.6835249999999999,0.9076649999999999,0.598085,0.928355,0.479695,0.93142,0.413795,0.878925,0.3295,0.828735,0.25900500000000004,0.7804599999999999,0.19885000000000003,0.7049799999999999,0.20383,0.628735,0.18480999999999997,0.54409,0.213795,0.46092,0.22566999999999998,0.400385,0.28544,0.34023000000000003,1
1.0,0.0,0.8206100000000001,0.507015,0.67073,0.487805,0.763755,0.51733,0.59756,0.560975,0.716565,0.523775,0.609755,0.52439,0.64634,0.5,0.682925,0.5,0.658535,0.536585,0.634145,0.560975,0.61849,0.529065,0.609755,0.54878,0.5965199999999999,0.528205,0.58705,0.52752,0.59756,0.5,0.585365,0.536585,1
1.0,0.0,0.5,0.5,0.5,0.5,1.0,1.0,0.0,0.0,0.5,0.5,1.0,0.444445,0.5,0.5,0.5,0.5,0.0,1.0,1.0,1.0,1.0,0.0,0.5,0.5,1.0,0.0,0.5,0.5,0.5,0.5,1.0,1.0,2
1.0,0.0,1.0,0.508545,0.9810749999999999,0.48429,1.0,0.48282,1.0,0.474645,0.9951300000000001,0.46454,0.995865,0.45499,1.0,0.421365,1.0,0.428715,0.9915499999999999,0.440935,1.0,0.407405,1.0,0.40364,0.994855,0.389585,0.98245,0.398785,0.972995,0.414385,0.98218,0.387195,0.935055,0.38351999999999997,1
1.0,0.0,0.799435,0.573445,0.84934,0.43032,0.92561,0.43032,0.904895,0.51224,0.752355,0.514125,0.8371,0.4774,0.9039550000000001,0.43126,0.7570600000000001,0.37759,0.9077200000000001,0.428435,0.851225,0.498115,0.6666650000000001,0.531075,0.780605,0.334275,0.80722,0.415815,0.763655,0.48964,0.769305,0.34369,0.8371,0.38983,1
1.0,0.0,1.0,0.42623,1.0,0.52459,0.7868850000000001,0.491805,0.82787,0.508195,0.92623,0.483605,0.860655,0.5,0.84426,0.418035,0.59836,0.42623,0.82779,0.41412,0.8360650000000001,0.516395,1.0,0.35246,0.65574,0.32787,0.761925,0.39837500000000003,0.6639349999999999,0.483605,0.639345,0.27869,0.7459,0.467215,2
1.0,0.0,0.947525,0.48416,0.9376249999999999,0.527725,0.947525,0.50693,0.9643550000000001,0.51386,0.9564349999999999,0.49505,0.970295,0.49208,0.9594050000000001,0.51683,0.968315,0.5,0.971285,0.50693,0.952475,0.50396,0.943565,0.49109,0.946535,0.51188,0.94501,0.508055,0.9405950000000001,0.50099,0.936635,0.52079,0.933665,0.51188,1
1.0,0.0,0.918045,0.566075,0.8608549999999999,0.530295,0.829145,0.541575,0.61944,0.564805,0.719185,0.60165,0.74709,0.56343,0.723735,0.567535,0.64676,0.51461,0.7407900000000001,0.57878,0.664175,0.57308,0.647475,0.57319,0.63218,0.57265,0.618205,0.57157,0.632145,0.580685,0.593835,0.56816,0.583275,0.56599,1
1.0,0.0,0.8802300000000001,0.50546,0.931675,0.50129,0.9291050000000001,0.50192,0.89994,0.51152,0.90752,0.56034,0.9154800000000001,0.50372,0.9090750000000001,0.50427,0.9138850000000001,0.46513,0.882655,0.519405,0.884895,0.50574,0.875355,0.50616,0.88569,0.498485,0.85443,0.506875,0.830805,0.504245,0.8314900000000001,0.50742,0.819435,0.507625,1
1.0,0.0,1.0,1.0,1.0,1.0,0.95505,1.0,0.36515,1.0,0.08423999999999998,1.0,0.0,1.0,0.0,0.86263,0.0,0.211105,0.0,0.28974,0.0,0.0,0.23581000000000002,0.0,0.95007,0.0,1.0,0.0,1.0,0.0,1.0,0.32657,1.0,0.674225,1
1.0,0.0,1.0,0.556925,0.850095,0.43928,0.9079699999999999,0.548385,0.855785,0.505695,0.780835,0.4611,0.84535,0.56262,0.7931699999999999,0.519925,0.765655,0.48292,0.8472500000000001,0.58444,0.86338,0.536055,0.66034,0.52941,0.766605,0.686905,0.74545,0.589755,0.5759,0.6622399999999999,0.720705,0.594485,0.780835,0.5759,1
1.0,0.0,1.0,0.5419,1.0,0.586935,1.0,0.43346,0.9908600000000001,0.8226,1.0,0.73952,1.0,0.7955650000000001,1.0,0.85379,1.0,0.9138850000000001,1.0,0.975495,1.0,1.0,0.99021,1.0,0.9581200000000001,1.0,0.919495,1.0,0.8741099999999999,1.0,0.82179,1.0,0.7623949999999999,1.0,1
1.0,0.0,1.0,0.52039,1.0,0.55991,1.0,0.580795,1.0,0.639605,0.9935149999999999,0.6544449999999999,0.9637249999999999,0.688195,0.9555899999999999,0.698745,0.9096949999999999,0.730295,0.893095,0.73497,0.897,0.7814099999999999,0.851655,0.790645,0.835385,0.7986150000000001,0.7945150000000001,0.80495,0.76976,0.8046599999999999,0.72656,0.81818,0.70221,0.8132900000000001,1
1.0,0.0,0.94058,0.637375,0.860625,0.714405,0.807795,0.81831,0.694125,0.95251,0.549155,0.98064,0.399515,0.946,0.321315,0.8875,0.17442999999999997,0.81105,0.10615999999999998,0.727675,0.09072000000000002,0.595475,0.080285,0.459605,0.10832999999999998,0.36822,0.162215,0.272445,0.22633999999999999,0.19571,0.34743999999999997,0.16649999999999998,0.40344,0.12201499999999998,1
0.0,0.0,0.0,0.0,1.0,0.0,0.0,1.0,0.5,0.5,1.0,0.0,1.0,0.0,0.5,0.5,0.5,0.5,0.5,0.5,0.0,1.0,1.0,0.0,0.0,1.0,1.0,1.0,0.5,0.5,1.0,0.75,0.5,0.5,2
1.0,0.0,0.97299,0.486575,0.0,0.630655,0.318035,0.678195,0.84629,0.182865,1.0,0.483235,0.3549,0.49725,0.22574,0.57726,0.959605,0.26865,1.0,0.24788,0.351325,0.34273,0.13068000000000002,0.686805,0.91936,0.26633,0.7610399999999999,0.20934999999999998,1.0,0.193035,0.45183,0.602385,0.469415,0.709565,2
1.0,0.0,0.941525,0.39002000000000003,1.0,0.6818649999999999,0.912015,0.5960300000000001,0.92543,0.529505,0.95279,0.47854,0.9259649999999999,0.625,0.8894850000000001,0.62661,0.8460300000000001,0.7897000000000001,0.8551500000000001,0.69528,0.86588,0.637875,1.0,0.674355,0.7838,0.760195,0.849055,0.766175,0.904505,0.7929200000000001,0.71513,0.854615,0.7618050000000001,0.7709250000000001,1
1.0,0.0,0.9334450000000001,0.67975,0.86007,0.8333349999999999,0.686005,0.915245,0.54323,0.929465,0.37941,0.930605,0.24118499999999998,0.837885,0.15643,0.70762,0.11490499999999998,0.54949,0.153015,0.43174,0.25256,0.288965,0.33731500000000003,0.211605,0.48578,0.20023000000000002,0.5768,0.234365,0.661545,0.31456,0.730945,0.401595,0.70478,0.5091,1
1.0,0.0,0.903135,0.565345,0.865305,0.621615,0.823075,0.59519,0.684615,0.727885,0.723965,0.732195,0.625,0.78654,0.62596,0.685575,0.576075,0.759385,0.45096,0.7875,0.48269,0.714425,0.45572,0.72212,0.425285,0.70003,0.4003,0.67488,0.38084,0.647705,0.36683,0.61948,0.38077,0.65577,1
1.0,0.0,0.965735,0.64641,0.8995850000000001,0.77878,0.79976,0.85798,0.631015,0.963255,0.52318,0.9837400000000001,0.383815,0.97565,0.22037,0.90509,0.133355,0.811925,0.04502499999999998,0.681,0.03872999999999999,0.5302,0.031909999999999994,0.40081,0.08404,0.26547,0.17417500000000002,0.15222000000000002,0.293885,0.07137500000000002,0.43205,0.030235000000000012,0.550035,0.02588499999999999,1
1.0,0.0,0.934445,0.464445,1.0,0.48753,1.0,0.465555,0.93889,0.50111,0.91778,0.46778,1.0,0.463565,1.0,0.4,0.934445,0.526665,0.94,0.48111,1.0,0.44237,1.0,0.406665,0.92222,0.51778,1.0,0.42919,0.91111,0.426665,1.0,0.42195499999999997,1.0,0.27888999999999997,1
1.0,0.0,1.0,0.512305,0.99836,0.524305,0.987725,0.5357149999999999,0.808725,0.0,0.9551799999999999,0.555735,0.94231,0.7682,0.910385,0.570685,0.884645,0.575945,1.0,0.705015,0.82925,0.581855,0.80069,0.58258,0.77223,0.58195,0.744335,0.580095,0.717405,0.57718,0.69176,0.573385,1.0,1.0,2
1.0,0.0,0.93789,0.518635,0.949755,0.501715,0.9460500000000001,0.50255,0.931675,0.5,0.975155,0.537265,0.9351050000000001,0.50497,0.931515,0.505755,0.9192549999999999,0.468945,0.92857,0.51242,0.92091,0.508015,0.91743,0.508745,0.8975150000000001,0.47826,0.910555,0.510165,0.90994,0.54348,0.9037850000000001,0.51154,0.90044,0.512205,1
0.0,0.0,0.0,0.0,0.5,0.5,0.5,0.5,0.5,0.5,0.5,0.5,0.5,0.5,1.0,0.0,0.5,0.5,0.0,0.0,0.5,0.5,1.0,1.0,1.0,0.0,1.0,0.0,0.5,0.5,0.5,0.5,0.5,0.5,2
1.0,0.0,0.84722,0.694445,0.5,0.5,0.33531500000000003,0.849205,0.5,0.5,0.5,0.5,0.5,0.5,0.603175,0.37897000000000003,0.60516,0.59722,0.732145,0.890875,0.5,0.5,0.5,0.5,0.867065,0.636905,0.88095,0.8174600000000001,0.5,0.5,0.5,0.5,0.5,0.5,2
1.0,0.0,0.920885,0.7173,0.75,0.8808,0.54958,0.9673,0.31118,0.94093,0.138185,0.805905,0.030590000000000006,0.597045,0.06645499999999999,0.372365,0.18565500000000001,0.17193999999999998,0.374475,0.07173000000000002,0.581225,0.06751000000000001,0.757385,0.16560999999999998,0.874475,0.355485,0.8896850000000001,0.539665,0.820675,0.714135,0.6571750000000001,0.812235,0.49789,0.847045,1
1.0,0.0,0.0,0.0,0.24653000000000003,1.0,1.0,0.0,1.0,0.769095,0.5,0.5,0.61979,0.0,1.0,1.0,0.5,0.5,1.0,1.0,1.0,1.0,0.5,0.5,0.14236,1.0,0.6666650000000001,0.0,1.0,0.0,0.8489599999999999,0.0,0.737845,1.0,2
1.0,0.0,0.5,0.5,0.0,0.0,0.0,1.0,0.5,0.5,0.0,1.0,1.0,1.0,1.0,0.0,0.5,0.5,0.5,0.5,0.0,0.0,0.0,1.0,1.0,0.71875,1.0,0.0,0.5,0.5,0.0,0.0,0.0,1.0,2
1.0,0.0,0.80769,0.594615,0.8907849999999999,0.5089,0.8874299999999999,0.513235,0.825385,0.44845999999999997,0.88769,0.54,0.8698049999999999,0.5253,0.86161,0.52888,0.843075,0.455385,0.80846,0.58154,0.8311649999999999,0.537865,0.8193900000000001,0.540205,0.80077,0.463845,0.794015,0.543835,0.775385,0.62846,0.766945,0.546035,0.753045,0.54661,1
1.0,0.0,1.0,0.5332749999999999,1.0,0.40806,1.0,0.3634,1.0,0.28446499999999997,1.0,0.293255,0.98116,0.24063,0.9535549999999999,0.204915,0.94615,0.16763,0.84938,0.145015,0.853225,0.1184,0.8154049999999999,0.09727999999999998,0.779335,0.05436000000000002,0.736055,0.0675,0.701515,0.081625,0.65498,0.054535,0.614975,0.05420999999999998,1
1.0,0.0,0.727275,0.545455,0.81818,0.545455,0.636365,0.59091,0.81818,0.5,0.68182,0.454545,0.727275,0.454545,0.74306,0.493285,0.81818,0.40909,0.727275,0.5,0.68182,0.454545,0.636365,0.59091,0.68182,0.454545,0.67221,0.49116,0.636365,0.5,0.68182,0.5,0.644925,0.49084,1
1.0,0.0,0.84074,0.55185,0.885185,0.517285,0.825925,0.54074,0.80494,0.49753000000000003,0.89506,0.55926,0.798765,0.52469,0.812345,0.54815,0.8913599999999999,0.412345,0.869135,0.44568,0.74321,0.5049399999999999,0.80494,0.54074,0.8333349999999999,0.4358,0.818865,0.487745,0.882715,0.51111,0.806175,0.4642,0.7567900000000001,0.476545,1
1.0,0.0,0.829545,0.18560500000000002,0.5,0.5,0.5,0.5,0.8863650000000001,1.0,1.0,0.35985,0.5,0.5,0.5,0.5,0.810605,0.386365,0.920455,0.0,1.0,0.0,0.5,0.5,0.5,0.5,1.0,0.030305000000000026,0.435605,0.03409000000000001,0.5,0.5,0.5,0.5,2
1.0,0.0,0.99083,0.50437,0.990515,0.48091,0.987825,0.471505,0.979735,0.46514500000000003,0.99502,0.47746500000000003,0.973565,0.44449,0.966845,0.43605,0.971085,0.442085,0.8984099999999999,0.404,0.94137,0.413065,0.9312849999999999,0.406305,0.942435,0.401555,0.909065,0.39432,0.89273,0.38068,0.884555,0.384525,0.871615,0.38049,1
1.0,0.0,0.867615,0.308535,0.900755,0.55139,0.89413,0.57633,0.7779,0.52626,1.0,0.606125,0.859735,0.6447700000000001,0.84399,0.664625,0.74836,0.586435,0.821665,0.485775,0.786995,0.7126399999999999,0.7656000000000001,0.72436,0.97265,0.7877449999999999,0.72087,0.741,0.562365,1.0,0.67535,0.748605,0.65294,0.749155,1
1.0,0.0,0.809285,0.55425,0.85347,0.465325,0.85179,0.50839,0.871365,0.50112,0.855145,0.57886,0.8579399999999999,0.49888,0.8987700000000001,0.533,0.918345,0.417225,0.8433999999999999,0.4547,0.81264,0.49329,0.80481,0.558725,0.856265,0.45246,0.849225,0.491635,0.8165549999999999,0.52405,0.8942950000000001,0.474275,0.826065,0.47651,1
1.0,0.0,0.98857,0.595245,0.913415,0.731295,0.8588549999999999,0.79366,0.73984,0.9213899999999999,0.657045,0.9632149999999999,0.551445,0.969725,0.43373,0.92145,0.3399,0.9581200000000001,0.23927500000000002,0.897625,0.15863,0.74754,0.11296,0.667685,0.07312000000000002,0.589245,0.08343,0.49321,0.08817000000000003,0.403395,0.163555,0.33169000000000004,0.200285,0.2515,1
1.0,0.0,1.0,1.0,1.0,0.0,1.0,0.0,1.0,1.0,1.0,1.0,1.0,1.0,1.0,0.0,1.0,1.0,1.0,1.0,1.0,1.0,1.0,1.0,1.0,1.0,1.0,0.75,0.5,0.5,1.0,0.0,1.0,0.0,2
1.0,0.0,0.7992,0.70166,0.914045,0.902605,0.8800049999999999,0.853545,0.92005,0.44508000000000003,0.9865550000000001,0.539905,0.97912,0.07136500000000001,0.95981,0.9422200000000001,0.97726,0.47397,0.943365,0.5906750000000001,0.9924200000000001,0.15203,0.93335,0.07122499999999998,0.64302,0.349685,1.0,0.58538,0.81479,0.7133849999999999,0.938785,0.905035,0.909895,0.84411,2
1.0,0.0,0.94853,0.691175,0.9558800000000001,0.6875,0.871325,0.8382350000000001,0.72794,0.889705,0.59559,0.944855,0.48897,0.930145,0.39705999999999997,0.9117649999999999,0.3125,0.8382350000000001,0.25,0.73897,0.132355,0.691175,0.069855,0.54412,0.12867499999999998,0.4375,0.160375,0.379345,0.224265,0.286765,0.27941,0.24632500000000002,0.35662,0.21691,1
1.0,0.0,0.922785,0.4571,0.341275,0.09723500000000002,0.455195,0.217825,0.90324,0.52288,0.94757,0.496185,0.40753,0.8198300000000001,0.399905,0.159675,0.928505,0.44328,0.889895,0.421355,0.465205,0.75405,0.32936,0.90467,0.89466,0.48141,0.85441,0.37356,0.88942,0.42945500000000003,0.39322999999999997,0.10915000000000002,0.40753,0.20066499999999998,2
1.0,0.0,1.0,0.54901,1.0,0.625505,0.99195,0.66522,0.901825,0.7651,0.874885,0.801485,0.7846850000000001,0.85971,0.776555,0.870395,0.64726,0.910965,0.605685,0.8988849999999999,0.548545,0.91081,0.49133,0.89935,0.42428,0.87798,0.385805,0.845935,0.341435,0.80474,0.298545,0.77261,0.285925,0.72267,1
1.0,0.0,0.7339249999999999,0.55654,0.7948999999999999,0.503325,0.7771600000000001,0.53437,0.73947,0.430155,0.764965,0.50665,0.8192900000000001,0.41907,0.839245,0.48337,0.772725,0.432375,0.764965,0.47672,0.73947,0.40244,0.75388,0.432375,0.707315,0.399115,0.76965,0.442725,0.799335,0.48559,0.768295,0.44124,0.781595,0.477825,1
1.0,0.0,0.663945,0.55521,0.57985,0.64654,0.5701,0.872425,0.37434500000000004,0.959965,0.417485,0.63332,0.18142999999999998,0.624325,0.011749999999999983,0.498315,0.383865,0.400455,0.34739,0.25556999999999996,0.42787,0.050045000000000006,0.546725,0.35542,0.641535,0.4072,0.697995,0.44251,0.655025,0.52807,0.6072150000000001,0.6027,0.56688,0.63211,1
1.0,0.0,0.824735,0.46052,0.79132,0.4281,0.434355,0.39308,0.64898,0.522015,0.69048,0.368305,0.644655,0.340015,0.517295,0.405265,0.601345,0.35279499999999997,0.57598,0.35474,0.547565,0.342375,0.53278,0.366025,0.51502,0.37438,0.49977,0.38395,0.48694,0.394355,0.476415,0.40525,0.50668,0.363995,1
1.0,0.0,0.998505,0.608385,0.95983,0.73515,0.88451,0.812075,0.76656,0.8906000000000001,0.68387,0.9414549999999999,0.550535,0.91656,0.465865,0.9463699999999999,0.358655,0.860365,0.28146499999999997,0.80844,0.221155,0.7406,0.175,0.67767,0.17670999999999998,0.5795399999999999,0.16674499999999998,0.511385,0.17564000000000002,0.43269,0.226925,0.385255,0.263995,0.32484,1
1.0,0.0,1.0,0.06649500000000003,1.0,0.6113999999999999,0.92746,0.30052,1.0,0.43955,1.0,0.675735,1.0,0.53886,1.0,0.426165,1.0,0.0,1.0,0.0,0.8091550000000001,0.5790150000000001,1.0,0.8117449999999999,1.0,0.41494,1.0,0.67962,1.0,0.16753,1.0,0.94214,1.0,0.40587,2
0.0,0.0,1.0,1.0,1.0,0.0,1.0,1.0,0.0,1.0,0.5,0.5,1.0,1.0,0.5,0.5,0.5,0.5,0.0,1.0,0.0,1.0,1.0,1.0,1.0,0.0,1.0,1.0,1.0,1.0,1.0,0.0,0.0,1.0,2
1.0,0.0,0.9168350000000001,0.65728,0.827705,0.7883549999999999,0.67481,0.8533850000000001,0.586465,0.8947350000000001,0.40512,0.89943,0.29135500000000003,0.832705,0.157895,0.73872,0.12637500000000002,0.59746,0.1391,0.475565,0.18985000000000002,0.35902500000000004,0.25417500000000004,0.23268499999999998,0.36711499999999997,0.16993000000000003,0.49235,0.15147,0.61354,0.17786000000000002,0.7155,0.24397000000000002,0.82331,0.34962499999999996,1
1.0,0.0,0.87042,0.52487,0.89537,0.512715,0.892875,0.518965,0.83115,0.54974,0.839005,0.65576,0.87967,0.53674,0.873475,0.54221,0.853405,0.460735,0.818065,0.5,0.850105,0.556775,0.8409150000000001,0.560925,0.83508,0.577225,0.82079,0.56804,0.828535,0.587695,0.7987949999999999,0.573485,0.787275,0.57557,1
1.0,0.0,0.71,0.195,0.5,0.5,1.0,0.0,0.95,1.0,0.715,0.8200000000000001,0.5,0.5,0.5,0.5,0.835,0.355,0.9199999999999999,0.0,0.5,0.5,0.5,0.5,0.605,0.8400000000000001,1.0,0.61,0.5,0.5,0.5,0.5,0.5,0.5,2
1.0,0.0,0.973245,0.50446,0.986435,0.4987,0.99461,0.50186,0.979005,0.50799,0.97027,0.5176499999999999,0.986065,0.523595,0.993125,0.50929,0.9713849999999999,0.535675,0.992755,0.49647,0.98885,0.5249,0.9817899999999999,0.53549,0.96637,0.540505,0.976215,0.52178,0.987365,0.50409,0.989225,0.535305,1.0,0.4987,1
1.0,0.0,1.0,0.0,1.0,1.0,1.0,1.0,1.0,0.25,1.0,1.0,1.0,1.0,1.0,1.0,0.5,0.5,1.0,1.0,1.0,1.0,1.0,0.0,1.0,1.0,1.0,0.8125,1.0,0.125,0.125,1.0,1.0,1.0,2
1.0,0.0,0.947945,0.69643,0.8306450000000001,0.85902,0.647605,0.9541200000000001,0.476065,0.972075,0.27137500000000003,0.923025,0.11170000000000002,0.792555,0.03590500000000002,0.625665,0.03859000000000001,0.423425,0.11968000000000001,0.25798,0.24534499999999998,0.11901499999999998,0.425525,0.05704500000000001,0.607905,0.07148500000000002,0.7661450000000001,0.15703499999999998,0.8742300000000001,0.29672,0.91571,0.464855,0.8843099999999999,0.63963,1
1.0,0.0,1.0,0.40585499999999997,0.965175,0.31922,0.44566,0.032015000000000016,1.0,0.477255,0.75437,0.161285,0.67216,0.15146500000000002,0.24157499999999998,0.01242500000000002,0.527495,0.188815,0.665545,0.0,0.434245,0.27349999999999997,0.40972,0.32133,0.39834,0.367155,0.39766,0.407995,0.4048,0.442035,0.41687,0.46856,0.43130999999999997,0.487765,2
1.0,0.0,0.9440200000000001,0.69069,0.82963,0.847155,0.64574,0.93946,0.46637,0.9506749999999999,0.30201500000000003,0.9022049999999999,0.17713,0.78251,0.0852,0.63453,0.1053,0.458975,0.1861,0.34529,0.266815,0.22197499999999998,0.417755,0.17831000000000002,0.54781,0.19472499999999998,0.65203,0.25804,0.716135,0.35081,0.7351449999999999,0.452695,0.7107600000000001,0.5627800000000001,1
1.0,0.0,0.511685,0.49704,0.45038,0.440255,0.496185,0.44088,0.57353,0.533185,0.51893,0.46849,0.5,0.5,0.47714,0.4223,0.498285,0.44902,0.442125,0.47293,0.50919,0.5183450000000001,0.507595,0.50444,0.517565,0.492325,0.4838,0.546115,0.46070500000000003,0.50366,0.5,0.5,0.499805,0.560055,2
1.0,0.0,0.971665,0.69287,0.741315,0.82267,0.60786,0.88757,0.22029500000000002,0.824495,0.131625,0.71024,0.11974499999999999,0.5,0.18647000000000002,0.344605,0.308045,0.18921500000000002,0.436015,0.153565,0.749545,0.1819,0.857405,0.3117,0.869285,0.47258,0.8004899999999999,0.65192,0.7276050000000001,0.8025599999999999,0.51371,0.7723949999999999,0.39214,0.752285,1
1.0,0.0,0.95058,0.583035,0.896495,0.686895,0.86495,0.752575,0.7989200000000001,0.864985,0.721515,0.90576,0.6220600000000001,0.937465,0.53219,0.92519,0.43694500000000003,0.9369799999999999,0.356305,0.898085,0.266825,0.82962,0.214325,0.7690250000000001,0.15920499999999999,0.699755,0.14078000000000002,0.629175,0.13815499999999997,0.55609,0.142625,0.472375,0.161505,0.40048,1
1.0,0.0,1.0,0.5,1.0,0.5,0.8333349999999999,0.555555,1.0,0.444445,0.944445,0.444445,1.0,0.38889,0.88889,0.5,0.88889,0.5,1.0,0.444445,0.88889,0.444445,0.8333349999999999,0.444445,0.8333349999999999,0.5,0.951735,0.47324,1.0,0.555555,0.944445,0.444445,1.0,0.5,1
1.0,0.0,1.0,0.49694,1.0,0.45083,1.0,0.461755,1.0,0.446975,1.0,0.444635,1.0,0.302555,1.0,0.42192,0.96062,0.34058,0.932365,0.32733,0.958465,0.27964,0.9803,0.26566999999999996,0.90937,0.29813999999999996,0.913405,0.288845,0.8789199999999999,0.30884500000000004,0.9022399999999999,0.297125,0.8717699999999999,0.27480499999999997,1
0.0,0.0,1.0,1.0,0.0,0.0,0.0,0.0,0.5,0.5,0.5,0.5,0.0,0.0,0.5,0.5,0.5,0.5,0.5,0.5,0.0,1.0,1.0,1.0,0.5,0.5,1.0,0.0,0.5,0.5,0.0,0.0,0.0,0.0,2
1.0,0.0,0.835325,0.51264,0.8331299999999999,0.525155,0.7859849999999999,0.593805,0.54388,0.670405,0.8181050000000001,0.560655,0.810495,0.571425,0.893185,0.55488,0.791865,0.590755,0.571975,0.70612,0.76944,0.60663,0.7571,0.613125,0.74419,0.61862,0.730835,0.62309,0.717165,0.62653,0.703315,0.62896,1.0,0.66518,1
1.0,0.0,0.956205,0.521735,0.970955,0.5114,0.973525,0.526725,0.96791,0.506605,0.9595549999999999,0.53174,0.96383,0.560335,0.96024,0.531055,0.944495,0.5636099999999999,0.91872,0.572195,0.904915,0.559245,0.885205,0.57111,0.878775,0.556495,0.86775,0.56641,0.831935,0.5765,0.854625,0.55377,0.82629,0.557235,1
1.0,0.0,1.0,0.46698,1.0,0.814685,1.0,0.547785,1.0,0.6014,1.0,0.0,1.0,0.297205,1.0,0.420745,1.0,0.524475,1.0,0.19230999999999998,1.0,0.367135,1.0,0.0,1.0,0.20978999999999998,1.0,0.09314,1.0,0.0,1.0,0.10722500000000001,1.0,0.25873999999999997,1
1.0,0.0,0.895785,0.584255,0.5,0.5,0.782705,0.53437,0.69734,1.0,0.6917949999999999,0.9977849999999999,0.487805,0.7660750000000001,0.618625,0.5643,0.486695,0.97561,0.24501,0.9246099999999999,0.449,0.694015,0.28714,0.618625,0.04213,0.9035500000000001,0.32927,0.9412400000000001,0.0,0.847005,0.0,0.5643,0.5,0.5,2
1.0,0.0,0.841585,0.526875,0.924015,0.50101,0.921705,0.501505,0.9215,0.549505,0.879065,0.52051,0.9094599999999999,0.502925,0.90369,0.503365,0.9031100000000001,0.437765,0.889675,0.48231999999999997,0.8818250000000001,0.504545,0.873175,0.50489,0.8981600000000001,0.478785,0.85412,0.50548,0.811175,0.55799,0.8331200000000001,0.50595,0.8220350000000001,0.506135,1
0.0,0.0,0.0,0.0,1.0,1.0,1.0,0.0,0.0,1.0,1.0,0.0,0.0,0.0,0.5,0.5,1.0,1.0,0.0,0.0,1.0,0.0,1.0,0.0,1.0,1.0,1.0,0.0,1.0,0.0,0.0,1.0,1.0,0.0,2
1.0,0.0,0.9558800000000001,0.45588,0.985295,0.588235,0.9117649999999999,0.54412,0.9558800000000001,0.485295,0.985295,0.411765,0.985295,0.57353,0.9705900000000001,0.514705,1.0,0.5,1.0,0.5,0.882355,0.558825,0.941175,0.514705,0.92647,0.514705,0.9633149999999999,0.513,0.9705900000000001,0.441175,0.985295,0.52941,0.9558800000000001,0.52941,1
1.0,0.0,0.5,0.5,0.5,0.5,0.5,0.5,0.5,0.5,1.0,0.333335,0.583335,0.6302099999999999,0.5,0.5,0.5,0.5,0.5,0.5,0.40104,0.390625,0.416665,0.953125,0.0,0.75,0.520835,0.875,0.385415,0.0,0.4375,0.364585,0.40104,0.03125,2
1.0,0.0,0.980355,0.53544,1.0,0.5214799999999999,1.0,0.546565,0.9508449999999999,0.47428,0.946315,0.5129,0.91625,0.46929,0.93767,0.549155,0.88272,0.5014,0.87603,0.473525,0.829805,0.460475,0.82079,0.470355,0.778385,0.461475,0.7902549999999999,0.488975,0.74832,0.493745,0.7565500000000001,0.499925,0.7604949999999999,0.49909,1
1.0,0.0,0.7877000000000001,0.484125,0.87599,0.473215,0.8075399999999999,0.49405,0.7698400000000001,0.516865,0.80853,0.549605,0.795635,0.488095,0.81349,0.50595,0.8541650000000001,0.512895,0.801585,0.507935,0.739085,0.48611,0.795635,0.51885,0.75,0.51984,0.8064549999999999,0.493815,0.80853,0.43254,0.844245,0.493055,0.8125,0.484125,1
1.0,0.0,0.66417,0.5126,0.57618,0.60639,0.574595,0.870015,0.37146999999999997,0.9616199999999999,0.44844,0.5969,0.19324000000000002,0.62893,0.02973500000000001,0.472955,0.434415,0.428355,0.348425,0.276925,0.442955,0.072015,0.51334,0.38607,0.63971,0.46852499999999997,0.668685,0.44062,0.638285,0.442955,0.57539,0.56648,0.560985,0.60234,1
1.0,0.0,0.9982249999999999,0.53234,1.0,0.49382,0.989055,0.51249,0.98056,0.51156,0.99637,0.53904,0.946615,0.55173,0.97106,0.526345,0.944045,0.5556,0.93052,0.543155,0.908165,0.55915,0.9183399999999999,0.57221,0.9066449999999999,0.56706,0.8973800000000001,0.56819,0.8955500000000001,0.576895,0.88561,0.57965,0.854705,0.560075,1
1.0,0.0,0.98794,0.44699,0.973005,0.396,0.9640299999999999,0.35825,0.92998,0.36329,0.89883,0.260355,0.891125,0.24618,0.87314,0.19282,0.789725,0.15957,0.68926,0.131795,0.68162,0.11719000000000002,0.65949,0.10123500000000002,0.6139600000000001,0.09183000000000002,0.568295,0.08745000000000003,0.52303,0.08802500000000002,0.47869,0.09340999999999999,0.43084,0.09512500000000002,1
1.0,0.0,0.977795,0.499225,0.932105,0.43378,0.9749099999999999,0.497695,0.914045,0.244145,0.962205,0.55184,1.0,0.428765,0.99632,0.48729,0.979265,0.42241,0.920065,0.8086949999999999,1.0,0.418395,0.93746,0.457525,0.928705,0.49168,0.92066,0.491155,0.9121349999999999,0.490665,0.90317,0.490215,0.893805,0.489805,1
1.0,0.0,0.95304,0.491715,0.99061,0.490055,0.9784550000000001,0.48177,0.92873,0.50055,0.94862,0.483425,0.9453050000000001,0.49282,0.95304,0.47735,0.956905,0.49558,0.9038649999999999,0.43535999999999997,0.9436450000000001,0.506075,0.9607749999999999,0.4884,0.9552499999999999,0.489505,0.945735,0.4612,0.9149149999999999,0.41381,0.98011,0.481215,0.9370149999999999,0.418785,1
1.0,0.0,0.96829,0.675535,0.87627,0.8282,0.727855,0.9428799999999999,0.576615,0.97888,0.391125,0.9815050000000001,0.217325,0.9169849999999999,0.10624499999999998,0.790225,0.03448000000000001,0.6301,0.03179500000000002,0.46791,0.06485999999999997,0.295255,0.174605,0.16268,0.316005,0.075245,0.47711,0.04389500000000002,0.6366499999999999,0.07118999999999998,0.774135,0.151935,0.8741399999999999,0.279135,1
1.0,0.0,0.94055,0.5,0.974085,0.48628,0.96799,0.4939,0.95122,0.509145,0.95122,0.509145,0.96951,0.504575,0.97866,0.501525,1.0,0.51372,0.971035,0.4939,0.95427,0.512195,0.957315,0.52744,0.998475,0.52439,0.94833,0.51113,0.95427,0.504575,1.0,0.52744,0.987805,0.4939,1
1.0,0.0,0.984665,0.50438,1.0,0.504215,0.99329,0.496185,0.98934,0.48578,0.9991,0.48245,1.0,0.493645,1.0,0.487095,1.0,0.494125,0.992425,0.500125,1.0,0.48694,1.0,0.47628,0.9800949999999999,0.477365,0.99594,0.482635,0.9851,0.48761,1.0,0.480725,0.9921,0.47944,1
1.0,0.0,0.963285,0.5208699999999999,0.94633,0.57883,0.93049,0.598955,0.9183749999999999,0.68263,0.903095,0.70099,0.881105,0.70276,0.83293,0.7418,0.800505,0.75876,0.76696,0.7609,0.742175,0.7710600000000001,0.71273,0.77842,0.6667,0.77637,0.63489,0.7710699999999999,0.6115349999999999,0.7672399999999999,0.57156,0.74562,0.557865,0.732855,1
1.0,0.0,1.0,0.487995,0.9707,0.532655,0.96053,0.383725,0.88576,0.418005,0.76399,0.398625,0.782045,0.49644,0.671975,0.362715,0.7646999999999999,0.3911,0.725535,0.410935,0.52991,0.322125,0.511545,0.235605,0.51643,0.17420999999999998,0.56645,0.23397,0.512155,0.189015,0.471465,0.202135,0.47696,0.17151499999999997,1
1.0,0.0,0.59295,0.416665,0.5,0.5,0.5,0.5,0.5,0.5,0.5,0.5,0.55769,0.40464500000000003,0.5,0.5,0.5,0.5,0.5,0.5,0.5,0.5,0.47436,0.467145,0.539265,0.54487,0.5865400000000001,0.445515,0.5625,0.548075,0.51282,0.47596,0.584135,0.597755,2
1.0,0.0,1.0,0.483175,1.0,0.502425,1.0,0.43969,0.944825,0.50599,0.86541,0.52673,0.927215,0.504135,0.7729550000000001,0.501495,0.918875,0.43178,0.877675,0.4573,0.8544350000000001,0.36249,0.716925,0.43969,0.78764,0.2989,0.7949200000000001,0.389275,0.7155,0.413175,0.80218,0.3791,0.780225,0.30881000000000003,1
1.0,0.0,0.5,0.5,1.0,0.0,0.5,0.5,0.5,0.5,1.0,1.0,1.0,0.37329,1.0,0.61644,1.0,0.0,0.5,0.5,0.5,0.5,1.0,1.0,0.5,0.5,1.0,0.0,0.5,0.5,1.0,0.0,0.5,0.5,2
1.0,0.0,0.74935,0.50909,0.715585,0.45195,0.7532449999999999,0.47922,0.75065,0.54805,0.723375,0.52987,0.77922,0.44026,0.75844,0.48182,0.7636350000000001,0.47013,0.776625,0.494805,0.742855,0.483115,0.745455,0.494805,0.7961050000000001,0.5,0.7660750000000001,0.4836,0.715585,0.516885,0.772725,0.472725,0.794805,0.457145,1
0.0,0.0,0.5,0.5,0.0,1.0,1.0,1.0,0.0,0.0,0.5,0.5,0.0,0.0,0.0,0.34375,0.0,0.0,1.0,0.0,1.0,0.0,0.5,0.5,1.0,0.0,0.0,0.0,0.5,0.5,1.0,0.0,0.5,0.5,2
1.0,0.0,0.9703999999999999,0.559665,0.92869,0.50519,0.92562,0.50773,0.88483,0.49861,0.922295,0.55458,0.916445,0.515135,0.9134,0.51753,0.87419,0.509715,0.900095,0.512025,0.90431,0.524505,0.901295,0.52676,0.88668,0.5111,0.8952899999999999,0.531175,0.9296949999999999,0.546255,0.8893150000000001,0.53545,0.8863449999999999,0.53754,1
0.0,0.0,1.0,0.0,1.0,1.0,1.0,1.0,1.0,1.0,1.0,1.0,1.0,0.0,1.0,1.0,1.0,1.0,1.0,0.0,1.0,0.0,1.0,0.0,1.0,0.0,1.0,1.0,1.0,0.0,1.0,1.0,1.0,1.0,2
1.0,0.0,0.0,0.0,1.0,1.0,1.0,0.428125,0.5,0.5,0.0,1.0,1.0,1.0,0.589585,0.0,0.0,0.0,0.54375,0.0,1.0,0.0,0.0,1.0,0.0,0.0,1.0,0.0,0.0,0.0,1.0,1.0,0.5,0.5,2
1.0,0.0,0.8116749999999999,0.48255,0.795425,0.502405,0.802045,0.462695,0.815885,0.504815,0.8122750000000001,0.462695,0.83514,0.5361,0.8146800000000001,0.45788,0.837545,0.54573,0.8357399999999999,0.5,0.794825,0.55054,0.7503,0.515645,0.829725,0.570395,0.802315,0.510095,0.75692,0.52226,0.808665,0.495185,0.80686,0.45427,1
1.0,0.0,1.0,0.45643,1.0,0.41368499999999997,0.933175,0.09110499999999999,0.974085,0.805265,0.977365,0.29308999999999996,0.94243,0.34132,0.939685,0.382835,0.9052549999999999,0.1891,0.561225,0.0,0.9514199999999999,0.555265,0.811785,0.107265,0.776945,0.08566000000000001,0.74068,0.067085,0.7032499999999999,0.05163000000000001,0.66492,0.039360000000000006,0.433295,0.0,1
1.0,0.0,0.65517,0.448275,0.62069,0.448275,0.60345,0.465515,0.537025,0.472845,0.518245,0.481555,0.508535,0.488085,0.503705,0.49259,0.501405,0.495535,0.50039,0.497385,0.499985,0.498505,0.49986,0.49917,0.499845,0.49955,0.499875,0.49976,0.49991,0.49988,0.49994,0.49994,0.49996,0.49997,1
1.0,0.0,1.0,0.494595,1.0,0.486485,1.0,0.46757,0.9756750000000001,0.49189,0.994595,0.483785,0.994595,0.543245,1.0,0.46757,0.9756750000000001,0.545945,0.98919,0.497295,1.0,0.53243,1.0,0.52162,0.98919,0.545945,0.99278,0.506255,1.0,0.483785,1.0,0.5135149999999999,1.0,0.464865,1
1.0,0.0,0.52933,0.49581,0.53352,0.50419,0.5,0.494415,0.502795,0.480445,0.50838,0.46229,0.497205,0.526535,0.532125,0.48324,0.5,0.547485,0.467875,0.53771,0.476255,0.51257,0.513965,0.497205,0.50419,0.502795,0.551675,0.49581,0.515365,0.498605,0.522345,0.5,0.523745,0.48324,2
1.0,0.0,0.69697,0.37879,0.813275,0.50635,0.727275,0.545455,0.81818,0.545455,0.60606,0.39394,0.78788,0.57576,0.69697,0.5,0.78078,0.522805,0.757575,0.51515,0.89394,0.59091,0.6515150000000001,0.42424,0.74263,0.529645,0.73181,0.53071,0.6666650000000001,0.48485,0.70928,0.53205,0.69697,0.62121,1
1.0,0.0,0.58594,0.0,0.0,1.0,0.5,0.5,0.5,0.5,0.0,1.0,0.5,0.5,0.19323,0.16146,0.902605,0.6807300000000001,0.759895,0.571875,0.5,0.5,0.0,0.364585,0.07604,0.98125,1.0,1.0,0.0,0.8385400000000001,0.5,0.5,0.5,0.5,2
1.0,0.0,1.0,0.534215,1.0,0.571055,1.0,0.61054,1.0,0.4375,1.0,0.6974750000000001,1.0,0.744905,1.0,0.79493,0.3125,1.0,1.0,0.5,1.0,0.960005,1.0,1.0,1.0,1.0,1.0,1.0,1.0,0.625,1.0,1.0,1.0,1.0,1
1.0,0.0,1.0,0.7891,1.0,0.0,1.0,0.0,1.0,0.0,1.0,0.0,1.0,0.0,1.0,0.0,1.0,0.0,1.0,0.0,1.0,0.18602000000000002,1.0,0.0,1.0,0.0,1.0,0.0,1.0,0.0,1.0,0.0,1.0,0.0,2
1.0,0.0,0.8,0.516665,0.816665,0.533335,0.85,0.533335,0.85,0.5,0.816665,0.5,0.9,0.5,0.866665,0.5,0.85,0.55,0.8333349999999999,0.55,0.866665,0.483335,0.883335,0.5,0.816665,0.566665,0.8296600000000001,0.55084,0.8,0.566665,0.8,0.583335,0.816665,0.583335,1
1.0,0.0,0.94104,0.426805,0.96704,0.44471499999999997,0.9605,0.41775,0.941535,0.41481999999999997,0.94231,0.340955,0.926345,0.342685,0.91058,0.32038,0.903405,0.33184,0.876215,0.26488999999999996,0.8527750000000001,0.264235,0.83075,0.249575,0.806485,0.25956999999999997,0.7840199999999999,0.22685499999999997,0.750895,0.20073000000000002,0.735375,0.213115,0.7109449999999999,0.20956999999999998,1
1.0,0.0,0.9412050000000001,0.65317,0.86616,0.78908,0.670545,0.792635,0.528585,1.0,0.45381,0.96059,0.187985,0.85998,0.151165,0.66279,0.09288999999999997,0.705975,0.0,0.496125,0.10513499999999998,0.29457500000000003,0.11549500000000001,0.27261,0.21378999999999998,0.16197499999999998,0.34195,0.09061999999999998,0.485105,0.06579499999999999,0.62696,0.08936500000000003,0.50097,0.09156999999999998,1
1.0,0.0,1.0,0.580975,1.0,0.47221,1.0,0.506865,1.0,0.43824,1.0,0.492445,1.0,0.491345,1.0,0.46813,1.0,0.464215,1.0,0.5295,1.0,0.44945999999999997,1.0,0.486575,1.0,0.38511,1.0,0.465885,1.0,0.541495,1.0,0.42903,1.0,0.462805,1
1.0,0.0,0.958835,0.59099,0.93045,0.6777150000000001,0.864365,0.728735,0.802125,0.849325,0.75188,0.87461,0.6805,0.908975,0.57832,0.91779,0.50198,0.92605,0.41805000000000003,0.889265,0.32001999999999997,0.880965,0.284565,0.826925,0.2343,0.7694300000000001,0.19835999999999998,0.70486,0.17744500000000002,0.63669,0.17145,0.568335,0.17972,0.52697,1
1.0,0.0,0.9352400000000001,0.6901349999999999,0.820495,0.84606,0.6567350000000001,0.933125,0.480335,0.9537,0.28913500000000003,0.89673,0.14719500000000002,0.7578,0.09475499999999998,0.613675,0.09432000000000001,0.437305,0.16263,0.30949,0.30833,0.185695,0.434935,0.14619,0.57776,0.16789500000000002,0.69272,0.24216,0.762865,0.350515,0.781195,0.47031,0.7573,0.583225,1
1.0,0.0,0.5273,0.507185,0.48707,0.52299,0.507185,0.52299,0.461205,0.50431,0.50862,0.466955,0.48132,0.52155,0.458335,0.47701,0.452585,0.54023,0.479885,0.52586,0.510055,0.511495,0.48132,0.494255,0.515805,0.49569,0.50431,0.50862,0.51293,0.505745,0.51293,0.505745,0.47701,0.497125,2
0.0,0.0,0.5,0.5,1.0,1.0,1.0,1.0,0.5,0.5,0.5,0.5,0.0,0.0,0.5,0.5,0.0,0.0,0.5,0.5,0.5,0.5,1.0,1.0,0.5,0.5,1.0,1.0,0.5,0.5,0.0,1.0,0.5,0.5,2
1.0,0.0,0.541665,0.396575,0.0,1.0,0.0,1.0,0.859375,0.735865,0.089285,0.18638500000000002,0.0,0.0,0.0,1.0,0.486235,0.79576,0.289435,0.289435,0.12685999999999997,0.0,0.0,0.265995,0.0,0.61905,1.0,0.0,0.0,0.30543,0.0,0.0,0.0,0.8072900000000001,2
1.0,0.0,0.93516,0.7348600000000001,0.769725,0.910805,0.5519000000000001,0.976375,0.30983499999999997,0.9395800000000001,0.130305,0.79113,0.03950500000000001,0.583655,0.08791500000000002,0.37529,0.20308500000000002,0.18329,0.37994,0.08559499999999998,0.594115,0.10650500000000002,0.7577849999999999,0.21284999999999998,0.8463700000000001,0.375785,0.845485,0.55242,0.76399,0.6988099999999999,0.62987,0.7828649999999999,0.46630499999999997,0.78776,1
1.0,0.0,0.5,0.5,0.5,0.5,0.5,0.5,0.07500000000000001,0.0,0.5,0.5,1.0,0.0,0.5,0.5,0.0,0.0,0.0,0.0,1.0,0.0,0.2,0.0,1.0,1.0,0.0,0.4,1.0,0.0,0.5,1.0,0.5,0.5,2
1.0,0.0,1.0,0.727275,1.0,0.772725,0.90909,0.81818,1.0,0.454545,1.0,0.5,0.90909,0.272725,0.81818,0.636365,1.0,0.18181999999999998,1.0,0.36363500000000004,0.954545,0.272725,1.0,0.53875,1.0,0.454545,1.0,0.544335,1.0,0.68182,1.0,0.81818,0.8636349999999999,0.636365,1
1.0,0.0,0.923565,0.48301499999999997,0.93206,0.457535,0.9097649999999999,0.5,0.868365,0.461785,0.859875,0.43206,0.874735,0.441615,0.887475,0.40658,0.89066,0.393845,0.8099799999999999,0.449045,0.895965,0.421445,0.94692,0.48301499999999997,0.9246300000000001,0.369425,0.870575,0.38344,0.83121,0.388535,0.863055,0.31104,0.8290850000000001,0.375795,1
1.0,0.0,0.92067,0.40819,0.71822,0.514595,0.967105,0.498665,0.939735,0.568975,0.905605,0.491055,0.942795,0.7749550000000001,0.9585699999999999,0.21256999999999998,0.875,0.3524,0.93338,0.39948,1.0,1.0,0.73305,0.41855,0.95033,0.48611,0.96679,0.49421,0.80791,0.33851,0.922315,0.37146999999999997,0.966615,0.492875,1
0.0,0.0,0.0,1.0,0.0,0.0,0.5,0.5,0.0,1.0,1.0,0.0,0.0,0.0,0.0,1.0,0.5,0.5,0.0,0.0,0.0,1.0,0.5,0.5,1.0,0.0,1.0,1.0,1.0,0.0,1.0,1.0,0.5,0.5,2
0.0,0.0,0.5,0.5,0.5,0.5,0.5,0.5,0.5,0.5,0.5,0.5,0.5,0.5,0.5,0.5,0.5,0.5,0.5,0.5,0.5,0.5,0.5,0.5,0.5,0.5,1.0,0.0,0.5,0.5,0.5,0.5,0.5,0.5,2
1.0,0.0,0.91754,0.54149,0.868695,0.42647,0.921745,0.472165,0.952205,0.47689,0.946955,0.56565,0.905985,0.533615,0.8965350000000001,0.455355,1.0,0.489495,0.983195,0.53309,0.938025,0.505775,0.887605,0.53309,0.97689,0.47899,0.917395,0.500615,1.0,0.564075,0.9333,0.44643,0.9527300000000001,0.47846500000000003,1
1.0,0.0,0.7947,0.195365,0.9271499999999999,0.77649,0.9056299999999999,0.536425,0.783115,0.581125,0.663905,0.62086,0.751655,0.56126,0.819535,0.59934,0.85927,0.713575,0.771525,0.569535,0.82616,0.6390750000000001,0.8443700000000001,0.536425,0.75936,0.633265,0.745065,0.638435,0.73108,0.64287,0.71742,0.64662,0.704105,0.64971,1
1.0,0.0,0.8722449999999999,0.48805,0.8538600000000001,0.516545,0.8612150000000001,0.58456,0.8961399999999999,0.538605,0.90717,0.71967,0.818935,0.502755,0.8538600000000001,0.608455,1.0,0.53033,0.805145,0.525735,0.837315,0.52114,0.7601100000000001,0.375,0.8648899999999999,0.42095499999999997,0.808635,0.53562,0.6544099999999999,0.5432,0.7795799999999999,0.53729,0.80147,0.608455,1
1.0,0.0,1.0,0.502165,1.0,0.493955,1.0,0.4852,1.0,0.46493,0.989195,0.46872,1.0,0.46728000000000003,0.986305,0.460415,0.962805,0.43167500000000003,0.97092,0.428365,0.9979450000000001,0.42876000000000003,0.974075,0.432175,0.947345,0.395745,0.945335,0.410455,0.92822,0.40724,0.918885,0.399495,0.919335,0.39617,1
1.0,0.0,0.0,0.640525,0.61111,0.575165,0.121535,0.14508,0.34640499999999996,0.85621,0.0,1.0,0.091505,0.669935,0.10457499999999997,0.48693,0.009805000000000008,0.08496500000000001,0.199345,0.22876000000000002,0.477125,0.08496500000000001,0.9705900000000001,0.02940999999999999,0.0,0.284315,0.8719250000000001,0.54588,0.0,0.526145,0.591505,0.51307,0.298995,0.258795,2
1.0,0.0,0.75,0.5,0.69348,0.552175,0.74565,0.53261,0.734785,0.480435,0.67826,0.436955,0.72826,0.523915,0.752175,0.513045,0.67826,0.597825,0.71087,0.573915,0.71087,0.486955,0.6608700000000001,0.44348,0.736955,0.49565,0.7089449999999999,0.53454,0.69348,0.519565,0.676085,0.573915,0.723915,0.586955,1
1.0,0.0,0.59733,0.528625,0.52099,0.625955,0.44721500000000003,0.7443299999999999,0.408395,0.408395,0.29007499999999997,0.530535,0.27290000000000003,0.5458,0.41794,0.34733,0.448475,0.301525,0.59351,0.412215,0.67006,0.440235,0.64313,0.419845,0.608225,0.62346,0.519565,0.6554599999999999,0.480915,0.63168,0.41603,0.58397,0.34923499999999996,0.33206,1
1.0,0.0,0.97026,0.492345,0.97085,0.505005,0.97497,0.49264,0.97939,0.4947,0.973205,0.48145,0.985865,0.491165,0.985275,0.480565,0.977325,0.47968,0.9761500000000001,0.476445,0.9711449999999999,0.489105,0.964075,0.477915,0.960245,0.47762,0.9634750000000001,0.470865,0.9517100000000001,0.462605,0.959955,0.46377999999999997,0.960245,0.4629,1
1.0,0.0,1.0,0.61529,1.0,0.10745500000000002,1.0,0.447995,1.0,0.57707,1.0,0.6391,0.9905999999999999,0.46569499999999997,1.0,0.53305,0.9790099999999999,0.40523,0.9179200000000001,0.421835,0.987,0.51864,0.99812,0.54621,1.0,0.493735,0.98119,0.477015,0.9558249999999999,0.519425,1.0,0.43139,0.982615,0.441415,1
1.0,0.0,0.980435,0.5431,0.9838,0.596395,0.98013,0.637255,0.99022,0.67526,0.9643349999999999,0.731405,0.931325,0.7625850000000001,0.9141,0.7939700000000001,0.8662099999999999,0.845325,0.8450150000000001,0.8657,0.772365,0.8441000000000001,0.741695,0.880985,0.703075,0.873445,0.667005,0.91898,0.6247199999999999,0.9303049999999999,0.56878,0.934175,0.54524,0.931425,1
1.0,0.0,1.0,0.292715,1.0,0.880655,0.9353,0.592965,1.0,0.45037499999999997,0.96922,0.73995,0.82726,0.4196,1.0,0.504395,0.988065,0.24936999999999998,0.9001250000000001,0.377515,0.9403250000000001,0.404525,1.0,0.43844,0.967965,0.55339,0.96445,0.46375500000000003,1.0,0.36306499999999997,0.71985,0.599245,0.75691,0.47299,1
0.0,0.0,1.0,0.0,1.0,1.0,1.0,1.0,1.0,1.0,1.0,1.0,1.0,0.0,1.0,0.0,1.0,1.0,1.0,0.0,1.0,1.0,1.0,1.0,1.0,0.0,1.0,1.0,1.0,0.0,1.0,1.0,1.0,0.0,2
1.0,0.0,0.9478150000000001,0.689585,0.8365549999999999,0.84719,0.67958,0.94348,0.479035,0.9667250000000001,0.30562500000000004,0.92207,0.16363,0.8103899999999999,0.08660000000000001,0.65178,0.06924999999999998,0.473175,0.13218000000000002,0.328625,0.24111,0.18778499999999998,0.38286,0.13072499999999998,0.534555,0.13072,0.667655,0.18852000000000002,0.76207,0.28957,0.8060849999999999,0.413285,0.800365,0.5433,1
1.0,0.0,0.5,0.5,0.5,0.5,0.5,0.5,0.0,1.0,0.5,0.5,1.0,0.686665,0.44,0.44,0.5,0.5,0.0,0.0,0.5,0.5,1.0,0.0,0.5,0.5,1.0,0.613335,0.5,0.5,0.5,0.5,0.5,0.5,2
1.0,0.0,0.607145,0.45238,0.6666650000000001,0.5357149999999999,0.59524,0.59524,0.61905,0.54762,0.70238,0.511905,0.65476,0.47619,0.65476,0.47619,0.642855,0.440475,0.6666650000000001,0.52381,0.65476,0.5,0.607145,0.440475,0.67857,0.47619,0.610545,0.48855,0.59524,0.5,0.584985,0.48983,0.57347,0.490615,1
1.0,0.0,0.756035,1.0,1.0,0.76905,0.85589,0.904165,0.72811,0.732135,0.665405,1.0,0.606245,1.0,0.41292,1.0,0.334595,0.99361,0.19308999999999998,1.0,0.23663,0.858495,0.057499999999999996,0.73947,0.0,0.675875,0.0,0.547845,0.0,0.416435,0.0,0.28886999999999996,0.04048499999999999,0.172215,1
1.0,0.0,0.7354499999999999,0.613755,0.71164,0.66799,0.628305,0.738095,0.50926,0.747355,0.48942,0.7698400000000001,0.329365,0.656085,0.29364999999999997,0.6627000000000001,0.24206499999999997,0.53439,0.25,0.44179999999999997,0.425925,0.42725,0.425925,0.309525,0.3836,0.501325,0.51787,0.34130499999999997,0.579365,0.39153499999999997,0.62434,0.378305,0.6335999999999999,0.521165,1
1.0,0.0,0.9613849999999999,0.53902,0.963395,0.581255,0.94851,0.62309,0.920555,0.6759850000000001,0.8940049999999999,0.71098,0.85358,0.734915,0.85398,0.7823800000000001,0.802295,0.821,0.756235,0.82462,0.699515,0.834875,0.67116,0.841715,0.618465,0.88073,0.593825,0.869425,0.54847,0.85519,0.513675,0.8853599999999999,0.479885,0.847545,1
1.0,0.0,0.856265,0.487025,0.706435,0.38466500000000003,0.990095,0.452635,0.998545,0.44882,1.0,0.445245,0.794825,1.0,0.9186300000000001,0.0,0.91135,0.41068499999999997,0.9037999999999999,0.358715,0.37043000000000004,0.96365,0.759665,0.52728,0.827465,0.39804,0.9656199999999999,0.293465,0.819055,0.390495,0.93068,0.06323000000000001,0.38407,0.0,2
0.0,0.0,0.5,0.5,0.5,0.5,0.5,0.5,1.0,1.0,1.0,1.0,0.5,0.5,0.5,0.5,0.3125,0.0,0.0,0.0,0.5,0.5,0.5,0.5,0.0,0.0,0.0,0.0,0.0,1.0,1.0,0.5,0.5,0.5,2
1.0,0.0,0.509875,0.503525,0.52045,0.49577,0.51058,0.50564,0.50564,0.52186,0.50141,0.500705,0.509875,0.484485,0.490125,0.530325,0.47955,0.5134,0.48801,0.497885,0.52186,0.487305,0.50917,0.5,0.5,0.493655,0.50917,0.49436,0.50282,0.492245,0.491535,0.48801,0.503525,0.5,2
1.0,0.0,0.975565,0.502095,0.975915,0.486385,0.96719,0.4904,0.97295,0.50803,0.98255,0.516405,0.970855,0.53665,0.973125,0.49337,0.985865,0.5007,0.97417,0.53019,0.9633499999999999,0.54206,0.9656199999999999,0.550435,0.9726,0.506805,0.9676100000000001,0.524625,0.965795,0.54084,0.97033,0.499825,0.957415,0.52356,1
1.0,0.0,0.67673,0.43116,0.846935,0.487885,0.840975,0.48213,0.7785850000000001,0.469405,0.80918,0.447665,0.810495,0.46736500000000003,0.796805,0.463555,0.711355,0.36795500000000003,0.791065,0.52496,0.74868,0.456145,0.731205,0.455055,0.72504,0.49718,0.69573,0.45481,0.67794,0.44847,0.66116,0.45681499999999997,0.644715,0.4585,1
1.0,0.0,0.883135,0.60553,0.8196749999999999,0.6905600000000001,0.7420450000000001,0.7625,0.575,0.611365,0.568765,0.797825,0.461365,0.7227250000000001,0.5,0.74318,0.362545,0.71007,0.21932000000000001,0.68409,0.317045,0.59432,0.297335,0.53794,0.307585,0.483855,0.33029,0.43757,0.3623,0.40143,0.40019,0.37676,0.44053,0.36391,1
1.0,0.0,1.0,0.757575,0.727275,0.6666650000000001,0.530305,0.68182,0.33948,0.86531,0.272725,0.742425,0.21211999999999998,0.5,0.21211999999999998,0.439395,0.333335,0.257575,0.454545,0.07576,0.742425,0.21211999999999998,0.78788,0.28788,1.0,0.30303,0.864805,0.561655,0.98485,0.78788,0.62121,0.68182,0.545455,0.6666650000000001,1
1.0,0.0,0.92868,0.500375,0.909635,0.47162,0.887605,0.47909,0.921585,0.545185,0.93129,0.559745,0.9402550000000001,0.46938,0.89171,0.51755,0.918595,0.46602,0.91785,0.42905,0.940625,0.505975,0.952575,0.5112,0.8984300000000001,0.49029,0.911915,0.48161,0.940625,0.467885,0.86968,0.49029,0.895445,0.45407,1
1.0,0.0,0.508335,0.321875,0.5,0.5,0.5,0.5,0.5,0.5,0.5,0.5,0.5,0.5,0.56146,0.22499999999999998,0.614065,0.914065,1.0,0.28854,0.5,0.5,0.541665,0.0,0.446875,0.416665,1.0,0.11666500000000002,0.0,0.59427,0.5,0.5,1.0,0.36354,2
1.0,0.0,1.0,0.31081000000000003,0.824325,0.64865,0.824325,0.37838,0.93243,0.594595,1.0,0.364865,0.7567550000000001,0.5,0.81081,0.472975,0.66216,0.39189,0.859165,0.41167,0.81081,0.527025,0.8783799999999999,0.56757,0.675675,0.35135,0.8051550000000001,0.389185,0.7923899999999999,0.384865,0.864865,0.20270500000000002,0.7567550000000001,0.37838,1
1.0,0.0,0.70966,0.56241,0.675,0.5625,0.61591,0.639775,0.48182,0.72159,0.522585,0.68097,0.404545,0.66818,0.43325,0.63661,0.513635,0.702275,0.326135,0.563635,0.39986,0.52539,0.40682,0.68182,0.429985,0.47599,0.450145,0.46443,0.0,0.0,0.48542,0.46268,0.49737,0.46843,2
1.0,0.0,1.0,0.727275,1.0,0.272725,1.0,0.545455,1.0,0.454545,1.0,0.5,1.0,0.36363500000000004,1.0,0.40909,1.0,0.545455,1.0,0.5,1.0,0.31818,1.0,0.545455,1.0,0.454545,1.0,0.47543,1.0,0.727275,1.0,0.36363500000000004,1.0,0.40909,1
1.0,0.0,1.0,0.21388000000000001,0.99575,0.133145,0.9475899999999999,0.012749999999999984,1.0,0.32091000000000003,1.0,0.383855,0.81445,0.06799,1.0,0.21232499999999999,1.0,0.10198499999999999,0.8838550000000001,0.05524000000000001,0.983005,0.0,0.8506,0.12552000000000002,0.8097300000000001,0.11548000000000003,0.768885,0.11007,0.9051,0.0,1.0,0.0,0.652225,0.11943999999999999,1
1.0,0.0,0.71818,0.436365,0.79091,0.427275,0.59091,0.16363499999999997,0.672725,0.48182,0.645455,0.472725,0.645455,0.645455,0.68182,0.29091,0.6,0.49091,0.68182,0.527275,0.563635,0.745455,0.80909,0.58182,0.663635,0.58182,0.70549,0.464865,0.672725,0.472725,0.563635,0.31818,0.645455,0.354545,2
1.0,0.0,0.5,0.5,0.5,0.5,0.5,0.5,0.5,0.5,0.810975,1.0,0.5,0.5,0.5,0.5,0.682925,0.140245,0.78049,0.0,0.5,0.5,0.5,0.5,0.5,0.5,1.0,0.55488,0.5,0.5,0.5,0.5,0.5,0.5,2
1.0,0.0,1.0,0.540065,0.983875,0.49759,0.9834149999999999,0.49639,0.9399,0.480385,1.0,0.507095,0.9809300000000001,0.49282,0.979735,0.491645,0.9924850000000001,0.50501,0.9557599999999999,0.45576,0.97508,0.48818,0.9731799999999999,0.487045,0.99082,0.510015,0.96886,0.48483,1.0,0.470785,0.96387,0.48268,0.96113,0.481635,1
1.0,0.0,0.978295,0.5407150000000001,0.9874350000000001,0.471665,0.985825,0.45758,0.980485,0.467195,0.9735849999999999,0.506395,0.9771799999999999,0.416025,0.97306,0.402515,0.99815,0.33865999999999996,0.951715,0.32049,0.95714,0.36341999999999997,0.9507,0.35096499999999997,0.999495,0.296265,0.93622,0.32706999999999997,0.960295,0.346905,0.919755,0.304695,0.91083,0.29413500000000004,1
1.0,0.0,0.829225,0.718085,0.723405,0.87402,0.526595,0.92553,0.339865,0.910695,0.15873500000000001,0.76204,0.07894499999999999,0.535555,0.085945,0.356385,0.26483999999999996,0.14137499999999997,0.476205,0.06999,0.61646,0.11842000000000003,0.783315,0.23936000000000002,0.8714999999999999,0.406775,0.8737900000000001,0.618565,0.7259249999999999,0.795355,0.602745,0.88382,0.407335,0.87178,1
1.0,0.0,0.160325,0.0,0.0,1.0,1.0,0.816585,0.517575,0.0,0.0,0.0,1.0,1.0,0.943415,0.0,0.0,1.0,0.9192,1.0,1.0,0.0,0.0,0.0,0.40571999999999997,1.0,1.0,0.0,0.0,0.0,0.0,1.0,1.0,0.6680550000000001,2
1.0,0.0,0.81755,0.47806,0.8826499999999999,0.51484,0.80716,0.68014,0.82679,0.49769,0.821015,0.54157,0.89723,0.28291,0.8625849999999999,0.774825,0.79792,0.569285,0.81755,0.6097,0.816395,0.37298,0.8547549999999999,0.576795,0.823325,0.615475,0.8438749999999999,0.58852,0.808315,0.538105,0.83158,0.599205,0.8452649999999999,0.683605,1
1.0,0.0,1.0,1.0,1.0,0.0,0.5,0.5,0.5,0.5,1.0,1.0,1.0,0.0,1.0,1.0,1.0,0.0,0.5,0.5,0.5,0.5,1.0,0.36111,0.5,0.5,1.0,0.0,1.0,1.0,1.0,0.0,0.5,0.5,2
1.0,0.0,0.72222,0.72222,0.768475,0.9538150000000001,0.38889,1.0,0.333335,0.944445,0.0,0.6666650000000001,0.0,0.444445,0.0,0.38889,0.166665,0.11110999999999999,0.77778,0.0,0.38889,0.11110999999999999,0.88889,0.38889,0.6666650000000001,0.5,0.9606,0.725095,0.78727,0.921765,0.61111,1.0,0.22221999999999997,1.0,1
1.0,0.0,1.0,0.545455,0.977275,0.454545,0.8863650000000001,0.5,1.0,0.5,0.977275,0.5,1.0,0.522725,0.954545,0.477275,1.0,0.5,1.0,0.5,0.93182,0.545455,0.8863650000000001,0.545455,0.954545,0.522725,0.957705,0.514485,0.977275,0.545455,0.93182,0.454545,0.93182,0.522725,1
1.0,0.0,0.926355,0.52713,1.0,0.540345,1.0,1.0,0.957365,0.496125,0.918605,0.51938,1.0,0.635765,1.0,1.0,0.906975,0.523255,0.95349,0.55814,1.0,0.75335,1.0,0.0,0.9031,0.51938,1.0,0.8580650000000001,0.92248,0.534885,1.0,0.936585,1.0,1.0,2
0.0,0.0,1.0,0.0,0.0,1.0,0.0,1.0,1.0,1.0,1.0,1.0,0.0,0.0,0.0,0.0,1.0,1.0,1.0,0.0,0.0,0.0,0.0,0.0,1.0,0.5,1.0,0.0,1.0,0.0,0.0,1.0,0.0,1.0,2
1.0,0.0,1.0,0.03773500000000002,1.0,0.8773599999999999,0.745285,0.4717,0.81132,0.5,1.0,0.49973,0.726415,0.537735,0.81132,0.4717,0.99439,0.499575,0.76415,0.5,0.76415,0.537735,0.97595,0.49944,1.0,0.896225,0.96096,0.49936,0.9717,0.0,1.0,0.71698,0.71698,0.443395,1
1.0,0.0,0.51926,0.51284,0.50214,0.5,0.509985,0.490015,0.5107,0.475035,0.47575,0.49358,0.507135,0.48859,0.5,0.483595,0.47646,0.48573500000000003,0.49144,0.51783,0.5107,0.50214,0.52568,0.48859,0.52568,0.50927,0.51997,0.507845,0.509985,0.503565,0.48716,0.49073,0.492865,0.509985,2
1.0,0.0,1.0,0.48135,1.0,0.46308499999999997,0.998005,0.444805,0.99919,0.450345,0.994705,0.43093,0.9833700000000001,0.391525,0.97644,0.374505,0.95618,0.328,0.952905,0.33924,0.949955,0.326545,0.93937,0.311785,0.931065,0.28505,0.91586,0.28439000000000003,0.907165,0.28703500000000004,0.889595,0.260115,0.875575,0.24924000000000002,1
1.0,0.0,1.0,0.548855,1.0,0.560985,1.0,0.61287,0.99301,0.546185,0.97465,0.596055,0.96496,0.62144,0.946205,0.641715,0.927645,0.633605,0.91828,0.665645,0.916965,0.65849,0.874145,0.697985,0.880965,0.6732899999999999,0.84226,0.71373,0.81382,0.730155,0.783955,0.7351650000000001,0.7712600000000001,0.754515,1
1.0,0.0,0.9873350000000001,0.56541,0.9706,0.60018,0.9439150000000001,0.66124,0.945045,0.663555,0.9277500000000001,0.726085,0.86149,0.76142,0.84973,0.7941,0.79274,0.834465,0.744345,0.85199,0.721225,0.840795,0.676445,0.87811,0.6341600000000001,0.88105,0.5840650000000001,0.8927050000000001,0.537485,0.9021950000000001,0.48519,0.88851,0.448555,0.87121,1
1.0,0.0,0.695895,0.468285,0.98732,0.52164,1.0,1.0,0.679105,0.576495,0.77239,0.5653,0.8078350000000001,0.08955000000000002,0.78918,0.83955,0.833955,0.44776,0.73321,0.44216500000000003,0.82787,0.57396,0.916045,0.72761,0.735075,0.58209,0.746545,0.57315,0.662315,0.48694,0.69559,0.567605,0.6720550000000001,0.563775,2
1.0,0.0,0.924215,0.5339700000000001,0.90281,0.488505,0.885155,0.483505,0.8336250000000001,0.4669,0.79791,0.46167,0.8363,0.471145,0.8212999999999999,0.46781,0.695995,0.52265,0.85627,0.50697,0.7798499999999999,0.459805,0.76715,0.457735,0.73519,0.38589,0.743295,0.45436,0.763065,0.457315,0.7213849999999999,0.451895,0.7111149999999999,0.45096,1
1.0,0.0,0.9817750000000001,0.46401,1.0,0.428335,1.0,0.393435,1.0,0.31913,0.96285,0.282155,0.97255,0.29666000000000003,0.9519599999999999,0.26809499999999997,0.991525,0.323715,0.922685,0.1699,0.87673,0.19705499999999998,0.848185,0.178875,0.92553,0.1728,0.787885,0.15144000000000002,0.627175,0.18040499999999998,0.72557,0.13610499999999998,0.694475,0.13290000000000002,1
1.0,0.0,1.0,0.64023,1.0,0.512385,1.0,0.53882,1.0,0.521585,0.9938100000000001,0.66633,1.0,0.527445,1.0,0.52192,0.97875,0.37701,0.921855,0.45666,1.0,0.52075,0.999665,0.63688,1.0,0.30472,0.98207,0.48913,0.933735,0.6168,0.97289,0.389895,0.901775,0.463355,1
1.0,0.0,0.67347,0.60204,0.734695,0.62245,0.70408,0.60204,0.734695,0.72449,0.65306,0.79592,0.561225,0.7755099999999999,0.5,0.7551,0.46939,0.7755099999999999,0.39796,0.7755099999999999,0.357145,0.72449,0.357145,0.663265,0.19388,0.612245,0.26710500000000004,0.574475,0.20407999999999998,0.591835,0.32653,0.5,0.36734500000000003,0.37755,1
1.0,0.0,1.0,0.81774,1.0,1.0,0.885615,1.0,0.333335,1.0,0.0,1.0,0.5,1.0,0.0,1.0,0.0,0.5,0.0,0.166665,0.0,0.03732000000000002,0.0,0.333335,0.333335,0.0,0.596175,0.0,1.0,0.0,0.5,0.0,1.0,0.166665,1
1.0,0.0,0.989525,0.57905,0.9505600000000001,0.676185,0.910195,0.7428049999999999,0.8588,0.8244400000000001,0.794135,0.868715,0.7017450000000001,0.91578,0.6257,0.9240200000000001,0.5235,0.9273750000000001,0.439035,0.898745,0.3691,0.90377,0.310825,0.8583799999999999,0.24483,0.79162,0.212065,0.7302,0.19050499999999998,0.65398,0.17123,0.5917250000000001,0.17933,0.51484,1
1.0,0.0,0.3975,0.64375,0.615,0.55,0.64125,0.65875,0.66125,0.675,0.681425,0.326915,0.54625,0.6375,0.4525,0.605,0.45625,0.6174999999999999,0.329065,0.6570400000000001,0.26,0.46,0.64954,0.66588,0.21000000000000002,0.38,0.66095,0.35762499999999997,0.265,0.5925,0.36448,0.34386,0.702225,0.51525,2
0.0,0.0,0.0,0.0,0.5,0.5,0.0,1.0,1.0,0.3125,0.5,0.5,0.5,0.5,0.5,0.5,1.0,0.0,0.0,0.0,1.0,0.0,0.5,0.5,1.0,0.0,0.0,1.0,0.0,0.0,0.5,0.5,0.0,1.0,2
1.0,0.0,0.917135,0.695605,0.7702,0.892895,0.56163,0.94701,0.333895,0.91789,0.14956999999999998,0.79782,0.06689,0.609545,0.07779000000000003,0.37918,0.20143,0.19052999999999998,0.40323,0.06106499999999998,0.562195,0.054680000000000006,0.755545,0.13773000000000002,0.895715,0.36133000000000004,0.9150400000000001,0.54359,0.8329599999999999,0.745395,0.68771,0.850055,0.480085,0.89722,1
0.0,0.0,1.0,0.0,1.0,0.0,1.0,0.0,1.0,0.0,1.0,1.0,1.0,1.0,1.0,0.0,1.0,1.0,1.0,1.0,1.0,1.0,1.0,0.0,1.0,0.0,1.0,0.0,1.0,0.828125,0.5,0.5,1.0,0.0,2
