1.0,0.0,1.0,1.0,1.0,0.0,0.5,0.5,0.5,0.5,1.0,1.0,1.0,0.0,1.0,1.0,1.0,0.0,0.5,0.5,0.5,0.5,1.0,0.36111,0.5,0.5,1.0,0.0,1.0,1.0,1.0,0.0,0.5,0.5,2
0.0,0.0,0.5,0.5,0.5,0.5,0.5,0.5,0.5,0.5,0.5,0.5,1.0,1.0,1.0,1.0,1.0,0.0,0.5,0.5,1.0,1.0,1.0,0.0,1.0,1.0,1.0,0.5,1.0,1.0,1.0,0.0,0.5,0.5,2
1.0,0.0,0.950735,0.7089300000000001,0.820655,0.878625,0.6522,0.97574,0.39775499999999997,0.9826699999999999,0.22258499999999998,0.9059550000000001,0.09071499999999999,0.754745,0.015069999999999972,0.551725,0.04271999999999998,0.34294,0.149185,0.172695,0.33823000000000003,0.055005000000000026,0.529325,0.02914,0.722415,0.08922999999999998,0.870525,0.22384500000000002,0.947075,0.406375,0.939465,0.601795,0.8527750000000001,0.77426,1
1.0,0.0,1.0,0.49694,1.0,0.45083,1.0,0.461755,1.0,0.446975,1.0,0.444635,1.0,0.302555,1.0,0.42192,0.96062,0.34058,0.932365,0.32733,0.958465,0.27964,0.9803,0.26566999999999996,0.90937,0.29813999999999996,0.913405,0.288845,0.8789199999999999,0.30884500000000004,0.9022399999999999,0.297125,0.8717699999999999,0.27480499999999997,1
1.0,0.0,0.7523299999999999,0.4155,0.85721,0.507565,0.855315,0.51129,0.840325,0.50641,0.673075,0.52797,0.8452500000000001,0.521965,0.8405050000000001,0.52529,0.835115,0.52846,0.817015,0.47669,0.822515,0.53428,0.815385,0.536905,0.920165,0.590325,0.799675,0.54152,0.69114,0.5338,0.78233,0.54523,0.7731600000000001,0.54673,1
1.0,0.0,0.97601,0.51127,0.968785,0.49364,0.96763,0.50607,0.983525,0.49133,0.98468,0.5026,0.978325,0.48468,0.9763,0.497975,0.9974000000000001,0.486705,0.998845,0.50896,0.96792,0.475145,0.969075,0.48815,0.98526,0.477745,0.9810749999999999,0.491765,0.9869950000000001,0.50954,0.97717,0.48295,0.97919,0.504045,1
1.0,0.0,1.0,1.0,0.5,0.5,0.5,0.5,0.5,0.5,0.73872,0.05451,0.24247999999999997,0.727445,0.02255499999999999,0.642855,0.82331,1.0,0.5,0.5,0.5,0.5,0.8101499999999999,0.601505,0.0,0.0,1.0,0.0,1.0,1.0,0.5,0.5,0.5,0.5,2
1.0,0.0,0.925065,0.509045,0.961055,0.50728,0.9602299999999999,0.5109,0.9638249999999999,0.54005,0.9379850000000001,0.55685,0.955805,0.5216,0.9536899999999999,0.5250900000000001,0.936695,0.5142100000000001,0.97933,0.5,0.945485,0.535235,0.94215,0.538485,0.918605,0.554265,0.934615,0.54475,0.9379850000000001,0.54393,0.92599,0.55067,0.9212899999999999,0.55349,1
1.0,0.0,1.0,1.0,1.0,1.0,0.95505,1.0,0.36515,1.0,0.08423999999999998,1.0,0.0,1.0,0.0,0.86263,0.0,0.211105,0.0,0.28974,0.0,0.0,0.23581000000000002,0.0,0.95007,0.0,1.0,0.0,1.0,0.0,1.0,0.32657,1.0,0.674225,1
1.0,0.0,0.70966,0.56241,0.675,0.5625,0.61591,0.639775,0.48182,0.72159,0.522585,0.68097,0.404545,0.66818,0.43325,0.63661,0.513635,0.702275,0.326135,0.563635,0.39986,0.52539,0.40682,0.68182,0.429985,0.47599,0.450145,0.46443,0.0,0.0,0.48542,0.46268,0.49737,0.46843,2
1.0,0.0,1.0,0.77451,0.813725,1.0,0.509805,1.0,0.2549,0.960785,0.08823500000000001,0.7941199999999999,0.0,0.558825,0.019610000000000016,0.333335,0.17647000000000002,0.15686499999999998,0.382355,0.06862499999999999,0.67647,0.0,0.8725499999999999,0.13725500000000002,0.960785,0.39215500000000003,0.96437,0.60938,0.862745,0.784315,0.617645,0.9509799999999999,0.441175,0.9509799999999999,1
1.0,0.0,0.58594,0.0,0.0,1.0,0.5,0.5,0.5,0.5,0.0,1.0,0.5,0.5,0.19323,0.16146,0.902605,0.6807300000000001,0.759895,0.571875,0.5,0.5,0.0,0.364585,0.07604,0.98125,1.0,1.0,0.0,0.8385400000000001,0.5,0.5,0.5,0.5,2
1.0,0.0,1.0,0.459085,1.0,0.44337,0.99623,0.35099,1.0,0.334625,0.98331,0.32859499999999997,0.92894,0.263675,0.9595199999999999,0.25915,0.8654200000000001,0.17387999999999998,0.8406549999999999,0.18228,0.91225,0.10842000000000002,0.794145,0.126075,0.8351649999999999,0.01851999999999998,0.743785,0.07165500000000002,0.689705,0.08053500000000002,0.6205849999999999,0.055769999999999986,0.646105,0.051895000000000024,1
1.0,0.0,1.0,0.42623,1.0,0.52459,0.7868850000000001,0.491805,0.82787,0.508195,0.92623,0.483605,0.860655,0.5,0.84426,0.418035,0.59836,0.42623,0.82779,0.41412,0.8360650000000001,0.516395,1.0,0.35246,0.65574,0.32787,0.761925,0.39837500000000003,0.6639349999999999,0.483605,0.639345,0.27869,0.7459,0.467215,2
0.0,0.0,1.0,1.0,0.0,0.0,0.0,0.0,0.5,0.5,0.5,0.5,0.0,0.0,0.5,0.5,0.5,0.5,0.5,0.5,0.0,1.0,1.0,1.0,0.5,0.5,1.0,0.0,0.5,0.5,0.0,0.0,0.0,0.0,2
1.0,0.0,0.9503550000000001,0.508865,1.0,0.491135,0.9503550000000001,0.503545,0.92376,0.52837,1.0,0.51773,0.98936,0.50532,0.98759,0.51773,1.0,0.484045,0.94858,0.484045,0.93085,0.539005,1.0,0.5461,0.9503550000000001,0.52305,0.971525,0.516235,0.9734050000000001,0.51241,1.0,0.50532,0.968085,0.51064,1
1.0,0.0,0.96435,0.66582,0.8808400000000001,0.8117449999999999,0.746525,0.92133,0.6079600000000001,0.975965,0.43022,0.980835,0.26399,0.91795,0.14626499999999998,0.82745,0.06263000000000002,0.68375,0.04093000000000002,0.527975,0.05087999999999998,0.369135,0.13015500000000002,0.229655,0.24621500000000002,0.12632500000000002,0.388385,0.06939000000000001,0.53905,0.06420500000000001,0.680105,0.10971500000000001,0.7970349999999999,0.19865,1
1.0,0.0,0.899235,0.691325,0.90402,0.41518,1.0,0.461735,0.990755,0.46301,0.851085,0.603315,0.998725,0.510525,0.99107,0.512435,1.0,0.43463,0.978315,0.538585,1.0,0.500955,0.95153,0.65402,1.0,0.427295,1.0,0.49803,0.87819,0.53954,1.0,0.40625,1.0,0.4713,1
1.0,0.0,1.0,0.41842,1.0,0.44915499999999997,0.999995,0.42401500000000003,1.0,0.403615,0.970275,0.324245,0.978675,0.351075,0.968595,0.32794,0.97243,0.35947,0.950685,0.28308500000000003,0.930215,0.26346,0.914935,0.2439,0.9204,0.26431499999999997,0.88112,0.20815,0.828615,0.15603,0.8435699999999999,0.177315,0.823635,0.16387000000000002,1
1.0,0.0,0.71818,0.436365,0.79091,0.427275,0.59091,0.16363499999999997,0.672725,0.48182,0.645455,0.472725,0.645455,0.645455,0.68182,0.29091,0.6,0.49091,0.68182,0.527275,0.563635,0.745455,0.80909,0.58182,0.663635,0.58182,0.70549,0.464865,0.672725,0.472725,0.563635,0.31818,0.645455,0.354545,2
1.0,0.0,0.813725,0.460785,0.862745,0.5,0.80392,0.460785,0.813725,0.441175,0.843135,0.441175,0.8333349999999999,0.431375,0.82353,0.45098,0.77451,0.441175,0.77451,0.39215500000000003,0.7941199999999999,0.40196,0.8333349999999999,0.382355,0.72549,0.37255,0.762045,0.37666,0.784315,0.34313499999999997,0.715685,0.39215500000000003,0.735295,0.362745,2
1.0,0.0,0.9982249999999999,0.53234,1.0,0.49382,0.989055,0.51249,0.98056,0.51156,0.99637,0.53904,0.946615,0.55173,0.97106,0.526345,0.944045,0.5556,0.93052,0.543155,0.908165,0.55915,0.9183399999999999,0.57221,0.9066449999999999,0.56706,0.8973800000000001,0.56819,0.8955500000000001,0.576895,0.88561,0.57965,0.854705,0.560075,1
1.0,0.0,0.727275,0.545455,0.81818,0.545455,0.636365,0.59091,0.81818,0.5,0.68182,0.454545,0.727275,0.454545,0.74306,0.493285,0.81818,0.40909,0.727275,0.5,0.68182,0.454545,0.636365,0.59091,0.68182,0.454545,0.67221,0.49116,0.636365,0.5,0.68182,0.5,0.644925,0.49084,1
0.0,0.0,0.0,0.0,0.5,0.5,0.0,1.0,1.0,0.3125,0.5,0.5,0.5,0.5,0.5,0.5,1.0,0.0,0.0,0.0,1.0,0.0,0.5,0.5,1.0,0.0,0.0,1.0,0.0,0.0,0.5,0.5,0.0,1.0,2
1.0,0.0,1.0,0.727275,1.0,0.772725,0.90909,0.81818,1.0,0.454545,1.0,0.5,0.90909,0.272725,0.81818,0.636365,1.0,0.18181999999999998,1.0,0.36363500000000004,0.954545,0.272725,1.0,0.53875,1.0,0.454545,1.0,0.544335,1.0,0.68182,1.0,0.81818,0.8636349999999999,0.636365,1
1.0,0.0,0.8802300000000001,0.50546,0.931675,0.50129,0.9291050000000001,0.50192,0.89994,0.51152,0.90752,0.56034,0.9154800000000001,0.50372,0.9090750000000001,0.50427,0.9138850000000001,0.46513,0.882655,0.519405,0.884895,0.50574,0.875355,0.50616,0.88569,0.498485,0.85443,0.506875,0.830805,0.504245,0.8314900000000001,0.50742,0.819435,0.507625,1
1.0,0.0,0.0,0.640525,0.61111,0.575165,0.121535,0.14508,0.34640499999999996,0.85621,0.0,1.0,0.091505,0.669935,0.10457499999999997,0.48693,0.009805000000000008,0.08496500000000001,0.199345,0.22876000000000002,0.477125,0.08496500000000001,0.9705900000000001,0.02940999999999999,0.0,0.284315,0.8719250000000001,0.54588,0.0,0.526145,0.591505,0.51307,0.298995,0.258795,2
1.0,0.0,0.5,0.5,0.0,0.0,0.0,1.0,0.5,0.5,0.0,1.0,1.0,1.0,1.0,0.0,0.5,0.5,0.5,0.5,0.0,0.0,0.0,1.0,1.0,0.71875,1.0,0.0,0.5,0.5,0.0,0.0,0.0,1.0,2
1.0,0.0,0.508335,0.321875,0.5,0.5,0.5,0.5,0.5,0.5,0.5,0.5,0.5,0.5,0.56146,0.22499999999999998,0.614065,0.914065,1.0,0.28854,0.5,0.5,0.541665,0.0,0.446875,0.416665,1.0,0.11666500000000002,0.0,0.59427,0.5,0.5,1.0,0.36354,2
1.0,0.0,0.97299,0.486575,0.0,0.630655,0.318035,0.678195,0.84629,0.182865,1.0,0.483235,0.3549,0.49725,0.22574,0.57726,0.959605,0.26865,1.0,0.24788,0.351325,0.34273,0.13068000000000002,0.686805,0.91936,0.26633,0.7610399999999999,0.20934999999999998,1.0,0.193035,0.45183,0.602385,0.469415,0.709565,2
1.0,0.0,0.799435,0.573445,0.84934,0.43032,0.92561,0.43032,0.904895,0.51224,0.752355,0.514125,0.8371,0.4774,0.9039550000000001,0.43126,0.7570600000000001,0.37759,0.9077200000000001,0.428435,0.851225,0.498115,0.6666650000000001,0.531075,0.780605,0.334275,0.80722,0.415815,0.763655,0.48964,0.769305,0.34369,0.8371,0.38983,1
1.0,0.0,0.835325,0.51264,0.8331299999999999,0.525155,0.7859849999999999,0.593805,0.54388,0.670405,0.8181050000000001,0.560655,0.810495,0.571425,0.893185,0.55488,0.791865,0.590755,0.571975,0.70612,0.76944,0.60663,0.7571,0.613125,0.74419,0.61862,0.730835,0.62309,0.717165,0.62653,0.703315,0.62896,1.0,0.66518,1
1.0,0.0,0.96829,0.675535,0.87627,0.8282,0.727855,0.9428799999999999,0.576615,0.97888,0.391125,0.9815050000000001,0.217325,0.9169849999999999,0.10624499999999998,0.790225,0.03448000000000001,0.6301,0.03179500000000002,0.46791,0.06485999999999997,0.295255,0.174605,0.16268,0.316005,0.075245,0.47711,0.04389500000000002,0.6366499999999999,0.07118999999999998,0.774135,0.151935,0.8741399999999999,0.279135,1
1.0,0.0,0.97245,0.25344500000000003,1.0,0.48154,0.99449,0.06474000000000002,0.950415,0.8347100000000001,1.0,0.44948,1.0,0.437535,1.0,0.424915,1.0,0.411595,1.0,0.397545,1.0,0.38273999999999997,1.0,0.367145,1.0,0.35074,1.0,0.33348,1.0,0.315345,1.0,0.2963,1.0,0.276305,1
1.0,0.0,1.0,0.558825,1.0,0.617645,1.0,0.7058800000000001,1.0,0.52941,1.0,0.617645,1.0,0.558825,1.0,0.735295,1.0,0.47059,1.0,0.441175,1.0,0.67647,1.0,0.7058800000000001,1.0,0.441175,1.0,0.601125,1.0,0.52941,1.0,0.67647,1.0,0.617645,1
1.0,0.0,0.64601,0.56791,0.726655,0.58404,0.758915,0.497455,0.7631600000000001,0.604415,0.76231,0.41681,0.7368399999999999,0.47623,0.77759,0.519525,0.90832,0.387945,0.712225,0.47878,0.674875,0.533105,0.640915,0.395585,0.7586550000000001,0.48412,0.751845,0.483245,0.673175,0.549235,0.85399,0.49066,0.6977949999999999,0.48387,1
1.0,0.0,0.0,0.201615,0.5,0.5,0.0,0.82258,0.06451499999999999,1.0,0.5,0.5,0.5,0.5,0.5,0.5,0.5,0.5,0.5,0.5,0.0,0.0,0.5,0.5,0.649195,0.616935,1.0,0.758065,0.5,0.5,0.5,0.5,0.5,0.5,2
1.0,0.0,0.978295,0.5407150000000001,0.9874350000000001,0.471665,0.985825,0.45758,0.980485,0.467195,0.9735849999999999,0.506395,0.9771799999999999,0.416025,0.97306,0.402515,0.99815,0.33865999999999996,0.951715,0.32049,0.95714,0.36341999999999997,0.9507,0.35096499999999997,0.999495,0.296265,0.93622,0.32706999999999997,0.960295,0.346905,0.919755,0.304695,0.91083,0.29413500000000004,1
1.0,0.0,0.54348,0.50343,0.569795,0.479405,0.55263,0.45881,0.56293,0.46911,0.6167050000000001,0.49428,0.561785,0.5389,0.573225,0.432495,0.64531,0.475975,0.594965,0.536615,0.55835,0.5,0.556065,0.498855,0.575515,0.448515,0.542335,0.506865,0.556065,0.46682,0.548055,0.463385,0.55835,0.465675,2
1.0,0.0,0.8,0.516665,0.816665,0.533335,0.85,0.533335,0.85,0.5,0.816665,0.5,0.9,0.5,0.866665,0.5,0.85,0.55,0.8333349999999999,0.55,0.866665,0.483335,0.883335,0.5,0.816665,0.566665,0.8296600000000001,0.55084,0.8,0.566665,0.8,0.583335,0.816665,0.583335,1
1.0,0.0,0.93886,0.45924,0.9171199999999999,0.536685,0.923915,0.52038,0.8858699999999999,0.48913,0.8858699999999999,0.471465,0.9116850000000001,0.44701,0.839675,0.497285,0.940215,0.39538,0.9171199999999999,0.516305,0.9320649999999999,0.47011000000000003,0.986415,0.360055,0.92527,0.40625,0.918525,0.448945,0.92935,0.483695,0.892665,0.44565,0.8953800000000001,0.497285,1
1.0,0.0,0.918945,0.71452,0.860565,0.791925,0.728125,0.890575,0.58235,0.91366,0.43494,0.934735,0.269115,0.892485,0.20282499999999998,0.7603500000000001,0.10765000000000002,0.632645,0.07993,0.51964,0.189795,0.343245,0.26294,0.255475,0.31351,0.16102,0.47473,0.18654500000000002,0.57345,0.270445,0.685465,0.304165,0.741595,0.37843499999999997,1
1.0,0.0,0.8735200000000001,0.433795,0.768775,0.58498,0.8636349999999999,0.54743,0.847825,0.444665,0.83399,0.38241,0.9397249999999999,0.40415,0.868575,0.52075,0.815215,0.498025,0.81818,0.44071,0.896245,0.37351999999999996,0.832015,0.35672000000000004,0.83597,0.44763,0.8092349999999999,0.439795,0.800395,0.395255,0.687745,0.534585,0.805335,0.493085,1
1.0,0.0,1.0,0.487995,0.9707,0.532655,0.96053,0.383725,0.88576,0.418005,0.76399,0.398625,0.782045,0.49644,0.671975,0.362715,0.7646999999999999,0.3911,0.725535,0.410935,0.52991,0.322125,0.511545,0.235605,0.51643,0.17420999999999998,0.56645,0.23397,0.512155,0.189015,0.471465,0.202135,0.47696,0.17151499999999997,1
0.0,0.0,0.5,0.5,0.5,0.5,0.5,0.5,0.5,0.5,0.5,0.5,0.0,0.0,0.5,0.5,1.0,0.875,0.5,0.5,0.5,0.5,0.0,1.0,0.5,0.5,1.0,0.0,0.0,0.0,1.0,1.0,0.5,0.5,2
1.0,0.0,0.8206100000000001,0.507015,0.67073,0.487805,0.763755,0.51733,0.59756,0.560975,0.716565,0.523775,0.609755,0.52439,0.64634,0.5,0.682925,0.5,0.658535,0.536585,0.634145,0.560975,0.61849,0.529065,0.609755,0.54878,0.5965199999999999,0.528205,0.58705,0.52752,0.59756,0.5,0.585365,0.536585,1
1.0,0.0,0.9440200000000001,0.69069,0.82963,0.847155,0.64574,0.93946,0.46637,0.9506749999999999,0.30201500000000003,0.9022049999999999,0.17713,0.78251,0.0852,0.63453,0.1053,0.458975,0.1861,0.34529,0.266815,0.22197499999999998,0.417755,0.17831000000000002,0.54781,0.19472499999999998,0.65203,0.25804,0.716135,0.35081,0.7351449999999999,0.452695,0.7107600000000001,0.5627800000000001,1
1.0,0.0,1.0,0.35786,1.0,0.37327,0.973115,0.32453,1.0,0.34717,0.96368,0.254715,0.95409,0.279405,0.8786149999999999,0.205505,0.84874,0.209905,0.798115,0.212105,0.842295,0.145125,0.7723249999999999,0.063365,0.74607,0.13333499999999998,0.67752,0.11973,0.63176,0.10880499999999999,0.58302,0.13427499999999998,0.56997,0.15000000000000002,1
0.0,0.0,1.0,0.0,1.0,1.0,0.0,0.0,1.0,0.0,0.5,0.5,0.5,0.5,0.0,1.0,1.0,0.0,1.0,0.0,0.125,1.0,1.0,0.0,1.0,0.0,1.0,0.0,0.0,0.0,0.5,0.5,1.0,0.0,2
0.0,0.0,0.0,0.0,1.0,1.0,1.0,0.0,0.0,1.0,1.0,0.0,0.0,0.0,0.5,0.5,1.0,1.0,0.0,0.0,1.0,0.0,1.0,0.0,1.0,1.0,1.0,0.0,1.0,0.0,0.0,1.0,1.0,0.0,2
1.0,0.0,0.94104,0.426805,0.96704,0.44471499999999997,0.9605,0.41775,0.941535,0.41481999999999997,0.94231,0.340955,0.926345,0.342685,0.91058,0.32038,0.903405,0.33184,0.876215,0.26488999999999996,0.8527750000000001,0.264235,0.83075,0.249575,0.806485,0.25956999999999997,0.7840199999999999,0.22685499999999997,0.750895,0.20073000000000002,0.735375,0.213115,0.7109449999999999,0.20956999999999998,1
0.0,0.0,0.5,0.5,0.5,0.5,1.0,0.0,0.5,0.5,0.0,0.0,0.5,0.5,0.5,0.5,1.0,1.0,0.0,0.0,0.5,0.5,0.5,0.5,1.0,1.0,1.0,1.0,0.5,0.5,1.0,1.0,0.5,0.5,2
1.0,0.0,0.0,0.0,0.5,0.5,0.75407,0.10748999999999997,0.8029299999999999,0.6644950000000001,0.0,0.29316,0.5,0.5,0.5,0.5,1.0,0.36645,0.68241,0.18241000000000002,0.98534,0.0,0.0,0.0,1.0,0.201955,0.0,0.0,0.0,0.0,1.0,0.0,0.5,0.5,2
1.0,0.0,0.973155,0.58749,0.9547300000000001,0.6657150000000001,0.9254800000000001,0.7498,0.86839,0.81921,0.796075,0.86919,0.74349,0.9180699999999999,0.6522950000000001,0.953325,0.589795,0.9671449999999999,0.496495,0.965545,0.4056,0.946915,0.334885,0.91246,0.26733,0.88241,0.207185,0.8316749999999999,0.16035500000000003,0.76282,0.12339499999999998,0.71244,0.09394999999999998,0.63046,1
1.0,0.0,1.0,0.0,1.0,1.0,1.0,0.0,1.0,0.0,1.0,0.0,1.0,0.4908,1.0,0.0,1.0,1.0,1.0,0.07208500000000001,1.0,1.0,1.0,0.0,0.5,0.5,1.0,1.0,1.0,0.10429500000000003,1.0,1.0,1.0,1.0,2
1.0,0.0,0.810605,0.18181999999999998,0.5,0.5,0.5,0.5,0.67235,0.64394,0.7140150000000001,0.69697,0.46212,0.75947,0.68182,0.657195,0.23106,0.664775,0.560605,0.426135,0.50947,0.23295500000000002,0.21211999999999998,0.589015,0.6458349999999999,0.36363500000000004,0.62879,0.21211999999999998,0.71591,0.62121,0.59091,0.488635,0.585225,0.291665,2
1.0,0.0,0.69643,0.761905,0.10587999999999997,0.55671,0.41686,0.11810999999999999,0.8333349999999999,0.50595,0.9107149999999999,0.70238,0.16385,0.653645,0.326015,0.18166,0.732145,0.57738,0.77381,0.52976,0.24085,0.724805,0.261745,0.26203,0.6607149999999999,0.85119,0.759855,0.69424,0.7857149999999999,0.69643,0.225545,0.350425,0.627205,0.22081499999999998,2
1.0,0.0,1.0,0.483175,1.0,0.502425,1.0,0.43969,0.944825,0.50599,0.86541,0.52673,0.927215,0.504135,0.7729550000000001,0.501495,0.918875,0.43178,0.877675,0.4573,0.8544350000000001,0.36249,0.716925,0.43969,0.78764,0.2989,0.7949200000000001,0.389275,0.7155,0.413175,0.80218,0.3791,0.780225,0.30881000000000003,1
1.0,0.0,0.98857,0.595245,0.913415,0.731295,0.8588549999999999,0.79366,0.73984,0.9213899999999999,0.657045,0.9632149999999999,0.551445,0.969725,0.43373,0.92145,0.3399,0.9581200000000001,0.23927500000000002,0.897625,0.15863,0.74754,0.11296,0.667685,0.07312000000000002,0.589245,0.08343,0.49321,0.08817000000000003,0.403395,0.163555,0.33169000000000004,0.200285,0.2515,1
1.0,0.0,1.0,0.584005,0.99676,0.58167,0.97308,0.666735,0.9587950000000001,0.61305,0.95704,0.685535,0.92125,0.734495,0.9050549999999999,0.746125,0.8923650000000001,0.741555,0.825455,0.784885,0.7827649999999999,0.7903549999999999,0.77793,0.8236,0.741555,0.77618,0.716585,0.845645,0.67842,0.880735,0.669605,0.83422,0.610505,0.893425,1
1.0,0.0,0.5,0.5,0.5,0.5,1.0,1.0,0.0,0.0,0.5,0.5,1.0,0.444445,0.5,0.5,0.5,0.5,0.0,1.0,1.0,1.0,1.0,0.0,0.5,0.5,1.0,0.0,0.5,0.5,0.5,0.5,1.0,1.0,2
1.0,0.0,0.963285,0.5208699999999999,0.94633,0.57883,0.93049,0.598955,0.9183749999999999,0.68263,0.903095,0.70099,0.881105,0.70276,0.83293,0.7418,0.800505,0.75876,0.76696,0.7609,0.742175,0.7710600000000001,0.71273,0.77842,0.6667,0.77637,0.63489,0.7710699999999999,0.6115349999999999,0.7672399999999999,0.57156,0.74562,0.557865,0.732855,1
1.0,0.0,1.0,1.0,1.0,0.75625,0.8125,0.0,1.0,1.0,0.5125,0.515625,1.0,1.0,0.5,0.5,1.0,0.0,1.0,1.0,1.0,1.0,0.65625,1.0,1.0,1.0,1.0,1.0,1.0,1.0,0.02812500000000001,1.0,0.5,0.5,2
1.0,0.0,0.633335,0.45,0.7666649999999999,0.5,0.6666650000000001,0.433335,0.683335,0.558335,0.783335,0.508335,0.8583350000000001,0.541665,0.85,0.466665,0.7666649999999999,0.6,0.7083349999999999,0.491665,0.658335,0.6,0.85,0.5,0.625,0.566665,0.73107,0.527195,0.7,0.516665,0.733335,0.516665,0.7083349999999999,0.475,1
1.0,0.0,0.980435,0.5431,0.9838,0.596395,0.98013,0.637255,0.99022,0.67526,0.9643349999999999,0.731405,0.931325,0.7625850000000001,0.9141,0.7939700000000001,0.8662099999999999,0.845325,0.8450150000000001,0.8657,0.772365,0.8441000000000001,0.741695,0.880985,0.703075,0.873445,0.667005,0.91898,0.6247199999999999,0.9303049999999999,0.56878,0.934175,0.54524,0.931425,1
1.0,0.0,0.918045,0.566075,0.8608549999999999,0.530295,0.829145,0.541575,0.61944,0.564805,0.719185,0.60165,0.74709,0.56343,0.723735,0.567535,0.64676,0.51461,0.7407900000000001,0.57878,0.664175,0.57308,0.647475,0.57319,0.63218,0.57265,0.618205,0.57157,0.632145,0.580685,0.593835,0.56816,0.583275,0.56599,1
1.0,0.0,1.0,0.64023,1.0,0.512385,1.0,0.53882,1.0,0.521585,0.9938100000000001,0.66633,1.0,0.527445,1.0,0.52192,0.97875,0.37701,0.921855,0.45666,1.0,0.52075,0.999665,0.63688,1.0,0.30472,0.98207,0.48913,0.933735,0.6168,0.97289,0.389895,0.901775,0.463355,1
1.0,0.0,0.96218,0.68462,0.85988,0.8421000000000001,0.646515,0.97039,0.44446,0.8826350000000001,0.34197500000000003,0.9622649999999999,0.16692,0.89383,0.039275000000000004,0.71157,0.028424999999999978,0.547925,0.0,0.515955,0.16784500000000002,0.16860999999999998,0.26995,0.10913,0.43257,0.059589999999999976,0.5988249999999999,0.07431500000000002,0.74452,0.14876499999999998,0.84943,0.26976,0.8803300000000001,0.43403,1
1.0,0.0,0.9972449999999999,0.50263,0.92041,0.443435,0.9411849999999999,0.417845,0.995305,0.468715,0.9824200000000001,0.46252,0.926105,0.51483,0.935805,0.39576,0.9694050000000001,0.43511500000000003,0.99149,0.455325,0.94938,0.500375,0.93918,0.47059,0.9668399999999999,0.40064,0.9378949999999999,0.41097,0.9714700000000001,0.417095,0.901265,0.371295,0.88293,0.36102999999999996,1
1.0,0.0,1.0,0.27419499999999997,1.0,1.0,0.85608,0.0,0.5,0.5,0.5,0.5,0.5,0.5,0.0,0.57258,0.77047,0.30335,0.0,0.227665,0.150125,1.0,0.5,0.5,1.0,0.9534750000000001,0.758065,1.0,1.0,0.399505,0.62841,1.0,0.33809,1.0,2
1.0,0.0,0.17857,0.0,1.0,0.914285,1.0,0.0,1.0,0.383035,1.0,0.9808049999999999,1.0,0.311605,1.0,0.0,1.0,0.569195,1.0,0.0,1.0,0.483035,0.07856999999999997,1.0,0.76875,0.92857,1.0,1.0,1.0,0.0,1.0,0.0,1.0,0.0,2
1.0,0.0,0.5,0.5,0.5,0.5,0.5,0.5,0.5,0.5,1.0,0.333335,0.583335,0.6302099999999999,0.5,0.5,0.5,0.5,0.5,0.5,0.40104,0.390625,0.416665,0.953125,0.0,0.75,0.520835,0.875,0.385415,0.0,0.4375,0.364585,0.40104,0.03125,2
1.0,0.0,1.0,0.45643,1.0,0.41368499999999997,0.933175,0.09110499999999999,0.974085,0.805265,0.977365,0.29308999999999996,0.94243,0.34132,0.939685,0.382835,0.9052549999999999,0.1891,0.561225,0.0,0.9514199999999999,0.555265,0.811785,0.107265,0.776945,0.08566000000000001,0.74068,0.067085,0.7032499999999999,0.05163000000000001,0.66492,0.039360000000000006,0.433295,0.0,1
1.0,0.0,0.941525,0.39002000000000003,1.0,0.6818649999999999,0.912015,0.5960300000000001,0.92543,0.529505,0.95279,0.47854,0.9259649999999999,0.625,0.8894850000000001,0.62661,0.8460300000000001,0.7897000000000001,0.8551500000000001,0.69528,0.86588,0.637875,1.0,0.674355,0.7838,0.760195,0.849055,0.766175,0.904505,0.7929200000000001,0.71513,0.854615,0.7618050000000001,0.7709250000000001,1
0.0,0.0,0.5,0.5,1.0,1.0,1.0,1.0,0.5,0.5,0.5,0.5,0.0,0.0,0.5,0.5,0.0,0.0,0.5,0.5,0.5,0.5,1.0,1.0,0.5,0.5,1.0,1.0,0.5,0.5,0.0,1.0,0.5,0.5,2
1.0,0.0,0.51926,0.51284,0.50214,0.5,0.509985,0.490015,0.5107,0.475035,0.47575,0.49358,0.507135,0.48859,0.5,0.483595,0.47646,0.48573500000000003,0.49144,0.51783,0.5107,0.50214,0.52568,0.48859,0.52568,0.50927,0.51997,0.507845,0.509985,0.503565,0.48716,0.49073,0.492865,0.509985,2
1.0,0.0,1.0,0.494105,1.0,0.498285,1.0,0.492175,1.0,0.492175,1.0,0.485955,1.0,0.48906499999999997,0.9991399999999999,0.484565,0.9976400000000001,0.48381,0.99657,0.48274,1.0,0.480595,1.0,0.474805,1.0,0.475345,0.9992099999999999,0.472365,0.997,0.46848,0.995285,0.467515,0.994855,0.46666,1
1.0,0.0,0.695895,0.468285,0.98732,0.52164,1.0,1.0,0.679105,0.576495,0.77239,0.5653,0.8078350000000001,0.08955000000000002,0.78918,0.83955,0.833955,0.44776,0.73321,0.44216500000000003,0.82787,0.57396,0.916045,0.72761,0.735075,0.58209,0.746545,0.57315,0.662315,0.48694,0.69559,0.567605,0.6720550000000001,0.563775,2
1.0,0.0,0.956765,0.90793,0.135135,1.0,0.30267,0.778675,0.527025,0.64865,0.407005,0.448795,0.48421000000000003,0.45515,0.507005,0.482985,0.50554,0.497315,0.50171,0.500485,0.50024,0.500375,0.499985,0.500095,0.499985,0.50001,0.499995,0.5,0.5,0.5,0.5,0.5,0.5,0.5,2
1.0,0.0,1.0,0.0,1.0,1.0,0.0,1.0,1.0,0.0,1.0,0.0,0.0,0.0,0.0,1.0,1.0,1.0,1.0,1.0,0.0,1.0,1.0,0.0,1.0,0.0,1.0,1.0,1.0,1.0,0.0,1.0,0.0,1.0,2
1.0,0.0,0.509875,0.503525,0.52045,0.49577,0.51058,0.50564,0.50564,0.52186,0.50141,0.500705,0.509875,0.484485,0.490125,0.530325,0.47955,0.5134,0.48801,0.497885,0.52186,0.487305,0.50917,0.5,0.5,0.493655,0.50917,0.49436,0.50282,0.492245,0.491535,0.48801,0.503525,0.5,2
1.0,0.0,0.95187,0.49198,1.0,0.5401050000000001,1.0,0.50802,0.96524,0.502675,0.9679150000000001,0.49198,1.0,0.5,1.0,0.532085,1.0,0.524065,0.95722,0.52139,0.983955,0.510695,0.99465,0.49198,0.981285,0.52674,0.98487,0.52226,0.9385049999999999,0.50535,1.0,0.545455,0.989305,0.532085,1
1.0,0.0,0.736685,0.597635,0.531065,0.408285,0.81158,0.50503,0.7278100000000001,0.47781,0.782545,0.508875,0.723375,0.637575,0.85799,0.48077,0.778105,0.56213,0.7071000000000001,0.55769,0.763835,0.5142100000000001,0.755915,0.446745,0.739645,0.488165,0.7325699999999999,0.516295,0.7677499999999999,0.62574,0.6597649999999999,0.427515,0.673075,0.49852,1
1.0,0.0,1.0,0.40585499999999997,0.965175,0.31922,0.44566,0.032015000000000016,1.0,0.477255,0.75437,0.161285,0.67216,0.15146500000000002,0.24157499999999998,0.01242500000000002,0.527495,0.188815,0.665545,0.0,0.434245,0.27349999999999997,0.40972,0.32133,0.39834,0.367155,0.39766,0.407995,0.4048,0.442035,0.41687,0.46856,0.43130999999999997,0.487765,2
1.0,0.0,0.903135,0.565345,0.865305,0.621615,0.823075,0.59519,0.684615,0.727885,0.723965,0.732195,0.625,0.78654,0.62596,0.685575,0.576075,0.759385,0.45096,0.7875,0.48269,0.714425,0.45572,0.72212,0.425285,0.70003,0.4003,0.67488,0.38084,0.647705,0.36683,0.61948,0.38077,0.65577,1
1.0,0.0,0.809285,0.55425,0.85347,0.465325,0.85179,0.50839,0.871365,0.50112,0.855145,0.57886,0.8579399999999999,0.49888,0.8987700000000001,0.533,0.918345,0.417225,0.8433999999999999,0.4547,0.81264,0.49329,0.80481,0.558725,0.856265,0.45246,0.849225,0.491635,0.8165549999999999,0.52405,0.8942950000000001,0.474275,0.826065,0.47651,1
1.0,0.0,0.992275,0.48632,0.99029,0.47948,1.0,0.461825,0.9936,0.50728,0.97639,0.48698,0.9924999999999999,0.46271,0.99691,0.464255,0.98698,0.45234,0.98632,0.43888,0.99647,0.47374,0.97639,0.45543,0.9867600000000001,0.458295,0.9832650000000001,0.43544,0.967345,0.42542,0.98566,0.421225,0.9838899999999999,0.406,1
1.0,0.0,0.511685,0.49704,0.45038,0.440255,0.496185,0.44088,0.57353,0.533185,0.51893,0.46849,0.5,0.5,0.47714,0.4223,0.498285,0.44902,0.442125,0.47293,0.50919,0.5183450000000001,0.507595,0.50444,0.517565,0.492325,0.4838,0.546115,0.46070500000000003,0.50366,0.5,0.5,0.499805,0.560055,2
1.0,0.0,1.0,0.06649500000000003,1.0,0.6113999999999999,0.92746,0.30052,1.0,0.43955,1.0,0.675735,1.0,0.53886,1.0,0.426165,1.0,0.0,1.0,0.0,0.8091550000000001,0.5790150000000001,1.0,0.8117449999999999,1.0,0.41494,1.0,0.67962,1.0,0.16753,1.0,0.94214,1.0,0.40587,2
1.0,0.0,0.829225,0.718085,0.723405,0.87402,0.526595,0.92553,0.339865,0.910695,0.15873500000000001,0.76204,0.07894499999999999,0.535555,0.085945,0.356385,0.26483999999999996,0.14137499999999997,0.476205,0.06999,0.61646,0.11842000000000003,0.783315,0.23936000000000002,0.8714999999999999,0.406775,0.8737900000000001,0.618565,0.7259249999999999,0.795355,0.602745,0.88382,0.407335,0.87178,1
1.0,0.0,0.86207,0.49458,0.89852,0.50542,0.9,0.500985,0.8950750000000001,0.50542,0.89212,0.495075,0.91675,0.516255,0.9256150000000001,0.508375,0.900495,0.49606,0.8955649999999999,0.48522,0.879805,0.51675,0.8738900000000001,0.527585,0.863055,0.49261,0.890205,0.50306,0.870445,0.474875,0.9147799999999999,0.51478,0.8950750000000001,0.50394,1
1.0,0.0,0.87234,0.55319,0.94353,0.50491,0.9427099999999999,0.507355,0.93617,0.49291,0.8652500000000001,0.55319,0.938285,0.51456,0.936175,0.51691,0.9787250000000001,0.539005,0.975175,0.521275,0.9279850000000001,0.523715,0.924655,0.52589,0.93617,0.55674,0.917145,0.53007,0.87234,0.48227,0.90855,0.534,0.90387,0.535865,1
1.0,0.0,0.73969,0.438145,0.71392,0.438145,0.850515,0.304125,0.86598,0.53608,0.631445,0.391755,0.747425,0.579895,0.726805,0.44072,0.71134,0.53093,0.75,0.3634,0.7731950000000001,0.592785,0.71134,0.541235,0.8530949999999999,0.59794,0.76698,0.437765,0.57732,0.36855499999999997,0.737115,0.52062,0.726805,0.24226999999999999,1
1.0,0.0,0.5,0.5,1.0,0.564445,0.9422200000000001,0.49,0.5,0.5,1.0,0.28778000000000004,1.0,0.59778,1.0,0.473335,1.0,0.09222000000000002,0.5,0.5,1.0,0.48,1.0,0.406665,0.5,0.5,1.0,0.0,0.5,0.5,1.0,0.55889,0.953335,0.45222,2
0.0,0.0,1.0,0.0,1.0,0.0,1.0,0.0,1.0,0.0,1.0,1.0,1.0,1.0,1.0,0.0,1.0,1.0,1.0,1.0,1.0,1.0,1.0,0.0,1.0,0.0,1.0,0.0,1.0,0.828125,0.5,0.5,1.0,0.0,2
1.0,0.0,0.5273,0.507185,0.48707,0.52299,0.507185,0.52299,0.461205,0.50431,0.50862,0.466955,0.48132,0.52155,0.458335,0.47701,0.452585,0.54023,0.479885,0.52586,0.510055,0.511495,0.48132,0.494255,0.515805,0.49569,0.50431,0.50862,0.51293,0.505745,0.51293,0.505745,0.47701,0.497125,2
1.0,0.0,1.0,0.81774,1.0,1.0,0.885615,1.0,0.333335,1.0,0.0,1.0,0.5,1.0,0.0,1.0,0.0,0.5,0.0,0.166665,0.0,0.03732000000000002,0.0,0.333335,0.333335,0.0,0.596175,0.0,1.0,0.0,0.5,0.0,1.0,0.166665,1
1.0,0.0,0.75466,0.03001999999999999,1.0,0.63354,0.4824,0.0,1.0,0.0,0.718425,0.0,0.5,0.5,0.0,0.328675,0.311595,0.518115,1.0,0.0,0.5,0.5,0.5,0.5,0.41873499999999997,0.9611799999999999,0.69876,0.632505,0.5,0.5,1.0,0.61594,0.5,0.5,2
1.0,0.0,0.87782,0.74819,0.9177500000000001,0.771505,0.77458,0.8603149999999999,0.676125,0.85396,0.567345,0.9737450000000001,0.45091,0.96889,0.31198000000000004,0.911115,0.23629,0.8558049999999999,0.15821000000000002,0.8399449999999999,0.149185,0.62478,0.104265,0.514975,0.005060000000000009,0.35450499999999996,0.14823999999999998,0.33604,0.18344,0.404075,0.329345,0.19773000000000002,0.401955,0.18522,1
1.0,0.0,0.867615,0.308535,0.900755,0.55139,0.89413,0.57633,0.7779,0.52626,1.0,0.606125,0.859735,0.6447700000000001,0.84399,0.664625,0.74836,0.586435,0.821665,0.485775,0.786995,0.7126399999999999,0.7656000000000001,0.72436,0.97265,0.7877449999999999,0.72087,0.741,0.562365,1.0,0.67535,0.748605,0.65294,0.749155,1
1.0,0.0,0.49068,0.45770500000000003,0.5,0.5,0.5,0.5,0.55735,0.36595,0.271685,0.30913999999999997,0.5,0.5,0.33172,0.69301,0.31433500000000003,0.57509,0.81864,0.610575,0.5,0.5,0.5,0.5,0.425985,0.49337,0.603225,0.48853,0.5,0.5,0.582975,0.62043,0.45896,0.690325,2
1.0,0.0,1.0,0.52039,1.0,0.55991,1.0,0.580795,1.0,0.639605,0.9935149999999999,0.6544449999999999,0.9637249999999999,0.688195,0.9555899999999999,0.698745,0.9096949999999999,0.730295,0.893095,0.73497,0.897,0.7814099999999999,0.851655,0.790645,0.835385,0.7986150000000001,0.7945150000000001,0.80495,0.76976,0.8046599999999999,0.72656,0.81818,0.70221,0.8132900000000001,1
1.0,0.0,0.94853,0.691175,0.9558800000000001,0.6875,0.871325,0.8382350000000001,0.72794,0.889705,0.59559,0.944855,0.48897,0.930145,0.39705999999999997,0.9117649999999999,0.3125,0.8382350000000001,0.25,0.73897,0.132355,0.691175,0.069855,0.54412,0.12867499999999998,0.4375,0.160375,0.379345,0.224265,0.286765,0.27941,0.24632500000000002,0.35662,0.21691,1
1.0,0.0,0.92355,0.567665,0.86819,0.469245,0.939365,0.5413,0.9446399999999999,0.454305,0.893675,0.53339,0.90334,0.498245,0.8963099999999999,0.49473,0.92882,0.477155,0.9358500000000001,0.482425,0.9086099999999999,0.45255,0.85501,0.52197,0.932335,0.42443,0.905735,0.47589,0.891035,0.496485,0.878735,0.46660999999999997,0.92882,0.469245,1
1.0,0.0,0.53202,0.423645,0.477835,0.529555,0.54187,0.487685,0.49261,0.593595,0.53202,0.5,0.561575,0.45074000000000003,0.529555,0.5,0.50985,0.48522,0.43596,0.39655,0.534485,0.50739,0.534485,0.51478,0.53941,0.58128,0.640395,0.47537,0.470445,0.4532,0.522165,0.527095,0.536945,0.445815,2
1.0,0.0,1.0,0.57143,1.0,0.857145,1.0,0.857145,1.0,0.42857,0.92857,0.42857,1.0,0.51267,1.0,0.5,0.7142850000000001,0.42857,1.0,0.518085,1.0,0.357145,1.0,0.5,0.642855,0.357145,1.0,0.524455,1.0,0.52591,1.0,0.7857149999999999,1.0,0.5,1
1.0,0.0,1.0,0.494595,1.0,0.486485,1.0,0.46757,0.9756750000000001,0.49189,0.994595,0.483785,0.994595,0.543245,1.0,0.46757,0.9756750000000001,0.545945,0.98919,0.497295,1.0,0.53243,1.0,0.52162,0.98919,0.545945,0.99278,0.506255,1.0,0.483785,1.0,0.5135149999999999,1.0,0.464865,1
1.0,0.0,0.9873350000000001,0.56541,0.9706,0.60018,0.9439150000000001,0.66124,0.945045,0.663555,0.9277500000000001,0.726085,0.86149,0.76142,0.84973,0.7941,0.79274,0.834465,0.744345,0.85199,0.721225,0.840795,0.676445,0.87811,0.6341600000000001,0.88105,0.5840650000000001,0.8927050000000001,0.537485,0.9021950000000001,0.48519,0.88851,0.448555,0.87121,1
1.0,0.0,0.84074,0.55185,0.885185,0.517285,0.825925,0.54074,0.80494,0.49753000000000003,0.89506,0.55926,0.798765,0.52469,0.812345,0.54815,0.8913599999999999,0.412345,0.869135,0.44568,0.74321,0.5049399999999999,0.80494,0.54074,0.8333349999999999,0.4358,0.818865,0.487745,0.882715,0.51111,0.806175,0.4642,0.7567900000000001,0.476545,1
1.0,0.0,0.923565,0.48301499999999997,0.93206,0.457535,0.9097649999999999,0.5,0.868365,0.461785,0.859875,0.43206,0.874735,0.441615,0.887475,0.40658,0.89066,0.393845,0.8099799999999999,0.449045,0.895965,0.421445,0.94692,0.48301499999999997,0.9246300000000001,0.369425,0.870575,0.38344,0.83121,0.388535,0.863055,0.31104,0.8290850000000001,0.375795,1
1.0,0.0,0.9613849999999999,0.53902,0.963395,0.581255,0.94851,0.62309,0.920555,0.6759850000000001,0.8940049999999999,0.71098,0.85358,0.734915,0.85398,0.7823800000000001,0.802295,0.821,0.756235,0.82462,0.699515,0.834875,0.67116,0.841715,0.618465,0.88073,0.593825,0.869425,0.54847,0.85519,0.513675,0.8853599999999999,0.479885,0.847545,1
1.0,0.0,0.99411,0.510935,0.96551,0.6705,0.91952,0.67611,0.8735299999999999,0.74453,0.86792,0.759395,0.77538,0.800895,0.71565,0.8311850000000001,0.659,0.852215,0.641895,0.844365,0.537575,0.8684799999999999,0.53169,0.85642,0.417555,0.84857,0.41722,0.80255,0.41895499999999997,0.7790250000000001,0.326415,0.720975,0.332585,0.687325,1
0.0,0.0,0.5,0.5,0.5,0.5,0.5,0.5,0.5,0.5,0.5,0.5,0.5,0.5,0.5,0.5,0.5,0.5,0.5,0.5,0.5,0.5,0.5,0.5,0.5,0.5,1.0,1.0,0.5,0.5,0.5,0.5,0.5,0.5,2
1.0,0.0,1.0,0.620385,0.9990749999999999,0.501845,0.90122,0.349335,0.949595,0.38256999999999997,0.8532150000000001,0.379615,0.869275,0.347305,0.85746,0.31961,0.73597,0.19405499999999998,0.702365,0.224705,0.805205,0.30335999999999996,0.76588,0.336595,0.61983,0.23929,0.64604,0.25805,0.563885,0.304285,0.5782849999999999,0.243355,0.591765,0.26698500000000003,1
1.0,0.0,0.65517,0.448275,0.62069,0.448275,0.60345,0.465515,0.537025,0.472845,0.518245,0.481555,0.508535,0.488085,0.503705,0.49259,0.501405,0.495535,0.50039,0.497385,0.499985,0.498505,0.49986,0.49917,0.499845,0.49955,0.499875,0.49976,0.49991,0.49988,0.49994,0.49994,0.49996,0.49997,1
1.0,0.0,0.97026,0.492345,0.97085,0.505005,0.97497,0.49264,0.97939,0.4947,0.973205,0.48145,0.985865,0.491165,0.985275,0.480565,0.977325,0.47968,0.9761500000000001,0.476445,0.9711449999999999,0.489105,0.964075,0.477915,0.960245,0.47762,0.9634750000000001,0.470865,0.9517100000000001,0.462605,0.959955,0.46377999999999997,0.960245,0.4629,1
1.0,0.0,0.93789,0.518635,0.949755,0.501715,0.9460500000000001,0.50255,0.931675,0.5,0.975155,0.537265,0.9351050000000001,0.50497,0.931515,0.505755,0.9192549999999999,0.468945,0.92857,0.51242,0.92091,0.508015,0.91743,0.508745,0.8975150000000001,0.47826,0.910555,0.510165,0.90994,0.54348,0.9037850000000001,0.51154,0.90044,0.512205,1
1.0,0.0,1.0,0.53269,1.0,0.60373,1.0,0.631405,0.965255,0.661065,0.933865,0.695195,0.87737,0.75041,0.897775,0.761605,0.82977,0.8037799999999999,0.788095,0.814995,0.739035,0.835675,0.702765,0.8442000000000001,0.67192,0.86041,0.63856,0.86193,0.59648,0.85341,0.55686,0.86344,0.53495,0.85722,1
0.0,0.0,0.5,0.5,0.5,0.5,0.5,0.5,0.5,0.5,0.5,0.5,0.5,0.5,0.5,0.5,0.5,0.5,0.5,0.5,0.5,0.5,0.5,0.5,0.5,0.5,1.0,0.5,0.5,0.5,0.5,0.5,0.5,0.5,2
1.0,0.0,0.9420999999999999,0.68362,0.835615,0.83691,0.6980649999999999,0.931995,0.51212,0.96591,0.32426,0.9185650000000001,0.19841999999999999,0.7942100000000001,0.10671000000000003,0.69389,0.08357500000000001,0.49679,0.15341,0.335185,0.23748000000000002,0.23037999999999997,0.36311499999999997,0.15937,0.50403,0.15113,0.63014,0.19661,0.722845,0.28308500000000003,0.771045,0.39229,0.7814300000000001,0.514115,1
0.0,0.0,1.0,0.0,0.0,1.0,0.0,1.0,1.0,1.0,1.0,1.0,0.0,0.0,0.0,0.0,1.0,1.0,1.0,0.0,0.0,0.0,0.0,0.0,1.0,0.5,1.0,0.0,1.0,0.0,0.0,1.0,0.0,1.0,2
1.0,0.0,0.3975,0.64375,0.615,0.55,0.64125,0.65875,0.66125,0.675,0.681425,0.326915,0.54625,0.6375,0.4525,0.605,0.45625,0.6174999999999999,0.329065,0.6570400000000001,0.26,0.46,0.64954,0.66588,0.21000000000000002,0.38,0.66095,0.35762499999999997,0.265,0.5925,0.36448,0.34386,0.702225,0.51525,2
1.0,0.0,1.0,0.548855,1.0,0.560985,1.0,0.61287,0.99301,0.546185,0.97465,0.596055,0.96496,0.62144,0.946205,0.641715,0.927645,0.633605,0.91828,0.665645,0.916965,0.65849,0.874145,0.697985,0.880965,0.6732899999999999,0.84226,0.71373,0.81382,0.730155,0.783955,0.7351650000000001,0.7712600000000001,0.754515,1
1.0,0.0,1.0,0.0,0.5,0.5,0.889705,0.003674999999999984,0.9044099999999999,0.7757350000000001,0.29044000000000003,0.025735000000000008,0.5,0.5,0.5,0.5,0.860295,0.11397000000000002,0.867645,0.19852999999999998,0.5,0.5,0.59191,0.0,0.0,0.0,0.0,0.0,1.0,0.0,1.0,0.0,0.5,0.5,2
1.0,0.0,0.856265,0.487025,0.706435,0.38466500000000003,0.990095,0.452635,0.998545,0.44882,1.0,0.445245,0.794825,1.0,0.9186300000000001,0.0,0.91135,0.41068499999999997,0.9037999999999999,0.358715,0.37043000000000004,0.96365,0.759665,0.52728,0.827465,0.39804,0.9656199999999999,0.293465,0.819055,0.390495,0.93068,0.06323000000000001,0.38407,0.0,2
1.0,0.0,1.0,0.49329,1.0,0.50783,1.0,0.49888,1.0,0.53132,0.988815,0.52237,0.979865,0.51454,1.0,0.53244,0.994405,0.51678,1.0,0.517895,0.99888,0.54698,0.978745,0.536915,1.0,0.550335,0.999945,0.543815,0.995525,0.542505,1.0,0.550335,1.0,0.550335,1
1.0,0.0,1.0,0.75,1.0,0.625,0.625,1.0,0.584255,0.9559,0.43332,0.90227,0.329465,0.803965,0.28090000000000004,0.68928,0.28168499999999996,0.583545,0.31662,0.50339,0.367615,0.45487500000000003,0.41911,0.43518,0.46109,0.43628,0.489555,0.44879,0.505165,0.46482,0.51112,0.47929,0.511245,0.489915,1
1.0,0.0,1.0,0.6208400000000001,1.0,0.74295,1.0,0.864865,1.0,1.0,1.0,1.0,1.0,1.0,1.0,0.88564,1.0,1.0,1.0,1.0,0.87234,1.0,0.9482349999999999,1.0,0.82314,1.0,0.691275,1.0,0.554095,1.0,0.41315,1.0,0.09308499999999997,1.0,1
1.0,0.0,1.0,0.517645,1.0,0.591405,1.0,0.63484,1.0,0.62534,1.0,0.64389,1.0,0.693215,1.0,0.65837,1.0,0.828505,1.0,0.7692300000000001,1.0,0.806335,1.0,0.797285,0.947965,0.84163,0.9475100000000001,0.85687,0.9280550000000001,0.835745,0.871945,0.9280550000000001,0.8574649999999999,0.879185,1
1.0,0.0,0.8543499999999999,0.376085,0.82174,0.52174,0.726085,0.6913050000000001,0.826085,0.591305,0.75,0.6347849999999999,0.78913,0.384785,0.752175,0.68913,0.69348,0.28695499999999996,0.680435,0.36956500000000003,0.6347849999999999,0.5586949999999999,0.76623,0.480775,0.65652,0.43913,0.74965,0.47868,0.7417400000000001,0.47776,0.82174,0.373915,0.752175,0.573915,1
1.0,0.0,0.92067,0.40819,0.71822,0.514595,0.967105,0.498665,0.939735,0.568975,0.905605,0.491055,0.942795,0.7749550000000001,0.9585699999999999,0.21256999999999998,0.875,0.3524,0.93338,0.39948,1.0,1.0,0.73305,0.41855,0.95033,0.48611,0.96679,0.49421,0.80791,0.33851,0.922315,0.37146999999999997,0.966615,0.492875,1
1.0,0.0,0.940895,0.717455,0.797865,0.8882749999999999,0.59836,0.972685,0.379485,0.96272,0.18736999999999998,0.856285,0.06778499999999998,0.66826,0.03808,0.47331,0.11321999999999999,0.27646499999999996,0.26525,0.133575,0.448815,0.08891500000000002,0.63192,0.11215000000000003,0.77992,0.22044999999999998,0.860735,0.37783500000000003,0.86239,0.547995,0.7906850000000001,0.6945749999999999,0.673745,0.78828,1
1.0,0.0,0.952735,0.705565,0.82677,0.8738049999999999,0.649605,0.979525,0.43329,0.9891,0.23881999999999998,0.916315,0.101715,0.7754300000000001,0.016845,0.57596,0.034995,0.37223,0.140685,0.20310499999999998,0.29227000000000003,0.07397500000000001,0.48875,0.031059999999999977,0.68159,0.07316,0.83769,0.190205,0.9298850000000001,0.359385,0.94327,0.549,0.877475,0.731505,1
1.0,0.0,0.550675,0.554055,0.5,0.5,0.5,0.5,0.77365,0.9121600000000001,0.655405,1.0,0.5,0.5,0.5,0.5,0.68581,0.0,0.66554,0.0,0.5,0.5,0.5,0.5,0.28715999999999997,0.0,1.0,0.0,0.7770250000000001,0.381755,0.5,0.5,0.5,0.5,2
1.0,0.0,1.0,0.54901,1.0,0.625505,0.99195,0.66522,0.901825,0.7651,0.874885,0.801485,0.7846850000000001,0.85971,0.776555,0.870395,0.64726,0.910965,0.605685,0.8988849999999999,0.548545,0.91081,0.49133,0.89935,0.42428,0.87798,0.385805,0.845935,0.341435,0.80474,0.298545,0.77261,0.285925,0.72267,1
1.0,0.0,0.947945,0.69643,0.8306450000000001,0.85902,0.647605,0.9541200000000001,0.476065,0.972075,0.27137500000000003,0.923025,0.11170000000000002,0.792555,0.03590500000000002,0.625665,0.03859000000000001,0.423425,0.11968000000000001,0.25798,0.24534499999999998,0.11901499999999998,0.425525,0.05704500000000001,0.607905,0.07148500000000002,0.7661450000000001,0.15703499999999998,0.8742300000000001,0.29672,0.91571,0.464855,0.8843099999999999,0.63963,1
1.0,0.0,0.9817750000000001,0.46401,1.0,0.428335,1.0,0.393435,1.0,0.31913,0.96285,0.282155,0.97255,0.29666000000000003,0.9519599999999999,0.26809499999999997,0.991525,0.323715,0.922685,0.1699,0.87673,0.19705499999999998,0.848185,0.178875,0.92553,0.1728,0.787885,0.15144000000000002,0.627175,0.18040499999999998,0.72557,0.13610499999999998,0.694475,0.13290000000000002,1
1.0,0.0,0.75,0.5,0.69348,0.552175,0.74565,0.53261,0.734785,0.480435,0.67826,0.436955,0.72826,0.523915,0.752175,0.513045,0.67826,0.597825,0.71087,0.573915,0.71087,0.486955,0.6608700000000001,0.44348,0.736955,0.49565,0.7089449999999999,0.53454,0.69348,0.519565,0.676085,0.573915,0.723915,0.586955,1
1.0,0.0,0.922785,0.4571,0.341275,0.09723500000000002,0.455195,0.217825,0.90324,0.52288,0.94757,0.496185,0.40753,0.8198300000000001,0.399905,0.159675,0.928505,0.44328,0.889895,0.421355,0.465205,0.75405,0.32936,0.90467,0.89466,0.48141,0.85441,0.37356,0.88942,0.42945500000000003,0.39322999999999997,0.10915000000000002,0.40753,0.20066499999999998,2
0.0,0.0,0.0,1.0,0.5,0.5,0.5,0.5,0.0,1.0,1.0,1.0,0.5,0.5,0.5,0.5,1.0,0.0,0.0,1.0,1.0,1.0,0.5,0.5,0.0,0.0,1.0,0.0,1.0,1.0,0.0,1.0,0.5,0.5,2
1.0,0.0,0.88148,0.46111,1.0,0.35185,1.0,0.071295,0.9,0.530555,0.72778,0.28611,1.0,0.437095,1.0,0.082405,0.7462949999999999,0.50926,0.91111,0.47037,0.9910749999999999,0.40031,1.0,0.610185,0.84815,0.367595,0.9607399999999999,0.377255,0.8944449999999999,0.510185,0.93746,0.364475,1.0,0.21481499999999998,1
1.0,0.0,0.625,0.583335,0.733335,0.633335,0.59518,0.61983,0.53883,0.599695,0.50535,0.57461,0.488165,0.55094,0.481575,0.531585,0.48117,0.51729,0.48385,0.50766,0.48763,0.501785,0.49137,0.498635,0.494515,0.497305,0.496895,0.49707,0.49853,0.4974,0.499555,0.49796,0.500125,0.498545,1
1.0,0.0,0.93142,0.59655,0.9046000000000001,0.7057450000000001,0.836015,0.778925,0.772795,0.84981,0.6835249999999999,0.9076649999999999,0.598085,0.928355,0.479695,0.93142,0.413795,0.878925,0.3295,0.828735,0.25900500000000004,0.7804599999999999,0.19885000000000003,0.7049799999999999,0.20383,0.628735,0.18480999999999997,0.54409,0.213795,0.46092,0.22566999999999998,0.400385,0.28544,0.34023000000000003,1
1.0,0.0,0.9716549999999999,0.599795,0.98066,0.7040150000000001,0.90257,0.782845,0.783435,0.85415,0.70918,0.91615,0.574695,0.947445,0.525835,0.96841,0.37629,0.9196949999999999,0.285945,0.8777699999999999,0.248745,0.8128150000000001,0.172425,0.75214,0.15574500000000002,0.65456,0.11451499999999998,0.578095,0.12297000000000002,0.478005,0.12400499999999998,0.410395,0.16534,0.32816500000000004,1
1.0,0.0,0.99091,0.5,0.9431350000000001,0.515655,0.931245,0.52286,0.9,0.5,0.8454550000000001,0.522725,0.8967149999999999,0.54218,0.88559,0.547895,0.813635,0.627275,0.84091,0.563635,0.85337,0.56304,0.84302,0.567465,0.872725,0.613635,0.822905,0.57544,0.836365,0.513635,0.8035749999999999,0.582325,0.7942,0.585385,1
1.0,0.0,0.8333349999999999,0.49317,0.98702,0.534155,0.74795,0.750685,0.878415,0.498635,0.82582,0.429645,0.70082,0.255465,0.69604,0.793715,0.88388,0.6591549999999999,0.89276,0.556695,0.737705,0.275275,1.0,0.503415,0.80328,0.534835,0.84328,0.58544,0.93784,0.5389349999999999,0.77664,0.62295,0.56967,0.740435,1
1.0,0.0,0.7947,0.195365,0.9271499999999999,0.77649,0.9056299999999999,0.536425,0.783115,0.581125,0.663905,0.62086,0.751655,0.56126,0.819535,0.59934,0.85927,0.713575,0.771525,0.569535,0.82616,0.6390750000000001,0.8443700000000001,0.536425,0.75936,0.633265,0.745065,0.638435,0.73108,0.64287,0.71742,0.64662,0.704105,0.64971,1
1.0,0.0,0.5,0.5,0.0,0.18617,1.0,0.75532,0.539895,0.38298,0.0,0.31915,0.56383,0.204785,1.0,0.0,0.5,0.5,0.914895,0.460105,0.375,1.0,0.585105,0.146275,0.5,0.5,0.40425500000000003,0.265955,0.3883,0.25532,0.87234,0.9521299999999999,0.16223500000000002,0.7287250000000001,2
1.0,0.0,0.976085,0.532975,0.96807,0.56515,0.9549799999999999,0.59576,0.9244049999999999,0.25019,0.950115,0.8066,0.8896850000000001,0.67164,0.86127,0.68994,0.8307249999999999,0.7042200000000001,0.97736,0.79931,0.76629,0.72044,0.733865,0.7225550000000001,0.7021999999999999,0.720995,0.67187,0.716105,0.95165,1.0,0.617025,0.6980999999999999,0.59316,0.685955,1
1.0,0.0,0.5,0.5,0.994595,0.38648499999999997,0.594595,0.472975,0.5,0.5,0.966215,0.536485,1.0,0.4,1.0,0.535135,1.0,0.443245,0.5,0.5,1.0,0.39459500000000003,1.0,0.29189,0.5,0.5,1.0,0.41215999999999997,0.5,0.5,1.0,0.37027,0.644595,0.42162,2
1.0,0.0,1.0,0.534215,1.0,0.571055,1.0,0.61054,1.0,0.4375,1.0,0.6974750000000001,1.0,0.744905,1.0,0.79493,0.3125,1.0,1.0,0.5,1.0,0.960005,1.0,1.0,1.0,1.0,1.0,1.0,1.0,0.625,1.0,1.0,1.0,1.0,1
1.0,0.0,0.6666650000000001,0.375,0.72222,0.61111,0.694445,0.583335,0.7083349999999999,0.569445,0.75,0.444445,0.774555,0.457785,0.7916650000000001,0.6666650000000001,0.77778,0.51389,0.625,0.40278,0.73611,0.47222,0.76389,0.48611,0.694445,0.541665,0.707715,0.42872,0.59722,0.430555,0.68462,0.425955,0.541665,0.25,1
1.0,0.0,1.0,0.512305,0.99836,0.524305,0.987725,0.5357149999999999,0.808725,0.0,0.9551799999999999,0.555735,0.94231,0.7682,0.910385,0.570685,0.884645,0.575945,1.0,0.705015,0.82925,0.581855,0.80069,0.58258,0.77223,0.58195,0.744335,0.580095,0.717405,0.57718,0.69176,0.573385,1.0,1.0,2
1.0,0.0,0.67347,0.60204,0.734695,0.62245,0.70408,0.60204,0.734695,0.72449,0.65306,0.79592,0.561225,0.7755099999999999,0.5,0.7551,0.46939,0.7755099999999999,0.39796,0.7755099999999999,0.357145,0.72449,0.357145,0.663265,0.19388,0.612245,0.26710500000000004,0.574475,0.20407999999999998,0.591835,0.32653,0.5,0.36734500000000003,0.37755,1
1.0,0.0,0.692605,0.57782,0.706225,0.536965,0.632295,0.620625,0.61673,0.56615,0.597275,0.62646,0.62257,0.684825,0.544745,0.614785,0.480545,0.684825,0.52529,0.624515,0.624515,0.54864,0.53891,0.649805,0.48753,0.64241,0.46988,0.6312800000000001,0.42607,0.57393,0.453305,0.65564,0.40467,0.6439699999999999,2
1.0,0.0,0.0,0.0,0.24653000000000003,1.0,1.0,0.0,1.0,0.769095,0.5,0.5,0.61979,0.0,1.0,1.0,0.5,0.5,1.0,1.0,1.0,1.0,0.5,0.5,0.14236,1.0,0.6666650000000001,0.0,1.0,0.0,0.8489599999999999,0.0,0.737845,1.0,2
1.0,0.0,0.93516,0.7348600000000001,0.769725,0.910805,0.5519000000000001,0.976375,0.30983499999999997,0.9395800000000001,0.130305,0.79113,0.03950500000000001,0.583655,0.08791500000000002,0.37529,0.20308500000000002,0.18329,0.37994,0.08559499999999998,0.594115,0.10650500000000002,0.7577849999999999,0.21284999999999998,0.8463700000000001,0.375785,0.845485,0.55242,0.76399,0.6988099999999999,0.62987,0.7828649999999999,0.46630499999999997,0.78776,1
0.0,0.0,1.0,1.0,0.5,0.5,0.5,0.5,0.0,0.0,0.5,0.5,0.5,0.5,0.0,0.0,0.0,0.0,0.0,1.0,0.0,1.0,0.5,0.5,0.5,0.5,1.0,0.0,0.0,1.0,0.0,1.0,0.0,1.0,2
1.0,0.0,0.5,0.5,0.5,0.5,0.5,0.5,0.0,1.0,0.5,0.5,1.0,0.686665,0.44,0.44,0.5,0.5,0.0,0.0,0.5,0.5,1.0,0.0,0.5,0.5,1.0,0.613335,0.5,0.5,0.5,0.5,0.5,0.5,2
1.0,0.0,0.905715,0.51857,0.9257150000000001,0.499285,0.895,0.50357,0.8978550000000001,0.47857,0.937855,0.5,0.927855,0.46643,0.932145,0.50143,0.914285,0.472855,0.905,0.440715,0.884285,0.457855,0.92143,0.475,0.885,0.465715,0.9079900000000001,0.456655,0.912855,0.447855,0.907145,0.475,0.9107149999999999,0.424285,1
1.0,0.0,0.917135,0.695605,0.7702,0.892895,0.56163,0.94701,0.333895,0.91789,0.14956999999999998,0.79782,0.06689,0.609545,0.07779000000000003,0.37918,0.20143,0.19052999999999998,0.40323,0.06106499999999998,0.562195,0.054680000000000006,0.755545,0.13773000000000002,0.895715,0.36133000000000004,0.9150400000000001,0.54359,0.8329599999999999,0.745395,0.68771,0.850055,0.480085,0.89722,1
1.0,0.0,1.0,0.757575,0.727275,0.6666650000000001,0.530305,0.68182,0.33948,0.86531,0.272725,0.742425,0.21211999999999998,0.5,0.21211999999999998,0.439395,0.333335,0.257575,0.454545,0.07576,0.742425,0.21211999999999998,0.78788,0.28788,1.0,0.30303,0.864805,0.561655,0.98485,0.78788,0.62121,0.68182,0.545455,0.6666650000000001,1
1.0,0.0,0.9612350000000001,0.40276,0.9820949999999999,0.41163,0.93512,0.38699,0.9085099999999999,0.36465000000000003,0.896355,0.35545499999999997,0.85151,0.251805,0.81669,0.25016499999999997,0.6862699999999999,0.146355,0.63535,0.139455,0.70253,0.22914,0.667545,0.20154499999999997,0.57375,0.18199500000000002,0.54656,0.20205499999999998,0.46419,0.22536,0.4908,0.22963,0.462715,0.26051,1
1.0,0.0,1.0,0.420505,0.86157,0.63843,0.917215,0.20806000000000002,1.0,0.358965,1.0,0.250685,0.89981,0.437365,0.884185,0.57319,1.0,0.696685,1.0,0.63295,0.98177,0.490545,0.962995,0.043310000000000015,1.0,0.5740149999999999,1.0,0.44209,1.0,0.444355,1.0,0.76686,1.0,0.21121,1
1.0,0.0,0.934445,0.464445,1.0,0.48753,1.0,0.465555,0.93889,0.50111,0.91778,0.46778,1.0,0.463565,1.0,0.4,0.934445,0.526665,0.94,0.48111,1.0,0.44237,1.0,0.406665,0.92222,0.51778,1.0,0.42919,0.91111,0.426665,1.0,0.42195499999999997,1.0,0.27888999999999997,1
1.0,0.0,0.5,0.5,0.5,0.5,0.5,0.5,0.5,0.5,0.810975,1.0,0.5,0.5,0.5,0.5,0.682925,0.140245,0.78049,0.0,0.5,0.5,0.5,0.5,0.5,0.5,1.0,0.55488,0.5,0.5,0.5,0.5,0.5,0.5,2
1.0,0.0,1.0,1.0,0.6835,0.53079,0.5649649999999999,0.963565,0.36207,0.9679800000000001,0.34236500000000003,0.6884250000000001,0.06403999999999999,0.6847300000000001,0.035715,0.455665,0.30542,0.32882,0.26724000000000003,0.08744000000000002,0.472905,0.03201999999999999,0.62808,0.397785,0.86896,0.27025,0.9273549999999999,0.465845,1.0,1.0,0.69335,0.50123,0.58879,0.89895,1
1.0,0.0,0.8722449999999999,0.48805,0.8538600000000001,0.516545,0.8612150000000001,0.58456,0.8961399999999999,0.538605,0.90717,0.71967,0.818935,0.502755,0.8538600000000001,0.608455,1.0,0.53033,0.805145,0.525735,0.837315,0.52114,0.7601100000000001,0.375,0.8648899999999999,0.42095499999999997,0.808635,0.53562,0.6544099999999999,0.5432,0.7795799999999999,0.53729,0.80147,0.608455,1
1.0,0.0,1.0,0.505525,1.0,0.505525,1.0,0.5116,0.99724,0.49282,0.99724,0.498895,0.991715,0.5116,1.0,0.50442,0.987845,0.503865,0.9895050000000001,0.508285,0.990055,0.503315,0.99061,0.510495,0.985635,0.496685,0.990165,0.508,0.9895050000000001,0.507735,0.99282,0.510495,0.99337,0.51381,1
0.0,0.0,1.0,1.0,0.5,0.5,1.0,0.0,1.0,0.0,1.0,1.0,1.0,1.0,1.0,0.0,1.0,1.0,1.0,1.0,1.0,0.0,0.0,0.0,1.0,0.0,1.0,0.0,1.0,1.0,0.5,0.5,1.0,0.0,2
1.0,0.0,0.980355,0.53544,1.0,0.5214799999999999,1.0,0.546565,0.9508449999999999,0.47428,0.946315,0.5129,0.91625,0.46929,0.93767,0.549155,0.88272,0.5014,0.87603,0.473525,0.829805,0.460475,0.82079,0.470355,0.778385,0.461475,0.7902549999999999,0.488975,0.74832,0.493745,0.7565500000000001,0.499925,0.7604949999999999,0.49909,1
1.0,0.0,1.0,0.508545,0.9810749999999999,0.48429,1.0,0.48282,1.0,0.474645,0.9951300000000001,0.46454,0.995865,0.45499,1.0,0.421365,1.0,0.428715,0.9915499999999999,0.440935,1.0,0.407405,1.0,0.40364,0.994855,0.389585,0.98245,0.398785,0.972995,0.414385,0.98218,0.387195,0.935055,0.38351999999999997,1
1.0,0.0,0.84722,0.694445,0.5,0.5,0.33531500000000003,0.849205,0.5,0.5,0.5,0.5,0.5,0.5,0.603175,0.37897000000000003,0.60516,0.59722,0.732145,0.890875,0.5,0.5,0.5,0.5,0.867065,0.636905,0.88095,0.8174600000000001,0.5,0.5,0.5,0.5,0.5,0.5,2
0.0,0.0,0.0,1.0,1.0,1.0,0.5,0.5,1.0,0.0,1.0,0.0,1.0,0.0,0.0,0.0,0.5,0.5,0.0,0.0,0.5,0.5,0.5,0.5,0.0,0.0,1.0,0.0,1.0,1.0,0.0,0.0,0.5,0.5,2
1.0,0.0,0.69697,0.37879,0.813275,0.50635,0.727275,0.545455,0.81818,0.545455,0.60606,0.39394,0.78788,0.57576,0.69697,0.5,0.78078,0.522805,0.757575,0.51515,0.89394,0.59091,0.6515150000000001,0.42424,0.74263,0.529645,0.73181,0.53071,0.6666650000000001,0.48485,0.70928,0.53205,0.69697,0.62121,1
