1.0,0.0,0.8735200000000001,0.433795,0.768775,0.58498,0.8636349999999999,0.54743,0.847825,0.444665,0.83399,0.38241,0.9397249999999999,0.40415,0.868575,0.52075,0.815215,0.498025,0.81818,0.44071,0.896245,0.37351999999999996,0.832015,0.35672000000000004,0.83597,0.44763,0.8092349999999999,0.439795,0.800395,0.395255,0.687745,0.534585,0.805335,0.493085,1
1.0,0.0,0.934445,0.464445,1.0,0.48753,1.0,0.465555,0.93889,0.50111,0.91778,0.46778,1.0,0.463565,1.0,0.4,0.934445,0.526665,0.94,0.48111,1.0,0.44237,1.0,0.406665,0.92222,0.51778,1.0,0.42919,0.91111,0.426665,1.0,0.42195499999999997,1.0,0.27888999999999997,1
1.0,0.0,1.0,0.540065,0.983875,0.49759,0.9834149999999999,0.49639,0.9399,0.480385,1.0,0.507095,0.9809300000000001,0.49282,0.979735,0.491645,0.9924850000000001,0.50501,0.9557599999999999,0.45576,0.97508,0.48818,0.9731799999999999,0.487045,0.99082,0.510015,0.96886,0.48483,1.0,0.470785,0.96387,0.48268,0.96113,0.481635,1
1.0,0.0,0.86905,0.9166650000000001,0.11904999999999999,0.38095,0.6666650000000001,0.42857,0.72619,0.42857,0.16357500000000003,0.56404,0.6666650000000001,0.5,0.642855,0.464285,0.30893000000000004,0.755815,0.61905,0.511905,0.72619,0.52381,0.583335,0.36905,0.213725,0.44883,0.624445,0.24460500000000002,1.0,0.5,0.166665,0.47619,0.63095,0.511905,2
1.0,0.0,0.607145,0.45238,0.6666650000000001,0.5357149999999999,0.59524,0.59524,0.61905,0.54762,0.70238,0.511905,0.65476,0.47619,0.65476,0.47619,0.642855,0.440475,0.6666650000000001,0.52381,0.65476,0.5,0.607145,0.440475,0.67857,0.47619,0.610545,0.48855,0.59524,0.5,0.584985,0.48983,0.57347,0.490615,1
1.0,0.0,1.0,0.580975,1.0,0.47221,1.0,0.506865,1.0,0.43824,1.0,0.492445,1.0,0.491345,1.0,0.46813,1.0,0.464215,1.0,0.5295,1.0,0.44945999999999997,1.0,0.486575,1.0,0.38511,1.0,0.465885,1.0,0.541495,1.0,0.42903,1.0,0.462805,1
1.0,0.0,1.0,0.57143,1.0,0.857145,1.0,0.857145,1.0,0.42857,0.92857,0.42857,1.0,0.51267,1.0,0.5,0.7142850000000001,0.42857,1.0,0.518085,1.0,0.357145,1.0,0.5,0.642855,0.357145,1.0,0.524455,1.0,0.52591,1.0,0.7857149999999999,1.0,0.5,1
1.0,0.0,0.71,0.195,0.5,0.5,1.0,0.0,0.95,1.0,0.715,0.8200000000000001,0.5,0.5,0.5,0.5,0.835,0.355,0.9199999999999999,0.0,0.5,0.5,0.5,0.5,0.605,0.8400000000000001,1.0,0.61,0.5,0.5,0.5,0.5,0.5,0.5,2
1.0,0.0,1.0,1.0,0.5,0.5,1.0,0.0,0.0,0.0,1.0,1.0,1.0,0.0,0.5,0.5,1.0,0.0,1.0,1.0,0.5,0.5,1.0,0.0,0.0,0.0,1.0,1.0,0.0,1.0,0.0,1.0,0.5,0.5,2
1.0,0.0,0.366665,0.7,0.363485,0.560795,0.41111,0.47778,0.53096,0.465605,0.522305,0.512875,0.495575,0.51363,0.49207,0.49917,0.499535,0.495585,0.50235,0.499235,0.50069,0.50119,0.49943,0.50051,0.499655,0.49975,0.500095,0.499785,0.50013,0.500025,0.5,0.500075,0.49996,0.50001,2
1.0,0.0,0.925065,0.509045,0.961055,0.50728,0.9602299999999999,0.5109,0.9638249999999999,0.54005,0.9379850000000001,0.55685,0.955805,0.5216,0.9536899999999999,0.5250900000000001,0.936695,0.5142100000000001,0.97933,0.5,0.945485,0.535235,0.94215,0.538485,0.918605,0.554265,0.934615,0.54475,0.9379850000000001,0.54393,0.92599,0.55067,0.9212899999999999,0.55349,1
1.0,0.0,0.8543499999999999,0.376085,0.82174,0.52174,0.726085,0.6913050000000001,0.826085,0.591305,0.75,0.6347849999999999,0.78913,0.384785,0.752175,0.68913,0.69348,0.28695499999999996,0.680435,0.36956500000000003,0.6347849999999999,0.5586949999999999,0.76623,0.480775,0.65652,0.43913,0.74965,0.47868,0.7417400000000001,0.47776,0.82174,0.373915,0.752175,0.573915,1
1.0,0.0,1.0,0.6208400000000001,1.0,0.74295,1.0,0.864865,1.0,1.0,1.0,1.0,1.0,1.0,1.0,0.88564,1.0,1.0,1.0,1.0,0.87234,1.0,0.9482349999999999,1.0,0.82314,1.0,0.691275,1.0,0.554095,1.0,0.41315,1.0,0.09308499999999997,1.0,1
1.0,0.0,0.49068,0.45770500000000003,0.5,0.5,0.5,0.5,0.55735,0.36595,0.271685,0.30913999999999997,0.5,0.5,0.33172,0.69301,0.31433500000000003,0.57509,0.81864,0.610575,0.5,0.5,0.5,0.5,0.425985,0.49337,0.603225,0.48853,0.5,0.5,0.582975,0.62043,0.45896,0.690325,2
1.0,0.0,0.94853,0.691175,0.9558800000000001,0.6875,0.871325,0.8382350000000001,0.72794,0.889705,0.59559,0.944855,0.48897,0.930145,0.39705999999999997,0.9117649999999999,0.3125,0.8382350000000001,0.25,0.73897,0.132355,0.691175,0.069855,0.54412,0.12867499999999998,0.4375,0.160375,0.379345,0.224265,0.286765,0.27941,0.24632500000000002,0.35662,0.21691,1
1.0,0.0,0.867615,0.308535,0.900755,0.55139,0.89413,0.57633,0.7779,0.52626,1.0,0.606125,0.859735,0.6447700000000001,0.84399,0.664625,0.74836,0.586435,0.821665,0.485775,0.786995,0.7126399999999999,0.7656000000000001,0.72436,0.97265,0.7877449999999999,0.72087,0.741,0.562365,1.0,0.67535,0.748605,0.65294,0.749155,1
1.0,0.0,0.9558800000000001,0.45588,0.985295,0.588235,0.9117649999999999,0.54412,0.9558800000000001,0.485295,0.985295,0.411765,0.985295,0.57353,0.9705900000000001,0.514705,1.0,0.5,1.0,0.5,0.882355,0.558825,0.941175,0.514705,0.92647,0.514705,0.9633149999999999,0.513,0.9705900000000001,0.441175,0.985295,0.52941,0.9558800000000001,0.52941,1
1.0,0.0,0.7135400000000001,0.25,0.5,0.5,0.5,0.5,0.73229,0.7552099999999999,0.79479,0.510415,0.5,0.5,0.5,0.5,0.58229,0.272915,0.7958350000000001,0.408335,0.5,0.5,0.5,0.5,0.99375,0.29583499999999996,0.0,0.0,0.36041500000000004,0.12187500000000001,0.5,0.5,0.5,0.5,2
1.0,0.0,1.0,0.5332749999999999,1.0,0.40806,1.0,0.3634,1.0,0.28446499999999997,1.0,0.293255,0.98116,0.24063,0.9535549999999999,0.204915,0.94615,0.16763,0.84938,0.145015,0.853225,0.1184,0.8154049999999999,0.09727999999999998,0.779335,0.05436000000000002,0.736055,0.0675,0.701515,0.081625,0.65498,0.054535,0.614975,0.05420999999999998,1
0.0,0.0,1.0,0.0,1.0,1.0,1.0,1.0,1.0,1.0,1.0,1.0,1.0,0.0,1.0,0.0,1.0,1.0,1.0,0.0,1.0,1.0,1.0,1.0,1.0,0.0,1.0,1.0,1.0,0.0,1.0,1.0,1.0,0.0,2
1.0,0.0,0.829545,0.18560500000000002,0.5,0.5,0.5,0.5,0.8863650000000001,1.0,1.0,0.35985,0.5,0.5,0.5,0.5,0.810605,0.386365,0.920455,0.0,1.0,0.0,0.5,0.5,0.5,0.5,1.0,0.030305000000000026,0.435605,0.03409000000000001,0.5,0.5,0.5,0.5,2
1.0,0.0,0.973265,0.6435649999999999,0.86277,0.83624,0.73782,0.912275,0.506335,0.9455450000000001,0.375645,0.922375,0.26178,0.780395,0.12059500000000001,0.708715,0.167725,0.53604,0.17287000000000002,0.402375,0.23762499999999998,0.28,0.34574499999999997,0.224555,0.479405,0.17603999999999997,0.580425,0.21789999999999998,0.68376,0.290495,0.730295,0.38732500000000003,0.75188,0.4701,1
1.0,0.0,1.0,0.03773500000000002,1.0,0.8773599999999999,0.745285,0.4717,0.81132,0.5,1.0,0.49973,0.726415,0.537735,0.81132,0.4717,0.99439,0.499575,0.76415,0.5,0.76415,0.537735,0.97595,0.49944,1.0,0.896225,0.96096,0.49936,0.9717,0.0,1.0,0.71698,0.71698,0.443395,1
1.0,0.0,0.972655,0.48242,0.0,0.333985,0.0,0.492185,0.9863299999999999,0.50586,0.9667950000000001,0.490235,0.0,0.58203,0.0,0.498045,0.976565,0.48242,0.96094,0.48633,0.003904999999999992,0.558595,0.033204999999999985,0.67383,0.978515,0.498045,0.9102049999999999,0.56879,0.9511700000000001,0.466795,0.0,0.40625,0.0,0.328125,2
1.0,0.0,0.86207,0.49458,0.89852,0.50542,0.9,0.500985,0.8950750000000001,0.50542,0.89212,0.495075,0.91675,0.516255,0.9256150000000001,0.508375,0.900495,0.49606,0.8955649999999999,0.48522,0.879805,0.51675,0.8738900000000001,0.527585,0.863055,0.49261,0.890205,0.50306,0.870445,0.474875,0.9147799999999999,0.51478,0.8950750000000001,0.50394,1
1.0,0.0,0.980435,0.5431,0.9838,0.596395,0.98013,0.637255,0.99022,0.67526,0.9643349999999999,0.731405,0.931325,0.7625850000000001,0.9141,0.7939700000000001,0.8662099999999999,0.845325,0.8450150000000001,0.8657,0.772365,0.8441000000000001,0.741695,0.880985,0.703075,0.873445,0.667005,0.91898,0.6247199999999999,0.9303049999999999,0.56878,0.934175,0.54524,0.931425,1
1.0,0.0,1.0,0.77451,0.813725,1.0,0.509805,1.0,0.2549,0.960785,0.08823500000000001,0.7941199999999999,0.0,0.558825,0.019610000000000016,0.333335,0.17647000000000002,0.15686499999999998,0.382355,0.06862499999999999,0.67647,0.0,0.8725499999999999,0.13725500000000002,0.960785,0.39215500000000003,0.96437,0.60938,0.862745,0.784315,0.617645,0.9509799999999999,0.441175,0.9509799999999999,1
1.0,0.0,1.0,0.512305,0.99836,0.524305,0.987725,0.5357149999999999,0.808725,0.0,0.9551799999999999,0.555735,0.94231,0.7682,0.910385,0.570685,0.884645,0.575945,1.0,0.705015,0.82925,0.581855,0.80069,0.58258,0.77223,0.58195,0.744335,0.580095,0.717405,0.57718,0.69176,0.573385,1.0,1.0,2
1.0,0.0,0.22910000000000003,0.574305,0.33127,0.8668750000000001,0.76006,0.43034,0.6594450000000001,0.465945,0.603715,0.42415,0.7368399999999999,0.54489,0.7817350000000001,0.4226,0.582045,0.726005,0.66873,0.51703,0.75232,0.535605,0.18111500000000003,0.19195,1.0,0.828175,0.70674,0.29942,0.42415,0.5557300000000001,0.511995,0.7791,0.7631600000000001,0.45511,2
1.0,0.0,0.509875,0.503525,0.52045,0.49577,0.51058,0.50564,0.50564,0.52186,0.50141,0.500705,0.509875,0.484485,0.490125,0.530325,0.47955,0.5134,0.48801,0.497885,0.52186,0.487305,0.50917,0.5,0.5,0.493655,0.50917,0.49436,0.50282,0.492245,0.491535,0.48801,0.503525,0.5,2
1.0,0.0,0.9873350000000001,0.56541,0.9706,0.60018,0.9439150000000001,0.66124,0.945045,0.663555,0.9277500000000001,0.726085,0.86149,0.76142,0.84973,0.7941,0.79274,0.834465,0.744345,0.85199,0.721225,0.840795,0.676445,0.87811,0.6341600000000001,0.88105,0.5840650000000001,0.8927050000000001,0.537485,0.9021950000000001,0.48519,0.88851,0.448555,0.87121,1
1.0,0.0,0.695895,0.468285,0.98732,0.52164,1.0,1.0,0.679105,0.576495,0.77239,0.5653,0.8078350000000001,0.08955000000000002,0.78918,0.83955,0.833955,0.44776,0.73321,0.44216500000000003,0.82787,0.57396,0.916045,0.72761,0.735075,0.58209,0.746545,0.57315,0.662315,0.48694,0.69559,0.567605,0.6720550000000001,0.563775,2
1.0,0.0,0.633335,0.45,0.7666649999999999,0.5,0.6666650000000001,0.433335,0.683335,0.558335,0.783335,0.508335,0.8583350000000001,0.541665,0.85,0.466665,0.7666649999999999,0.6,0.7083349999999999,0.491665,0.658335,0.6,0.85,0.5,0.625,0.566665,0.73107,0.527195,0.7,0.516665,0.733335,0.516665,0.7083349999999999,0.475,1
1.0,0.0,0.9352400000000001,0.6901349999999999,0.820495,0.84606,0.6567350000000001,0.933125,0.480335,0.9537,0.28913500000000003,0.89673,0.14719500000000002,0.7578,0.09475499999999998,0.613675,0.09432000000000001,0.437305,0.16263,0.30949,0.30833,0.185695,0.434935,0.14619,0.57776,0.16789500000000002,0.69272,0.24216,0.762865,0.350515,0.781195,0.47031,0.7573,0.583225,1
1.0,0.0,0.809285,0.55425,0.85347,0.465325,0.85179,0.50839,0.871365,0.50112,0.855145,0.57886,0.8579399999999999,0.49888,0.8987700000000001,0.533,0.918345,0.417225,0.8433999999999999,0.4547,0.81264,0.49329,0.80481,0.558725,0.856265,0.45246,0.849225,0.491635,0.8165549999999999,0.52405,0.8942950000000001,0.474275,0.826065,0.47651,1
1.0,0.0,0.99091,0.5,0.9431350000000001,0.515655,0.931245,0.52286,0.9,0.5,0.8454550000000001,0.522725,0.8967149999999999,0.54218,0.88559,0.547895,0.813635,0.627275,0.84091,0.563635,0.85337,0.56304,0.84302,0.567465,0.872725,0.613635,0.822905,0.57544,0.836365,0.513635,0.8035749999999999,0.582325,0.7942,0.585385,1
1.0,0.0,0.95187,0.49198,1.0,0.5401050000000001,1.0,0.50802,0.96524,0.502675,0.9679150000000001,0.49198,1.0,0.5,1.0,0.532085,1.0,0.524065,0.95722,0.52139,0.983955,0.510695,0.99465,0.49198,0.981285,0.52674,0.98487,0.52226,0.9385049999999999,0.50535,1.0,0.545455,0.989305,0.532085,1
1.0,0.0,0.54348,0.50343,0.569795,0.479405,0.55263,0.45881,0.56293,0.46911,0.6167050000000001,0.49428,0.561785,0.5389,0.573225,0.432495,0.64531,0.475975,0.594965,0.536615,0.55835,0.5,0.556065,0.498855,0.575515,0.448515,0.542335,0.506865,0.556065,0.46682,0.548055,0.463385,0.55835,0.465675,2
1.0,0.0,1.0,0.42882,1.0,0.41872,1.0,0.38172,1.0,0.46243,1.0,0.37495,1.0,0.369195,1.0,0.390125,1.0,0.30696999999999997,1.0,0.26919000000000004,1.0,0.322405,1.0,0.201695,1.0,0.261785,0.9941,0.25156500000000004,1.0,0.12090000000000001,1.0,0.121195,1.0,0.07781500000000002,1
1.0,0.0,0.75,0.5,0.69348,0.552175,0.74565,0.53261,0.734785,0.480435,0.67826,0.436955,0.72826,0.523915,0.752175,0.513045,0.67826,0.597825,0.71087,0.573915,0.71087,0.486955,0.6608700000000001,0.44348,0.736955,0.49565,0.7089449999999999,0.53454,0.69348,0.519565,0.676085,0.573915,0.723915,0.586955,1
0.0,0.0,0.5,0.5,0.5,0.5,0.5,0.5,0.5,0.5,0.5,0.5,1.0,1.0,1.0,1.0,1.0,0.0,0.5,0.5,1.0,1.0,1.0,0.0,1.0,1.0,1.0,0.5,1.0,1.0,1.0,0.0,0.5,0.5,2
1.0,0.0,0.968345,0.49905,0.803805,0.71602,0.96157,0.29935500000000004,0.965615,0.58414,0.980985,0.545305,0.99838,0.54086,0.95793,0.525485,0.9231400000000001,0.37338,0.936895,0.42759,0.924355,0.630665,0.875405,0.481795,0.9227350000000001,0.487055,0.936465,0.48849,0.99272,0.546925,0.8915850000000001,0.44903,0.9292050000000001,0.426375,1
1.0,0.0,0.923915,0.55299,1.0,0.69565,1.0,0.0,0.8346899999999999,0.54212,1.0,0.63519,1.0,0.80299,1.0,0.677535,1.0,0.51336,0.7921199999999999,0.284875,1.0,0.81748,0.94565,0.632925,0.955165,0.333335,1.0,0.57971,0.6884049999999999,0.490265,1.0,0.61232,1.0,0.687045,2
1.0,0.0,0.835325,0.51264,0.8331299999999999,0.525155,0.7859849999999999,0.593805,0.54388,0.670405,0.8181050000000001,0.560655,0.810495,0.571425,0.893185,0.55488,0.791865,0.590755,0.571975,0.70612,0.76944,0.60663,0.7571,0.613125,0.74419,0.61862,0.730835,0.62309,0.717165,0.62653,0.703315,0.62896,1.0,0.66518,1
1.0,0.0,0.508335,0.321875,0.5,0.5,0.5,0.5,0.5,0.5,0.5,0.5,0.5,0.5,0.56146,0.22499999999999998,0.614065,0.914065,1.0,0.28854,0.5,0.5,0.541665,0.0,0.446875,0.416665,1.0,0.11666500000000002,0.0,0.59427,0.5,0.5,1.0,0.36354,2
1.0,0.0,0.87042,0.52487,0.89537,0.512715,0.892875,0.518965,0.83115,0.54974,0.839005,0.65576,0.87967,0.53674,0.873475,0.54221,0.853405,0.460735,0.818065,0.5,0.850105,0.556775,0.8409150000000001,0.560925,0.83508,0.577225,0.82079,0.56804,0.828535,0.587695,0.7987949999999999,0.573485,0.787275,0.57557,1
1.0,0.0,0.830805,0.0,1.0,1.0,1.0,0.163395,0.9044650000000001,0.29777,1.0,0.0,1.0,0.05312499999999998,1.0,0.866965,0.5879449999999999,0.8549100000000001,1.0,0.89018,1.0,0.9263399999999999,1.0,0.0,1.0,0.926785,1.0,0.457145,0.9799100000000001,0.31875,1.0,0.8263400000000001,1.0,0.67366,2
1.0,0.0,0.5,0.5,0.0,0.18617,1.0,0.75532,0.539895,0.38298,0.0,0.31915,0.56383,0.204785,1.0,0.0,0.5,0.5,0.914895,0.460105,0.375,1.0,0.585105,0.146275,0.5,0.5,0.40425500000000003,0.265955,0.3883,0.25532,0.87234,0.9521299999999999,0.16223500000000002,0.7287250000000001,2
0.0,0.0,0.0,1.0,0.5,0.5,0.5,0.5,0.0,1.0,1.0,1.0,0.5,0.5,0.5,0.5,1.0,0.0,0.0,1.0,1.0,1.0,0.5,0.5,0.0,0.0,1.0,0.0,1.0,1.0,0.0,1.0,0.5,0.5,2
1.0,0.0,0.642045,0.34091,0.5,0.5,0.84091,0.0,0.65341,0.9791650000000001,0.82197,0.532195,0.67424,0.07576,0.5,0.5,0.795455,0.320075,0.72538,0.09659000000000001,0.5,0.5,0.5,0.5,0.62121,0.589015,1.0,0.38068,0.530305,0.257575,0.58144,0.14961999999999998,0.5,0.5,2
1.0,0.0,1.0,0.379745,1.0,0.398735,0.9367099999999999,0.449365,0.94304,0.50633,1.0,0.55696,0.962025,0.531645,0.92405,0.481015,0.8164549999999999,0.316455,0.9367099999999999,0.49367,0.9683550000000001,0.531645,1.0,0.62658,0.810125,0.310125,0.9231849999999999,0.4723,1.0,0.468355,0.765825,0.51266,0.91772,0.48734,1
1.0,0.0,0.926045,0.69626,0.694435,0.88216,0.54429,0.994515,0.286875,0.94372,0.11885499999999999,0.7499,0.034540000000000015,0.55384,0.07050000000000001,0.34478,0.16985,0.22369,0.4037,0.069685,0.64222,0.09752,0.823245,0.32384999999999997,0.88907,0.38338,0.85849,0.606715,0.68915,0.79155,0.5983350000000001,0.831575,0.443925,0.824665,1
0.0,0.0,1.0,0.0,1.0,1.0,1.0,0.0,1.0,1.0,1.0,0.0,1.0,1.0,1.0,0.0,1.0,0.0,1.0,1.0,1.0,1.0,1.0,0.0,1.0,0.0,1.0,0.0,1.0,1.0,1.0,0.0,1.0,1.0,2
1.0,0.0,0.625,0.583335,0.733335,0.633335,0.59518,0.61983,0.53883,0.599695,0.50535,0.57461,0.488165,0.55094,0.481575,0.531585,0.48117,0.51729,0.48385,0.50766,0.48763,0.501785,0.49137,0.498635,0.494515,0.497305,0.496895,0.49707,0.49853,0.4974,0.499555,0.49796,0.500125,0.498545,1
1.0,0.0,0.6666650000000001,0.375,0.72222,0.61111,0.694445,0.583335,0.7083349999999999,0.569445,0.75,0.444445,0.774555,0.457785,0.7916650000000001,0.6666650000000001,0.77778,0.51389,0.625,0.40278,0.73611,0.47222,0.76389,0.48611,0.694445,0.541665,0.707715,0.42872,0.59722,0.430555,0.68462,0.425955,0.541665,0.25,1
1.0,0.0,1.0,0.53269,1.0,0.60373,1.0,0.631405,0.965255,0.661065,0.933865,0.695195,0.87737,0.75041,0.897775,0.761605,0.82977,0.8037799999999999,0.788095,0.814995,0.739035,0.835675,0.702765,0.8442000000000001,0.67192,0.86041,0.63856,0.86193,0.59648,0.85341,0.55686,0.86344,0.53495,0.85722,1
1.0,0.0,1.0,0.494595,1.0,0.486485,1.0,0.46757,0.9756750000000001,0.49189,0.994595,0.483785,0.994595,0.543245,1.0,0.46757,0.9756750000000001,0.545945,0.98919,0.497295,1.0,0.53243,1.0,0.52162,0.98919,0.545945,0.99278,0.506255,1.0,0.483785,1.0,0.5135149999999999,1.0,0.464865,1
1.0,0.0,0.736685,0.597635,0.531065,0.408285,0.81158,0.50503,0.7278100000000001,0.47781,0.782545,0.508875,0.723375,0.637575,0.85799,0.48077,0.778105,0.56213,0.7071000000000001,0.55769,0.763835,0.5142100000000001,0.755915,0.446745,0.739645,0.488165,0.7325699999999999,0.516295,0.7677499999999999,0.62574,0.6597649999999999,0.427515,0.673075,0.49852,1
1.0,0.0,1.0,0.49329,1.0,0.50783,1.0,0.49888,1.0,0.53132,0.988815,0.52237,0.979865,0.51454,1.0,0.53244,0.994405,0.51678,1.0,0.517895,0.99888,0.54698,0.978745,0.536915,1.0,0.550335,0.999945,0.543815,0.995525,0.542505,1.0,0.550335,1.0,0.550335,1
1.0,0.0,0.727275,0.545455,0.81818,0.545455,0.636365,0.59091,0.81818,0.5,0.68182,0.454545,0.727275,0.454545,0.74306,0.493285,0.81818,0.40909,0.727275,0.5,0.68182,0.454545,0.636365,0.59091,0.68182,0.454545,0.67221,0.49116,0.636365,0.5,0.68182,0.5,0.644925,0.49084,1
1.0,0.0,0.75056,0.48202,0.80562,0.50674,0.79438,0.507865,0.79438,0.51236,0.83371,0.497755,0.858425,0.476405,0.832585,0.504495,0.7865150000000001,0.51236,0.8235950000000001,0.46292,0.78427,0.570785,0.78764,0.48202,0.732585,0.52472,0.78294,0.50412,0.7382,0.48202,0.773035,0.55281,0.8033699999999999,0.45955,1
1.0,0.0,1.0,0.494105,1.0,0.498285,1.0,0.492175,1.0,0.492175,1.0,0.485955,1.0,0.48906499999999997,0.9991399999999999,0.484565,0.9976400000000001,0.48381,0.99657,0.48274,1.0,0.480595,1.0,0.474805,1.0,0.475345,0.9992099999999999,0.472365,0.997,0.46848,0.995285,0.467515,0.994855,0.46666,1
1.0,0.0,1.0,0.488705,1.0,0.47753,1.0,0.46659,1.0,0.456005,1.0,0.7808649999999999,1.0,0.43631,1.0,0.42739,1.0,0.662035,1.0,0.411805,0.99742,0.40525500000000003,0.978005,0.39959500000000003,1.0,0.03858,0.9364,0.391035,0.9146000000000001,0.38815,0.892395,0.386175,0.8699600000000001,0.385095,1
1.0,0.0,0.843645,1.0,0.959865,0.11956499999999998,0.908865,0.52174,0.8804350000000001,0.55351,0.933945,0.86873,0.8503350000000001,0.591135,0.8795999999999999,0.56856,0.96739,0.37458,0.85368,0.593645,0.824415,0.62291,0.801005,0.8871249999999999,1.0,0.23076999999999998,0.94631,0.61108,0.85535,0.7692300000000001,1.0,0.46738999999999997,0.78261,0.619565,2
1.0,0.0,0.935555,0.52163,0.8997299999999999,0.591485,0.995045,0.64646,0.947275,0.45831500000000003,0.94299,0.48986,0.95223,0.36638000000000004,0.94705,0.59982,0.94322,0.47679,0.9222600000000001,0.495045,0.98941,0.32988,0.8947700000000001,0.374495,0.933305,0.454035,0.929835,0.48546,0.8938699999999999,0.479495,0.879675,0.60906,0.94119,0.545965,1
1.0,0.0,0.96829,0.675535,0.87627,0.8282,0.727855,0.9428799999999999,0.576615,0.97888,0.391125,0.9815050000000001,0.217325,0.9169849999999999,0.10624499999999998,0.790225,0.03448000000000001,0.6301,0.03179500000000002,0.46791,0.06485999999999997,0.295255,0.174605,0.16268,0.316005,0.075245,0.47711,0.04389500000000002,0.6366499999999999,0.07118999999999998,0.774135,0.151935,0.8741399999999999,0.279135,1
1.0,0.0,1.0,0.42623,1.0,0.52459,0.7868850000000001,0.491805,0.82787,0.508195,0.92623,0.483605,0.860655,0.5,0.84426,0.418035,0.59836,0.42623,0.82779,0.41412,0.8360650000000001,0.516395,1.0,0.35246,0.65574,0.32787,0.761925,0.39837500000000003,0.6639349999999999,0.483605,0.639345,0.27869,0.7459,0.467215,2
1.0,0.0,0.8333349999999999,0.49317,0.98702,0.534155,0.74795,0.750685,0.878415,0.498635,0.82582,0.429645,0.70082,0.255465,0.69604,0.793715,0.88388,0.6591549999999999,0.89276,0.556695,0.737705,0.275275,1.0,0.503415,0.80328,0.534835,0.84328,0.58544,0.93784,0.5389349999999999,0.77664,0.62295,0.56967,0.740435,1
1.0,0.0,0.93142,0.59655,0.9046000000000001,0.7057450000000001,0.836015,0.778925,0.772795,0.84981,0.6835249999999999,0.9076649999999999,0.598085,0.928355,0.479695,0.93142,0.413795,0.878925,0.3295,0.828735,0.25900500000000004,0.7804599999999999,0.19885000000000003,0.7049799999999999,0.20383,0.628735,0.18480999999999997,0.54409,0.213795,0.46092,0.22566999999999998,0.400385,0.28544,0.34023000000000003,1
1.0,0.0,0.171875,0.578125,0.53125,0.5,0.5,0.53125,0.8125,0.53125,0.59375,0.5,0.484375,0.546875,0.53125,0.5,0.578125,0.421875,0.71875,0.3125,0.5,0.453125,0.5,0.5,0.515625,0.265625,0.515625,0.5,0.140625,0.515625,0.484375,0.5,0.5,0.546875,2
1.0,0.0,0.92868,0.500375,0.909635,0.47162,0.887605,0.47909,0.921585,0.545185,0.93129,0.559745,0.9402550000000001,0.46938,0.89171,0.51755,0.918595,0.46602,0.91785,0.42905,0.940625,0.505975,0.952575,0.5112,0.8984300000000001,0.49029,0.911915,0.48161,0.940625,0.467885,0.86968,0.49029,0.895445,0.45407,1
0.0,0.0,0.0,1.0,1.0,0.0,0.5,0.5,0.5,0.5,1.0,0.0,1.0,1.0,0.5,0.5,1.0,0.0,0.5,0.5,0.5,0.5,1.0,1.0,0.0,1.0,1.0,0.0,0.0,1.0,0.0,0.0,0.5,0.5,2
1.0,0.0,0.98794,0.44699,0.973005,0.396,0.9640299999999999,0.35825,0.92998,0.36329,0.89883,0.260355,0.891125,0.24618,0.87314,0.19282,0.789725,0.15957,0.68926,0.131795,0.68162,0.11719000000000002,0.65949,0.10123500000000002,0.6139600000000001,0.09183000000000002,0.568295,0.08745000000000003,0.52303,0.08802500000000002,0.47869,0.09340999999999999,0.43084,0.09512500000000002,1
1.0,0.0,1.0,0.41842,1.0,0.44915499999999997,0.999995,0.42401500000000003,1.0,0.403615,0.970275,0.324245,0.978675,0.351075,0.968595,0.32794,0.97243,0.35947,0.950685,0.28308500000000003,0.930215,0.26346,0.914935,0.2439,0.9204,0.26431499999999997,0.88112,0.20815,0.828615,0.15603,0.8435699999999999,0.177315,0.823635,0.16387000000000002,1
1.0,0.0,0.87234,0.55319,0.94353,0.50491,0.9427099999999999,0.507355,0.93617,0.49291,0.8652500000000001,0.55319,0.938285,0.51456,0.936175,0.51691,0.9787250000000001,0.539005,0.975175,0.521275,0.9279850000000001,0.523715,0.924655,0.52589,0.93617,0.55674,0.917145,0.53007,0.87234,0.48227,0.90855,0.534,0.90387,0.535865,1
0.0,0.0,1.0,1.0,1.0,0.0,1.0,1.0,0.0,1.0,0.5,0.5,1.0,1.0,0.5,0.5,0.5,0.5,0.0,1.0,0.0,1.0,1.0,1.0,1.0,0.0,1.0,1.0,1.0,1.0,1.0,0.0,0.0,1.0,2
1.0,0.0,1.0,0.292715,1.0,0.880655,0.9353,0.592965,1.0,0.45037499999999997,0.96922,0.73995,0.82726,0.4196,1.0,0.504395,0.988065,0.24936999999999998,0.9001250000000001,0.377515,0.9403250000000001,0.404525,1.0,0.43844,0.967965,0.55339,0.96445,0.46375500000000003,1.0,0.36306499999999997,0.71985,0.599245,0.75691,0.47299,1
1.0,0.0,0.9440200000000001,0.69069,0.82963,0.847155,0.64574,0.93946,0.46637,0.9506749999999999,0.30201500000000003,0.9022049999999999,0.17713,0.78251,0.0852,0.63453,0.1053,0.458975,0.1861,0.34529,0.266815,0.22197499999999998,0.417755,0.17831000000000002,0.54781,0.19472499999999998,0.65203,0.25804,0.716135,0.35081,0.7351449999999999,0.452695,0.7107600000000001,0.5627800000000001,1
1.0,0.0,1.0,0.558825,1.0,0.617645,1.0,0.7058800000000001,1.0,0.52941,1.0,0.617645,1.0,0.558825,1.0,0.735295,1.0,0.47059,1.0,0.441175,1.0,0.67647,1.0,0.7058800000000001,1.0,0.441175,1.0,0.601125,1.0,0.52941,1.0,0.67647,1.0,0.617645,1
1.0,0.0,1.0,0.06649500000000003,1.0,0.6113999999999999,0.92746,0.30052,1.0,0.43955,1.0,0.675735,1.0,0.53886,1.0,0.426165,1.0,0.0,1.0,0.0,0.8091550000000001,0.5790150000000001,1.0,0.8117449999999999,1.0,0.41494,1.0,0.67962,1.0,0.16753,1.0,0.94214,1.0,0.40587,2
0.0,0.0,1.0,1.0,1.0,0.0,1.0,1.0,1.0,1.0,1.0,1.0,1.0,1.0,1.0,1.0,1.0,0.0,0.0,1.0,0.0,1.0,0.0,1.0,1.0,0.0,1.0,1.0,0.0,1.0,0.0,0.0,0.0,1.0,2
1.0,0.0,0.9972449999999999,0.50263,0.92041,0.443435,0.9411849999999999,0.417845,0.995305,0.468715,0.9824200000000001,0.46252,0.926105,0.51483,0.935805,0.39576,0.9694050000000001,0.43511500000000003,0.99149,0.455325,0.94938,0.500375,0.93918,0.47059,0.9668399999999999,0.40064,0.9378949999999999,0.41097,0.9714700000000001,0.417095,0.901265,0.371295,0.88293,0.36102999999999996,1
1.0,0.0,0.91127,0.46214,0.90231,0.501155,0.93757,0.49393,0.934105,0.46243,0.86416,0.44133,0.9231199999999999,0.525145,0.915605,0.463005,0.87399,0.533525,0.8916200000000001,0.53179,0.9338150000000001,0.48815,0.89422,0.46994,0.872255,0.48815,0.8835850000000001,0.486345,0.8702300000000001,0.46185,0.85029,0.4789,0.8921950000000001,0.50607,1
1.0,0.0,0.956205,0.521735,0.970955,0.5114,0.973525,0.526725,0.96791,0.506605,0.9595549999999999,0.53174,0.96383,0.560335,0.96024,0.531055,0.944495,0.5636099999999999,0.91872,0.572195,0.904915,0.559245,0.885205,0.57111,0.878775,0.556495,0.86775,0.56641,0.831935,0.5765,0.854625,0.55377,0.82629,0.557235,1
1.0,0.0,1.0,1.0,1.0,1.0,0.95505,1.0,0.36515,1.0,0.08423999999999998,1.0,0.0,1.0,0.0,0.86263,0.0,0.211105,0.0,0.28974,0.0,0.0,0.23581000000000002,0.0,0.95007,0.0,1.0,0.0,1.0,0.0,1.0,0.32657,1.0,0.674225,1
1.0,0.0,0.9982249999999999,0.53234,1.0,0.49382,0.989055,0.51249,0.98056,0.51156,0.99637,0.53904,0.946615,0.55173,0.97106,0.526345,0.944045,0.5556,0.93052,0.543155,0.908165,0.55915,0.9183399999999999,0.57221,0.9066449999999999,0.56706,0.8973800000000001,0.56819,0.8955500000000001,0.576895,0.88561,0.57965,0.854705,0.560075,1
1.0,0.0,0.977795,0.499225,0.932105,0.43378,0.9749099999999999,0.497695,0.914045,0.244145,0.962205,0.55184,1.0,0.428765,0.99632,0.48729,0.979265,0.42241,0.920065,0.8086949999999999,1.0,0.418395,0.93746,0.457525,0.928705,0.49168,0.92066,0.491155,0.9121349999999999,0.490665,0.90317,0.490215,0.893805,0.489805,1
0.0,0.0,0.0,0.0,0.5,0.5,0.5,0.5,0.5,0.5,0.5,0.5,0.5,0.5,1.0,0.0,0.5,0.5,0.0,0.0,0.5,0.5,1.0,1.0,1.0,0.0,1.0,0.0,0.5,0.5,0.5,0.5,0.5,0.5,2
1.0,0.0,0.692605,0.57782,0.706225,0.536965,0.632295,0.620625,0.61673,0.56615,0.597275,0.62646,0.62257,0.684825,0.544745,0.614785,0.480545,0.684825,0.52529,0.624515,0.624515,0.54864,0.53891,0.649805,0.48753,0.64241,0.46988,0.6312800000000001,0.42607,0.57393,0.453305,0.65564,0.40467,0.6439699999999999,2
1.0,0.0,0.5,0.5,0.994595,0.38648499999999997,0.594595,0.472975,0.5,0.5,0.966215,0.536485,1.0,0.4,1.0,0.535135,1.0,0.443245,0.5,0.5,1.0,0.39459500000000003,1.0,0.29189,0.5,0.5,1.0,0.41215999999999997,0.5,0.5,1.0,0.37027,0.644595,0.42162,2
1.0,0.0,0.89915,0.547085,0.890645,0.60328,0.85814,0.64034,0.8466,0.70626,0.829585,0.75061,0.78949,0.8040700000000001,0.74605,0.792225,0.66677,0.839305,0.647935,0.81774,0.547995,0.8405199999999999,0.51033,0.8611800000000001,0.45626,0.815915,0.440375,0.80348,0.40887,0.7800750000000001,0.37242,0.758505,0.363305,0.7123349999999999,1
1.0,0.0,0.987565,0.50355,0.9928950000000001,0.50977,1.0,0.50977,0.9964500000000001,0.507995,0.978685,0.511545,0.9857899999999999,0.51776,1.0,0.51865,0.9893449999999999,0.510655,0.9928950000000001,0.52842,0.9857899999999999,0.52398,0.97247,0.52753,0.992005,0.51776,0.9877,0.532385,0.974245,0.540855,0.99556,0.531085,0.9946699999999999,0.549735,1
1.0,0.0,0.810605,0.18181999999999998,0.5,0.5,0.5,0.5,0.67235,0.64394,0.7140150000000001,0.69697,0.46212,0.75947,0.68182,0.657195,0.23106,0.664775,0.560605,0.426135,0.50947,0.23295500000000002,0.21211999999999998,0.589015,0.6458349999999999,0.36363500000000004,0.62879,0.21211999999999998,0.71591,0.62121,0.59091,0.488635,0.585225,0.291665,2
1.0,0.0,0.94705,0.567125,0.935005,0.657715,0.8944799999999999,0.71694,0.81694,0.799875,0.770015,0.8550800000000001,0.698495,0.8808050000000001,0.6213299999999999,0.897615,0.54567,0.8979900000000001,0.45420499999999997,0.881305,0.398995,0.83463,0.348685,0.81305,0.29724,0.752445,0.26892499999999997,0.703765,0.24842999999999998,0.63626,0.235885,0.5958600000000001,0.25595999999999997,0.52986,1
1.0,0.0,0.973245,0.50446,0.986435,0.4987,0.99461,0.50186,0.979005,0.50799,0.97027,0.5176499999999999,0.986065,0.523595,0.993125,0.50929,0.9713849999999999,0.535675,0.992755,0.49647,0.98885,0.5249,0.9817899999999999,0.53549,0.96637,0.540505,0.976215,0.52178,0.987365,0.50409,0.989225,0.535305,1.0,0.4987,1
1.0,0.0,0.989525,0.57905,0.9505600000000001,0.676185,0.910195,0.7428049999999999,0.8588,0.8244400000000001,0.794135,0.868715,0.7017450000000001,0.91578,0.6257,0.9240200000000001,0.5235,0.9273750000000001,0.439035,0.898745,0.3691,0.90377,0.310825,0.8583799999999999,0.24483,0.79162,0.212065,0.7302,0.19050499999999998,0.65398,0.17123,0.5917250000000001,0.17933,0.51484,1
1.0,0.0,1.0,0.517645,1.0,0.591405,1.0,0.63484,1.0,0.62534,1.0,0.64389,1.0,0.693215,1.0,0.65837,1.0,0.828505,1.0,0.7692300000000001,1.0,0.806335,1.0,0.797285,0.947965,0.84163,0.9475100000000001,0.85687,0.9280550000000001,0.835745,0.871945,0.9280550000000001,0.8574649999999999,0.879185,1
1.0,0.0,0.5,0.5,0.5,0.5,0.5,0.5,0.5,0.5,1.0,0.333335,0.583335,0.6302099999999999,0.5,0.5,0.5,0.5,0.5,0.5,0.40104,0.390625,0.416665,0.953125,0.0,0.75,0.520835,0.875,0.385415,0.0,0.4375,0.364585,0.40104,0.03125,2
1.0,0.0,0.9478150000000001,0.689585,0.8365549999999999,0.84719,0.67958,0.94348,0.479035,0.9667250000000001,0.30562500000000004,0.92207,0.16363,0.8103899999999999,0.08660000000000001,0.65178,0.06924999999999998,0.473175,0.13218000000000002,0.328625,0.24111,0.18778499999999998,0.38286,0.13072499999999998,0.534555,0.13072,0.667655,0.18852000000000002,0.76207,0.28957,0.8060849999999999,0.413285,0.800365,0.5433,1
1.0,0.0,0.663945,0.55521,0.57985,0.64654,0.5701,0.872425,0.37434500000000004,0.959965,0.417485,0.63332,0.18142999999999998,0.624325,0.011749999999999983,0.498315,0.383865,0.400455,0.34739,0.25556999999999996,0.42787,0.050045000000000006,0.546725,0.35542,0.641535,0.4072,0.697995,0.44251,0.655025,0.52807,0.6072150000000001,0.6027,0.56688,0.63211,1
1.0,0.0,1.0,0.46909,1.0,0.51471,1.0,0.474345,1.0,0.491465,1.0,0.44137,0.922465,0.47399,0.96696,0.46701,0.84585,0.463105,0.8286549999999999,0.398165,0.97455,0.34221,0.9042600000000001,0.34173,0.92466,0.32581,0.862645,0.35413,0.86547,0.30712,0.77178,0.36858,0.821035,0.302565,1
1.0,0.0,0.7523299999999999,0.4155,0.85721,0.507565,0.855315,0.51129,0.840325,0.50641,0.673075,0.52797,0.8452500000000001,0.521965,0.8405050000000001,0.52529,0.835115,0.52846,0.817015,0.47669,0.822515,0.53428,0.815385,0.536905,0.920165,0.590325,0.799675,0.54152,0.69114,0.5338,0.78233,0.54523,0.7731600000000001,0.54673,1
1.0,0.0,0.978295,0.5407150000000001,0.9874350000000001,0.471665,0.985825,0.45758,0.980485,0.467195,0.9735849999999999,0.506395,0.9771799999999999,0.416025,0.97306,0.402515,0.99815,0.33865999999999996,0.951715,0.32049,0.95714,0.36341999999999997,0.9507,0.35096499999999997,0.999495,0.296265,0.93622,0.32706999999999997,0.960295,0.346905,0.919755,0.304695,0.91083,0.29413500000000004,1
0.0,0.0,1.0,1.0,0.5,0.5,0.5,0.5,0.0,0.0,0.5,0.5,0.5,0.5,0.0,0.0,0.0,0.0,0.0,1.0,0.0,1.0,0.5,0.5,0.5,0.5,1.0,0.0,0.0,1.0,0.0,1.0,0.0,1.0,2
1.0,0.0,0.0,0.201615,0.5,0.5,0.0,0.82258,0.06451499999999999,1.0,0.5,0.5,0.5,0.5,0.5,0.5,0.5,0.5,0.5,0.5,0.0,0.0,0.5,0.5,0.649195,0.616935,1.0,0.758065,0.5,0.5,0.5,0.5,0.5,0.5,2
1.0,0.0,0.9503550000000001,0.508865,1.0,0.491135,0.9503550000000001,0.503545,0.92376,0.52837,1.0,0.51773,0.98936,0.50532,0.98759,0.51773,1.0,0.484045,0.94858,0.484045,0.93085,0.539005,1.0,0.5461,0.9503550000000001,0.52305,0.971525,0.516235,0.9734050000000001,0.51241,1.0,0.50532,0.968085,0.51064,1
1.0,0.0,0.97601,0.51127,0.968785,0.49364,0.96763,0.50607,0.983525,0.49133,0.98468,0.5026,0.978325,0.48468,0.9763,0.497975,0.9974000000000001,0.486705,0.998845,0.50896,0.96792,0.475145,0.969075,0.48815,0.98526,0.477745,0.9810749999999999,0.491765,0.9869950000000001,0.50954,0.97717,0.48295,0.97919,0.504045,1
1.0,0.0,0.65517,0.448275,0.62069,0.448275,0.60345,0.465515,0.537025,0.472845,0.518245,0.481555,0.508535,0.488085,0.503705,0.49259,0.501405,0.495535,0.50039,0.497385,0.499985,0.498505,0.49986,0.49917,0.499845,0.49955,0.499875,0.49976,0.49991,0.49988,0.49994,0.49994,0.49996,0.49997,1
1.0,0.0,0.71818,0.436365,0.79091,0.427275,0.59091,0.16363499999999997,0.672725,0.48182,0.645455,0.472725,0.645455,0.645455,0.68182,0.29091,0.6,0.49091,0.68182,0.527275,0.563635,0.745455,0.80909,0.58182,0.663635,0.58182,0.70549,0.464865,0.672725,0.472725,0.563635,0.31818,0.645455,0.354545,2
1.0,0.0,0.841585,0.526875,0.924015,0.50101,0.921705,0.501505,0.9215,0.549505,0.879065,0.52051,0.9094599999999999,0.502925,0.90369,0.503365,0.9031100000000001,0.437765,0.889675,0.48231999999999997,0.8818250000000001,0.504545,0.873175,0.50489,0.8981600000000001,0.478785,0.85412,0.50548,0.811175,0.55799,0.8331200000000001,0.50595,0.8220350000000001,0.506135,1
1.0,0.0,0.87426,0.485945,0.8284,0.47411,0.903105,0.514055,0.929735,0.512575,0.81731,0.54364,0.85799,0.5392,0.8653850000000001,0.52589,0.8927499999999999,0.36094499999999996,0.82988,0.492605,0.89349,0.534765,0.673075,0.40680499999999997,0.826925,0.514055,0.805045,0.466815,0.7677499999999999,0.39422999999999997,0.79512,0.429735,0.7818050000000001,0.514795,1
1.0,0.0,0.59295,0.416665,0.5,0.5,0.5,0.5,0.5,0.5,0.5,0.5,0.55769,0.40464500000000003,0.5,0.5,0.5,0.5,0.5,0.5,0.5,0.5,0.47436,0.467145,0.539265,0.54487,0.5865400000000001,0.445515,0.5625,0.548075,0.51282,0.47596,0.584135,0.597755,2
1.0,0.0,0.8206100000000001,0.507015,0.67073,0.487805,0.763755,0.51733,0.59756,0.560975,0.716565,0.523775,0.609755,0.52439,0.64634,0.5,0.682925,0.5,0.658535,0.536585,0.634145,0.560975,0.61849,0.529065,0.609755,0.54878,0.5965199999999999,0.528205,0.58705,0.52752,0.59756,0.5,0.585365,0.536585,1
1.0,0.0,0.992275,0.48632,0.99029,0.47948,1.0,0.461825,0.9936,0.50728,0.97639,0.48698,0.9924999999999999,0.46271,0.99691,0.464255,0.98698,0.45234,0.98632,0.43888,0.99647,0.47374,0.97639,0.45543,0.9867600000000001,0.458295,0.9832650000000001,0.43544,0.967345,0.42542,0.98566,0.421225,0.9838899999999999,0.406,1
1.0,0.0,0.799435,0.573445,0.84934,0.43032,0.92561,0.43032,0.904895,0.51224,0.752355,0.514125,0.8371,0.4774,0.9039550000000001,0.43126,0.7570600000000001,0.37759,0.9077200000000001,0.428435,0.851225,0.498115,0.6666650000000001,0.531075,0.780605,0.334275,0.80722,0.415815,0.763655,0.48964,0.769305,0.34369,0.8371,0.38983,1
1.0,0.0,0.5273,0.507185,0.48707,0.52299,0.507185,0.52299,0.461205,0.50431,0.50862,0.466955,0.48132,0.52155,0.458335,0.47701,0.452585,0.54023,0.479885,0.52586,0.510055,0.511495,0.48132,0.494255,0.515805,0.49569,0.50431,0.50862,0.51293,0.505745,0.51293,0.505745,0.47701,0.497125,2
1.0,0.0,0.813725,0.460785,0.862745,0.5,0.80392,0.460785,0.813725,0.441175,0.843135,0.441175,0.8333349999999999,0.431375,0.82353,0.45098,0.77451,0.441175,0.77451,0.39215500000000003,0.7941199999999999,0.40196,0.8333349999999999,0.382355,0.72549,0.37255,0.762045,0.37666,0.784315,0.34313499999999997,0.715685,0.39215500000000003,0.735295,0.362745,2
1.0,0.0,0.9612350000000001,0.40276,0.9820949999999999,0.41163,0.93512,0.38699,0.9085099999999999,0.36465000000000003,0.896355,0.35545499999999997,0.85151,0.251805,0.81669,0.25016499999999997,0.6862699999999999,0.146355,0.63535,0.139455,0.70253,0.22914,0.667545,0.20154499999999997,0.57375,0.18199500000000002,0.54656,0.20205499999999998,0.46419,0.22536,0.4908,0.22963,0.462715,0.26051,1
1.0,0.0,0.52933,0.49581,0.53352,0.50419,0.5,0.494415,0.502795,0.480445,0.50838,0.46229,0.497205,0.526535,0.532125,0.48324,0.5,0.547485,0.467875,0.53771,0.476255,0.51257,0.513965,0.497205,0.50419,0.502795,0.551675,0.49581,0.515365,0.498605,0.522345,0.5,0.523745,0.48324,2
1.0,0.0,0.62658,0.679745,0.5,0.5,0.3519,0.0,0.5,0.5,0.537975,0.46329,0.5,0.5,0.5,0.5,0.5,0.5,0.5,0.5,0.503795,0.8405050000000001,0.4,0.668355,0.4481,0.67848,0.52785,0.0,0.5,0.5,0.531645,0.0,0.5,0.5,2
1.0,0.0,0.792295,0.32237,1.0,0.67669,0.87688,0.49718,0.912595,0.596805,0.7509399999999999,0.36184,0.829885,0.531955,0.848685,0.57331,0.8618399999999999,0.286655,0.88064,0.522555,0.834585,0.602445,0.92387,0.295115,0.8242499999999999,0.476505,0.78418,0.447145,0.7641,0.43327,0.57801,0.43891,0.723835,0.448455,1
1.0,0.0,0.980355,0.53544,1.0,0.5214799999999999,1.0,0.546565,0.9508449999999999,0.47428,0.946315,0.5129,0.91625,0.46929,0.93767,0.549155,0.88272,0.5014,0.87603,0.473525,0.829805,0.460475,0.82079,0.470355,0.778385,0.461475,0.7902549999999999,0.488975,0.74832,0.493745,0.7565500000000001,0.499925,0.7604949999999999,0.49909,1
1.0,0.0,1.0,0.22895,1.0,0.0,1.0,0.0,1.0,0.6810849999999999,1.0,0.29440500000000003,1.0,1.0,1.0,0.0,1.0,0.35323,1.0,0.032005000000000006,1.0,1.0,1.0,1.0,1.0,0.29556,1.0,0.18627500000000002,1.0,0.0,1.0,0.0,1.0,0.0,2
1.0,0.0,0.967685,0.568225,0.96858,0.626795,0.928525,0.693895,0.895195,0.735635,0.8617600000000001,0.7997099999999999,0.8263,0.875,0.75415,0.86793,0.708145,0.91371,0.627695,0.9297599999999999,0.56856,0.928075,0.50247,0.944345,0.463195,0.8989,0.395025,0.89002,0.334155,0.85727,0.30734,0.821815,0.262905,0.779175,1
1.0,0.0,0.5,0.5,1.0,0.0,0.5,0.5,0.5,0.5,1.0,1.0,1.0,0.37329,1.0,0.61644,1.0,0.0,0.5,0.5,0.5,0.5,1.0,1.0,0.5,0.5,1.0,0.0,0.5,0.5,1.0,0.0,0.5,0.5,2
1.0,0.0,0.3975,0.64375,0.615,0.55,0.64125,0.65875,0.66125,0.675,0.681425,0.326915,0.54625,0.6375,0.4525,0.605,0.45625,0.6174999999999999,0.329065,0.6570400000000001,0.26,0.46,0.64954,0.66588,0.21000000000000002,0.38,0.66095,0.35762499999999997,0.265,0.5925,0.36448,0.34386,0.702225,0.51525,2
1.0,0.0,0.9703999999999999,0.559665,0.92869,0.50519,0.92562,0.50773,0.88483,0.49861,0.922295,0.55458,0.916445,0.515135,0.9134,0.51753,0.87419,0.509715,0.900095,0.512025,0.90431,0.524505,0.901295,0.52676,0.88668,0.5111,0.8952899999999999,0.531175,0.9296949999999999,0.546255,0.8893150000000001,0.53545,0.8863449999999999,0.53754,1
1.0,0.0,0.995125,0.471075,0.998965,0.434955,0.993315,0.40285,0.9968699999999999,0.37078500000000003,0.9636899999999999,0.34935,0.963255,0.310175,0.94906,0.28102,0.9246099999999999,0.23968,0.937165,0.214625,0.89508,0.200805,0.873625,0.176925,0.84141,0.157605,0.826235,0.13413000000000003,0.80505,0.12323499999999998,0.77376,0.09860999999999998,0.745975,0.08377499999999999,1
1.0,0.0,0.9785200000000001,0.439525,0.8165899999999999,0.43655,0.981825,0.40879,0.9851300000000001,0.5423,0.9600150000000001,0.49438,0.9177150000000001,0.376405,1.0,0.343025,0.996365,0.39392,0.99339,0.39491,1.0,0.364175,0.96563,0.30271000000000003,1.0,0.403835,0.9439649999999999,0.342175,0.9071400000000001,0.38136000000000003,0.9454750000000001,0.340715,0.847655,0.29213500000000003,1
1.0,0.0,0.98516,0.42808,0.95662,0.49886,0.9828749999999999,0.414385,0.99315,0.591325,0.958905,0.50114,0.968035,0.457765,0.95662,0.49886,0.93379,0.45662,0.98516,0.393835,1.0,0.55137,0.960045,0.47374499999999997,0.96233,0.534245,0.970215,0.45374,0.98516,0.399545,0.92694,0.45662,0.9828749999999999,0.39041,1
1.0,0.0,0.8636349999999999,0.475,0.946205,0.51731,1.0,0.8636349999999999,0.83182,0.470455,0.74091,0.41591,0.909045,0.547795,0.78409,1.0,0.752275,0.60909,0.83409,0.55,1.0,0.35,0.99318,0.0,0.786365,0.663635,0.78491,0.573365,0.711365,0.54091,0.7446349999999999,0.573215,1.0,1.0,2
0.0,0.0,1.0,0.0,0.0,1.0,0.0,1.0,1.0,1.0,1.0,1.0,0.0,0.0,0.0,0.0,1.0,1.0,1.0,0.0,0.0,0.0,0.0,0.0,1.0,0.5,1.0,0.0,1.0,0.0,0.0,1.0,0.0,1.0,2
1.0,0.0,0.96435,0.66582,0.8808400000000001,0.8117449999999999,0.746525,0.92133,0.6079600000000001,0.975965,0.43022,0.980835,0.26399,0.91795,0.14626499999999998,0.82745,0.06263000000000002,0.68375,0.04093000000000002,0.527975,0.05087999999999998,0.369135,0.13015500000000002,0.229655,0.24621500000000002,0.12632500000000002,0.388385,0.06939000000000001,0.53905,0.06420500000000001,0.680105,0.10971500000000001,0.7970349999999999,0.19865,1
1.0,0.0,0.857605,0.496765,0.8333349999999999,0.478965,0.815535,0.47411,0.8899699999999999,0.540455,0.83657,0.548545,0.823625,0.57929,0.80097,0.49029,0.771845,0.477345,0.73463,0.44984,0.823625,0.574435,0.6957949999999999,0.608415,0.762135,0.47249,0.725525,0.5002,0.65696,0.46602,0.745955,0.4466,0.6521049999999999,0.47411,1
1.0,0.0,0.95058,0.583035,0.896495,0.686895,0.86495,0.752575,0.7989200000000001,0.864985,0.721515,0.90576,0.6220600000000001,0.937465,0.53219,0.92519,0.43694500000000003,0.9369799999999999,0.356305,0.898085,0.266825,0.82962,0.214325,0.7690250000000001,0.15920499999999999,0.699755,0.14078000000000002,0.629175,0.13815499999999997,0.55609,0.142625,0.472375,0.161505,0.40048,1
1.0,0.0,0.74935,0.50909,0.715585,0.45195,0.7532449999999999,0.47922,0.75065,0.54805,0.723375,0.52987,0.77922,0.44026,0.75844,0.48182,0.7636350000000001,0.47013,0.776625,0.494805,0.742855,0.483115,0.745455,0.494805,0.7961050000000001,0.5,0.7660750000000001,0.4836,0.715585,0.516885,0.772725,0.472725,0.794805,0.457145,1
1.0,0.0,0.944265,0.508155,0.960035,0.506525,0.96221,0.506795,0.9458949999999999,0.448885,0.950515,0.45786,0.9652000000000001,0.494835,0.96547,0.45541,0.930125,0.474715,0.947255,0.47988,0.94209,0.43937,0.944535,0.440455,0.9149,0.42930999999999997,0.932265,0.44096,0.9276800000000001,0.434745,0.91762,0.43774,0.9339299999999999,0.438825,1
1.0,0.0,1.0,0.727275,1.0,0.272725,1.0,0.545455,1.0,0.454545,1.0,0.5,1.0,0.36363500000000004,1.0,0.40909,1.0,0.545455,1.0,0.5,1.0,0.31818,1.0,0.545455,1.0,0.454545,1.0,0.47543,1.0,0.727275,1.0,0.36363500000000004,1.0,0.40909,1
1.0,0.0,0.917395,0.644965,0.8462799999999999,0.73851,0.74617,0.841905,0.609955,0.933805,0.45952,0.925055,0.32221,0.888405,0.236325,0.792125,0.14825,0.656455,0.12089499999999997,0.519695,0.14387499999999998,0.423415,0.20842500000000003,0.30416,0.314005,0.23523,0.41525,0.195685,0.542125,0.19256,0.62582,0.25766,0.702955,0.323305,1
1.0,0.0,1.0,0.54901,1.0,0.625505,0.99195,0.66522,0.901825,0.7651,0.874885,0.801485,0.7846850000000001,0.85971,0.776555,0.870395,0.64726,0.910965,0.605685,0.8988849999999999,0.548545,0.91081,0.49133,0.89935,0.42428,0.87798,0.385805,0.845935,0.341435,0.80474,0.298545,0.77261,0.285925,0.72267,1
1.0,0.0,1.0,0.21388000000000001,0.99575,0.133145,0.9475899999999999,0.012749999999999984,1.0,0.32091000000000003,1.0,0.383855,0.81445,0.06799,1.0,0.21232499999999999,1.0,0.10198499999999999,0.8838550000000001,0.05524000000000001,0.983005,0.0,0.8506,0.12552000000000002,0.8097300000000001,0.11548000000000003,0.768885,0.11007,0.9051,0.0,1.0,0.0,0.652225,0.11943999999999999,1
1.0,0.0,0.72222,0.72222,0.768475,0.9538150000000001,0.38889,1.0,0.333335,0.944445,0.0,0.6666650000000001,0.0,0.444445,0.0,0.38889,0.166665,0.11110999999999999,0.77778,0.0,0.38889,0.11110999999999999,0.88889,0.38889,0.6666650000000001,0.5,0.9606,0.725095,0.78727,0.921765,0.61111,1.0,0.22221999999999997,1.0,1
1.0,0.0,0.87782,0.74819,0.9177500000000001,0.771505,0.77458,0.8603149999999999,0.676125,0.85396,0.567345,0.9737450000000001,0.45091,0.96889,0.31198000000000004,0.911115,0.23629,0.8558049999999999,0.15821000000000002,0.8399449999999999,0.149185,0.62478,0.104265,0.514975,0.005060000000000009,0.35450499999999996,0.14823999999999998,0.33604,0.18344,0.404075,0.329345,0.19773000000000002,0.401955,0.18522,1
1.0,0.0,0.80339,0.48644,0.835595,0.52034,0.764405,0.477965,0.75254,0.518645,0.8525400000000001,0.461015,0.78983,0.48983,0.7661,0.538985,0.8203400000000001,0.55932,0.784745,0.488135,0.7661,0.50339,0.8576250000000001,0.48305,0.764405,0.48305,0.7863100000000001,0.50375,0.79322,0.498305,0.794915,0.48644,0.750845,0.5339,1
1.0,0.0,0.965735,0.64641,0.8995850000000001,0.77878,0.79976,0.85798,0.631015,0.963255,0.52318,0.9837400000000001,0.383815,0.97565,0.22037,0.90509,0.133355,0.811925,0.04502499999999998,0.681,0.03872999999999999,0.5302,0.031909999999999994,0.40081,0.08404,0.26547,0.17417500000000002,0.15222000000000002,0.293885,0.07137500000000002,0.43205,0.030235000000000012,0.550035,0.02588499999999999,1
1.0,0.0,0.94104,0.426805,0.96704,0.44471499999999997,0.9605,0.41775,0.941535,0.41481999999999997,0.94231,0.340955,0.926345,0.342685,0.91058,0.32038,0.903405,0.33184,0.876215,0.26488999999999996,0.8527750000000001,0.264235,0.83075,0.249575,0.806485,0.25956999999999997,0.7840199999999999,0.22685499999999997,0.750895,0.20073000000000002,0.735375,0.213115,0.7109449999999999,0.20956999999999998,1
1.0,0.0,0.91754,0.54149,0.868695,0.42647,0.921745,0.472165,0.952205,0.47689,0.946955,0.56565,0.905985,0.533615,0.8965350000000001,0.455355,1.0,0.489495,0.983195,0.53309,0.938025,0.505775,0.887605,0.53309,0.97689,0.47899,0.917395,0.500615,1.0,0.564075,0.9333,0.44643,0.9527300000000001,0.47846500000000003,1
1.0,0.0,0.73969,0.438145,0.71392,0.438145,0.850515,0.304125,0.86598,0.53608,0.631445,0.391755,0.747425,0.579895,0.726805,0.44072,0.71134,0.53093,0.75,0.3634,0.7731950000000001,0.592785,0.71134,0.541235,0.8530949999999999,0.59794,0.76698,0.437765,0.57732,0.36855499999999997,0.737115,0.52062,0.726805,0.24226999999999999,1
1.0,0.0,0.92067,0.40819,0.71822,0.514595,0.967105,0.498665,0.939735,0.568975,0.905605,0.491055,0.942795,0.7749550000000001,0.9585699999999999,0.21256999999999998,0.875,0.3524,0.93338,0.39948,1.0,1.0,0.73305,0.41855,0.95033,0.48611,0.96679,0.49421,0.80791,0.33851,0.922315,0.37146999999999997,0.966615,0.492875,1
1.0,0.0,0.947525,0.48416,0.9376249999999999,0.527725,0.947525,0.50693,0.9643550000000001,0.51386,0.9564349999999999,0.49505,0.970295,0.49208,0.9594050000000001,0.51683,0.968315,0.5,0.971285,0.50693,0.952475,0.50396,0.943565,0.49109,0.946535,0.51188,0.94501,0.508055,0.9405950000000001,0.50099,0.936635,0.52079,0.933665,0.51188,1
1.0,0.0,0.89689,0.64746,0.8203199999999999,0.76156,0.706595,0.8407899999999999,0.570885,0.91774,0.415845,0.89386,0.285445,0.86164,0.214175,0.707355,0.12281999999999998,0.583775,0.150115,0.45072,0.21152500000000002,0.382485,0.296815,0.308565,0.412815,0.2373,0.507615,0.256465,0.59515,0.309705,0.6550400000000001,0.384005,0.67286,0.45982,1
1.0,0.0,0.93516,0.7348600000000001,0.769725,0.910805,0.5519000000000001,0.976375,0.30983499999999997,0.9395800000000001,0.130305,0.79113,0.03950500000000001,0.583655,0.08791500000000002,0.37529,0.20308500000000002,0.18329,0.37994,0.08559499999999998,0.594115,0.10650500000000002,0.7577849999999999,0.21284999999999998,0.8463700000000001,0.375785,0.845485,0.55242,0.76399,0.6988099999999999,0.62987,0.7828649999999999,0.46630499999999997,0.78776,1
1.0,0.0,0.53202,0.423645,0.477835,0.529555,0.54187,0.487685,0.49261,0.593595,0.53202,0.5,0.561575,0.45074000000000003,0.529555,0.5,0.50985,0.48522,0.43596,0.39655,0.534485,0.50739,0.534485,0.51478,0.53941,0.58128,0.640395,0.47537,0.470445,0.4532,0.522165,0.527095,0.536945,0.445815,2
1.0,0.0,0.96218,0.68462,0.85988,0.8421000000000001,0.646515,0.97039,0.44446,0.8826350000000001,0.34197500000000003,0.9622649999999999,0.16692,0.89383,0.039275000000000004,0.71157,0.028424999999999978,0.547925,0.0,0.515955,0.16784500000000002,0.16860999999999998,0.26995,0.10913,0.43257,0.059589999999999976,0.5988249999999999,0.07431500000000002,0.74452,0.14876499999999998,0.84943,0.26976,0.8803300000000001,0.43403,1
0.0,0.0,0.5,0.5,0.5,0.5,1.0,0.0,0.5,0.5,0.0,0.0,0.5,0.5,0.5,0.5,1.0,1.0,0.0,0.0,0.5,0.5,0.5,0.5,1.0,1.0,1.0,1.0,0.5,0.5,1.0,1.0,0.5,0.5,2
1.0,0.0,1.0,1.0,0.6835,0.53079,0.5649649999999999,0.963565,0.36207,0.9679800000000001,0.34236500000000003,0.6884250000000001,0.06403999999999999,0.6847300000000001,0.035715,0.455665,0.30542,0.32882,0.26724000000000003,0.08744000000000002,0.472905,0.03201999999999999,0.62808,0.397785,0.86896,0.27025,0.9273549999999999,0.465845,1.0,1.0,0.69335,0.50123,0.58879,0.89895,1
1.0,0.0,1.0,0.5,1.0,0.5,0.8333349999999999,0.555555,1.0,0.444445,0.944445,0.444445,1.0,0.38889,0.88889,0.5,0.88889,0.5,1.0,0.444445,0.88889,0.444445,0.8333349999999999,0.444445,0.8333349999999999,0.5,0.951735,0.47324,1.0,0.555555,0.944445,0.444445,1.0,0.5,1
1.0,0.0,0.93789,0.518635,0.949755,0.501715,0.9460500000000001,0.50255,0.931675,0.5,0.975155,0.537265,0.9351050000000001,0.50497,0.931515,0.505755,0.9192549999999999,0.468945,0.92857,0.51242,0.92091,0.508015,0.91743,0.508745,0.8975150000000001,0.47826,0.910555,0.510165,0.90994,0.54348,0.9037850000000001,0.51154,0.90044,0.512205,1
1.0,0.0,1.0,0.483175,1.0,0.502425,1.0,0.43969,0.944825,0.50599,0.86541,0.52673,0.927215,0.504135,0.7729550000000001,0.501495,0.918875,0.43178,0.877675,0.4573,0.8544350000000001,0.36249,0.716925,0.43969,0.78764,0.2989,0.7949200000000001,0.389275,0.7155,0.413175,0.80218,0.3791,0.780225,0.30881000000000003,1
1.0,0.0,1.0,0.548855,1.0,0.560985,1.0,0.61287,0.99301,0.546185,0.97465,0.596055,0.96496,0.62144,0.946205,0.641715,0.927645,0.633605,0.91828,0.665645,0.916965,0.65849,0.874145,0.697985,0.880965,0.6732899999999999,0.84226,0.71373,0.81382,0.730155,0.783955,0.7351650000000001,0.7712600000000001,0.754515,1
1.0,0.0,0.58594,0.0,0.0,1.0,0.5,0.5,0.5,0.5,0.0,1.0,0.5,0.5,0.19323,0.16146,0.902605,0.6807300000000001,0.759895,0.571875,0.5,0.5,0.0,0.364585,0.07604,0.98125,1.0,1.0,0.0,0.8385400000000001,0.5,0.5,0.5,0.5,2
1.0,0.0,1.0,0.0,1.0,1.0,1.0,0.0,1.0,0.0,1.0,0.0,1.0,0.4908,1.0,0.0,1.0,1.0,1.0,0.07208500000000001,1.0,1.0,1.0,0.0,0.5,0.5,1.0,1.0,1.0,0.10429500000000003,1.0,1.0,1.0,1.0,2
1.0,0.0,1.0,0.31081000000000003,0.824325,0.64865,0.824325,0.37838,0.93243,0.594595,1.0,0.364865,0.7567550000000001,0.5,0.81081,0.472975,0.66216,0.39189,0.859165,0.41167,0.81081,0.527025,0.8783799999999999,0.56757,0.675675,0.35135,0.8051550000000001,0.389185,0.7923899999999999,0.384865,0.864865,0.20270500000000002,0.7567550000000001,0.37838,1
0.0,0.0,1.0,1.0,1.0,0.0,1.0,0.0,1.0,1.0,0.5,0.5,1.0,0.0,0.5,0.5,0.5,0.5,0.5,0.5,0.0,1.0,1.0,1.0,0.5,0.5,1.0,1.0,0.5,0.5,0.0,0.0,0.5,0.5,2
1.0,0.0,1.0,0.46698,1.0,0.814685,1.0,0.547785,1.0,0.6014,1.0,0.0,1.0,0.297205,1.0,0.420745,1.0,0.524475,1.0,0.19230999999999998,1.0,0.367135,1.0,0.0,1.0,0.20978999999999998,1.0,0.09314,1.0,0.0,1.0,0.10722500000000001,1.0,0.25873999999999997,1
1.0,0.0,0.956765,0.90793,0.135135,1.0,0.30267,0.778675,0.527025,0.64865,0.407005,0.448795,0.48421000000000003,0.45515,0.507005,0.482985,0.50554,0.497315,0.50171,0.500485,0.50024,0.500375,0.499985,0.500095,0.499985,0.50001,0.499995,0.5,0.5,0.5,0.5,0.5,0.5,0.5,2
1.0,0.0,0.97299,0.486575,0.0,0.630655,0.318035,0.678195,0.84629,0.182865,1.0,0.483235,0.3549,0.49725,0.22574,0.57726,0.959605,0.26865,1.0,0.24788,0.351325,0.34273,0.13068000000000002,0.686805,0.91936,0.26633,0.7610399999999999,0.20934999999999998,1.0,0.193035,0.45183,0.602385,0.469415,0.709565,2
1.0,0.0,0.51926,0.51284,0.50214,0.5,0.509985,0.490015,0.5107,0.475035,0.47575,0.49358,0.507135,0.48859,0.5,0.483595,0.47646,0.48573500000000003,0.49144,0.51783,0.5107,0.50214,0.52568,0.48859,0.52568,0.50927,0.51997,0.507845,0.509985,0.503565,0.48716,0.49073,0.492865,0.509985,2
1.0,0.0,0.550675,0.554055,0.5,0.5,0.5,0.5,0.77365,0.9121600000000001,0.655405,1.0,0.5,0.5,0.5,0.5,0.68581,0.0,0.66554,0.0,0.5,0.5,0.5,0.5,0.28715999999999997,0.0,1.0,0.0,0.7770250000000001,0.381755,0.5,0.5,0.5,0.5,2
0.0,0.0,1.0,1.0,1.0,0.0,1.0,1.0,1.0,1.0,1.0,1.0,1.0,0.0,1.0,1.0,1.0,0.0,1.0,0.0,1.0,1.0,1.0,1.0,1.0,0.0,1.0,1.0,1.0,1.0,1.0,1.0,1.0,1.0,2
1.0,0.0,0.160325,0.0,0.0,1.0,1.0,0.816585,0.517575,0.0,0.0,0.0,1.0,1.0,0.943415,0.0,0.0,1.0,0.9192,1.0,1.0,0.0,0.0,0.0,0.40571999999999997,1.0,1.0,0.0,0.0,0.0,0.0,1.0,1.0,0.6680550000000001,2
0.0,0.0,0.0,0.0,0.5,0.5,0.0,1.0,1.0,0.3125,0.5,0.5,0.5,0.5,0.5,0.5,1.0,0.0,0.0,0.0,1.0,0.0,0.5,0.5,1.0,0.0,0.0,1.0,0.0,0.0,0.5,0.5,0.0,1.0,2
1.0,0.0,0.5,0.5,0.5,0.5,0.5,0.5,0.5,0.5,0.810975,1.0,0.5,0.5,0.5,0.5,0.682925,0.140245,0.78049,0.0,0.5,0.5,0.5,0.5,0.5,0.5,1.0,0.55488,0.5,0.5,0.5,0.5,0.5,0.5,2
1.0,0.0,1.0,0.5369,1.0,0.5171,1.0,0.472185,1.0,0.54382,1.0,0.598255,1.0,0.60164,1.0,0.563925,1.0,0.552805,1.0,0.635435,1.0,0.7237899999999999,1.0,0.70875,1.0,0.6001650000000001,1.0,0.683715,0.9780150000000001,0.743205,1.0,0.66246,1.0,0.73356,1
1.0,0.0,0.84722,0.694445,0.5,0.5,0.33531500000000003,0.849205,0.5,0.5,0.5,0.5,0.5,0.5,0.603175,0.37897000000000003,0.60516,0.59722,0.732145,0.890875,0.5,0.5,0.5,0.5,0.867065,0.636905,0.88095,0.8174600000000001,0.5,0.5,0.5,0.5,0.5,0.5,2
