0.0,0.0,0.0,1.0,0.0,0.0,0.5,0.5,0.0,1.0,1.0,0.0,0.0,0.0,0.0,1.0,0.5,0.5,0.0,0.0,0.0,1.0,0.5,0.5,1.0,0.0,1.0,1.0,1.0,0.0,1.0,1.0,0.5,0.5,2
1.0,0.0,0.9612350000000001,0.40276,0.9820949999999999,0.41163,0.93512,0.38699,0.9085099999999999,0.36465000000000003,0.896355,0.35545499999999997,0.85151,0.251805,0.81669,0.25016499999999997,0.6862699999999999,0.146355,0.63535,0.139455,0.70253,0.22914,0.667545,0.20154499999999997,0.57375,0.18199500000000002,0.54656,0.20205499999999998,0.46419,0.22536,0.4908,0.22963,0.462715,0.26051,1
1.0,0.0,0.9613849999999999,0.53902,0.963395,0.581255,0.94851,0.62309,0.920555,0.6759850000000001,0.8940049999999999,0.71098,0.85358,0.734915,0.85398,0.7823800000000001,0.802295,0.821,0.756235,0.82462,0.699515,0.834875,0.67116,0.841715,0.618465,0.88073,0.593825,0.869425,0.54847,0.85519,0.513675,0.8853599999999999,0.479885,0.847545,1
1.0,0.0,1.0,0.0,0.5,0.5,0.889705,0.003674999999999984,0.9044099999999999,0.7757350000000001,0.29044000000000003,0.025735000000000008,0.5,0.5,0.5,0.5,0.860295,0.11397000000000002,0.867645,0.19852999999999998,0.5,0.5,0.59191,0.0,0.0,0.0,0.0,0.0,1.0,0.0,1.0,0.0,0.5,0.5,2
0.0,0.0,0.5,0.5,0.5,0.5,0.5,0.5,0.5,0.5,0.5,0.5,0.0,0.0,0.5,0.5,1.0,0.875,0.5,0.5,0.5,0.5,0.0,1.0,0.5,0.5,1.0,0.0,0.0,0.0,1.0,1.0,0.5,0.5,2
1.0,0.0,0.9168350000000001,0.65728,0.827705,0.7883549999999999,0.67481,0.8533850000000001,0.586465,0.8947350000000001,0.40512,0.89943,0.29135500000000003,0.832705,0.157895,0.73872,0.12637500000000002,0.59746,0.1391,0.475565,0.18985000000000002,0.35902500000000004,0.25417500000000004,0.23268499999999998,0.36711499999999997,0.16993000000000003,0.49235,0.15147,0.61354,0.17786000000000002,0.7155,0.24397000000000002,0.82331,0.34962499999999996,1
1.0,0.0,0.74935,0.50909,0.715585,0.45195,0.7532449999999999,0.47922,0.75065,0.54805,0.723375,0.52987,0.77922,0.44026,0.75844,0.48182,0.7636350000000001,0.47013,0.776625,0.494805,0.742855,0.483115,0.745455,0.494805,0.7961050000000001,0.5,0.7660750000000001,0.4836,0.715585,0.516885,0.772725,0.472725,0.794805,0.457145,1
1.0,0.0,0.541665,0.396575,0.0,1.0,0.0,1.0,0.859375,0.735865,0.089285,0.18638500000000002,0.0,0.0,0.0,1.0,0.486235,0.79576,0.289435,0.289435,0.12685999999999997,0.0,0.0,0.265995,0.0,0.61905,1.0,0.0,0.0,0.30543,0.0,0.0,0.0,0.8072900000000001,2
1.0,0.0,0.8722449999999999,0.48805,0.8538600000000001,0.516545,0.8612150000000001,0.58456,0.8961399999999999,0.538605,0.90717,0.71967,0.818935,0.502755,0.8538600000000001,0.608455,1.0,0.53033,0.805145,0.525735,0.837315,0.52114,0.7601100000000001,0.375,0.8648899999999999,0.42095499999999997,0.808635,0.53562,0.6544099999999999,0.5432,0.7795799999999999,0.53729,0.80147,0.608455,1
1.0,0.0,0.508335,0.321875,0.5,0.5,0.5,0.5,0.5,0.5,0.5,0.5,0.5,0.5,0.56146,0.22499999999999998,0.614065,0.914065,1.0,0.28854,0.5,0.5,0.541665,0.0,0.446875,0.416665,1.0,0.11666500000000002,0.0,0.59427,0.5,0.5,1.0,0.36354,2
1.0,0.0,0.0,0.0,0.24653000000000003,1.0,1.0,0.0,1.0,0.769095,0.5,0.5,0.61979,0.0,1.0,1.0,0.5,0.5,1.0,1.0,1.0,1.0,0.5,0.5,0.14236,1.0,0.6666650000000001,0.0,1.0,0.0,0.8489599999999999,0.0,0.737845,1.0,2
1.0,0.0,0.5,0.5,0.5,0.5,1.0,1.0,0.0,0.0,0.5,0.5,1.0,0.444445,0.5,0.5,0.5,0.5,0.0,1.0,1.0,1.0,1.0,0.0,0.5,0.5,1.0,0.0,0.5,0.5,0.5,0.5,1.0,1.0,2
1.0,0.0,1.0,0.488705,1.0,0.47753,1.0,0.46659,1.0,0.456005,1.0,0.7808649999999999,1.0,0.43631,1.0,0.42739,1.0,0.662035,1.0,0.411805,0.99742,0.40525500000000003,0.978005,0.39959500000000003,1.0,0.03858,0.9364,0.391035,0.9146000000000001,0.38815,0.892395,0.386175,0.8699600000000001,0.385095,1
1.0,0.0,1.0,0.757575,0.727275,0.6666650000000001,0.530305,0.68182,0.33948,0.86531,0.272725,0.742425,0.21211999999999998,0.5,0.21211999999999998,0.439395,0.333335,0.257575,0.454545,0.07576,0.742425,0.21211999999999998,0.78788,0.28788,1.0,0.30303,0.864805,0.561655,0.98485,0.78788,0.62121,0.68182,0.545455,0.6666650000000001,1
1.0,0.0,0.86905,0.9166650000000001,0.11904999999999999,0.38095,0.6666650000000001,0.42857,0.72619,0.42857,0.16357500000000003,0.56404,0.6666650000000001,0.5,0.642855,0.464285,0.30893000000000004,0.755815,0.61905,0.511905,0.72619,0.52381,0.583335,0.36905,0.213725,0.44883,0.624445,0.24460500000000002,1.0,0.5,0.166665,0.47619,0.63095,0.511905,2
1.0,0.0,0.922785,0.4571,0.341275,0.09723500000000002,0.455195,0.217825,0.90324,0.52288,0.94757,0.496185,0.40753,0.8198300000000001,0.399905,0.159675,0.928505,0.44328,0.889895,0.421355,0.465205,0.75405,0.32936,0.90467,0.89466,0.48141,0.85441,0.37356,0.88942,0.42945500000000003,0.39322999999999997,0.10915000000000002,0.40753,0.20066499999999998,2
1.0,0.0,1.0,1.0,0.0,1.0,0.0,0.08772000000000002,0.673245,0.6052649999999999,0.7302649999999999,0.53509,0.614035,0.52851,0.67544,0.673245,0.864035,0.480265,0.614035,0.76535,0.5,0.5,0.350875,0.41886,1.0,0.166665,1.0,0.0,1.0,0.377195,0.67544,0.600875,0.9144749999999999,0.539475,2
1.0,0.0,1.0,0.505525,1.0,0.505525,1.0,0.5116,0.99724,0.49282,0.99724,0.498895,0.991715,0.5116,1.0,0.50442,0.987845,0.503865,0.9895050000000001,0.508285,0.990055,0.503315,0.99061,0.510495,0.985635,0.496685,0.990165,0.508,0.9895050000000001,0.507735,0.99282,0.510495,0.99337,0.51381,1
1.0,0.0,0.92868,0.500375,0.909635,0.47162,0.887605,0.47909,0.921585,0.545185,0.93129,0.559745,0.9402550000000001,0.46938,0.89171,0.51755,0.918595,0.46602,0.91785,0.42905,0.940625,0.505975,0.952575,0.5112,0.8984300000000001,0.49029,0.911915,0.48161,0.940625,0.467885,0.86968,0.49029,0.895445,0.45407,1
1.0,0.0,1.0,0.03773500000000002,1.0,0.8773599999999999,0.745285,0.4717,0.81132,0.5,1.0,0.49973,0.726415,0.537735,0.81132,0.4717,0.99439,0.499575,0.76415,0.5,0.76415,0.537735,0.97595,0.49944,1.0,0.896225,0.96096,0.49936,0.9717,0.0,1.0,0.71698,0.71698,0.443395,1
1.0,0.0,0.5,0.5,0.5,0.5,0.5,0.5,0.5,0.5,0.5,0.5,0.0,1.0,1.0,0.77586,0.5,0.5,0.5,0.5,0.5,0.5,0.5,0.5,0.5,0.5,1.0,1.0,0.5,0.5,0.5,0.5,0.5,0.5,2
1.0,0.0,0.0,0.0,0.5,0.5,0.75407,0.10748999999999997,0.8029299999999999,0.6644950000000001,0.0,0.29316,0.5,0.5,0.5,0.5,1.0,0.36645,0.68241,0.18241000000000002,0.98534,0.0,0.0,0.0,1.0,0.201955,0.0,0.0,0.0,0.0,1.0,0.0,0.5,0.5,2
1.0,0.0,0.947525,0.48416,0.9376249999999999,0.527725,0.947525,0.50693,0.9643550000000001,0.51386,0.9564349999999999,0.49505,0.970295,0.49208,0.9594050000000001,0.51683,0.968315,0.5,0.971285,0.50693,0.952475,0.50396,0.943565,0.49109,0.946535,0.51188,0.94501,0.508055,0.9405950000000001,0.50099,0.936635,0.52079,0.933665,0.51188,1
1.0,0.0,0.94058,0.637375,0.860625,0.714405,0.807795,0.81831,0.694125,0.95251,0.549155,0.98064,0.399515,0.946,0.321315,0.8875,0.17442999999999997,0.81105,0.10615999999999998,0.727675,0.09072000000000002,0.595475,0.080285,0.459605,0.10832999999999998,0.36822,0.162215,0.272445,0.22633999999999999,0.19571,0.34743999999999997,0.16649999999999998,0.40344,0.12201499999999998,1
1.0,0.0,0.952735,0.705565,0.82677,0.8738049999999999,0.649605,0.979525,0.43329,0.9891,0.23881999999999998,0.916315,0.101715,0.7754300000000001,0.016845,0.57596,0.034995,0.37223,0.140685,0.20310499999999998,0.29227000000000003,0.07397500000000001,0.48875,0.031059999999999977,0.68159,0.07316,0.83769,0.190205,0.9298850000000001,0.359385,0.94327,0.549,0.877475,0.731505,1
1.0,0.0,0.5,0.5,0.0,0.18617,1.0,0.75532,0.539895,0.38298,0.0,0.31915,0.56383,0.204785,1.0,0.0,0.5,0.5,0.914895,0.460105,0.375,1.0,0.585105,0.146275,0.5,0.5,0.40425500000000003,0.265955,0.3883,0.25532,0.87234,0.9521299999999999,0.16223500000000002,0.7287250000000001,2
1.0,0.0,1.0,0.5,1.0,0.5,0.8333349999999999,0.555555,1.0,0.444445,0.944445,0.444445,1.0,0.38889,0.88889,0.5,0.88889,0.5,1.0,0.444445,0.88889,0.444445,0.8333349999999999,0.444445,0.8333349999999999,0.5,0.951735,0.47324,1.0,0.555555,0.944445,0.444445,1.0,0.5,1
1.0,0.0,0.84722,0.694445,0.5,0.5,0.33531500000000003,0.849205,0.5,0.5,0.5,0.5,0.5,0.5,0.603175,0.37897000000000003,0.60516,0.59722,0.732145,0.890875,0.5,0.5,0.5,0.5,0.867065,0.636905,0.88095,0.8174600000000001,0.5,0.5,0.5,0.5,0.5,0.5,2
1.0,0.0,0.72222,0.72222,0.768475,0.9538150000000001,0.38889,1.0,0.333335,0.944445,0.0,0.6666650000000001,0.0,0.444445,0.0,0.38889,0.166665,0.11110999999999999,0.77778,0.0,0.38889,0.11110999999999999,0.88889,0.38889,0.6666650000000001,0.5,0.9606,0.725095,0.78727,0.921765,0.61111,1.0,0.22221999999999997,1.0,1
1.0,0.0,1.0,0.83892,0.9065449999999999,0.9101049999999999,0.715095,1.0,0.603095,0.902705,0.28064,1.0,0.104325,0.88546,0.0,0.70134,0.30477,0.20683,0.010465000000000002,0.28589,0.134585,0.118305,0.311645,0.012544999999999973,0.7068300000000001,0.0,0.70889,0.033519999999999994,0.628865,0.0,0.96785,0.32389,0.9940800000000001,0.51723,1
1.0,0.0,0.756035,1.0,1.0,0.76905,0.85589,0.904165,0.72811,0.732135,0.665405,1.0,0.606245,1.0,0.41292,1.0,0.334595,0.99361,0.19308999999999998,1.0,0.23663,0.858495,0.057499999999999996,0.73947,0.0,0.675875,0.0,0.547845,0.0,0.416435,0.0,0.28886999999999996,0.04048499999999999,0.172215,1
1.0,0.0,1.0,0.35786,1.0,0.37327,0.973115,0.32453,1.0,0.34717,0.96368,0.254715,0.95409,0.279405,0.8786149999999999,0.205505,0.84874,0.209905,0.798115,0.212105,0.842295,0.145125,0.7723249999999999,0.063365,0.74607,0.13333499999999998,0.67752,0.11973,0.63176,0.10880499999999999,0.58302,0.13427499999999998,0.56997,0.15000000000000002,1
0.0,0.0,1.0,0.0,0.0,1.0,0.0,1.0,1.0,1.0,1.0,1.0,0.0,0.0,0.0,0.0,1.0,1.0,1.0,0.0,0.0,0.0,0.0,0.0,1.0,0.5,1.0,0.0,1.0,0.0,0.0,1.0,0.0,1.0,2
1.0,0.0,0.97601,0.51127,0.968785,0.49364,0.96763,0.50607,0.983525,0.49133,0.98468,0.5026,0.978325,0.48468,0.9763,0.497975,0.9974000000000001,0.486705,0.998845,0.50896,0.96792,0.475145,0.969075,0.48815,0.98526,0.477745,0.9810749999999999,0.491765,0.9869950000000001,0.50954,0.97717,0.48295,0.97919,0.504045,1
1.0,0.0,1.0,0.472355,1.0,0.0,0.75,0.444445,0.680555,0.38889,1.0,0.37144,0.583335,0.444445,1.0,0.3267,1.0,0.305735,1.0,0.28569,0.5,0.375,1.0,0.24833499999999997,1.0,0.36111,1.0,0.21454,1.0,0.36111,1.0,0.18422,1.0,0.170325,2
1.0,0.0,0.75056,0.48202,0.80562,0.50674,0.79438,0.507865,0.79438,0.51236,0.83371,0.497755,0.858425,0.476405,0.832585,0.504495,0.7865150000000001,0.51236,0.8235950000000001,0.46292,0.78427,0.570785,0.78764,0.48202,0.732585,0.52472,0.78294,0.50412,0.7382,0.48202,0.773035,0.55281,0.8033699999999999,0.45955,1
1.0,0.0,0.87458,0.512745,0.99497,0.54896,0.879275,0.564385,0.8715649999999999,0.45406,0.97921,0.51241,0.9896050000000001,0.497655,0.98055,0.550975,0.95741,0.51878,0.85513,0.513415,0.9061049999999999,0.45976,1.0,0.5,0.8588199999999999,0.493965,0.911355,0.51276,0.862175,0.494635,0.952045,0.55533,0.864185,0.51375,1
1.0,0.0,0.87782,0.74819,0.9177500000000001,0.771505,0.77458,0.8603149999999999,0.676125,0.85396,0.567345,0.9737450000000001,0.45091,0.96889,0.31198000000000004,0.911115,0.23629,0.8558049999999999,0.15821000000000002,0.8399449999999999,0.149185,0.62478,0.104265,0.514975,0.005060000000000009,0.35450499999999996,0.14823999999999998,0.33604,0.18344,0.404075,0.329345,0.19773000000000002,0.401955,0.18522,1
1.0,0.0,1.0,0.21388000000000001,0.99575,0.133145,0.9475899999999999,0.012749999999999984,1.0,0.32091000000000003,1.0,0.383855,0.81445,0.06799,1.0,0.21232499999999999,1.0,0.10198499999999999,0.8838550000000001,0.05524000000000001,0.983005,0.0,0.8506,0.12552000000000002,0.8097300000000001,0.11548000000000003,0.768885,0.11007,0.9051,0.0,1.0,0.0,0.652225,0.11943999999999999,1
1.0,0.0,0.87395,0.5042,0.91656,0.508295,0.91319,0.512345,0.932775,0.508405,0.80252,0.52941,0.895465,0.523655,0.887205,0.527035,0.82353,0.5966400000000001,0.9201699999999999,0.52101,0.856425,0.53561,0.844475,0.537885,0.831935,0.542015,0.81864,0.54148,0.806725,0.508405,0.7909349999999999,0.543785,0.7766500000000001,0.544455,1
1.0,0.0,0.992275,0.48632,0.99029,0.47948,1.0,0.461825,0.9936,0.50728,0.97639,0.48698,0.9924999999999999,0.46271,0.99691,0.464255,0.98698,0.45234,0.98632,0.43888,0.99647,0.47374,0.97639,0.45543,0.9867600000000001,0.458295,0.9832650000000001,0.43544,0.967345,0.42542,0.98566,0.421225,0.9838899999999999,0.406,1
1.0,0.0,0.924215,0.5339700000000001,0.90281,0.488505,0.885155,0.483505,0.8336250000000001,0.4669,0.79791,0.46167,0.8363,0.471145,0.8212999999999999,0.46781,0.695995,0.52265,0.85627,0.50697,0.7798499999999999,0.459805,0.76715,0.457735,0.73519,0.38589,0.743295,0.45436,0.763065,0.457315,0.7213849999999999,0.451895,0.7111149999999999,0.45096,1
1.0,0.0,0.973265,0.6435649999999999,0.86277,0.83624,0.73782,0.912275,0.506335,0.9455450000000001,0.375645,0.922375,0.26178,0.780395,0.12059500000000001,0.708715,0.167725,0.53604,0.17287000000000002,0.402375,0.23762499999999998,0.28,0.34574499999999997,0.224555,0.479405,0.17603999999999997,0.580425,0.21789999999999998,0.68376,0.290495,0.730295,0.38732500000000003,0.75188,0.4701,1
1.0,0.0,0.8,0.516665,0.816665,0.533335,0.85,0.533335,0.85,0.5,0.816665,0.5,0.9,0.5,0.866665,0.5,0.85,0.55,0.8333349999999999,0.55,0.866665,0.483335,0.883335,0.5,0.816665,0.566665,0.8296600000000001,0.55084,0.8,0.566665,0.8,0.583335,0.816665,0.583335,1
1.0,0.0,0.550675,0.554055,0.5,0.5,0.5,0.5,0.77365,0.9121600000000001,0.655405,1.0,0.5,0.5,0.5,0.5,0.68581,0.0,0.66554,0.0,0.5,0.5,0.5,0.5,0.28715999999999997,0.0,1.0,0.0,0.7770250000000001,0.381755,0.5,0.5,0.5,0.5,2
1.0,0.0,1.0,0.459085,1.0,0.44337,0.99623,0.35099,1.0,0.334625,0.98331,0.32859499999999997,0.92894,0.263675,0.9595199999999999,0.25915,0.8654200000000001,0.17387999999999998,0.8406549999999999,0.18228,0.91225,0.10842000000000002,0.794145,0.126075,0.8351649999999999,0.01851999999999998,0.743785,0.07165500000000002,0.689705,0.08053500000000002,0.6205849999999999,0.055769999999999986,0.646105,0.051895000000000024,1
1.0,0.0,0.52933,0.49581,0.53352,0.50419,0.5,0.494415,0.502795,0.480445,0.50838,0.46229,0.497205,0.526535,0.532125,0.48324,0.5,0.547485,0.467875,0.53771,0.476255,0.51257,0.513965,0.497205,0.50419,0.502795,0.551675,0.49581,0.515365,0.498605,0.522345,0.5,0.523745,0.48324,2
1.0,0.0,0.9583349999999999,0.6458349999999999,0.9166650000000001,0.416665,0.8541650000000001,0.625,0.9375,0.458335,0.9583349999999999,0.520835,0.9166650000000001,0.5625,0.8541650000000001,0.5,0.9375,0.520835,1.0,0.541665,0.8333349999999999,0.458335,0.875,0.583335,0.9166650000000001,0.4375,0.91898,0.527515,1.0,0.604165,0.8541650000000001,0.5,0.8541650000000001,0.520835,1
1.0,0.0,0.903135,0.565345,0.865305,0.621615,0.823075,0.59519,0.684615,0.727885,0.723965,0.732195,0.625,0.78654,0.62596,0.685575,0.576075,0.759385,0.45096,0.7875,0.48269,0.714425,0.45572,0.72212,0.425285,0.70003,0.4003,0.67488,0.38084,0.647705,0.36683,0.61948,0.38077,0.65577,1
1.0,0.0,0.5,0.5,1.0,0.7586200000000001,0.5,0.5,0.554955,0.0,0.5,0.5,0.5,0.5,0.0,0.38793,0.221445,0.083515,0.8847,0.815735,0.5,0.5,0.7672399999999999,0.6783399999999999,0.04848999999999998,0.72414,1.0,0.0,0.0,0.9078649999999999,0.5,0.5,0.5,0.5,2
0.0,0.0,0.5,0.5,1.0,1.0,0.5,0.5,1.0,1.0,0.5,0.5,1.0,0.0,0.5,0.5,0.5,0.5,0.5,0.5,0.5,0.5,0.5,0.5,0.5,0.5,1.0,0.0,0.5,0.5,0.0,1.0,0.5,0.5,2
1.0,0.0,0.87042,0.52487,0.89537,0.512715,0.892875,0.518965,0.83115,0.54974,0.839005,0.65576,0.87967,0.53674,0.873475,0.54221,0.853405,0.460735,0.818065,0.5,0.850105,0.556775,0.8409150000000001,0.560925,0.83508,0.577225,0.82079,0.56804,0.828535,0.587695,0.7987949999999999,0.573485,0.787275,0.57557,1
0.0,0.0,0.0,0.0,0.5,0.5,0.5,0.5,0.5,0.5,0.5,0.5,0.5,0.5,1.0,0.0,0.5,0.5,0.0,0.0,0.5,0.5,1.0,1.0,1.0,0.0,1.0,0.0,0.5,0.5,0.5,0.5,0.5,0.5,2
1.0,0.0,0.967685,0.568225,0.96858,0.626795,0.928525,0.693895,0.895195,0.735635,0.8617600000000001,0.7997099999999999,0.8263,0.875,0.75415,0.86793,0.708145,0.91371,0.627695,0.9297599999999999,0.56856,0.928075,0.50247,0.944345,0.463195,0.8989,0.395025,0.89002,0.334155,0.85727,0.30734,0.821815,0.262905,0.779175,1
1.0,0.0,0.935555,0.52163,0.8997299999999999,0.591485,0.995045,0.64646,0.947275,0.45831500000000003,0.94299,0.48986,0.95223,0.36638000000000004,0.94705,0.59982,0.94322,0.47679,0.9222600000000001,0.495045,0.98941,0.32988,0.8947700000000001,0.374495,0.933305,0.454035,0.929835,0.48546,0.8938699999999999,0.479495,0.879675,0.60906,0.94119,0.545965,1
1.0,0.0,0.59295,0.416665,0.5,0.5,0.5,0.5,0.5,0.5,0.5,0.5,0.55769,0.40464500000000003,0.5,0.5,0.5,0.5,0.5,0.5,0.5,0.5,0.47436,0.467145,0.539265,0.54487,0.5865400000000001,0.445515,0.5625,0.548075,0.51282,0.47596,0.584135,0.597755,2
1.0,0.0,0.695895,0.468285,0.98732,0.52164,1.0,1.0,0.679105,0.576495,0.77239,0.5653,0.8078350000000001,0.08955000000000002,0.78918,0.83955,0.833955,0.44776,0.73321,0.44216500000000003,0.82787,0.57396,0.916045,0.72761,0.735075,0.58209,0.746545,0.57315,0.662315,0.48694,0.69559,0.567605,0.6720550000000001,0.563775,2
1.0,0.0,0.799435,0.573445,0.84934,0.43032,0.92561,0.43032,0.904895,0.51224,0.752355,0.514125,0.8371,0.4774,0.9039550000000001,0.43126,0.7570600000000001,0.37759,0.9077200000000001,0.428435,0.851225,0.498115,0.6666650000000001,0.531075,0.780605,0.334275,0.80722,0.415815,0.763655,0.48964,0.769305,0.34369,0.8371,0.38983,1
0.0,0.0,1.0,0.0,1.0,1.0,1.0,0.0,1.0,1.0,1.0,0.0,1.0,1.0,1.0,0.0,1.0,0.0,1.0,1.0,1.0,1.0,1.0,0.0,1.0,0.0,1.0,0.0,1.0,1.0,1.0,0.0,1.0,1.0,2
1.0,0.0,0.8636349999999999,0.475,0.946205,0.51731,1.0,0.8636349999999999,0.83182,0.470455,0.74091,0.41591,0.909045,0.547795,0.78409,1.0,0.752275,0.60909,0.83409,0.55,1.0,0.35,0.99318,0.0,0.786365,0.663635,0.78491,0.573365,0.711365,0.54091,0.7446349999999999,0.573215,1.0,1.0,2
1.0,0.0,1.0,0.27419499999999997,1.0,1.0,0.85608,0.0,0.5,0.5,0.5,0.5,0.5,0.5,0.0,0.57258,0.77047,0.30335,0.0,0.227665,0.150125,1.0,0.5,0.5,1.0,0.9534750000000001,0.758065,1.0,1.0,0.399505,0.62841,1.0,0.33809,1.0,2
1.0,0.0,0.975565,0.502095,0.975915,0.486385,0.96719,0.4904,0.97295,0.50803,0.98255,0.516405,0.970855,0.53665,0.973125,0.49337,0.985865,0.5007,0.97417,0.53019,0.9633499999999999,0.54206,0.9656199999999999,0.550435,0.9726,0.506805,0.9676100000000001,0.524625,0.965795,0.54084,0.97033,0.499825,0.957415,0.52356,1
0.0,0.0,1.0,1.0,1.0,0.0,0.5,0.5,0.5,0.5,1.0,1.0,1.0,1.0,0.0,0.0,1.0,0.0,0.0,1.0,0.5,0.5,1.0,0.0,1.0,0.0,1.0,1.0,0.0,0.0,0.5,0.5,0.5,0.5,2
1.0,0.0,0.80339,0.48644,0.835595,0.52034,0.764405,0.477965,0.75254,0.518645,0.8525400000000001,0.461015,0.78983,0.48983,0.7661,0.538985,0.8203400000000001,0.55932,0.784745,0.488135,0.7661,0.50339,0.8576250000000001,0.48305,0.764405,0.48305,0.7863100000000001,0.50375,0.79322,0.498305,0.794915,0.48644,0.750845,0.5339,1
1.0,0.0,1.0,0.502165,1.0,0.493955,1.0,0.4852,1.0,0.46493,0.989195,0.46872,1.0,0.46728000000000003,0.986305,0.460415,0.962805,0.43167500000000003,0.97092,0.428365,0.9979450000000001,0.42876000000000003,0.974075,0.432175,0.947345,0.395745,0.945335,0.410455,0.92822,0.40724,0.918885,0.399495,0.919335,0.39617,1
1.0,0.0,0.9698599999999999,0.64041,0.9024300000000001,0.764105,0.790835,0.865755,0.674805,0.902555,0.553985,0.9520150000000001,0.399925,0.9466749999999999,0.30135,0.9108149999999999,0.20582499999999998,0.814335,0.118475,0.70184,0.09369,0.59444,0.09341500000000003,0.47858,0.123635,0.365585,0.183815,0.26781,0.26788999999999996,0.19277,0.368055,0.14582499999999998,0.455315,0.143635,1
0.0,0.0,1.0,0.0,1.0,1.0,0.0,0.0,1.0,0.0,0.5,0.5,0.5,0.5,0.0,1.0,1.0,0.0,1.0,0.0,0.125,1.0,1.0,0.0,1.0,0.0,1.0,0.0,0.0,0.0,0.5,0.5,1.0,0.0,2
1.0,0.0,1.0,0.41842,1.0,0.44915499999999997,0.999995,0.42401500000000003,1.0,0.403615,0.970275,0.324245,0.978675,0.351075,0.968595,0.32794,0.97243,0.35947,0.950685,0.28308500000000003,0.930215,0.26346,0.914935,0.2439,0.9204,0.26431499999999997,0.88112,0.20815,0.828615,0.15603,0.8435699999999999,0.177315,0.823635,0.16387000000000002,1
1.0,0.0,0.87234,0.55319,0.94353,0.50491,0.9427099999999999,0.507355,0.93617,0.49291,0.8652500000000001,0.55319,0.938285,0.51456,0.936175,0.51691,0.9787250000000001,0.539005,0.975175,0.521275,0.9279850000000001,0.523715,0.924655,0.52589,0.93617,0.55674,0.917145,0.53007,0.87234,0.48227,0.90855,0.534,0.90387,0.535865,1
1.0,0.0,1.0,0.77451,0.813725,1.0,0.509805,1.0,0.2549,0.960785,0.08823500000000001,0.7941199999999999,0.0,0.558825,0.019610000000000016,0.333335,0.17647000000000002,0.15686499999999998,0.382355,0.06862499999999999,0.67647,0.0,0.8725499999999999,0.13725500000000002,0.960785,0.39215500000000003,0.96437,0.60938,0.862745,0.784315,0.617645,0.9509799999999999,0.441175,0.9509799999999999,1
1.0,0.0,0.66417,0.5126,0.57618,0.60639,0.574595,0.870015,0.37146999999999997,0.9616199999999999,0.44844,0.5969,0.19324000000000002,0.62893,0.02973500000000001,0.472955,0.434415,0.428355,0.348425,0.276925,0.442955,0.072015,0.51334,0.38607,0.63971,0.46852499999999997,0.668685,0.44062,0.638285,0.442955,0.57539,0.56648,0.560985,0.60234,1
1.0,0.0,0.980435,0.5431,0.9838,0.596395,0.98013,0.637255,0.99022,0.67526,0.9643349999999999,0.731405,0.931325,0.7625850000000001,0.9141,0.7939700000000001,0.8662099999999999,0.845325,0.8450150000000001,0.8657,0.772365,0.8441000000000001,0.741695,0.880985,0.703075,0.873445,0.667005,0.91898,0.6247199999999999,0.9303049999999999,0.56878,0.934175,0.54524,0.931425,1
0.0,0.0,0.0,0.0,1.0,0.0,0.0,1.0,0.5,0.5,1.0,0.0,1.0,0.0,0.5,0.5,0.5,0.5,0.5,0.5,0.0,1.0,1.0,0.0,0.0,1.0,1.0,1.0,0.5,0.5,1.0,0.75,0.5,0.5,2
1.0,0.0,1.0,0.580975,1.0,0.47221,1.0,0.506865,1.0,0.43824,1.0,0.492445,1.0,0.491345,1.0,0.46813,1.0,0.464215,1.0,0.5295,1.0,0.44945999999999997,1.0,0.486575,1.0,0.38511,1.0,0.465885,1.0,0.541495,1.0,0.42903,1.0,0.462805,1
1.0,0.0,1.0,0.5,1.0,0.5,0.75,0.75,0.875,0.5,0.956005,0.56047,0.945335,0.5710500000000001,0.9346099999999999,0.58114,0.875,0.625,0.875,0.75,0.875,0.5,1.0,0.375,0.75,0.75,0.86972,0.63194,0.875,0.625,0.848175,0.64537,0.837465,0.651465,1
1.0,0.0,0.973245,0.50446,0.986435,0.4987,0.99461,0.50186,0.979005,0.50799,0.97027,0.5176499999999999,0.986065,0.523595,0.993125,0.50929,0.9713849999999999,0.535675,0.992755,0.49647,0.98885,0.5249,0.9817899999999999,0.53549,0.96637,0.540505,0.976215,0.52178,0.987365,0.50409,0.989225,0.535305,1.0,0.4987,1
1.0,0.0,1.0,1.0,0.5,0.5,1.0,0.0,0.0,0.0,1.0,1.0,1.0,0.0,0.5,0.5,1.0,0.0,1.0,1.0,0.5,0.5,1.0,0.0,0.0,0.0,1.0,1.0,0.0,1.0,0.0,1.0,0.5,0.5,2
1.0,0.0,0.68438,0.0,0.0,0.0,0.461695,1.0,1.0,0.975205,0.872985,0.30645,0.0,0.103435,0.451615,1.0,0.74342,0.73251,0.658775,0.362695,0.428285,0.39905999999999997,0.44012,0.534475,0.515105,0.533195,0.517215,0.49407,0.497985,0.49164,0.496195,0.50054,0.500075,0.501625,2
1.0,0.0,0.99411,0.510935,0.96551,0.6705,0.91952,0.67611,0.8735299999999999,0.74453,0.86792,0.759395,0.77538,0.800895,0.71565,0.8311850000000001,0.659,0.852215,0.641895,0.844365,0.537575,0.8684799999999999,0.53169,0.85642,0.417555,0.84857,0.41722,0.80255,0.41895499999999997,0.7790250000000001,0.326415,0.720975,0.332585,0.687325,1
1.0,0.0,1.0,0.556925,0.850095,0.43928,0.9079699999999999,0.548385,0.855785,0.505695,0.780835,0.4611,0.84535,0.56262,0.7931699999999999,0.519925,0.765655,0.48292,0.8472500000000001,0.58444,0.86338,0.536055,0.66034,0.52941,0.766605,0.686905,0.74545,0.589755,0.5759,0.6622399999999999,0.720705,0.594485,0.780835,0.5759,1
1.0,0.0,0.67347,0.60204,0.734695,0.62245,0.70408,0.60204,0.734695,0.72449,0.65306,0.79592,0.561225,0.7755099999999999,0.5,0.7551,0.46939,0.7755099999999999,0.39796,0.7755099999999999,0.357145,0.72449,0.357145,0.663265,0.19388,0.612245,0.26710500000000004,0.574475,0.20407999999999998,0.591835,0.32653,0.5,0.36734500000000003,0.37755,1
1.0,0.0,0.747575,0.548545,0.64806,0.529125,0.674755,0.5,0.78641,0.487865,0.7912600000000001,0.512135,0.667475,0.52427,0.762135,0.502425,0.7354350000000001,0.4466,0.71602,0.502425,0.674755,0.529125,0.59466,0.62864,0.65534,0.424755,0.682735,0.519075,0.6966,0.58738,0.63107,0.5,0.686895,0.49029,1
1.0,0.0,0.69697,0.37879,0.813275,0.50635,0.727275,0.545455,0.81818,0.545455,0.60606,0.39394,0.78788,0.57576,0.69697,0.5,0.78078,0.522805,0.757575,0.51515,0.89394,0.59091,0.6515150000000001,0.42424,0.74263,0.529645,0.73181,0.53071,0.6666650000000001,0.48485,0.70928,0.53205,0.69697,0.62121,1
1.0,0.0,1.0,0.52535,1.0,0.554135,1.0,0.59749,1.0,0.642265,1.0,0.67413,1.0,0.6913050000000001,0.9728749999999999,0.714405,0.94563,0.7519549999999999,0.8795299999999999,0.7940050000000001,0.90322,0.79981,0.8978900000000001,0.81379,0.833215,0.8197099999999999,0.797085,0.847175,0.74769,0.8634200000000001,0.735135,0.858445,0.666905,0.876215,1
1.0,0.0,0.75,0.5,0.69348,0.552175,0.74565,0.53261,0.734785,0.480435,0.67826,0.436955,0.72826,0.523915,0.752175,0.513045,0.67826,0.597825,0.71087,0.573915,0.71087,0.486955,0.6608700000000001,0.44348,0.736955,0.49565,0.7089449999999999,0.53454,0.69348,0.519565,0.676085,0.573915,0.723915,0.586955,1
1.0,0.0,1.0,0.0,1.0,1.0,1.0,0.0,1.0,0.0,1.0,0.0,1.0,0.4908,1.0,0.0,1.0,1.0,1.0,0.07208500000000001,1.0,1.0,1.0,0.0,0.5,0.5,1.0,1.0,1.0,0.10429500000000003,1.0,1.0,1.0,1.0,2
1.0,0.0,1.0,0.525745,0.996815,0.550615,0.98071,0.57378,0.977565,0.36752,0.83013,0.773505,0.90213,0.6264149999999999,0.868905,0.6369,0.8338749999999999,0.64357,0.798075,0.64652,0.76247,0.646,0.7279100000000001,0.64238,0.695115,0.63613,0.66465,0.627765,0.636905,0.61784,0.612135,0.60689,0.59043,0.595415,1
1.0,0.0,0.918045,0.566075,0.8608549999999999,0.530295,0.829145,0.541575,0.61944,0.564805,0.719185,0.60165,0.74709,0.56343,0.723735,0.567535,0.64676,0.51461,0.7407900000000001,0.57878,0.664175,0.57308,0.647475,0.57319,0.63218,0.57265,0.618205,0.57157,0.632145,0.580685,0.593835,0.56816,0.583275,0.56599,1
1.0,0.0,1.0,0.620385,0.9990749999999999,0.501845,0.90122,0.349335,0.949595,0.38256999999999997,0.8532150000000001,0.379615,0.869275,0.347305,0.85746,0.31961,0.73597,0.19405499999999998,0.702365,0.224705,0.805205,0.30335999999999996,0.76588,0.336595,0.61983,0.23929,0.64604,0.25805,0.563885,0.304285,0.5782849999999999,0.243355,0.591765,0.26698500000000003,1
1.0,0.0,0.9716549999999999,0.599795,0.98066,0.7040150000000001,0.90257,0.782845,0.783435,0.85415,0.70918,0.91615,0.574695,0.947445,0.525835,0.96841,0.37629,0.9196949999999999,0.285945,0.8777699999999999,0.248745,0.8128150000000001,0.172425,0.75214,0.15574500000000002,0.65456,0.11451499999999998,0.578095,0.12297000000000002,0.478005,0.12400499999999998,0.410395,0.16534,0.32816500000000004,1
1.0,0.0,1.0,0.483175,1.0,0.502425,1.0,0.43969,0.944825,0.50599,0.86541,0.52673,0.927215,0.504135,0.7729550000000001,0.501495,0.918875,0.43178,0.877675,0.4573,0.8544350000000001,0.36249,0.716925,0.43969,0.78764,0.2989,0.7949200000000001,0.389275,0.7155,0.413175,0.80218,0.3791,0.780225,0.30881000000000003,1
1.0,0.0,1.0,0.616975,0.95702,0.760065,0.8901,0.8607199999999999,0.7383,0.92111,0.6381950000000001,0.95865,0.547335,0.9412400000000001,0.3901,0.95702,0.32916,0.8775850000000001,0.24320000000000003,0.822635,0.177365,0.72307,0.12949,0.64581,0.14581,0.5179549999999999,0.141345,0.440285,0.17519,0.359085,0.243745,0.277475,0.31284,0.23340499999999997,1
1.0,0.0,0.633335,0.45,0.7666649999999999,0.5,0.6666650000000001,0.433335,0.683335,0.558335,0.783335,0.508335,0.8583350000000001,0.541665,0.85,0.466665,0.7666649999999999,0.6,0.7083349999999999,0.491665,0.658335,0.6,0.85,0.5,0.625,0.566665,0.73107,0.527195,0.7,0.516665,0.733335,0.516665,0.7083349999999999,0.475,1
1.0,0.0,0.940895,0.717455,0.797865,0.8882749999999999,0.59836,0.972685,0.379485,0.96272,0.18736999999999998,0.856285,0.06778499999999998,0.66826,0.03808,0.47331,0.11321999999999999,0.27646499999999996,0.26525,0.133575,0.448815,0.08891500000000002,0.63192,0.11215000000000003,0.77992,0.22044999999999998,0.860735,0.37783500000000003,0.86239,0.547995,0.7906850000000001,0.6945749999999999,0.673745,0.78828,1
1.0,0.0,0.0,0.640525,0.61111,0.575165,0.121535,0.14508,0.34640499999999996,0.85621,0.0,1.0,0.091505,0.669935,0.10457499999999997,0.48693,0.009805000000000008,0.08496500000000001,0.199345,0.22876000000000002,0.477125,0.08496500000000001,0.9705900000000001,0.02940999999999999,0.0,0.284315,0.8719250000000001,0.54588,0.0,0.526145,0.591505,0.51307,0.298995,0.258795,2
0.0,0.0,0.5,0.5,0.5,0.5,0.5,0.5,0.5,0.5,0.5,0.5,1.0,1.0,1.0,1.0,1.0,0.0,0.5,0.5,1.0,1.0,1.0,0.0,1.0,1.0,1.0,0.5,1.0,1.0,1.0,0.0,0.5,0.5,2
1.0,0.0,0.7135400000000001,0.25,0.5,0.5,0.5,0.5,0.73229,0.7552099999999999,0.79479,0.510415,0.5,0.5,0.5,0.5,0.58229,0.272915,0.7958350000000001,0.408335,0.5,0.5,0.5,0.5,0.99375,0.29583499999999996,0.0,0.0,0.36041500000000004,0.12187500000000001,0.5,0.5,0.5,0.5,2
1.0,0.0,0.727275,0.545455,0.81818,0.545455,0.636365,0.59091,0.81818,0.5,0.68182,0.454545,0.727275,0.454545,0.74306,0.493285,0.81818,0.40909,0.727275,0.5,0.68182,0.454545,0.636365,0.59091,0.68182,0.454545,0.67221,0.49116,0.636365,0.5,0.68182,0.5,0.644925,0.49084,1
1.0,0.0,0.9972449999999999,0.50263,0.92041,0.443435,0.9411849999999999,0.417845,0.995305,0.468715,0.9824200000000001,0.46252,0.926105,0.51483,0.935805,0.39576,0.9694050000000001,0.43511500000000003,0.99149,0.455325,0.94938,0.500375,0.93918,0.47059,0.9668399999999999,0.40064,0.9378949999999999,0.41097,0.9714700000000001,0.417095,0.901265,0.371295,0.88293,0.36102999999999996,1
1.0,0.0,0.792295,0.32237,1.0,0.67669,0.87688,0.49718,0.912595,0.596805,0.7509399999999999,0.36184,0.829885,0.531955,0.848685,0.57331,0.8618399999999999,0.286655,0.88064,0.522555,0.834585,0.602445,0.92387,0.295115,0.8242499999999999,0.476505,0.78418,0.447145,0.7641,0.43327,0.57801,0.43891,0.723835,0.448455,1
1.0,0.0,0.8333349999999999,0.49317,0.98702,0.534155,0.74795,0.750685,0.878415,0.498635,0.82582,0.429645,0.70082,0.255465,0.69604,0.793715,0.88388,0.6591549999999999,0.89276,0.556695,0.737705,0.275275,1.0,0.503415,0.80328,0.534835,0.84328,0.58544,0.93784,0.5389349999999999,0.77664,0.62295,0.56967,0.740435,1
1.0,0.0,0.830805,0.0,1.0,1.0,1.0,0.163395,0.9044650000000001,0.29777,1.0,0.0,1.0,0.05312499999999998,1.0,0.866965,0.5879449999999999,0.8549100000000001,1.0,0.89018,1.0,0.9263399999999999,1.0,0.0,1.0,0.926785,1.0,0.457145,0.9799100000000001,0.31875,1.0,0.8263400000000001,1.0,0.67366,2
1.0,0.0,0.925065,0.509045,0.961055,0.50728,0.9602299999999999,0.5109,0.9638249999999999,0.54005,0.9379850000000001,0.55685,0.955805,0.5216,0.9536899999999999,0.5250900000000001,0.936695,0.5142100000000001,0.97933,0.5,0.945485,0.535235,0.94215,0.538485,0.918605,0.554265,0.934615,0.54475,0.9379850000000001,0.54393,0.92599,0.55067,0.9212899999999999,0.55349,1
1.0,0.0,0.94055,0.5,0.974085,0.48628,0.96799,0.4939,0.95122,0.509145,0.95122,0.509145,0.96951,0.504575,0.97866,0.501525,1.0,0.51372,0.971035,0.4939,0.95427,0.512195,0.957315,0.52744,0.998475,0.52439,0.94833,0.51113,0.95427,0.504575,1.0,0.52744,0.987805,0.4939,1
1.0,0.0,0.965735,0.64641,0.8995850000000001,0.77878,0.79976,0.85798,0.631015,0.963255,0.52318,0.9837400000000001,0.383815,0.97565,0.22037,0.90509,0.133355,0.811925,0.04502499999999998,0.681,0.03872999999999999,0.5302,0.031909999999999994,0.40081,0.08404,0.26547,0.17417500000000002,0.15222000000000002,0.293885,0.07137500000000002,0.43205,0.030235000000000012,0.550035,0.02588499999999999,1
1.0,0.0,0.96829,0.675535,0.87627,0.8282,0.727855,0.9428799999999999,0.576615,0.97888,0.391125,0.9815050000000001,0.217325,0.9169849999999999,0.10624499999999998,0.790225,0.03448000000000001,0.6301,0.03179500000000002,0.46791,0.06485999999999997,0.295255,0.174605,0.16268,0.316005,0.075245,0.47711,0.04389500000000002,0.6366499999999999,0.07118999999999998,0.774135,0.151935,0.8741399999999999,0.279135,1
1.0,0.0,0.93142,0.59655,0.9046000000000001,0.7057450000000001,0.836015,0.778925,0.772795,0.84981,0.6835249999999999,0.9076649999999999,0.598085,0.928355,0.479695,0.93142,0.413795,0.878925,0.3295,0.828735,0.25900500000000004,0.7804599999999999,0.19885000000000003,0.7049799999999999,0.20383,0.628735,0.18480999999999997,0.54409,0.213795,0.46092,0.22566999999999998,0.400385,0.28544,0.34023000000000003,1
1.0,0.0,0.366665,0.7,0.363485,0.560795,0.41111,0.47778,0.53096,0.465605,0.522305,0.512875,0.495575,0.51363,0.49207,0.49917,0.499535,0.495585,0.50235,0.499235,0.50069,0.50119,0.49943,0.50051,0.499655,0.49975,0.500095,0.499785,0.50013,0.500025,0.5,0.500075,0.49996,0.50001,2
1.0,0.0,0.997695,0.470555,0.926215,0.51153,0.91699,0.31145999999999996,1.0,0.5188,0.926215,0.411225,0.798775,0.275275,0.8026800000000001,0.30888499999999997,0.92178,0.30729,0.79106,0.33904,0.7848550000000001,0.35163,0.6847300000000001,0.263215,0.784055,0.244145,0.70539,0.26916,0.60633,0.32955,0.711335,0.22756500000000002,0.593205,0.27349999999999997,1
1.0,0.0,0.0,0.0,1.0,1.0,1.0,0.428125,0.5,0.5,0.0,1.0,1.0,1.0,0.589585,0.0,0.0,0.0,0.54375,0.0,1.0,0.0,0.0,1.0,0.0,0.0,1.0,0.0,0.0,0.0,1.0,1.0,0.5,0.5,2
0.0,0.0,1.0,0.0,0.5,0.5,0.5,0.5,1.0,1.0,1.0,0.0,0.140625,1.0,0.5,0.5,0.0,1.0,1.0,1.0,0.0,1.0,1.0,0.78125,0.0,1.0,1.0,1.0,1.0,0.0,1.0,1.0,1.0,1.0,2
1.0,0.0,0.97299,0.486575,0.0,0.630655,0.318035,0.678195,0.84629,0.182865,1.0,0.483235,0.3549,0.49725,0.22574,0.57726,0.959605,0.26865,1.0,0.24788,0.351325,0.34273,0.13068000000000002,0.686805,0.91936,0.26633,0.7610399999999999,0.20934999999999998,1.0,0.193035,0.45183,0.602385,0.469415,0.709565,2
0.0,0.0,1.0,0.0,1.0,1.0,1.0,1.0,1.0,1.0,1.0,1.0,1.0,0.0,1.0,1.0,1.0,1.0,1.0,0.0,1.0,0.0,1.0,0.0,1.0,0.0,1.0,1.0,1.0,0.0,1.0,1.0,1.0,1.0,2
1.0,0.0,0.64601,0.56791,0.726655,0.58404,0.758915,0.497455,0.7631600000000001,0.604415,0.76231,0.41681,0.7368399999999999,0.47623,0.77759,0.519525,0.90832,0.387945,0.712225,0.47878,0.674875,0.533105,0.640915,0.395585,0.7586550000000001,0.48412,0.751845,0.483245,0.673175,0.549235,0.85399,0.49066,0.6977949999999999,0.48387,1
1.0,0.0,1.0,1.0,1.0,1.0,0.95505,1.0,0.36515,1.0,0.08423999999999998,1.0,0.0,1.0,0.0,0.86263,0.0,0.211105,0.0,0.28974,0.0,0.0,0.23581000000000002,0.0,0.95007,0.0,1.0,0.0,1.0,0.0,1.0,0.32657,1.0,0.674225,1
1.0,0.0,0.895785,0.584255,0.5,0.5,0.782705,0.53437,0.69734,1.0,0.6917949999999999,0.9977849999999999,0.487805,0.7660750000000001,0.618625,0.5643,0.486695,0.97561,0.24501,0.9246099999999999,0.449,0.694015,0.28714,0.618625,0.04213,0.9035500000000001,0.32927,0.9412400000000001,0.0,0.847005,0.0,0.5643,0.5,0.5,2
1.0,0.0,0.17857,0.0,1.0,0.914285,1.0,0.0,1.0,0.383035,1.0,0.9808049999999999,1.0,0.311605,1.0,0.0,1.0,0.569195,1.0,0.0,1.0,0.483035,0.07856999999999997,1.0,0.76875,0.92857,1.0,1.0,1.0,0.0,1.0,0.0,1.0,0.0,2
1.0,0.0,1.0,0.540065,0.983875,0.49759,0.9834149999999999,0.49639,0.9399,0.480385,1.0,0.507095,0.9809300000000001,0.49282,0.979735,0.491645,0.9924850000000001,0.50501,0.9557599999999999,0.45576,0.97508,0.48818,0.9731799999999999,0.487045,0.99082,0.510015,0.96886,0.48483,1.0,0.470785,0.96387,0.48268,0.96113,0.481635,1
1.0,0.0,1.0,0.6208400000000001,1.0,0.74295,1.0,0.864865,1.0,1.0,1.0,1.0,1.0,1.0,1.0,0.88564,1.0,1.0,1.0,1.0,0.87234,1.0,0.9482349999999999,1.0,0.82314,1.0,0.691275,1.0,0.554095,1.0,0.41315,1.0,0.09308499999999997,1.0,1
1.0,0.0,1.0,0.548855,1.0,0.560985,1.0,0.61287,0.99301,0.546185,0.97465,0.596055,0.96496,0.62144,0.946205,0.641715,0.927645,0.633605,0.91828,0.665645,0.916965,0.65849,0.874145,0.697985,0.880965,0.6732899999999999,0.84226,0.71373,0.81382,0.730155,0.783955,0.7351650000000001,0.7712600000000001,0.754515,1
1.0,0.0,0.5273,0.507185,0.48707,0.52299,0.507185,0.52299,0.461205,0.50431,0.50862,0.466955,0.48132,0.52155,0.458335,0.47701,0.452585,0.54023,0.479885,0.52586,0.510055,0.511495,0.48132,0.494255,0.515805,0.49569,0.50431,0.50862,0.51293,0.505745,0.51293,0.505745,0.47701,0.497125,2
1.0,0.0,0.0,1.0,0.0,0.57622,0.64177,1.0,0.0,1.0,0.0,0.0,1.0,1.0,0.0,0.38262,0.641505,0.0,1.0,1.0,0.34299,0.0,0.0,0.0,1.0,0.0,0.0,0.48211,1.0,0.0,0.0,0.338415,0.574695,1.0,2
0.0,0.0,1.0,0.0,1.0,0.0,1.0,0.0,1.0,0.0,1.0,1.0,1.0,1.0,1.0,0.0,1.0,1.0,1.0,1.0,1.0,1.0,1.0,0.0,1.0,0.0,1.0,0.0,1.0,0.828125,0.5,0.5,1.0,0.0,2
1.0,0.0,0.89689,0.64746,0.8203199999999999,0.76156,0.706595,0.8407899999999999,0.570885,0.91774,0.415845,0.89386,0.285445,0.86164,0.214175,0.707355,0.12281999999999998,0.583775,0.150115,0.45072,0.21152500000000002,0.382485,0.296815,0.308565,0.412815,0.2373,0.507615,0.256465,0.59515,0.309705,0.6550400000000001,0.384005,0.67286,0.45982,1
1.0,0.0,0.950735,0.7089300000000001,0.820655,0.878625,0.6522,0.97574,0.39775499999999997,0.9826699999999999,0.22258499999999998,0.9059550000000001,0.09071499999999999,0.754745,0.015069999999999972,0.551725,0.04271999999999998,0.34294,0.149185,0.172695,0.33823000000000003,0.055005000000000026,0.529325,0.02914,0.722415,0.08922999999999998,0.870525,0.22384500000000002,0.947075,0.406375,0.939465,0.601795,0.8527750000000001,0.77426,1
1.0,0.0,0.956205,0.521735,0.970955,0.5114,0.973525,0.526725,0.96791,0.506605,0.9595549999999999,0.53174,0.96383,0.560335,0.96024,0.531055,0.944495,0.5636099999999999,0.91872,0.572195,0.904915,0.559245,0.885205,0.57111,0.878775,0.556495,0.86775,0.56641,0.831935,0.5765,0.854625,0.55377,0.82629,0.557235,1
1.0,0.0,1.0,0.494105,1.0,0.498285,1.0,0.492175,1.0,0.492175,1.0,0.485955,1.0,0.48906499999999997,0.9991399999999999,0.484565,0.9976400000000001,0.48381,0.99657,0.48274,1.0,0.480595,1.0,0.474805,1.0,0.475345,0.9992099999999999,0.472365,0.997,0.46848,0.995285,0.467515,0.994855,0.46666,1
1.0,0.0,0.160325,0.0,0.0,1.0,1.0,0.816585,0.517575,0.0,0.0,0.0,1.0,1.0,0.943415,0.0,0.0,1.0,0.9192,1.0,1.0,0.0,0.0,0.0,0.40571999999999997,1.0,1.0,0.0,0.0,0.0,0.0,1.0,1.0,0.6680550000000001,2
1.0,0.0,0.977795,0.499225,0.932105,0.43378,0.9749099999999999,0.497695,0.914045,0.244145,0.962205,0.55184,1.0,0.428765,0.99632,0.48729,0.979265,0.42241,0.920065,0.8086949999999999,1.0,0.418395,0.93746,0.457525,0.928705,0.49168,0.92066,0.491155,0.9121349999999999,0.490665,0.90317,0.490215,0.893805,0.489805,1
1.0,0.0,0.9900100000000001,0.500375,1.0,0.5,0.99491,0.499625,0.973605,0.51197,0.9884999999999999,0.51065,0.98944,0.515365,0.99585,0.51169,0.969645,0.528565,0.96776,0.526395,0.9886900000000001,0.52762,1.0,0.531205,0.9707749999999999,0.540535,0.983545,0.5362750000000001,0.978505,0.54044,0.99095,0.5406299999999999,0.986235,0.54308,1
1.0,0.0,0.976085,0.532975,0.96807,0.56515,0.9549799999999999,0.59576,0.9244049999999999,0.25019,0.950115,0.8066,0.8896850000000001,0.67164,0.86127,0.68994,0.8307249999999999,0.7042200000000001,0.97736,0.79931,0.76629,0.72044,0.733865,0.7225550000000001,0.7021999999999999,0.720995,0.67187,0.716105,0.95165,1.0,0.617025,0.6980999999999999,0.59316,0.685955,1
1.0,0.0,0.841585,0.526875,0.924015,0.50101,0.921705,0.501505,0.9215,0.549505,0.879065,0.52051,0.9094599999999999,0.502925,0.90369,0.503365,0.9031100000000001,0.437765,0.889675,0.48231999999999997,0.8818250000000001,0.504545,0.873175,0.50489,0.8981600000000001,0.478785,0.85412,0.50548,0.811175,0.55799,0.8331200000000001,0.50595,0.8220350000000001,0.506135,1
0.0,0.0,0.5,0.5,0.0,1.0,1.0,1.0,0.0,0.0,0.5,0.5,0.0,0.0,0.0,0.34375,0.0,0.0,1.0,0.0,1.0,0.0,0.5,0.5,1.0,0.0,0.0,0.0,0.5,0.5,1.0,0.0,0.5,0.5,2
1.0,0.0,0.9404250000000001,0.67616,0.8419449999999999,0.8256399999999999,0.67408,0.8989199999999999,0.52916,0.95421,0.35108,0.93245,0.18682500000000002,0.84795,0.11447000000000002,0.696545,0.07098500000000002,0.54204,0.09179500000000002,0.379915,0.177105,0.24989,0.30117,0.15831499999999998,0.444265,0.12233500000000003,0.585205,0.14248,0.703375,0.21175500000000003,0.78313,0.316175,0.813825,0.433475,1
1.0,0.0,1.0,1.0,1.0,0.0,0.5,0.5,0.5,0.5,1.0,1.0,1.0,0.0,1.0,1.0,1.0,0.0,0.5,0.5,0.5,0.5,1.0,0.36111,0.5,0.5,1.0,0.0,1.0,1.0,1.0,0.0,0.5,0.5,2
1.0,0.0,0.918945,0.71452,0.860565,0.791925,0.728125,0.890575,0.58235,0.91366,0.43494,0.934735,0.269115,0.892485,0.20282499999999998,0.7603500000000001,0.10765000000000002,0.632645,0.07993,0.51964,0.189795,0.343245,0.26294,0.255475,0.31351,0.16102,0.47473,0.18654500000000002,0.57345,0.270445,0.685465,0.304165,0.741595,0.37843499999999997,1
1.0,0.0,0.94705,0.567125,0.935005,0.657715,0.8944799999999999,0.71694,0.81694,0.799875,0.770015,0.8550800000000001,0.698495,0.8808050000000001,0.6213299999999999,0.897615,0.54567,0.8979900000000001,0.45420499999999997,0.881305,0.398995,0.83463,0.348685,0.81305,0.29724,0.752445,0.26892499999999997,0.703765,0.24842999999999998,0.63626,0.235885,0.5958600000000001,0.25595999999999997,0.52986,1
1.0,0.0,0.7368399999999999,0.44737,0.9189050000000001,0.50878,0.915775,0.513075,0.842105,0.473685,0.842105,0.5,0.8992800000000001,0.52514,0.891575,0.52878,0.921055,0.7368399999999999,1.0,0.526315,0.86275,0.538155,0.851505,0.540705,0.710525,0.6052649999999999,0.827095,0.54484,0.7631600000000001,0.394735,0.8007500000000001,0.54767,0.7870900000000001,0.5485949999999999,1
0.0,0.0,1.0,1.0,1.0,0.0,1.0,1.0,1.0,1.0,1.0,1.0,1.0,1.0,1.0,1.0,1.0,0.0,0.0,1.0,0.0,1.0,0.0,1.0,1.0,0.0,1.0,1.0,0.0,1.0,0.0,0.0,0.0,1.0,2
1.0,0.0,0.5,0.5,0.5,0.5,0.5,0.5,0.5,0.5,0.810975,1.0,0.5,0.5,0.5,0.5,0.682925,0.140245,0.78049,0.0,0.5,0.5,0.5,0.5,0.5,0.5,1.0,0.55488,0.5,0.5,0.5,0.5,0.5,0.5,2
1.0,0.0,1.0,0.558825,1.0,0.617645,1.0,0.7058800000000001,1.0,0.52941,1.0,0.617645,1.0,0.558825,1.0,0.735295,1.0,0.47059,1.0,0.441175,1.0,0.67647,1.0,0.7058800000000001,1.0,0.441175,1.0,0.601125,1.0,0.52941,1.0,0.67647,1.0,0.617645,1
1.0,0.0,1.0,1.0,1.0,0.75625,0.8125,0.0,1.0,1.0,0.5125,0.515625,1.0,1.0,0.5,0.5,1.0,0.0,1.0,1.0,1.0,1.0,0.65625,1.0,1.0,1.0,1.0,1.0,1.0,1.0,0.02812500000000001,1.0,0.5,0.5,2
1.0,0.0,0.692605,0.57782,0.706225,0.536965,0.632295,0.620625,0.61673,0.56615,0.597275,0.62646,0.62257,0.684825,0.544745,0.614785,0.480545,0.684825,0.52529,0.624515,0.624515,0.54864,0.53891,0.649805,0.48753,0.64241,0.46988,0.6312800000000001,0.42607,0.57393,0.453305,0.65564,0.40467,0.6439699999999999,2
1.0,0.0,0.5,0.5,0.5,0.5,0.5,0.5,0.5,0.5,1.0,0.333335,0.583335,0.6302099999999999,0.5,0.5,0.5,0.5,0.5,0.5,0.40104,0.390625,0.416665,0.953125,0.0,0.75,0.520835,0.875,0.385415,0.0,0.4375,0.364585,0.40104,0.03125,2
1.0,0.0,1.0,0.61529,1.0,0.10745500000000002,1.0,0.447995,1.0,0.57707,1.0,0.6391,0.9905999999999999,0.46569499999999997,1.0,0.53305,0.9790099999999999,0.40523,0.9179200000000001,0.421835,0.987,0.51864,0.99812,0.54621,1.0,0.493735,0.98119,0.477015,0.9558249999999999,0.519425,1.0,0.43139,0.982615,0.441415,1
1.0,0.0,0.8802300000000001,0.50546,0.931675,0.50129,0.9291050000000001,0.50192,0.89994,0.51152,0.90752,0.56034,0.9154800000000001,0.50372,0.9090750000000001,0.50427,0.9138850000000001,0.46513,0.882655,0.519405,0.884895,0.50574,0.875355,0.50616,0.88569,0.498485,0.85443,0.506875,0.830805,0.504245,0.8314900000000001,0.50742,0.819435,0.507625,1
1.0,0.0,0.926045,0.69626,0.694435,0.88216,0.54429,0.994515,0.286875,0.94372,0.11885499999999999,0.7499,0.034540000000000015,0.55384,0.07050000000000001,0.34478,0.16985,0.22369,0.4037,0.069685,0.64222,0.09752,0.823245,0.32384999999999997,0.88907,0.38338,0.85849,0.606715,0.68915,0.79155,0.5983350000000001,0.831575,0.443925,0.824665,1
1.0,0.0,0.917395,0.644965,0.8462799999999999,0.73851,0.74617,0.841905,0.609955,0.933805,0.45952,0.925055,0.32221,0.888405,0.236325,0.792125,0.14825,0.656455,0.12089499999999997,0.519695,0.14387499999999998,0.423415,0.20842500000000003,0.30416,0.314005,0.23523,0.41525,0.195685,0.542125,0.19256,0.62582,0.25766,0.702955,0.323305,1
1.0,0.0,0.511685,0.49704,0.45038,0.440255,0.496185,0.44088,0.57353,0.533185,0.51893,0.46849,0.5,0.5,0.47714,0.4223,0.498285,0.44902,0.442125,0.47293,0.50919,0.5183450000000001,0.507595,0.50444,0.517565,0.492325,0.4838,0.546115,0.46070500000000003,0.50366,0.5,0.5,0.499805,0.560055,2
1.0,0.0,0.71875,0.520835,0.7916650000000001,0.447915,0.6979150000000001,0.5,0.6666650000000001,0.46875,0.7395849999999999,0.5,0.6458349999999999,0.552085,0.7708349999999999,0.510415,0.71875,0.385415,0.6770849999999999,0.385415,0.6666650000000001,0.541665,0.625,0.59375,0.6979150000000001,0.40625,0.72006,0.44968,0.7083349999999999,0.458335,0.7916650000000001,0.34375,0.6666650000000001,0.46875,1
1.0,0.0,1.0,0.49329,1.0,0.50783,1.0,0.49888,1.0,0.53132,0.988815,0.52237,0.979865,0.51454,1.0,0.53244,0.994405,0.51678,1.0,0.517895,0.99888,0.54698,0.978745,0.536915,1.0,0.550335,0.999945,0.543815,0.995525,0.542505,1.0,0.550335,1.0,0.550335,1
1.0,0.0,0.978295,0.5407150000000001,0.9874350000000001,0.471665,0.985825,0.45758,0.980485,0.467195,0.9735849999999999,0.506395,0.9771799999999999,0.416025,0.97306,0.402515,0.99815,0.33865999999999996,0.951715,0.32049,0.95714,0.36341999999999997,0.9507,0.35096499999999997,0.999495,0.296265,0.93622,0.32706999999999997,0.960295,0.346905,0.919755,0.304695,0.91083,0.29413500000000004,1
1.0,0.0,0.509875,0.503525,0.52045,0.49577,0.51058,0.50564,0.50564,0.52186,0.50141,0.500705,0.509875,0.484485,0.490125,0.530325,0.47955,0.5134,0.48801,0.497885,0.52186,0.487305,0.50917,0.5,0.5,0.493655,0.50917,0.49436,0.50282,0.492245,0.491535,0.48801,0.503525,0.5,2
1.0,0.0,0.93886,0.45924,0.9171199999999999,0.536685,0.923915,0.52038,0.8858699999999999,0.48913,0.8858699999999999,0.471465,0.9116850000000001,0.44701,0.839675,0.497285,0.940215,0.39538,0.9171199999999999,0.516305,0.9320649999999999,0.47011000000000003,0.986415,0.360055,0.92527,0.40625,0.918525,0.448945,0.92935,0.483695,0.892665,0.44565,0.8953800000000001,0.497285,1
1.0,0.0,0.171875,0.578125,0.53125,0.5,0.5,0.53125,0.8125,0.53125,0.59375,0.5,0.484375,0.546875,0.53125,0.5,0.578125,0.421875,0.71875,0.3125,0.5,0.453125,0.5,0.5,0.515625,0.265625,0.515625,0.5,0.140625,0.515625,0.484375,0.5,0.5,0.546875,2
1.0,0.0,1.0,0.584005,0.99676,0.58167,0.97308,0.666735,0.9587950000000001,0.61305,0.95704,0.685535,0.92125,0.734495,0.9050549999999999,0.746125,0.8923650000000001,0.741555,0.825455,0.784885,0.7827649999999999,0.7903549999999999,0.77793,0.8236,0.741555,0.77618,0.716585,0.845645,0.67842,0.880735,0.669605,0.83422,0.610505,0.893425,1
1.0,0.0,1.0,0.5369,1.0,0.5171,1.0,0.472185,1.0,0.54382,1.0,0.598255,1.0,0.60164,1.0,0.563925,1.0,0.552805,1.0,0.635435,1.0,0.7237899999999999,1.0,0.70875,1.0,0.6001650000000001,1.0,0.683715,0.9780150000000001,0.743205,1.0,0.66246,1.0,0.73356,1
1.0,0.0,0.958835,0.59099,0.93045,0.6777150000000001,0.864365,0.728735,0.802125,0.849325,0.75188,0.87461,0.6805,0.908975,0.57832,0.91779,0.50198,0.92605,0.41805000000000003,0.889265,0.32001999999999997,0.880965,0.284565,0.826925,0.2343,0.7694300000000001,0.19835999999999998,0.70486,0.17744500000000002,0.63669,0.17145,0.568335,0.17972,0.52697,1
1.0,0.0,1.0,0.57143,1.0,0.857145,1.0,0.857145,1.0,0.42857,0.92857,0.42857,1.0,0.51267,1.0,0.5,0.7142850000000001,0.42857,1.0,0.518085,1.0,0.357145,1.0,0.5,0.642855,0.357145,1.0,0.524455,1.0,0.52591,1.0,0.7857149999999999,1.0,0.5,1
1.0,0.0,1.0,0.379745,1.0,0.398735,0.9367099999999999,0.449365,0.94304,0.50633,1.0,0.55696,0.962025,0.531645,0.92405,0.481015,0.8164549999999999,0.316455,0.9367099999999999,0.49367,0.9683550000000001,0.531645,1.0,0.62658,0.810125,0.310125,0.9231849999999999,0.4723,1.0,0.468355,0.765825,0.51266,0.91772,0.48734,1
0.0,0.0,1.0,1.0,1.0,0.0,1.0,0.0,1.0,1.0,0.5,0.5,1.0,0.0,0.5,0.5,0.5,0.5,0.5,0.5,0.0,1.0,1.0,1.0,0.5,0.5,1.0,1.0,0.5,0.5,0.0,0.0,0.5,0.5,2
1.0,0.0,0.9412050000000001,0.65317,0.86616,0.78908,0.670545,0.792635,0.528585,1.0,0.45381,0.96059,0.187985,0.85998,0.151165,0.66279,0.09288999999999997,0.705975,0.0,0.496125,0.10513499999999998,0.29457500000000003,0.11549500000000001,0.27261,0.21378999999999998,0.16197499999999998,0.34195,0.09061999999999998,0.485105,0.06579499999999999,0.62696,0.08936500000000003,0.50097,0.09156999999999998,1
1.0,0.0,1.0,0.31081000000000003,0.824325,0.64865,0.824325,0.37838,0.93243,0.594595,1.0,0.364865,0.7567550000000001,0.5,0.81081,0.472975,0.66216,0.39189,0.859165,0.41167,0.81081,0.527025,0.8783799999999999,0.56757,0.675675,0.35135,0.8051550000000001,0.389185,0.7923899999999999,0.384865,0.864865,0.20270500000000002,0.7567550000000001,0.37838,1
1.0,0.0,1.0,0.06649500000000003,1.0,0.6113999999999999,0.92746,0.30052,1.0,0.43955,1.0,0.675735,1.0,0.53886,1.0,0.426165,1.0,0.0,1.0,0.0,0.8091550000000001,0.5790150000000001,1.0,0.8117449999999999,1.0,0.41494,1.0,0.67962,1.0,0.16753,1.0,0.94214,1.0,0.40587,2
1.0,0.0,1.0,0.52906,0.9726250000000001,0.53709,0.99976,0.566155,1.0,0.490445,0.9742299999999999,0.535165,0.978565,0.57322,0.97431,0.55612,0.95448,0.600595,0.983705,0.581325,0.998475,0.57129,0.95392,0.58205,0.9583349999999999,0.612155,0.942115,0.617855,0.94284,0.612555,0.8916200000000001,0.64788,0.91787,0.65583,1
1.0,0.0,0.645365,0.550125,0.61654,0.586465,0.518795,0.67168,0.56015,0.63158,0.53133,0.606515,0.476375,0.563835,0.468335,0.539535,0.46836,0.520485,0.472845,0.50704,0.47917,0.4986,0.48562,0.49412,0.491225,0.492475,0.49557,0.492625,0.4986,0.49375,0.50048,0.49526,0.50145,0.496765,1
1.0,0.0,0.829545,0.18560500000000002,0.5,0.5,0.5,0.5,0.8863650000000001,1.0,1.0,0.35985,0.5,0.5,0.5,0.5,0.810605,0.386365,0.920455,0.0,1.0,0.0,0.5,0.5,0.5,0.5,1.0,0.030305000000000026,0.435605,0.03409000000000001,0.5,0.5,0.5,0.5,2
1.0,0.0,0.8116749999999999,0.48255,0.795425,0.502405,0.802045,0.462695,0.815885,0.504815,0.8122750000000001,0.462695,0.83514,0.5361,0.8146800000000001,0.45788,0.837545,0.54573,0.8357399999999999,0.5,0.794825,0.55054,0.7503,0.515645,0.829725,0.570395,0.802315,0.510095,0.75692,0.52226,0.808665,0.495185,0.80686,0.45427,1
1.0,0.0,1.0,0.49694,1.0,0.45083,1.0,0.461755,1.0,0.446975,1.0,0.444635,1.0,0.302555,1.0,0.42192,0.96062,0.34058,0.932365,0.32733,0.958465,0.27964,0.9803,0.26566999999999996,0.90937,0.29813999999999996,0.913405,0.288845,0.8789199999999999,0.30884500000000004,0.9022399999999999,0.297125,0.8717699999999999,0.27480499999999997,1
1.0,0.0,0.95304,0.491715,0.99061,0.490055,0.9784550000000001,0.48177,0.92873,0.50055,0.94862,0.483425,0.9453050000000001,0.49282,0.95304,0.47735,0.956905,0.49558,0.9038649999999999,0.43535999999999997,0.9436450000000001,0.506075,0.9607749999999999,0.4884,0.9552499999999999,0.489505,0.945735,0.4612,0.9149149999999999,0.41381,0.98011,0.481215,0.9370149999999999,0.418785,1
1.0,0.0,0.496795,0.25,0.5,0.5,0.490385,1.0,0.5,0.5,0.5,0.5,0.5,0.5,0.5,0.5,0.5,0.5,0.65705,0.964745,0.32372,0.871795,0.326925,0.09615499999999999,0.5,0.5,0.19230999999999998,0.24358999999999997,0.5,0.5,0.5,0.5,0.5,0.5,2
1.0,0.0,0.9131199999999999,0.54078,0.89539,0.45922,0.9521299999999999,0.491135,0.96454,0.50532,0.90071,0.544325,0.9734050000000001,0.496455,0.97163,0.5,0.96631,0.601065,0.975175,0.496455,0.957445,0.503545,0.90248,0.53546,0.955675,0.579785,0.947635,0.540825,0.8883,0.53369,0.962765,0.590425,0.962765,0.5,1
0.0,0.0,0.5,0.5,0.5,0.5,0.5,0.5,1.0,1.0,1.0,1.0,0.5,0.5,0.5,0.5,0.3125,0.0,0.0,0.0,0.5,0.5,0.5,0.5,0.0,0.0,0.0,0.0,0.0,1.0,1.0,0.5,0.5,0.5,2
1.0,0.0,1.0,0.534215,1.0,0.571055,1.0,0.61054,1.0,0.4375,1.0,0.6974750000000001,1.0,0.744905,1.0,0.79493,0.3125,1.0,1.0,0.5,1.0,0.960005,1.0,1.0,1.0,1.0,1.0,1.0,1.0,0.625,1.0,1.0,1.0,1.0,1
1.0,0.0,0.0,0.201615,0.5,0.5,0.0,0.82258,0.06451499999999999,1.0,0.5,0.5,0.5,0.5,0.5,0.5,0.5,0.5,0.5,0.5,0.0,0.0,0.5,0.5,0.649195,0.616935,1.0,0.758065,0.5,0.5,0.5,0.5,0.5,0.5,2
