0.0,0.0,1.0,0.0,0.0,0.0,1
0.7000000000000005,0.0,1.0,1.0,0.0,1.0,2
0.8166666666666664,1.0,1.0,1.0,1.0,0.0,2
0.25,0.0,1.0,0.0,0.0,0.0,1
0.9333333333333336,0.0,1.0,1.0,0.0,1.0,2
0.25,0.0,0.0,1.0,0.0,0.0,1
0.13333333333333286,0.0,0.0,1.0,1.0,1.0,1
0.18333333333333357,0.0,0.0,1.0,1.0,1.0,1
0.3333333333333333,0.0,1.0,0.0,0.0,0.0,1
0.2166666666666662,0.0,0.0,1.0,1.0,1.0,1
0.25,0.0,0.0,1.0,1.0,1.0,1
0.8999999999999998,1.0,1.0,1.0,1.0,0.0,2
0.75,1.0,1.0,0.0,1.0,0.0,2
0.36666666666666714,0.0,0.0,1.0,0.0,0.0,1
0.9166666666666666,0.0,0.0,0.0,0.0,0.0,1
0.8166666666666664,1.0,1.0,1.0,1.0,1.0,2
0.75,1.0,1.0,1.0,1.0,0.0,2
0.9500000000000005,1.0,1.0,1.0,1.0,1.0,2
0.8666666666666671,1.0,1.0,1.0,1.0,1.0,2
0.4666666666666662,0.0,1.0,1.0,0.0,1.0,2
0.38333333333333286,0.0,1.0,0.0,0.0,0.0,1
0.5666666666666664,0.0,1.0,1.0,0.0,1.0,2
0.31666666666666643,0.0,0.0,1.0,0.0,0.0,1
0.18333333333333357,0.0,0.0,1.0,1.0,1.0,1
0.2833333333333338,0.0,0.0,1.0,0.0,0.0,1
0.8999999999999998,1.0,1.0,1.0,1.0,0.0,2
0.8666666666666671,0.0,1.0,1.0,0.0,1.0,2
1.0,1.0,1.0,0.0,1.0,0.0,2
0.3333333333333333,0.0,0.0,1.0,1.0,1.0,1
0.3333333333333333,0.0,0.0,1.0,0.0,0.0,1
0.7999999999999995,0.0,1.0,1.0,0.0,1.0,2
0.8333333333333334,1.0,1.0,1.0,1.0,0.0,2
0.25,0.0,0.0,1.0,1.0,1.0,1
0.2833333333333338,0.0,0.0,1.0,1.0,0.0,1
0.43333333333333357,0.0,1.0,1.0,0.0,1.0,2
0.2166666666666662,0.0,0.0,1.0,1.0,1.0,1
0.20000000000000048,0.0,1.0,0.0,0.0,0.0,1
0.7666666666666669,1.0,1.0,1.0,1.0,0.0,2
0.8166666666666664,1.0,1.0,0.0,1.0,0.0,2
0.9333333333333336,1.0,1.0,1.0,1.0,0.0,2
0.9500000000000005,0.0,0.0,0.0,0.0,0.0,1
0.4166666666666667,0.0,1.0,1.0,0.0,1.0,2
0.7833333333333338,0.0,0.0,0.0,0.0,0.0,1
0.75,1.0,1.0,1.0,1.0,1.0,2
1.0,0.0,0.0,0.0,0.0,0.0,1
0.9166666666666666,0.0,1.0,1.0,0.0,1.0,2
0.9166666666666666,1.0,1.0,1.0,1.0,1.0,2
0.08333333333333333,0.0,0.0,1.0,1.0,1.0,1
0.39999999999999974,0.0,0.0,1.0,0.0,0.0,1
0.9333333333333336,0.0,0.0,0.0,0.0,0.0,1
0.5333333333333338,0.0,1.0,1.0,0.0,1.0,2
0.36666666666666714,0.0,0.0,1.0,1.0,0.0,1
0.3333333333333333,0.0,0.0,1.0,0.0,0.0,1
0.9333333333333336,1.0,1.0,1.0,1.0,1.0,2
0.35000000000000026,0.0,0.0,1.0,1.0,0.0,1
0.18333333333333357,0.0,1.0,0.0,0.0,0.0,1
0.8833333333333329,0.0,1.0,1.0,0.0,1.0,2
0.2666666666666669,0.0,0.0,1.0,1.0,1.0,1
0.9666666666666662,1.0,1.0,1.0,1.0,0.0,2
0.8166666666666664,1.0,1.0,1.0,1.0,0.0,2
