0.7373737373737373,0.2201231865496123,0.10643110117680679,0.18461777608898414,0.2563532401524778,0.28853754940711474,0.25289017341040465,0.1939978563772776,0.25268903515813135,0.17327003834215812,0.1487263763352506,0.20127118644067796,0.13717774762550883,0.11011562906807563,0.20124534600077038,0.11977591749689659,0.5321059904088434,0.883018612584319,0.2113694493358727,0.5233976857152827,0.6164009193663486,0.6535139074002565,0.4249215041381196,1
0.0,0.1843082691009012,0.11259173071231003,0.05481478922703145,0.1956797966963151,0.24901185770750991,0.14547206165703275,0.24758842443729903,0.14528816824530422,0.31221471608544826,0.2801972062448644,0.3326271186440678,0.34735413839891455,0.17244812007044946,0.33258441391706256,0.06830696756533088,0.5117451028204504,0.369155422195571,0.960148362987339,0.569875209570575,0.5857651293618689,0.3906612843814673,0.4973096009344943,1
0.8707070707070707,0.351960738653564,0.11474937995652043,0.4232385689776274,0.04479034307496822,0.051383399209486175,0.04046242774566474,0.050375133976420156,0.04045593193128913,0.05660032864706957,0.046836483155299896,0.07395993836671802,0.052374491180461336,0.04517956964545523,0.07407882911798692,0.013464048126810324,0.6490693326830855,0.3407080575200487,0.7498864568974445,0.2988629626756908,0.3966174341934947,0.3684673655214629,0.23976861325358098,1
0.6888888888888889,0.5541473581258878,0.23407330291803177,0.5519131345930199,0.4123252858958068,0.28853754940711474,0.37620423892100185,0.3896034297963558,0.37598330390110773,0.4652181851378492,0.43796220213640097,0.4641756548536209,0.4791044776119402,0.43188605559384324,0.46418025420464765,0.1907247668459751,0.24083556856051375,0.5167144600437258,0.7756467972877144,0.6668613889866719,0.7866885477658543,0.7647588737416965,0.6038299352978701,1
0.022222222222222223,0.11060591947465241,0.02387294977392655,0.22360588160788514,0.03875476493011435,0.09090909090909093,0.036608863198458574,0.04823151125401929,0.03644244662064536,0.05596129267847362,0.040262941659819224,0.07203389830508475,0.05101763907734056,0.04112106593154146,0.07208884324046734,0.008880542381513193,0.7498577582703407,0.8886301539265624,0.7528903691545221,0.3249676864005173,0.3994583752608511,0.2853397085593994,0.24691194379779136,1
0.32323232323232326,0.703321845236709,0.27628729191544954,0.25276060197819156,0.03621346886912325,0.011857707509881427,0.03805394990366088,0.03215434083601287,0.03820838015732863,0.08280080335950339,0.06984387838948233,0.10015408320493066,0.09335142469470827,0.050769584194808176,0.10020541789703431,0.02565490021326034,0.695480777046249,0.19883755929450903,0.4166912344724827,0.16714587883860163,0.13668933566551633,0.4615502333766928,0.11800682644751338,2
0.5353535353535354,0.23640057750972215,0.7706951631505354,0.13112139740002537,0.1311944091486658,0.1699604743083004,0.08333333333333331,0.11897106109324758,0.08331995504896453,0.09622055870001826,0.11175020542317174,0.07588597842835129,0.07421981004070555,0.0777241748985374,0.07600462190268328,0.07273132380558296,0.6625213362594491,0.5394219529097184,0.4376309729647898,0.32161835401602584,0.6160452389474561,0.5618448236284337,0.2234522438632391,1
0.10101010101010101,0.4385056935938337,0.20146769139696055,0.06507421096871509,0.1823379923761118,0.1699604743083004,0.15028901734104044,0.15969989281886388,0.1502648900305025,0.0643600511228775,0.06491372226787182,0.05450693374422188,0.05128900949796473,0.05957577149858335,0.054564128899730405,0.05452462042843047,0.6254572055596197,0.3298489667064102,0.6302518664892472,0.43528429910722444,0.4831310682343619,0.5644855480837841,0.35503740462442107,1
0.494949494949495,0.3705842628600703,0.11266725864233443,0.3879293470125624,0.0019059720457433272,0.011857707509881427,0.003371868978805393,0.0021436227224008574,0.003371327660940756,0.006390359685959476,0.006573541495480684,0.0,0.000814111261872458,0.020981698445516495,0.0,0.005506572874558361,0.8732422986263516,0.12786147776033,0.4055042508944008,0.22163142590436052,0.34760332178497544,0.3886286917203323,0.14620320279685517,1
0.6686868686868687,0.6971450527443355,0.30955632444349185,0.15156539661703922,0.18710292249047014,0.13043478260869568,0.17341040462427745,0.18006430868167203,0.1735431048322363,0.5268395106810299,0.39934264585045187,0.6858628659476117,0.46580732700135685,0.2867754039359828,0.6857748106303763,0.13282617691058982,0.2928960416158661,0.8161211066286187,0.3651825055974759,0.46188206625512823,0.6362694977027097,0.5524550373954341,0.3876825701906269,1
0.9777777777777777,0.1630591714598421,0.9780744460434592,0.16563611869149192,0.03144853875476493,0.051383399209486175,0.022639691714836218,0.030010718113612004,0.02263605715203082,0.031586635019171076,0.02629416598192276,0.03389830508474575,0.02971506105834463,0.032544605253082164,0.03389395301065606,0.019575389120539834,0.6739006746322037,0.6344541638570073,0.35697154649689666,0.29035972643412455,0.24844052145450782,0.3242165465231945,0.19536770858359495,2
0.4666666666666667,0.21806813683254545,0.0784102391377568,0.17692033115709238,0.3843710292249047,0.40711462450592895,0.3651252408477842,0.30171489817792074,0.3650666238561567,0.34097133467226587,0.276910435497124,0.4019645608628659,0.27951153324287653,0.24419940271077412,0.40191295416613176,0.32651112455040265,0.28415833536535806,0.7336769478814974,0.4645705680342301,0.507293227767439,0.4409356646158764,0.4530181487525068,0.4470246133198572,1
0.09090909090909091,0.4982418554828493,0.1849209508354002,0.11919813004479146,0.09783989834815757,0.09090909090909093,0.07369942196531792,0.08896034297963558,0.07368759030341948,0.2955997809019536,0.22925225965488902,0.33359013867488446,0.25780189959294436,0.23378512902978782,0.3336756964950572,0.05649807429098895,0.4869137608713323,0.654938039717113,0.4486426619284002,0.491092222262601,0.4592442016212724,0.5001276765361666,0.43290157157414233,1
0.48484848484848486,0.3605069510746804,0.10709452218377785,0.056841341669833186,0.02541296060991105,0.051383399209486175,0.01782273603082851,0.023579849946409437,0.017819874779258307,0.016158480920211802,0.01807723911257189,0.01290446841294298,0.012075983717774765,0.022206907113867826,0.013031197843112087,0.01368685743387338,0.7444525725432822,0.09407323236447712,0.5899221532553007,0.19645637921710785,0.18682901901989785,0.25836392528386903,0.14374269926350583,1
0.12525252525252525,0.6406748480543977,0.23078477601886158,0.7347864635508424,0.013977128335451075,0.011857707509881427,0.021676300578034675,0.023043944265809222,0.021672820677476317,0.028208873470878224,0.021364009860312238,0.035631741140215716,0.03459972862957938,0.017765525691094256,0.03562716651688279,0.0017188146544864248,0.907664797203934,0.48853308942766954,0.6550480864999243,0.16218778210554322,0.3802336235055232,0.03958773379931564,0.10724523018549048,2
0.25252525252525254,0.2387059590620125,0.07700174530757217,0.30587124483286704,0.10228716645489198,0.13043478260869568,0.046724470134874754,0.04876741693461951,0.04671696901589341,0.14095307650173453,0.11750205423171735,0.18124036979969183,0.0880597014925373,0.09403476529596447,0.18128129413275135,0.013336728522774292,0.6904007152726979,0.38222179704653264,0.8423384301570481,0.2039744326158621,0.5933829935234648,0.35608496584319005,0.21322707050958106,2
0.08686868686868687,0.38159304193931487,0.1443502046398645,0.07284074291570233,0.09911054637865309,0.09090909090909093,0.0789980732177264,0.09378349410503752,0.07898539091346926,0.2905787840058426,0.23418241577649956,0.30161787365177195,0.27421981004070556,0.29144651198407223,0.3015791500834511,0.05678454340007002,0.44915874177029996,0.8690235918064498,0.49667737026206543,0.5022685963883621,0.5207971743666975,0.5045887925803471,0.44576122345845726,1
0.08282828282828283,0.3962927601704585,0.1781091480653623,0.44530035579812777,0.1905972045743329,0.1699604743083004,0.1464354527938343,0.1645230439442658,0.14641194413228448,0.27761548292861055,0.21610517666392765,0.2438366718027735,0.24477611940298508,0.27498277050310127,0.24393375272820647,0.10503867332972595,0.35405998536942207,0.9169421882911282,0.44539971156068,0.61662393442866,0.7516607799306197,0.6376660017403157,0.5748879518172102,1
0.006060606060606061,0.1650036094357637,0.0729273196770671,0.2642002602277569,0.26334180432020327,0.32806324110671947,0.20905587668593448,0.32475884244372993,0.2088617755659014,0.41427788935548654,0.35497124075595726,0.47553929121725724,0.46607869742198105,0.23378512902978782,0.475478238541533,0.04099691249960213,0.4959359505811591,0.416255036970841,0.9758850386046549,0.6956274985522387,0.7380886454654124,0.43697717125738694,0.6719494312674492,1
0.028282828282828285,0.0,0.02060687712422303,0.10706184439301303,0.1070520965692503,0.20948616600790518,0.08959537572254335,0.12754555198285103,0.08974153154599454,0.10854482380865439,0.09202958093672967,0.12018489984591678,0.10474898236092264,0.08982311049850676,0.12023366285787654,0.03504472101091766,0.5151995448264651,0.827304523532308,0.804259659131654,0.4909125063980837,0.8660773177194132,0.4377596905156351,0.4249981359821717,1
0.00808080808080808,0.16114966350744006,0.08090878471478002,0.26010685458334776,0.35451080050825917,0.40711462450592895,0.28275529865125243,0.4372990353697749,0.28287044469417244,0.49945225488406064,0.41002465078060796,0.5845531587057011,0.5773405698778834,0.28685197947775476,0.5845423032481706,0.054174491517331384,0.4554986588636919,0.3751589547833432,0.9928129208066738,0.7624720369166038,0.5137983742253258,0.4043355748647163,0.7576114061322043,1
0.08484848484848485,0.381406748480544,0.12981209875787175,0.0017617188849355615,0.21346886912325283,0.1699604743083004,0.17341040462427745,0.19185423365487675,0.1735431048322363,0.26072667518714626,0.19967132292522594,0.23343605546995377,0.24599728629579376,0.255456007351252,0.2334060855051997,0.12114460324028394,0.36962529464358296,0.9416073041035417,0.517139032533087,0.69961578049931,0.576945155430092,0.5856318075616539,0.6645264980489947,1
0.8363636363636363,0.8847076357031413,0.29188483011318983,0.8883841698619411,0.11086404066073698,0.051383399209486175,0.11946050096339113,0.10235798499464095,0.11960186225718414,0.0971334672265839,0.10435497124075595,0.13886748844375962,0.08426051560379919,0.04785971360747377,0.1389780459622545,0.02864691090810708,0.511216776396001,0.26895032677603525,0.2863875763925965,0.14378769806939246,0.15088053415094807,0.37508652643304674,0.11669165831310527,2
0.0707070707070707,0.4683242903383554,0.2654418894230279,0.05830368348935482,0.1747141041931385,0.13043478260869568,0.10404624277456648,0.15809217577706325,0.10419007866431208,0.21663319335402595,0.21610517666392765,0.18990755007704158,0.1795115332428765,0.2075962937437782,0.1898831685710618,0.09084253747970844,0.4850442981386655,0.8738814833135393,0.12404085958104594,0.9101350165152371,0.9636057890364887,0.7047460082175643,0.7999722468456676,1
0.00202020202020202,0.19832685187341362,0.09493044285903837,0.2783227975635313,0.25412960609911056,0.28853754940711474,0.19123314065510594,0.3236870310825295,0.19104190078664313,0.4728866167610005,0.4445357436318817,0.5159861325115562,0.5356852103120759,0.27942415192587483,0.5160482732058032,0.05933093548079065,0.432577420141429,0.47083048478583983,0.9770244535987189,0.7032769940370132,0.7413370432151709,0.473145220270941,0.6713260208604306,1
0.020202020202020204,0.18590922851221384,0.07164742745746451,0.28408580607274864,0.05241423125794155,0.09090909090909093,0.041907514450867045,0.058949624866023585,0.04206132605554664,0.05970421763739274,0.04519309778142975,0.062403697996918334,0.04979647218453188,0.04839574239987747,0.062459879316985496,0.01725180634688226,0.6683329269283916,0.7920789769028492,0.7562767423886282,0.42138524771409197,0.5659550807146926,0.19195878049778717,0.34632829910444296,1
0.4161616161616162,0.455673800153692,0.2120150647600968,0.07228804679493822,0.1823379923761118,0.13043478260869568,0.15366088631984587,0.1934619506966774,0.15363621769144326,0.5190797882052218,0.45110928512736237,0.6153697996918336,0.503663500678426,0.3365495060877555,0.6152907947104893,0.27564694273800805,0.13423555230431602,0.9259393206885048,0.6329848688875961,0.6248471104346756,0.8620927965710607,0.8427091804323028,0.5331360235943234,1
0.026262626262626262,0.039139091353654835,0.03665758290210968,0.14824921989245457,0.11562897077509529,0.20948616600790518,0.09633911368015415,0.12861736334405147,0.09616310804302457,0.17199196640496622,0.13968775677896464,0.18990755007704158,0.15671641791044777,0.1320928095566276,0.19001155475670822,0.030461215265620525,0.5454360725026417,0.6777411971132645,0.8931300447001268,0.5339233582350094,0.7197395879059654,0.4490944308117736,0.469780128741498,1
0.692929292929293,0.6654111263768251,0.9463343437745594,0.6435570601172177,0.4634688691232528,0.28853754940711474,0.4099229287090559,0.4667738478027867,0.4096965805105154,0.5674639401132007,0.6146261298274445,0.5893682588597843,0.5013568521031208,0.43962018531281105,0.5894209783027348,0.24903714549447753,0.26611395594570436,0.39912408622874085,0.8024748412388546,0.555508065246622,0.5763080822747338,0.6614827916941741,0.4673175540772283,1
0.8303030303030303,0.8673707006962718,0.28897394286414163,0.9429226110285905,0.042884371029224905,0.011857707509881427,0.05057803468208092,0.03590568060021437,0.05056991491411142,0.026291765565090382,0.025472473294987672,0.04641756548536209,0.024016282225237447,0.012481813308829155,0.04653999229682886,0.01489639367221568,0.6599203446313908,0.2993553143979784,0.20887150107965555,0.1712050346477362,0.3827886695526306,0.19089866486822182,0.09747777676522489,2
0.1292929292929293,0.6686246885406235,0.22327893281076175,0.7523806233951662,0.003176620076238876,0.007905138339920952,0.012524084778420035,0.0075026795284029975,0.01268261358163429,0.0003651634106262562,0.0,0.0025038520801232648,0.0054274084124830415,0.0005360287924037043,0.0025035306201052865,0.0,1.0,0.1948243155902851,0.6677808498601626,0.0,0.35398080676423116,0.0,0.0,2
0.08080808080808081,0.3767377686700975,0.15041081070047055,0.018118069708798264,0.1823379923761118,0.1699604743083004,0.14258188824662812,0.1822079314040729,0.14255899823406645,0.41656016067190066,0.37551355792933444,0.38828967642526957,0.4073270013568521,0.3865533348648441,0.3883040184876108,0.09851354362287934,0.35922132813135016,0.9537240334965853,0.578412468227851,0.7260783087471544,0.7914924845627945,0.7499208138556177,0.6894587720679,1
0.43232323232323233,0.4023589409216869,0.1247680578094859,0.48435179108086635,0.06385006353240152,0.051383399209486175,0.0640655105973025,0.05627009646302251,0.06389468614544871,0.2116121964579149,0.16269515201314702,0.2615562403697997,0.18168249660786973,0.14181790336166628,0.26158685325458986,0.03033389566158449,0.5385678289848006,0.44499172851806307,0.5233978470634169,0.3105989148705477,0.3922704792005745,0.4097487041054012,0.24931652679629185,1
1.0,0.7332743404047224,0.3227941251518214,0.07194836897071863,0.12674714104193138,0.09090909090909093,0.10934489402697495,0.12057877813504825,0.10932733986193612,0.08490049297060434,0.08627773212818406,0.1099768875192604,0.08018995929443691,0.050080404318860544,0.11002696109898576,0.13791896107203105,0.5188978297976105,0.4811995865425673,0.35885596360246363,0.4051612805243509,0.41509480684077,0.5036728135281965,0.21545974964169437,2
0.8484848484848485,0.14096593158372725,0.06374761423599416,0.23166603336902833,0.05940279542566709,0.09090909090909093,0.04720616570327553,0.05251875669882101,0.0473591266655964,0.03688150447325178,0.03615447822514379,0.04025423728813559,0.02930800542740842,0.03223830308599433,0.04031326229297729,0.011777063373332907,0.7313256929204259,0.36568349973517267,0.7267475677872244,0.29677579975819723,0.47861752874145413,0.3426024125971809,0.2399135924180039,2
0.35353535353535354,0.2795857299210581,0.15197444298151608,0.001577486844680881,0.25508259212198214,0.24901185770750991,0.22447013487475914,0.20685959271168278,0.22427355915877348,0.3673543910900128,0.3270336894001643,0.4418335901386749,0.2572591587516961,0.23102840952599735,0.4418410579021698,0.10491135372568992,0.4116475656343982,0.6690193919002475,0.633251794777814,0.49846726233254923,0.4920500924093747,0.5422867356980035,0.41099936209167653,1
0.34949494949494947,0.34788556924294994,0.12386376394459928,0.010748788098610226,0.18869123252858958,0.1699604743083004,0.1921965317919075,0.14040728831725616,0.19200513726119764,0.40843527478546654,0.3385373870172555,0.5589368258859785,0.2610583446404342,0.2232942798070296,0.5588650661188856,0.0753095457873126,0.5395838413395108,0.5386076377627567,0.6096706851629045,0.30805595346769354,0.258165454426758,0.31753999790023246,0.20176750312740768,1
0.4686868686868687,0.22226556132547795,0.0808577523296284,0.19743917464045965,0.5616264294790342,0.5652173913043478,0.5255298651252408,0.4812433011789925,0.5252849574570557,0.5276611283549388,0.47165160230073955,0.6078582434514639,0.46037991858887384,0.38777854353319546,0.6078443959429967,0.5308909189292421,0.1623181337885069,0.8912550953028717,0.4010700939419776,0.7602009997192166,0.5325909067374426,0.5388866250153478,0.6916417440579253,1
0.6767676767676768,0.7860885359662807,0.330132582136624,0.12759220237889626,0.05844980940279543,0.051383399209486175,0.04865125240847784,0.05144694533762058,0.04848290255257666,0.14442212890268397,0.11503697617091208,0.17796610169491525,0.12320217096336498,0.09112489470863006,0.1780074463987675,0.04545309864086323,0.48463789319678136,0.7239681647109883,0.0,0.4534793551852638,0.7630560601865296,0.6304947621479552,0.39003951717795987,1
0.3111111111111111,0.1661854085648418,0.06073262092123661,0.24570221193593336,0.19695044472681067,0.24901185770750991,0.128131021194605,0.214898177920686,0.12827099052817467,0.15437283184224943,0.14790468364831552,0.18085516178736516,0.14314789687924018,0.10858411823263649,0.1809603286686353,0.02294935862749467,0.5755506786962531,0.6614362279242431,0.952766069336988,0.6306741351806823,0.577100484220621,0.1796035176442745,0.5833505927576694,1
0.6323232323232323,0.18584519013576134,0.047278442899864256,0.22624270268403054,0.07592121982210927,0.09090909090909093,0.07514450867052022,0.06055734190782423,0.07497190560282549,0.051305459192988866,0.043549712407559574,0.0512326656394453,0.033242876526458603,0.0452561451872272,0.05135447425856979,0.03023840595855747,0.7142973258554826,0.4947746167002271,0.6408372708222114,0.3349001519268018,0.47440339112014573,0.4913344555819113,0.26115718226780554,1
0.18787878787878787,0.8995587173695363,0.3120916133378242,0.9351791080866352,0.01810673443456162,0.007905138339920952,0.023603082851637765,0.02518756698821007,0.023438754214159575,0.04929706043454446,0.040262941659819224,0.07550077041602465,0.04192672998643147,0.022589784822727613,0.07561946334574403,0.013082089314702233,0.6742664390798994,0.4076592289438869,0.2575476283435459,0.17522549911380553,0.21567965350424,0.4192919691013885,0.12047147224270341,2
0.1919191919191919,0.9554642200125748,0.3252640925931597,0.6753831450712172,0.0054002541296060995,0.0,0.011560693641618497,0.011254019292604497,0.011558837694654033,0.018075588825999644,0.014790468364831543,0.030624036979969172,0.021709633649932156,0.01079715138984608,0.030620105276672235,0.011681573670305886,0.746322035275949,0.8255078969903006,0.24271132960965083,0.11670213071779856,0.438069960987711,0.26928849914674696,0.08669546919399869,2
0.7717171717171717,0.15712106746151877,0.06857323657593109,0.24368141674438962,0.14326556543837357,0.1699604743083004,0.13680154142581888,0.12700964630225078,0.13694011879916518,0.2117034873105715,0.19720624486442068,0.2290061633281972,0.1563093622795115,0.16938509839957117,0.22910514828604445,0.08737307826972658,0.4448914898805171,0.7495245939507352,0.438599077312893,0.4849028729768632,0.4958230062199051,0.45359380533020605,0.40126504676613617,1
0.696969696969697,0.6082772512400159,0.2496177674352144,0.5948219282185914,0.9336086404066073,0.6047430830039526,0.8342967244701348,1.0,0.8343233263766255,1.0,1.0,1.0,1.0,1.0,1.0,0.6890536970430021,0.0,0.8616714226715605,0.773041281881708,1.0,1.0,0.7366687011870803,1.0,1
0.38585858585858585,0.07240411708543881,0.027663635342988675,0.11554227549598722,0.2763659466327827,0.3675889328063242,0.26685934489402696,0.2593783494105038,0.26665596403917163,0.1978272777067738,0.22678718159408376,0.25385208012326654,0.16458616010854815,0.1087372693161804,0.2539478752086276,0.06859343667441194,0.437251076973096,0.7882220630405922,0.8598798435097167,0.5516407389467964,0.5840024852606486,0.43380438709034513,0.4834205969827764,1
0.4888888888888889,0.3571944205109097,0.11885034242730437,0.3922530427072899,0.028271918678526037,0.051383399209486175,0.023121387283236993,0.022508038585209004,0.023278214801733824,0.03578601424137302,0.03368940016433853,0.03948382126348227,0.03364993215739484,0.02603568420246573,0.03947875208627552,0.016328739217621034,0.7713565796960091,0.2541363242887575,0.5804323402627826,0.17493929165552483,0.4592442016212724,0.25406296099237136,0.14153901596427715,1
0.18585858585858586,0.9029760380038655,0.3036773936740255,0.9612249127776435,0.013341804320203297,0.007905138339920952,0.0197495183044316,0.02411575562700964,0.019746347728367312,0.04245024648530217,0.03368940016433853,0.062018489984591675,0.04450474898236092,0.024044720116394823,0.06201052766722303,0.012381831492504058,0.6879216451272049,0.4240178636010463,0.24303403105901858,0.16400699843227742,0.19209894218842508,0.40368429107047193,0.09720024522190095,2
0.3696969696969697,0.13025405770439882,0.04177715178051994,0.2275898994783931,0.11054637865311306,0.1699604743083004,0.10067437379576107,0.10557341907824225,0.10065821159094557,0.11511776519992696,0.09942481511914542,0.1596687211093991,0.0880597014925373,0.07626923960487018,0.15964822185132885,0.012954769710666203,0.6809721206209869,0.48285854949239465,0.9280057050429071,0.449722136492572,0.6951526161645496,0.19520941621127222,0.3812641354685312,1
0.9939393939393939,0.705487506694921,0.30797432050379175,0.13824311720612112,0.12579415501905972,0.09090909090909093,0.12668593448940269,0.10718113612004287,0.1268261358163429,0.16404966222384518,0.14626129827444534,0.22130200308166406,0.1474898236092266,0.08882762845547132,0.2213377840544358,0.05554317726071872,0.4350971307811103,0.4085668753397841,0.43410117686429794,0.3199555302675687,0.276955735796983,0.6054737199871165,0.2575575567282759,2
0.3939393939393939,0.06095871271219991,0.0003266072649703722,0.12854790608771752,0.08386277001270648,0.13043478260869568,0.08622350674373795,0.08896034297963558,0.08637020388505379,0.11584809202117947,0.0961380443714051,0.15832049306625579,0.10488466757123471,0.06378742629604105,0.15836435999486456,0.026005029124359424,0.5609607412826141,0.7468226542940543,0.789359616901588,0.35068405028934435,0.1619201339879654,0.28040525511284464,0.2749136338406223,1
0.06262626262626263,0.2959737326223133,0.15716749849454467,0.06379034393819015,0.07052096569250317,0.09090909090909093,0.046724470134874754,0.06216505894962485,0.04687750842831915,0.06280810662771591,0.05669679539852094,0.05258089368258859,0.04911804613297151,0.08254843403017076,0.052638336115034025,0.031065983384791676,0.6684548484109568,0.405048287254918,0.364736301124276,0.4167034144025451,0.5598927556002783,0.48763317063101563,0.32175018847291376,1
0.33131313131313134,0.8212514263092937,0.30634944936056424,0.8962888758391194,0.011753494282083866,0.007905138339920952,0.022157996146435446,0.011254019292604497,0.022154438914753567,0.0459192988862516,0.03615447822514379,0.06047765793528504,0.052510176390773405,0.02274293590627154,0.06059827962511235,0.0074800267371168475,0.7304722425424693,0.04731894321026823,0.39582320741336874,0.08474488935270291,0.11384024546451188,0.25790882738666154,0.06014978418815808,2
0.4909090909090909,0.38856740330205153,0.12572542535493023,0.45293447096618195,0.0,0.011857707509881427,0.0,0.0,0.0,0.010041993792222021,0.009860312243221031,0.01290446841294298,0.00841248303934871,0.016004288230339225,0.013031197843112087,0.005347423369513321,0.865845728684061,0.18106495621597782,0.4129303681983699,0.1778686240870244,0.40132457188909076,0.31435876127957685,0.12895482449236578,1
0.7272727272727273,0.19218498940455953,0.07654653643201978,0.1886881527283614,0.1639135959339263,0.20948616600790518,0.15414258188824664,0.12861736334405147,0.1541178359287205,0.14423954719737084,0.12818405916187342,0.17045454545454547,0.112483039348711,0.10238149934910787,0.17043266144562846,0.13094821275105836,0.5315370234902057,0.7240101637730092,0.3832298829510054,0.5604441042981201,0.5405667024598227,0.26257903044128916,0.256907221619293,1
0.6747474747474748,0.664898819365205,0.28415852700123495,0.5681946411505292,0.027318932655654386,0.011857707509881427,0.015414258188824661,0.02197213290460879,0.0155723230052978,0.155924776337411,0.11750205423171735,0.19645608628659475,0.13405698778833106,0.09855272226051,0.19655925022467588,0.03132062259286374,0.4973990083719419,0.5621107795259239,0.22360820060078254,0.33128486175890487,0.4825165064979211,0.5130532575756227,0.23867298499672762,1
0.6262626262626263,0.17871364366718676,0.05182440776917033,0.25182217002314417,0.08640406607369759,0.13043478260869568,0.07032755298651251,0.05359056806002144,0.07015572323005298,0.007211977359868549,0.010682004930156119,0.015986132511556242,0.0,0.00704494984302013,0.01604827320580307,0.05280580577394403,0.7478257335609201,0.46892186074511,0.5000079679370216,0.19435402904345783,0.3301682278335686,0.40270425131724813,0.1414934510840299,1
0.8727272727272727,0.3481941177840393,0.10989722077630465,0.40050318375994565,0.07115628970775094,0.09090909090909093,0.06551059730250482,0.0744908896034298,0.0655000802697062,0.04528026291765566,0.037797863599013964,0.052003081664098616,0.04151967435549525,0.04165709472394517,0.052060598279625114,0.015119202979278736,0.6194424124197351,0.33116027075395316,0.8129965020756473,0.4074847499156114,0.5281201389404776,0.6325202369534153,0.3069229622142875,1
0.7777777777777778,0.08115408797708588,0.08305010359574189,0.11759761419507872,0.23475222363405335,0.32806324110671947,0.20472061657032756,0.19774919614147912,0.2048482902552577,0.16980098594120868,0.15365653245686112,0.21648690292758085,0.13337856173677068,0.10368328355923116,0.21645910899987164,0.12149473215138301,0.4066487848492238,0.9678637177103047,0.39951236225428877,0.9104407504457188,0.8790078767454792,0.5058726757976891,0.6683415212042383,1
0.10505050505050505,0.4814987308758121,0.21672025067107586,0.05771644386104302,0.0911689961880559,0.09090909090909093,0.08766859344894026,0.07609860664523044,0.08765451918445978,0.09238634288844258,0.0829909613804437,0.08359013867488443,0.08127544097693352,0.08829159966306761,0.08357940685582232,0.0327847980392781,0.7098675119889459,0.3781128888121499,0.5841852385998741,0.32207722611275136,0.49526022074697396,0.518898351682572,0.2130448109885922,1
0.10303030303030303,0.09353678131476612,0.2120028169876604,0.07191958271442886,0.14771283354510797,0.20948616600790518,0.11946050096339113,0.15166130760986068,0.1194413228447584,0.256801168522914,0.24322103533278552,0.24595531587057007,0.2272727272727273,0.23439773336396352,0.2460521247913725,0.08982398064742018,0.5537267333170772,0.621063462915995,0.6520401902743362,0.4326814926830873,0.5190660462519614,0.6330807680878058,0.3623961327843455,1
0.37373737373737376,0.12944484549286261,0.047458076895597966,0.2380335532603314,0.09339263024142312,0.13043478260869568,0.07610789980732176,0.1007502679528403,0.07593514207738,0.11365711155742195,0.09202958093672967,0.1596687211093991,0.0853459972862958,0.0702197718048855,0.15971241494415203,0.01129961485819779,0.7062911485003658,0.4034569894605687,0.9643514497661408,0.46537278476240906,0.5499494618645309,0.15775570451645735,0.3897971948602815,1
0.7353535353535353,0.17249609948070693,0.0654520959000582,0.20312158163206565,0.522554002541296,0.5652173913043478,0.5052986512524085,0.3354769560557342,0.5052175309038369,0.36132919481467957,0.2900575184880854,0.41506163328197226,0.2158751696065129,0.16823646527299177,0.41507253819489026,0.340038832479231,0.4321710151995449,0.8725935120782302,0.28885365290072745,0.8173105068873303,0.668454073328696,0.6856634820194066,0.448950765075762,1
0.6080808080808081,0.5454032089048273,0.19398021984751526,0.07893767199788133,0.21410419313850063,0.1699604743083004,0.21098265895953758,0.19131832797427656,0.21078824851501043,0.14140953076501736,0.11996713229252261,0.17661787365177195,0.13704206241519676,0.09280955662761313,0.17659519835665685,0.05563866696374574,0.4203446313907177,0.7778832939397688,0.6319410691377895,0.45558947978766046,0.3065875165177537,0.33410280318951113,0.35420273886352904,1
0.6565656565656566,0.16194141070721657,0.06039376588382988,0.25527076352666184,0.06766200762388817,0.09090909090909093,0.054431599229287086,0.07502679528403002,0.05426232139990368,0.18915464670440021,0.14954806902218568,0.20396764252696456,0.16852103120759837,0.1570564361742859,0.20406984208499168,0.05608428557787185,0.42103551979192066,0.8592098109808882,0.4851158936439768,0.37943316459206944,0.5105499764755672,0.45481273811451556,0.2908820532363492,1
0.3090909090909091,0.16848496844654542,0.056688814721822474,0.258650270015084,0.18551461245235068,0.20948616600790518,0.11127167630057803,0.2020364415862808,0.11141435222347086,0.12223845170713894,0.11175020542317174,0.1413713405238829,0.12062415196743555,0.09411134083773642,0.1414815765823598,0.019607219021548845,0.5842477444525727,0.6392233906776084,0.9699927491773106,0.6068979432658351,0.6387615117768488,0.26616509510344905,0.559050013669464,1
0.7757575757575758,0.13865472836085047,0.0602672055686539,0.18452566006885676,0.11149936467598476,0.1699604743083004,0.10741811175337186,0.10289389067524116,0.1074008669128271,0.07321526383056418,0.05751848808545603,0.09861325115562403,0.06282225237449118,0.04931464890114097,0.09872897676210042,0.04360696438234077,0.5193042347394946,0.7010926755969118,0.39363202473247644,0.4244946576114461,0.4021034669836275,0.19955976062651365,0.3476331115842494,1
0.4262626262626263,0.3489451132897095,0.1282831684987293,0.44228931339021504,0.09243964421855147,0.09090909090909093,0.08766859344894026,0.08788853161843517,0.08765451918445978,0.2954171991966405,0.24486442070665568,0.37134052388289673,0.2647218453188602,0.17857416341220614,0.37142123507510594,0.05885348696565553,0.4201820694139642,0.4616956887962836,0.638319402723441,0.363938366498504,0.18361663954040688,0.4097433657136451,0.29399703414052203,1
0.8545454545454545,0.16691311738816572,0.08638966288006371,0.19832003408292748,0.05876747141041931,0.09090909090909093,0.05202312138728324,0.06752411575562701,0.05201476962594317,0.06417746941756437,0.04930156121610516,0.08204930662557781,0.06675712347354137,0.045868749521402866,0.08210296572088845,0.016710698029729125,0.6910509631797124,0.30545451151590947,0.7258790626518887,0.352999745251858,0.5020586692599821,0.20003799155466423,0.2455926334015426,2
0.6484848484848484,0.1287753533754046,0.051983628810843376,0.23073911591649687,0.10355781448538753,0.13043478260869568,0.08477842003853564,0.11950696677384781,0.08460427034837052,0.28975716633193355,0.24157764995891534,0.3416795069337442,0.2743554952510176,0.198866681981775,0.3417640261907819,0.07842887608619536,0.37657481914980095,0.9259789864693022,0.5274973506609403,0.4757525511426332,0.7108430751498698,0.5376232056330709,0.38063244053783124,1
0.509090909090909,0.6996833011200894,0.24121987813466428,0.7688463619929302,0.14008894536213468,0.09090909090909093,0.14450867052023122,0.13236870310825294,0.14464601059560123,0.07367171809384701,0.05751848808545603,0.09572419106317412,0.06621438263229308,0.04502641856191132,0.09571190139940944,0.024349874271891017,0.5675851418353248,0.19022541829899126,0.5505207046843503,0.27003610408549844,0.4009373754837141,0.48003219050228924,0.19023544616302288,1
0.6161616161616161,0.4573213329296975,0.19764026251058925,0.08080877865671815,0.14930114358322744,0.13043478260869568,0.14450867052023122,0.13879957127545553,0.14448547118317545,0.17372649260544096,0.14133114215283482,0.21032357473035437,0.17489823609226593,0.12114250708323761,0.2103607651816665,0.055097558646592604,0.40189384702917985,0.7667138767234201,0.6481199652597944,0.38686407206859297,0.24632669921817843,0.25484548025061965,0.3148036153661345,1
0.5252525252525253,0.36990312740143916,0.797630056033559,0.020777919789975445,0.21855146124523506,0.20948616600790518,0.16184971098265896,0.15702036441586284,0.16166318831273077,0.08115756801168522,0.1232539030402629,0.0656779661016949,0.035549525101763894,0.042269699058120835,0.06579792014379256,0.19053378743992108,0.6198488173616192,0.3526311245715512,0.3521270407878698,0.5951493350241812,0.5746602464099915,0.5690138388908955,0.476086722393896,1
0.4868686868686869,0.38230910742146557,0.11864417159129184,0.3635416306838464,0.004764930114358321,0.011857707509881427,0.0038535645472061652,0.004287245444801715,0.00401348531064376,0.0069381048018988525,0.007395234182415771,0.002696456086286585,0.0016282225237449043,0.011639482349337624,0.0026961098985749153,0.005665722379603399,0.8115093879541575,0.016528964186466457,0.46692509342406147,0.15429673692761445,0.3117966588552043,0.2856884834874645,0.10076880379762564,1
0.2505050505050505,0.23093402882891276,0.07329679414556477,0.3258834502055339,0.08513341804320203,0.09090909090909093,0.03323699421965317,0.03965702036441587,0.03323165837213036,0.12260361511776521,0.10271158586688577,0.16718027734976887,0.06811397557666214,0.07335936901753579,0.1672230068044679,0.013241238819747272,0.66044867105584,0.4741134114671439,0.7646112045130394,0.16137634870518702,0.4821045475317355,0.24423587150135145,0.15485638778198446,2
0.9717171717171718,0.16600493677665742,0.2355797789277075,0.19590198855458452,0.1153113087674714,0.1699604743083004,0.09248554913294797,0.13612004287245444,0.09247070155723229,0.07677560708417018,0.06409202958093672,0.0683744221879815,0.07788331071913161,0.07940883681752046,0.06836564385672103,0.03545850972403476,0.554498902706657,0.9502801104108677,0.32761766650996393,0.5001163452301981,0.45134044243942745,0.3101271960809086,0.4305156287539248,2
0.1898989898989899,0.9150327177886965,0.3264949937230166,0.9578454062892214,0.021283354510800507,0.011857707509881427,0.028420038535645474,0.030010718113612004,0.02825493658693209,0.05970421763739274,0.04601479046836481,0.08686440677966102,0.05522388059701491,0.03292748296194195,0.08698164077545258,0.013082089314702233,0.6567910265788834,0.49213334235535405,0.22856425742810949,0.146251107178094,0.27321658911482855,0.4310017314183929,0.10934949920054346,2
0.6060606060606061,0.2902510304356938,0.20694040438061995,0.10284753647218675,0.17026683608640406,0.1699604743083004,0.1628131021194605,0.16398713826366562,0.16278696419971103,0.32180025561438746,0.2925225965488907,0.41063174114021567,0.2709633649932157,0.191515429971667,0.41064321479008864,0.060572301620141954,0.4008778346744697,0.6566926671970994,0.6661115670541741,0.4603541198053934,0.3466600933323428,0.29679278320613117,0.38389032947550683,1
0.7313131313131314,0.171954684116154,0.05144880941445443,0.17374232846269877,0.15216010165184243,0.1699604743083004,0.13872832369942195,0.1114683815648446,0.1385455129234227,0.19472338871645062,0.15694330320460148,0.23189522342064714,0.16743554952510176,0.12887663680220535,0.2319296443702658,0.08167552598911416,0.5685605136958467,0.8673506291692819,0.30972566392835227,0.7921350985987407,0.45392025104734374,0.4521217438034617,0.3349370790426404,1
0.6989898989898989,0.6391204620077777,0.26731579860579524,0.6275519016200906,0.8087674714104193,0.525691699604743,0.722543352601156,0.8612004287245446,0.7225878953283031,0.7056782910352384,0.7666392769104355,0.7374807395993838,0.6765264586160109,0.5818975419251091,0.737386057260239,0.5156443963459273,0.04096561814191658,0.764368929093917,0.7177796546696096,0.9266446487612532,0.7877871050090158,0.7832933250528944,0.8495406231618712,1
0.24444444444444444,0.2016102740842512,0.056960307010829096,0.2832567618916025,0.08259212198221091,0.09090909090909093,0.026974951830443156,0.0337620578778135,0.027131160699951834,0.06636844988132189,0.05669679539852094,0.09148690292758087,0.03147896879240161,0.05214794394670342,0.09147515727307745,0.01263647070057612,0.6717873689344065,0.6582606321792146,0.7162816825095814,0.26810714175296735,0.5823546493959061,0.2807691554842189,0.17466468390399892,2
0.6727272727272727,0.6664182753883054,0.2640680976147463,0.1194975071102053,0.06416772554002541,0.051383399209486175,0.05828516377649325,0.0637727759914255,0.058436346122973194,0.09521635932079607,0.07806080525883317,0.12750385208012324,0.08236092265943011,0.06026495137453097,0.12748748234689952,0.061909157462520285,0.41640250345444213,0.6522267669355384,0.2324605786315868,0.3735904101879008,0.46616421179643375,0.4659788742043572,0.2992639200709155,1
0.5292929292929293,0.4798395547586335,0.7105790134419303,0.07804529805289762,0.12293519695044473,0.09090909090909093,0.08477842003853564,0.09056806002143622,0.08460427034837052,0.07038524739821071,0.07395234182415775,0.05816640986132512,0.054409769335142466,0.07144498047323684,0.0581589420978303,0.055288538052646656,0.7010078842558728,0.5370466726243114,0.4053329402484405,0.6087829710359137,0.8235577496685194,0.690699809775307,0.4934283015898,1
0.9757575757575757,0.16430500896537267,1.0,0.11947447810517345,0.10419313850063532,0.13043478260869568,0.08959537572254335,0.09163987138263666,0.0895809921335688,0.06445134197553405,0.05669679539852094,0.0703004622496148,0.054545454545454536,0.0591163182479516,0.07035562973424062,0.042397428143998474,0.6306185483215476,0.7229765201910492,0.37199110778228406,0.2773238174325474,0.33099889919161496,0.3285998110209317,0.15754264458564954,2
0.997979797979798,0.642892904547889,0.6018065464343674,0.05427936486004121,0.18170266836086404,0.13043478260869568,0.14547206165703275,0.15969989281886388,0.14528816824530422,0.12251232426510865,0.12818405916187342,0.15600924499229582,0.10189959294436905,0.06654414579983152,0.15598921556040574,0.22783843142247828,0.42993578801918236,0.4541755234133104,0.27757902201540996,0.2206504014769246,0.4528847257771505,0.31822197744707426,0.16313676920145476,2
0.12121212121212122,0.6330659245977225,0.21382773508068217,0.728747106981243,0.038437102922490474,0.011857707509881427,0.04720616570327553,0.040728831725616296,0.04719858725317065,0.013145882782545191,0.009860312243221031,0.020801232665639432,0.01492537313432835,0.00635576996707251,0.020862755167543972,0.008721392876468153,0.7451028204502966,0.38652903418490325,0.6656613786124634,0.11149687947086157,0.38556882978891044,0.14261513576419968,0.084978501661047,2
0.3878787878787879,0.04525184546957592,0.013307204752135716,0.10958352044399926,0.1670902160101652,0.24901185770750991,0.1546242774566474,0.17309753483386925,0.1547599935784235,0.28026291765565087,0.22925225965488902,0.34880585516178736,0.25522388059701495,0.16517344360211347,0.34888945949415845,0.055956965973835815,0.4313582053157767,0.6725333134226669,0.7815908783056977,0.6370448275369542,0.3350216897521268,0.5439251771011464,0.587039276926773,1
0.8767676767676768,0.3500512307011619,0.12029966216561032,0.44055638076156917,0.07274459974587037,0.09090909090909093,0.06454720616570328,0.07663451232583066,0.06437630438272596,0.08006207777980646,0.06409202958093672,0.09533898305084745,0.07232021709633649,0.06432345508844474,0.09532674284247018,0.018270363179170513,0.5862391286678047,0.3547240778289285,0.7751328653498323,0.40877783629692754,0.47258221732974054,0.5587062941418267,0.3172371941975196,1
0.8787878787878788,0.35794541601658014,0.1250742521203956,0.45660759726876005,0.053367217280813214,0.051383399209486175,0.051059730250481696,0.05680600214362272,0.05089099373896292,0.1087274055139675,0.09285127362366474,0.13482280431432972,0.10461329715061057,0.07251703805804426,0.1348054949287457,0.01686984753477417,0.5920100788425587,0.1703458622757425,0.7286598726723662,0.3051578995518494,0.23214450530031358,0.34954632567392735,0.23161249968933037,1
0.40404040404040403,0.515363388678015,0.2111005644181798,0.05681255541354333,0.18392630241423125,0.13043478260869568,0.16859344894026973,0.1757770632368703,0.16856638304703805,0.3506481650538616,0.28759244042728016,0.42835130970724195,0.3327001356852103,0.21372233708553484,0.42836050840929524,0.1720406149536875,0.22157197431520773,0.6998070376428261,0.6187262455877547,0.48383560663053915,0.758182337990946,0.7456016100589535,0.40921404723835403,1
0.30303030303030304,0.11919288358987495,0.06636455494656912,0.21530968254516564,0.18837357052096568,0.24901185770750991,0.13535645472061655,0.21114683815648447,0.13517418526248196,0.16112835493883512,0.13968775677896464,0.19799691833590136,0.14097693351424695,0.10322383030859943,0.19809988445243293,0.030906833879746635,0.5115419003495083,0.6520097717817634,0.97507629299698,0.5994285252469149,0.44861656075044065,0.2507318045365653,0.5636810624073169,1
0.06868686868686869,0.32516941061406973,0.5044326729742695,0.09953135974760209,0.11944091486658197,0.13043478260869568,0.0688824662813102,0.10718113612004287,0.06871086851822122,0.09978090195362424,0.08792111750205422,0.0989984591679507,0.08548168249660787,0.10375985910100315,0.0991141353190397,0.057102842410160094,0.5645777452653825,0.7252071370406061,0.2805112228392949,0.45651156319715613,0.5256191202987716,0.3742274902262944,0.3596001060419031,1
0.030303030303030304,0.020789185664718334,0.028018820743643914,0.1198429421856829,0.1181702668360864,0.20948616600790518,0.10260115606936415,0.1307609860664523,0.10274522395248033,0.16414095307650173,0.13475760065735412,0.186633281972265,0.14531886024423338,0.11448043494907725,0.1866735139299012,0.03424897348569246,0.5272291311062344,0.7625629694270161,0.86945331984096,0.5432608087611666,0.8043149887780577,0.5423757088939385,0.4792431259164754,1
0.4101010101010101,0.5120042847495517,0.25564367147391737,0.3462065471461306,0.11181702668360863,0.09090909090909093,0.10549132947976879,0.11789924973204714,0.10563493337614382,0.5073032682125251,0.40673788003286765,0.6194144838212635,0.48697421981004074,0.3035454475840416,0.6193349595583516,0.1514784989018684,0.2227505486466716,0.8080246207834693,0.6635498753017854,0.44294590823679036,0.6602036382955254,0.7621724229358663,0.36540755714250206,1
0.43434343434343436,0.41207530913070817,0.13629321167212716,0.45675152855020906,0.05527318932655653,0.051383399209486175,0.05298651252408477,0.049303322615219726,0.053138545512923414,0.22156289939748036,0.18241577649958912,0.26020801232665636,0.19728629579375848,0.1600428823033923,0.2601746052124792,0.025050132094089187,0.5779891083475576,0.2560986137976252,0.4746778961459088,0.27979698977734946,0.4240093287319993,0.4670879250916868,0.22196310073152345,1
0.06666666666666667,0.31340381435856834,0.2353817732733193,0.10180547399449612,0.06385006353240152,0.09090909090909093,0.04287090558766859,0.059485530546623804,0.042864023117675384,0.05011867810845354,0.03368940016433853,0.06105546995377504,0.04314789687924017,0.04900834673405313,0.06111182436769805,0.024636343380972085,0.680078029748842,0.721809879579356,0.33450594806498646,0.4745780699998717,0.45903259428345033,0.3480004163945569,0.3936184314082861,1
0.8282828282828283,0.8608329646275293,0.29092133868152736,0.2110665883680496,0.034625158831003804,0.011857707509881427,0.04142581888246628,0.03269024651661307,0.041419168405843636,0.13638853386890631,0.10846343467543139,0.18393682588597843,0.11614654002713704,0.06907113867830614,0.18404159712414947,0.017665595059999362,0.6354954076241568,0.4978242152591926,0.21493510115296063,0.20772152647111627,0.373680549458713,0.3611911375578992,0.15556885681857718,2
