0.47474747474747475,0.2962706378222294,0.9888484031966687,0.003920688106670337,0.9031130876747141,0.8418972332015812,0.8603082851637766,0.8231511254019293,0.860330711189597,0.7727770677378127,0.694330320460148,0.9815100154083204,0.601763907734057,0.40615667355846535,0.9815123892669149,0.8232803895979883,0.08323173209786233,0.7928302934567795,0.26746770993522095,0.8489489966738102,0.5951276284895514,0.5639254618153733,0.8289390838973713,1
0.3474747474747475,0.32135621637985223,0.12262061504230587,0.001917164668900471,0.2963786531130877,0.28853754940711474,0.27890173410404623,0.20096463022508038,0.27885695938352867,0.40441847726857766,0.32292522596548884,0.5194530046224961,0.2512890094979647,0.20468642315644378,0.5193863140326102,0.15332463316039088,0.4834999593595059,0.5988762917628174,0.6261284590806594,0.3788197079237521,0.327631190921595,0.3092748328638514,0.29211437613394414,1
0.8525252525252526,0.14776564282886617,0.029186441715912923,0.18099070779646964,0.05749682337992376,0.09090909090909093,0.04961464354527938,0.059485530546623804,0.049767217851982654,0.04728866167610006,0.03944124897288414,0.05643297380585515,0.04545454545454546,0.032850907420169995,0.05655411477724999,0.013145749116720246,0.7358367877753396,0.288587221552052,0.7665872528943533,0.36548547781910273,0.41843325026619754,0.19096094610537623,0.27988849031124957,2
0.32525252525252524,0.7861118226486272,0.2793349459567041,0.19107165474915658,0.030495552731893263,0.011857707509881427,0.04142581888246628,0.03161843515541265,0.04125862899341789,0.08690889172904875,0.0657354149548069,0.10747303543913712,0.09850746268656715,0.04755341144038594,0.1075234304788805,0.007511856638125856,0.7192148256522802,0.44661102568709304,0.446132761766651,0.1213503351049991,0.18031196324335522,0.399611098160568,0.11187420779242296,2
0.14545454545454545,0.5348077684372308,0.20230053992263491,0.6331824933503748,0.036848792884371026,0.051383399209486175,0.0409441233140655,0.03965702036441587,0.040937550168566386,0.04473251780171627,0.037797863599013964,0.052195685670261935,0.042740841248303935,0.03606708017459224,0.05218898446527156,0.0052837635674953054,0.7435991221653255,0.3437249901418869,0.7646311243555932,0.273538032234228,0.46378025253309746,0.3764059989287626,0.2017074403307182,1
0.6282828282828283,0.18480893277134808,0.04998520060830605,0.23138968530864626,0.032401524777636595,0.051383399209486175,0.023121387283236993,0.023043944265809222,0.023278214801733824,0.0062077779806463396,0.004108463434675423,0.0040446841294298945,0.0024423337856173625,0.014089899686040274,0.004108357940685582,0.013432218225801316,0.7286027798098026,0.5477960992204507,0.5759105360031235,0.3747858642082115,0.4270461191439358,0.30499388754143925,0.2879555452459261,1
0.34545454545454546,0.2831427706494655,0.13158598446574196,0.0030398286642025966,0.23983481575603557,0.24901185770750991,0.21146435452793833,0.19882100750267953,0.21126986675228768,0.19691436918020813,0.1832374691865242,0.22785053929121724,0.16132971506105837,0.14426832069836895,0.22788547952240346,0.08256676321736639,0.4689100219458669,0.563634412164795,0.616658565930695,0.4773878931894739,0.4488461772233966,0.38626422903835994,0.3763410572709122,1
0.4666666666666667,0.21806813683254545,0.0784102391377568,0.17692033115709238,0.3843710292249047,0.40711462450592895,0.3651252408477842,0.30171489817792074,0.3650666238561567,0.34097133467226587,0.276910435497124,0.4019645608628659,0.27951153324287653,0.24419940271077412,0.40191295416613176,0.32651112455040265,0.28415833536535806,0.7336769478814974,0.4645705680342301,0.507293227767439,0.4409356646158764,0.4530181487525068,0.4470246133198572,1
0.3090909090909091,0.16848496844654542,0.056688814721822474,0.258650270015084,0.18551461245235068,0.20948616600790518,0.11127167630057803,0.2020364415862808,0.11141435222347086,0.12223845170713894,0.11175020542317174,0.1413713405238829,0.12062415196743555,0.09411134083773642,0.1414815765823598,0.019607219021548845,0.5842477444525727,0.6392233906776084,0.9699927491773106,0.6068979432658351,0.6387615117768488,0.26616509510344905,0.559050013669464,1
0.33131313131313134,0.8212514263092937,0.30634944936056424,0.8962888758391194,0.011753494282083866,0.007905138339920952,0.022157996146435446,0.011254019292604497,0.022154438914753567,0.0459192988862516,0.03615447822514379,0.06047765793528504,0.052510176390773405,0.02274293590627154,0.06059827962511235,0.0074800267371168475,0.7304722425424693,0.04731894321026823,0.39582320741336874,0.08474488935270291,0.11384024546451188,0.25790882738666154,0.06014978418815808,2
0.7313131313131314,0.171954684116154,0.05144880941445443,0.17374232846269877,0.15216010165184243,0.1699604743083004,0.13872832369942195,0.1114683815648446,0.1385455129234227,0.19472338871645062,0.15694330320460148,0.23189522342064714,0.16743554952510176,0.12887663680220535,0.2319296443702658,0.08167552598911416,0.5685605136958467,0.8673506291692819,0.30972566392835227,0.7921350985987407,0.45392025104734374,0.4521217438034617,0.3349370790426404,1
0.14343434343434344,0.51135807931444,0.17036447329475288,0.5647172613907216,0.06385006353240152,0.051383399209486175,0.06599229287090559,0.06752411575562701,0.06614223791940921,0.08188789483293774,0.06820049301561217,0.0930277349768875,0.08005427408412481,0.0591163182479516,0.09307998459365772,0.008753222777477162,0.6709745590506381,0.19801391102265378,0.8340199039066797,0.35411076535996594,0.427935320191167,0.49524260321335584,0.26651105569685274,1
0.4868686868686869,0.38230910742146557,0.11864417159129184,0.3635416306838464,0.004764930114358321,0.011857707509881427,0.0038535645472061652,0.004287245444801715,0.00401348531064376,0.0069381048018988525,0.007395234182415771,0.002696456086286585,0.0016282225237449043,0.011639482349337624,0.0026961098985749153,0.005665722379603399,0.8115093879541575,0.016528964186466457,0.46692509342406147,0.15429673692761445,0.3117966588552043,0.2856884834874645,0.10076880379762564,1
0.31313131313131315,0.15435577393288774,0.3453239025485574,0.22570727831704038,0.22204574332909785,0.28853754940711474,0.14691714836223504,0.22936763129689175,0.14705410178198747,0.20732152638305643,0.21774856203779783,0.2600154083204931,0.19050203527815468,0.13783597518952448,0.25998202593400954,0.034312633287710476,0.5372266926765831,0.6799298149008006,0.9685585205134538,0.6067350418634908,0.48497925572746775,0.1816850455631736,0.5630493674766168,1
0.46464646464646464,0.21367277553966885,0.08532818926891006,0.29195596854237915,0.3532401524777637,0.3675889328063242,0.3251445086705202,0.28456591639871387,0.3249317707497191,0.2676647799890451,0.21117502054231715,0.32357473035439144,0.21763907734056986,0.1814074584577686,0.32366157401463613,0.2573765795588376,0.28029748841745916,0.8703232294478757,0.5585643371074797,0.7132481509063628,0.5831380467742263,0.555432080531419,0.6132287274143173,1
0.9717171717171718,0.16600493677665742,0.2355797789277075,0.19590198855458452,0.1153113087674714,0.1699604743083004,0.09248554913294797,0.13612004287245444,0.09247070155723229,0.07677560708417018,0.06409202958093672,0.0683744221879815,0.07788331071913161,0.07940883681752046,0.06836564385672103,0.03545850972403476,0.554498902706657,0.9502801104108677,0.32761766650996393,0.5001163452301981,0.45134044243942745,0.3101271960809086,0.4305156287539248,2
0.08282828282828283,0.3962927601704585,0.1781091480653623,0.44530035579812777,0.1905972045743329,0.1699604743083004,0.1464354527938343,0.1645230439442658,0.14641194413228448,0.27761548292861055,0.21610517666392765,0.2438366718027735,0.24477611940298508,0.27498277050310127,0.24393375272820647,0.10503867332972595,0.35405998536942207,0.9169421882911282,0.44539971156068,0.61662393442866,0.7516607799306197,0.6376660017403157,0.5748879518172102,1
0.8585858585858586,0.16332696830682536,0.054896557355297707,0.25040588621368615,0.05654383735705209,0.09090909090909093,0.04865125240847784,0.06484458735262594,0.04864344196500241,0.07038524739821071,0.05751848808545603,0.0807010785824345,0.06119402985074627,0.046864231564438315,0.0808191038644242,0.011140465353152752,0.7194180281232221,0.24420587940202668,0.7528106897843079,0.35221651675579235,0.23182709429358045,0.25865931629437316,0.2690191952413696,2
0.10101010101010101,0.4385056935938337,0.20146769139696055,0.06507421096871509,0.1823379923761118,0.1699604743083004,0.15028901734104044,0.15969989281886388,0.1502648900305025,0.0643600511228775,0.06491372226787182,0.05450693374422188,0.05128900949796473,0.05957577149858335,0.054564128899730405,0.05452462042843047,0.6254572055596197,0.3298489667064102,0.6302518664892472,0.43528429910722444,0.4831310682343619,0.5644855480837841,0.35503740462442107,1
0.5131313131313131,0.7091260508115408,0.2665135695112118,0.689615070180893,0.11626429479034307,0.09090909090909093,0.12186897880539499,0.1007502679528403,0.12200995344357038,0.06627715902866532,0.052588331963845505,0.07819722650231123,0.06065128900949796,0.04456696531127958,0.07825138015149571,0.017665595059999362,0.6189547264894742,0.43055338430775053,0.5895157884672078,0.3619528135567234,0.5492988818578224,0.4741844271994618,0.27601547549023664,1
0.6060606060606061,0.2902510304356938,0.20694040438061995,0.10284753647218675,0.17026683608640406,0.1699604743083004,0.1628131021194605,0.16398713826366562,0.16278696419971103,0.32180025561438746,0.2925225965488907,0.41063174114021567,0.2709633649932157,0.191515429971667,0.41064321479008864,0.060572301620141954,0.4008778346744697,0.6566926671970994,0.6661115670541741,0.4603541198053934,0.3466600933323428,0.29679278320613117,0.38389032947550683,1
0.30707070707070705,0.1285657732342873,0.05903834573420295,0.21816527916911355,0.1956797966963151,0.24901185770750991,0.13680154142581888,0.22615219721329047,0.13677957938673946,0.25205404418477273,0.20460147904683648,0.30373651771956856,0.23500678426051558,0.1595068535109886,0.30382590833226353,0.02877423051214311,0.5275542550597416,0.6654774710031476,0.9843669075639625,0.6375991623866629,0.5223189462855033,0.22227862134253437,0.6016676746170478,1
0.06666666666666667,0.31340381435856834,0.2353817732733193,0.10180547399449612,0.06385006353240152,0.09090909090909093,0.04287090558766859,0.059485530546623804,0.042864023117675384,0.05011867810845354,0.03368940016433853,0.06105546995377504,0.04314789687924017,0.04900834673405313,0.06111182436769805,0.024636343380972085,0.680078029748842,0.721809879579356,0.33450594806498646,0.4745780699998717,0.45903259428345033,0.3480004163945569,0.3936184314082861,1
0.12727272727272726,0.6632803949421324,0.2234381538524348,0.757671537301231,0.0038119440914866545,0.007905138339920952,0.012042389210019268,0.008038585209003213,0.011879916519505535,0.0,0.0,0.002696456086286585,0.004884667571234736,0.0,0.002760302991398125,0.00022280930706305527,0.9852475006096074,0.2612458321764147,0.6687130984916697,0.04868058000131269,0.38779520911982607,0.05397203038612584,0.02402926093764239,2
0.7333333333333333,0.1979542649558717,0.08210906641354604,0.16879109238085369,0.1775730622617535,0.20948616600790518,0.16714836223506743,0.13236870310825294,0.16728206774763205,0.12223845170713894,0.11339359079704191,0.14445300462249613,0.09755766621438264,0.08055746994409985,0.14449865194505074,0.09950027055415858,0.5897748516621963,0.828569161955383,0.197003258886242,0.4574047184996871,0.5048365783543702,0.5678082520859764,0.36453353989412374,1
0.42828282828282827,0.3713760100598467,0.12109780866938159,0.06402063398850856,0.06797966963151207,0.09090909090909093,0.059248554913294796,0.07181136120042872,0.0593995825975277,0.4538068285557787,0.45357436318816763,0.5558551617873653,0.437449118046133,0.28172141817903357,0.5559121838490179,0.03647706655632301,0.5091441111923922,0.4453907196072622,0.4920519828211279,0.32768909806320906,0.3764944768233687,0.29220310089382473,0.24081039210650584,1
0.010101010101010102,0.18756840462939248,0.05923226879777909,0.27813856552327665,0.25412960609911056,0.28853754940711474,0.19026974951830442,0.35262593783494106,0.1900786643120886,0.34206682490414464,0.304847986852917,0.36074730354391366,0.4010854816824966,0.19327666743242206,0.36082937475927596,0.036827195467422094,0.5257660733154516,0.3709777148310354,0.999127510896154,0.6729612419414882,0.6592176381469501,0.339999056884123,0.6487527649597786,1
0.08484848484848485,0.381406748480544,0.12981209875787175,0.0017617188849355615,0.21346886912325283,0.1699604743083004,0.17341040462427745,0.19185423365487675,0.1735431048322363,0.26072667518714626,0.19967132292522594,0.23343605546995377,0.24599728629579376,0.255456007351252,0.2334060855051997,0.12114460324028394,0.36962529464358296,0.9416073041035417,0.517139032533087,0.69961578049931,0.576945155430092,0.5856318075616539,0.6645264980489947,1
0.9757575757575757,0.16430500896537267,1.0,0.11947447810517345,0.10419313850063532,0.13043478260869568,0.08959537572254335,0.09163987138263666,0.0895809921335688,0.06445134197553405,0.05669679539852094,0.0703004622496148,0.054545454545454536,0.0591163182479516,0.07035562973424062,0.042397428143998474,0.6306185483215476,0.7229765201910492,0.37199110778228406,0.2773238174325474,0.33099889919161496,0.3285998110209317,0.15754264458564954,2
0.24242424242424243,0.19709265770905618,0.054024924216908035,0.2895264085115203,0.11308767471410418,0.13043478260869568,0.04865125240847784,0.059485530546623804,0.04864344196500241,0.06016067190067554,0.04765817584223499,0.07704160246533127,0.027951153324287655,0.05467493682517804,0.0771600975735011,0.024636343380972085,0.5982687149475738,0.7537128337467132,0.6349529493318883,0.27582696869779955,0.5855625265916137,0.2921145725638693,0.185009982851036,2
0.006060606060606061,0.1650036094357637,0.0729273196770671,0.2642002602277569,0.26334180432020327,0.32806324110671947,0.20905587668593448,0.32475884244372993,0.2088617755659014,0.41427788935548654,0.35497124075595726,0.47553929121725724,0.46607869742198105,0.23378512902978782,0.475478238541533,0.04099691249960213,0.4959359505811591,0.416255036970841,0.9758850386046549,0.6956274985522387,0.7380886454654124,0.43697717125738694,0.6719494312674492,1
0.3898989898989899,0.04233518850569362,0.011370015411780331,0.12707980701693788,0.1696315120711563,0.24901185770750991,0.17341040462427745,0.1495176848874598,0.17322202600738482,0.2010224575497535,0.17337715694330316,0.25751155624036975,0.17245590230664856,0.11264262194655025,0.2576068814995507,0.05602062577585383,0.4559050638055759,0.7455160168089581,0.8145821215429112,0.5121996155092984,0.45964715601989115,0.36002514382517115,0.4475589650973017,1
0.7757575757575758,0.13865472836085047,0.0602672055686539,0.18452566006885676,0.11149936467598476,0.1699604743083004,0.10741811175337186,0.10289389067524116,0.1074008669128271,0.07321526383056418,0.05751848808545603,0.09861325115562403,0.06282225237449118,0.04931464890114097,0.09872897676210042,0.04360696438234077,0.5193042347394946,0.7010926755969118,0.39363202473247644,0.4244946576114461,0.4021034669836275,0.19955976062651365,0.3476331115842494,1
0.692929292929293,0.6654111263768251,0.9463343437745594,0.6435570601172177,0.4634688691232528,0.28853754940711474,0.4099229287090559,0.4667738478027867,0.4096965805105154,0.5674639401132007,0.6146261298274445,0.5893682588597843,0.5013568521031208,0.43962018531281105,0.5894209783027348,0.24903714549447753,0.26611395594570436,0.39912408622874085,0.8024748412388546,0.555508065246622,0.5763080822747338,0.6614827916941741,0.4673175540772283,1
0.1919191919191919,0.9554642200125748,0.3252640925931597,0.6753831450712172,0.0054002541296060995,0.0,0.011560693641618497,0.011254019292604497,0.011558837694654033,0.018075588825999644,0.014790468364831543,0.030624036979969172,0.021709633649932156,0.01079715138984608,0.030620105276672235,0.011681573670305886,0.746322035275949,0.8255078969903006,0.24271132960965083,0.11670213071779856,0.438069960987711,0.26928849914674696,0.08669546919399869,2
0.8767676767676768,0.3500512307011619,0.12029966216561032,0.44055638076156917,0.07274459974587037,0.09090909090909093,0.06454720616570328,0.07663451232583066,0.06437630438272596,0.08006207777980646,0.06409202958093672,0.09533898305084745,0.07232021709633649,0.06432345508844474,0.09532674284247018,0.018270363179170513,0.5862391286678047,0.3547240778289285,0.7751328653498323,0.40877783629692754,0.47258221732974054,0.5587062941418267,0.3172371941975196,1
0.3434343434343434,0.30277344386745225,0.11763781295610196,0.008894953193547283,0.20616264294790343,0.20948616600790518,0.174373795761079,0.18649517684887462,0.17418526248193933,0.2048566733613292,0.18734593262119964,0.2648305084745763,0.16824966078697423,0.1308676008882763,0.26486070098857367,0.06741573033707864,0.45188165488092336,0.47498372536346695,0.5841533668517884,0.46204713726549473,0.49654787390904037,0.4166997350378225,0.37615258435716237,1
0.1414141414141414,0.5212898493351652,0.18530063178092818,0.590331272237383,0.07719186785260482,0.051383399209486175,0.07947976878612717,0.07984994640943192,0.07962754856317227,0.1069928793134928,0.08545603944124897,0.13463020030816641,0.10542740841248302,0.0683819588023585,0.13474130183592248,0.016583378425693095,0.6004633016337481,0.2416766025558763,0.8149287268033434,0.32821305840060483,0.4767085604172717,0.4687975450515776,0.25120332706471044,1
0.00202020202020202,0.19832685187341362,0.09493044285903837,0.2783227975635313,0.25412960609911056,0.28853754940711474,0.19123314065510594,0.3236870310825295,0.19104190078664313,0.4728866167610005,0.4445357436318817,0.5159861325115562,0.5356852103120759,0.27942415192587483,0.5160482732058032,0.05933093548079065,0.432577420141429,0.47083048478583983,0.9770244535987189,0.7032769940370132,0.7413370432151709,0.473145220270941,0.6713260208604306,1
0.3939393939393939,0.06095871271219991,0.0003266072649703722,0.12854790608771752,0.08386277001270648,0.13043478260869568,0.08622350674373795,0.08896034297963558,0.08637020388505379,0.11584809202117947,0.0961380443714051,0.15832049306625579,0.10488466757123471,0.06378742629604105,0.15836435999486456,0.026005029124359424,0.5609607412826141,0.7468226542940543,0.789359616901588,0.35068405028934435,0.1619201339879654,0.28040525511284464,0.2749136338406223,1
0.4707070707070707,0.21719488624455674,0.07945334109025591,0.2928713714923947,1.0,1.0,1.0,0.7663451232583065,1.0,0.7507759722475809,0.6622843056696796,0.9443374422187982,0.5727272727272726,0.4194042422850141,0.944280395429452,1.0,0.017312850524262385,0.967679388493657,0.3289323761184994,0.7710136028998982,0.5722560268696297,0.6974502061508949,0.6760626972752201,1
0.997979797979798,0.642892904547889,0.6018065464343674,0.05427936486004121,0.18170266836086404,0.13043478260869568,0.14547206165703275,0.15969989281886388,0.14528816824530422,0.12251232426510865,0.12818405916187342,0.15600924499229582,0.10189959294436905,0.06654414579983152,0.15598921556040574,0.22783843142247828,0.42993578801918236,0.4541755234133104,0.27757902201540996,0.2206504014769246,0.4528847257771505,0.31822197744707426,0.16313676920145476,2
0.13131313131313133,0.6586114151316861,0.22131724792553356,0.7497783458265687,0.009529860228716642,0.011857707509881427,0.01782273603082851,0.012325830653804928,0.017659335366832556,0.02190980463757531,0.01807723911257189,0.025231124807395984,0.025780189959294434,0.018224978941726012,0.025292078572345614,0.0022280930706305505,0.9465577501422419,0.2045867642289322,0.67111941547214,0.03386378441472931,0.36898241633068374,0.4554435580736947,0.02707175225960383,2
0.5292929292929293,0.4798395547586335,0.7105790134419303,0.07804529805289762,0.12293519695044473,0.09090909090909093,0.08477842003853564,0.09056806002143622,0.08460427034837052,0.07038524739821071,0.07395234182415775,0.05816640986132512,0.054409769335142466,0.07144498047323684,0.0581589420978303,0.055288538052646656,0.7010078842558728,0.5370466726243114,0.4053329402484405,0.6087829710359137,0.8235577496685194,0.690699809775307,0.4934283015898,1
0.1494949494949495,0.5695340334862492,0.19510497361625687,0.6454339240273125,0.04129606099110546,0.051383399209486175,0.046724470134874754,0.044480171489817796,0.04687750842831915,0.049388351287201024,0.041084634346754315,0.0614406779661017,0.050339213025780184,0.03935982847078643,0.06143278983181412,0.0052837635674953054,0.7470129236771521,0.163119690326916,0.7622965188083155,0.23822386485656274,0.4385697144876739,0.42297234535123945,0.1781483261119902,1
0.18585858585858586,0.9029760380038655,0.3036773936740255,0.9612249127776435,0.013341804320203297,0.007905138339920952,0.0197495183044316,0.02411575562700964,0.019746347728367312,0.04245024648530217,0.03368940016433853,0.062018489984591675,0.04450474898236092,0.024044720116394823,0.06201052766722303,0.012381831492504058,0.6879216451272049,0.4240178636010463,0.24303403105901858,0.16400699843227742,0.19209894218842508,0.40368429107047193,0.09720024522190095,2
0.12323232323232323,0.6455941597000675,0.21916776386294745,0.7289543680265295,0.023189326556543828,0.011857707509881427,0.031791907514450865,0.024651661307609856,0.0317868036602986,0.005568742012050387,0.0032867707477403363,0.009437596302003082,0.00963364993215739,0.003292748296194194,0.009564770830658622,0.003246649902918802,0.9143704787450219,0.41035183547567444,0.668402348947834,0.05105756639045757,0.37604199730313204,0.3024283454366537,0.04962843911289321,2
0.3292929292929293,0.817938895745523,0.27041856762301353,0.9105553444563428,0.04066073697585768,0.011857707509881427,0.051541425818882464,0.0337620578778135,0.051693690801091666,0.06299068833302902,0.04930156121610516,0.08224191063174113,0.06852103120759835,0.035224749215100694,0.0823597380921813,0.009103351688576249,0.7121433796634967,0.0,0.43430834322685524,0.13006149211537335,0.02794792658576063,0.47820290159386575,0.10147505944145742,2
0.32727272727272727,0.7795391565563653,0.2637353664635578,0.8061245638882173,0.03113087674714104,0.011857707509881427,0.04046242774566474,0.02786709539121115,0.040616471343714884,0.06289939748037247,0.04930156121610516,0.07935285053929123,0.07299864314789686,0.03683283559231181,0.07947104891513676,0.008753222777477162,0.7077542062911486,0.2526873566490348,0.4785423456013004,0.18055893803472936,0.2017203226336559,0.38053835901396343,0.12154431805943315,2
0.9939393939393939,0.705487506694921,0.30797432050379175,0.13824311720612112,0.12579415501905972,0.09090909090909093,0.12668593448940269,0.10718113612004287,0.1268261358163429,0.16404966222384518,0.14626129827444534,0.22130200308166406,0.1474898236092266,0.08882762845547132,0.2213377840544358,0.05554317726071872,0.4350971307811103,0.4085668753397841,0.43410117686429794,0.3199555302675687,0.276955735796983,0.6054737199871165,0.2575575567282759,2
0.7353535353535353,0.17249609948070693,0.0654520959000582,0.20312158163206565,0.522554002541296,0.5652173913043478,0.5052986512524085,0.3354769560557342,0.5052175309038369,0.36132919481467957,0.2900575184880854,0.41506163328197226,0.2158751696065129,0.16823646527299177,0.41507253819489026,0.340038832479231,0.4321710151995449,0.8725935120782302,0.28885365290072745,0.8173105068873303,0.668454073328696,0.6856634820194066,0.448950765075762,1
0.696969696969697,0.6082772512400159,0.2496177674352144,0.5948219282185914,0.9336086404066073,0.6047430830039526,0.8342967244701348,1.0,0.8343233263766255,1.0,1.0,1.0,1.0,1.0,1.0,0.6890536970430021,0.0,0.8616714226715605,0.773041281881708,1.0,1.0,0.7366687011870803,1.0,1
0.4909090909090909,0.38856740330205153,0.12572542535493023,0.45293447096618195,0.0,0.011857707509881427,0.0,0.0,0.0,0.010041993792222021,0.009860312243221031,0.01290446841294298,0.00841248303934871,0.016004288230339225,0.013031197843112087,0.005347423369513321,0.865845728684061,0.18106495621597782,0.4129303681983699,0.1778686240870244,0.40132457188909076,0.31435876127957685,0.12895482449236578,1
0.3717171717171717,0.1428812612067159,0.09528971085050572,0.23895471346160488,0.10546378653113088,0.13043478260869568,0.09730250481695568,0.10557341907824225,0.09728688393000481,0.2779806463392368,0.21774856203779783,0.3771186440677966,0.2253731343283582,0.15200245041733668,0.37707022724354866,0.02673711684756661,0.606721937738763,0.5435798600497922,0.8593220879182172,0.3957759178210337,0.7538961638291024,0.26008466689325166,0.30938346574763687,1
0.00808080808080808,0.16114966350744006,0.08090878471478002,0.26010685458334776,0.35451080050825917,0.40711462450592895,0.28275529865125243,0.4372990353697749,0.28287044469417244,0.49945225488406064,0.41002465078060796,0.5845531587057011,0.5773405698778834,0.28685197947775476,0.5845423032481706,0.054174491517331384,0.4554986588636919,0.3751589547833432,0.9928129208066738,0.7624720369166038,0.5137983742253258,0.4043355748647163,0.7576114061322043,1
0.1898989898989899,0.9150327177886965,0.3264949937230166,0.9578454062892214,0.021283354510800507,0.011857707509881427,0.028420038535645474,0.030010718113612004,0.02825493658693209,0.05970421763739274,0.04601479046836481,0.08686440677966102,0.05522388059701491,0.03292748296194195,0.08698164077545258,0.013082089314702233,0.6567910265788834,0.49213334235535405,0.22856425742810949,0.146251107178094,0.27321658911482855,0.4310017314183929,0.10934949920054346,2
0.43434343434343436,0.41207530913070817,0.13629321167212716,0.45675152855020906,0.05527318932655653,0.051383399209486175,0.05298651252408477,0.049303322615219726,0.053138545512923414,0.22156289939748036,0.18241577649958912,0.26020801232665636,0.19728629579375848,0.1600428823033923,0.2601746052124792,0.025050132094089187,0.5779891083475576,0.2560986137976252,0.4746778961459088,0.27979698977734946,0.4240093287319993,0.4670879250916868,0.22196310073152345,1
1.0,0.7332743404047224,0.3227941251518214,0.07194836897071863,0.12674714104193138,0.09090909090909093,0.10934489402697495,0.12057877813504825,0.10932733986193612,0.08490049297060434,0.08627773212818406,0.1099768875192604,0.08018995929443691,0.050080404318860544,0.11002696109898576,0.13791896107203105,0.5188978297976105,0.4811995865425673,0.35885596360246363,0.4051612805243509,0.41509480684077,0.5036728135281965,0.21545974964169437,2
0.3838383838383838,0.04105442097664349,0.0,0.1427107441822976,0.1397712833545108,0.20948616600790518,0.12668593448940269,0.12861736334405147,0.1268261358163429,0.20522183677195546,0.14626129827444534,0.2596302003081664,0.17856173677069195,0.13293514051611915,0.2595968673770703,0.031734411305980835,0.545964398927091,0.9062090946635527,0.8180282543046778,0.5152406827539486,0.5475227309052517,0.26445769947345654,0.44627900618853916,1
0.35353535353535354,0.2795857299210581,0.15197444298151608,0.001577486844680881,0.25508259212198214,0.24901185770750991,0.22447013487475914,0.20685959271168278,0.22427355915877348,0.3673543910900128,0.3270336894001643,0.4418335901386749,0.2572591587516961,0.23102840952599735,0.4418410579021698,0.10491135372568992,0.4116475656343982,0.6690193919002475,0.633251794777814,0.49846726233254923,0.4920500924093747,0.5422867356980035,0.41099936209167653,1
0.028282828282828285,0.0,0.02060687712422303,0.10706184439301303,0.1070520965692503,0.20948616600790518,0.08959537572254335,0.12754555198285103,0.08974153154599454,0.10854482380865439,0.09202958093672967,0.12018489984591678,0.10474898236092264,0.08982311049850676,0.12023366285787654,0.03504472101091766,0.5151995448264651,0.827304523532308,0.804259659131654,0.4909125063980837,0.8660773177194132,0.4377596905156351,0.4249981359821717,1
0.9696969696969697,0.16820552825838903,0.04445941394408892,0.23708360680276813,0.07909783989834815,0.13043478260869568,0.05684007707129095,0.09539121114683817,0.056830951998715684,0.08718276428701843,0.07066557107641742,0.07877503852080123,0.0886024423337856,0.09418791637950838,0.07882911798690462,0.028328611898016998,0.5948955539299359,0.8095202540476597,0.3796044716062564,0.4241428195104895,0.4171410948203476,0.2686728046308769,0.3545465465963034,2
0.39191919191919194,0.07351023449689119,0.01607316002735338,0.17359263992999185,0.13913595933926304,0.20948616600790518,0.1363198458574181,0.13719185423365488,0.1362979611494622,0.1344714259631185,0.1076417419884963,0.17642526964560862,0.11546811397557666,0.0790259591086607,0.17653100526383367,0.037304643982557215,0.491546777208811,0.6954111358179669,0.8510314494474237,0.5320414040762959,0.3166771344764632,0.4470987620269517,0.4559118360989835,1
0.6363636363636364,0.17706028922059472,0.04404707227206386,0.255391665803079,0.05177890724269377,0.09090909090909093,0.04816955684007707,0.04233654876741693,0.04816182372772516,0.008124885886434181,0.011503697617091206,0.006741140215716479,0.006919945725915875,0.014089899686040274,0.006868660932083719,0.01397332654295445,0.6981224091684956,0.5266822374300307,0.5928702899532281,0.2742474940575341,0.38818465666709445,0.2720533412104269,0.200657376954112,1
0.08080808080808081,0.3767377686700975,0.15041081070047055,0.018118069708798264,0.1823379923761118,0.1699604743083004,0.14258188824662812,0.1822079314040729,0.14255899823406645,0.41656016067190066,0.37551355792933444,0.38828967642526957,0.4073270013568521,0.3865533348648441,0.3883040184876108,0.09851354362287934,0.35922132813135016,0.9537240334965853,0.578412468227851,0.7260783087471544,0.7914924845627945,0.7499208138556177,0.6894587720679,1
0.694949494949495,0.5726311622383158,0.2241668963123999,0.48341335912581906,0.5412960609911054,0.3675889328063242,0.485067437379576,0.5691318327974276,0.48498956493819234,0.4451341975534051,0.5743631881676253,0.4322033898305085,0.4265943012211668,0.42422850141664753,0.4321479008858648,0.34653213228506863,0.16613834024221735,0.5862509070630756,0.7507549620327801,0.6293094517346288,0.7518408712819579,0.6831041680383366,0.532172947716371,1
0.14747474747474748,0.5786740563071979,0.20449493248415448,0.6191290430296958,0.04701397712833545,0.051383399209486175,0.04816955684007707,0.04823151125401929,0.04816182372772516,0.06472521453350373,0.05423171733771568,0.07203389830508475,0.05875169606512891,0.049544375526456845,0.07215303633329055,0.006365980201801572,0.7262049906526865,0.3271796929868566,0.7332175326486219,0.35406863880419887,0.586688097537476,0.4267408050650661,0.24056599865790715,1
0.5313131313131313,0.523670912605081,0.6954264776427121,0.0954955266157726,0.09339263024142312,0.09090909090909093,0.04287090558766859,0.05466237942122187,0.043024562530101146,0.029669527113383234,0.03615447822514379,0.031201848998459167,0.023609226594301223,0.03308063404548586,0.03126203620490435,0.02517745169812522,0.6737787531496384,0.49897685618354526,0.3225301387217837,0.5517759778468557,0.8707011631650156,0.619918073481183,0.42962090019634314,1
0.06464646464646465,0.37556761288219265,0.12484562703491638,0.059645123032459384,0.04002541296060991,0.051383399209486175,0.02552986512524084,0.03054662379421222,0.025686305988120082,0.07978820522183679,0.05998356614626129,0.11729583975346687,0.054545454545454536,0.040355310513821886,0.11728078058800875,0.01731546614890028,0.6697959847191745,0.5091709618485188,0.3177015688867997,0.3362686321868944,0.44432813544670535,0.31244316837109637,0.2600532694872708,1
0.6464646464646465,0.10585543627599378,0.02170305275727978,0.1590670950061603,0.1337357052096569,0.20948616600790518,0.10741811175337186,0.12165058949624868,0.1074008669128271,0.36315501186781085,0.2925225965488907,0.4291217257318952,0.3449118046132971,0.22451948847538095,0.429195018615997,0.09440748639271732,0.3502804194099,0.8895494667285765,0.6764061416858559,0.4815920511347684,0.7071084307514987,0.4234461276195933,0.41120440405278896,1
0.7737373737373737,0.15265002445101647,0.050283229737591494,0.1476447085103688,0.153430749682338,0.20948616600790518,0.14354527938342967,0.13290460878885313,0.14336169529619522,0.24685046558334856,0.23336072308956446,0.27137904468412943,0.1858887381275441,0.18163718508308443,0.2714083964565413,0.08409459846579877,0.42725351540274736,1.0,0.5788467207955188,0.44027692876797186,0.5323410299874611,0.43837182610366787,0.36447969049019524,1
0.5050505050505051,0.6095114454043732,0.21791849107443587,0.08532822089421625,0.18996188055908514,0.13043478260869568,0.1840077071290944,0.15916398713826366,0.18413870605233584,0.19079788205221834,0.15612161051766638,0.2534668721109399,0.16892808683853458,0.10452561451872272,0.2534343304660419,0.028073972689944934,0.5483621880842072,0.5622834423364546,0.6623626526855929,0.38327662520364936,0.6132223070152335,0.5273717139974411,0.292296635654933,1
0.1292929292929293,0.6686246885406235,0.22327893281076175,0.7523806233951662,0.003176620076238876,0.007905138339920952,0.012524084778420035,0.0075026795284029975,0.01268261358163429,0.0003651634106262562,0.0,0.0025038520801232648,0.0054274084124830415,0.0005360287924037043,0.0025035306201052865,0.0,1.0,0.1948243155902851,0.6677808498601626,0.0,0.35398080676423116,0.0,0.0,2
0.7373737373737373,0.2201231865496123,0.10643110117680679,0.18461777608898414,0.2563532401524778,0.28853754940711474,0.25289017341040465,0.1939978563772776,0.25268903515813135,0.17327003834215812,0.1487263763352506,0.20127118644067796,0.13717774762550883,0.11011562906807563,0.20124534600077038,0.11977591749689659,0.5321059904088434,0.883018612584319,0.2113694493358727,0.5233976857152827,0.6164009193663486,0.6535139074002565,0.4249215041381196,1
0.4121212121212121,0.49813124374170403,0.22291966481929432,0.05297246882448448,0.08894536213468868,0.09090909090909093,0.08140655105973026,0.08681672025723473,0.08123294268742977,0.5270220923863429,0.46425636811832377,0.6419491525423728,0.4998643147896879,0.31265793705490463,0.641866735139299,0.1320622592863736,0.25595383239860203,0.799851136657948,0.6759001776849954,0.39445498813676416,0.6607529169171061,0.7045827424030237,0.30966099729096075,1
0.024242424242424242,0.04306289732901756,0.06108168243567371,0.15128904855665715,0.12166454891994917,0.20948616600790518,0.1083815028901734,0.12861736334405147,0.10852464279980736,0.1039802811758262,0.08709942481511913,0.11902927580893682,0.09592944369063772,0.07642239068841412,0.11901399409423549,0.0319890505140529,0.5434040477932213,0.8376036268523336,0.7940248440276328,0.4459097735959789,0.723730862479993,0.400034165707239,0.38736775829073705,1
0.37373737373737376,0.12944484549286261,0.047458076895597966,0.2380335532603314,0.09339263024142312,0.13043478260869568,0.07610789980732176,0.1007502679528403,0.07593514207738,0.11365711155742195,0.09202958093672967,0.1596687211093991,0.0853459972862958,0.0702197718048855,0.15971241494415203,0.01129961485819779,0.7062911485003658,0.4034569894605687,0.9643514497661408,0.46537278476240906,0.5499494618645309,0.15775570451645735,0.3897971948602815,1
0.8282828282828283,0.8608329646275293,0.29092133868152736,0.2110665883680496,0.034625158831003804,0.011857707509881427,0.04142581888246628,0.03269024651661307,0.041419168405843636,0.13638853386890631,0.10846343467543139,0.18393682588597843,0.11614654002713704,0.06907113867830614,0.18404159712414947,0.017665595059999362,0.6354954076241568,0.4978242152591926,0.21493510115296063,0.20772152647111627,0.373680549458713,0.3611911375578992,0.15556885681857718,2
0.9797979797979798,0.1527024194862958,0.034746930402033145,0.1218867663822585,0.05050825921219822,0.09090909090909093,0.03757225433526011,0.049303322615219726,0.037726761920051366,0.021088186963666235,0.017255546425636804,0.019645608628659477,0.020488466757123475,0.028792403706256214,0.019771472589549362,0.020307476843747018,0.663821832073478,0.6970280997057733,0.33803972813398914,0.22686235084622847,0.3228587701111389,0.21829707082444344,0.15997001002427363,2
0.4303030303030303,0.40453624572107205,0.1445849536115619,0.016839959929531228,0.060355781448538745,0.051383399209486175,0.061657032755298644,0.05573419078242229,0.06148659495906245,0.25214533503742925,0.18241577649958912,0.3095146379044684,0.23758480325644507,0.1565969829236542,0.3094749005007062,0.024986472292071175,0.5599447289279039,0.5735438575205155,0.5493414500051791,0.30981261276311695,0.4092170753614771,0.32055440977851013,0.24081660549926684,1
0.4262626262626263,0.3489451132897095,0.1282831684987293,0.44228931339021504,0.09243964421855147,0.09090909090909093,0.08766859344894026,0.08788853161843517,0.08765451918445978,0.2954171991966405,0.24486442070665568,0.37134052388289673,0.2647218453188602,0.17857416341220614,0.37142123507510594,0.05885348696565553,0.4201820694139642,0.4616956887962836,0.638319402723441,0.363938366498504,0.18361663954040688,0.4097433657136451,0.29399703414052203,1
0.5272727272727272,0.40685327061453547,0.6948814517692928,0.0372609301415132,0.09783989834815757,0.09090909090909093,0.07032755298651251,0.06162915326902464,0.07031626264247873,0.046010589738908154,0.05176663927691042,0.02908320493066256,0.024016282225237447,0.04540929627077111,0.02914366414173837,0.04739472260241271,0.7280744533853533,0.4531885454558181,0.31688883931061435,0.34600746019718487,0.6010683919418126,0.5416292237800441,0.2600656962727928,1
0.4101010101010101,0.5120042847495517,0.25564367147391737,0.3462065471461306,0.11181702668360863,0.09090909090909093,0.10549132947976879,0.11789924973204714,0.10563493337614382,0.5073032682125251,0.40673788003286765,0.6194144838212635,0.48697421981004074,0.3035454475840416,0.6193349595583516,0.1514784989018684,0.2227505486466716,0.8080246207834693,0.6635498753017854,0.44294590823679036,0.6602036382955254,0.7621724229358663,0.36540755714250206,1
0.8565656565656565,0.15745872435554104,0.042793716892740134,0.2484714497910118,0.05209656925031766,0.09090909090909093,0.04431599229287091,0.05734190782422294,0.04430887782950713,0.05011867810845354,0.04272801972062449,0.06875963020030817,0.04925373134328358,0.03170227429359062,0.06881499550648351,0.010694846739026641,0.7138096399252216,0.34864121367956113,0.7448945443535214,0.3612767998570952,0.4314628595354994,0.24537472840931943,0.28898075505148835,2
0.8505050505050505,0.1304403511631698,0.023376914990252812,0.19956360035464668,0.05972045743329097,0.09090909090909093,0.0491329479768786,0.057877813504823156,0.04912506020227966,0.04838415190797883,0.03944124897288414,0.05758859784283512,0.05156037991858887,0.04334175664292825,0.05758120426242139,0.01161791386828787,0.7359587092579049,0.2625408032553939,0.8042676270686757,0.33979985004392554,0.41893975719183557,0.20718075972432545,0.2684454919764388,2
0.48484848484848486,0.3605069510746804,0.10709452218377785,0.056841341669833186,0.02541296060991105,0.051383399209486175,0.01782273603082851,0.023579849946409437,0.017819874779258307,0.016158480920211802,0.01807723911257189,0.01290446841294298,0.012075983717774765,0.022206907113867826,0.013031197843112087,0.01368685743387338,0.7444525725432822,0.09407323236447712,0.5899221532553007,0.19645637921710785,0.18682901901989785,0.25836392528386903,0.14374269926350583,1
0.3111111111111111,0.1661854085648418,0.06073262092123661,0.24570221193593336,0.19695044472681067,0.24901185770750991,0.128131021194605,0.214898177920686,0.12827099052817467,0.15437283184224943,0.14790468364831552,0.18085516178736516,0.14314789687924018,0.10858411823263649,0.1809603286686353,0.02294935862749467,0.5755506786962531,0.6614362279242431,0.952766069336988,0.6306741351806823,0.577100484220621,0.1796035176442745,0.5833505927576694,1
0.98989898989899,0.6604161330135295,0.3277544729885586,0.07341646804149825,0.1670902160101652,0.09090909090909093,0.16570327552986513,0.16291532690246519,0.1655161342109488,0.14789118130363338,0.13968775677896464,0.19241140215716487,0.1373134328358209,0.07956198790106438,0.1925150853768135,0.13928764681541841,0.44407867999674877,0.5877745397019467,0.4361608885843365,0.18631689692535816,0.34581141283916267,0.39729156694254275,0.141456170727464,2
0.6262626262626263,0.17871364366718676,0.05182440776917033,0.25182217002314417,0.08640406607369759,0.13043478260869568,0.07032755298651251,0.05359056806002144,0.07015572323005298,0.007211977359868549,0.010682004930156119,0.015986132511556242,0.0,0.00704494984302013,0.01604827320580307,0.05280580577394403,0.7478257335609201,0.46892186074511,0.5000079679370216,0.19435402904345783,0.3301682278335686,0.40270425131724813,0.1414934510840299,1
0.4080808080808081,0.5233041473581259,0.20475213570531858,0.43508123481524985,0.04860228716645489,0.051383399209486175,0.04576107899807321,0.05466237942122187,0.04559319312891314,0.2560708417016615,0.19884963023829086,0.31163328197226503,0.2503392130257802,0.15812849375909335,0.3116574656566954,0.09822707451379827,0.304112818011867,0.7983181708941833,0.5494569850919899,0.28893176275408605,0.7417039793435221,0.5476229031242047,0.20726842685179814,1
0.49292929292929294,0.3699729874484781,0.11353685048531796,0.3930763296371781,0.02858958068614993,0.051383399209486175,0.022639691714836218,0.016077170418006426,0.02279659656445657,0.04528026291765566,0.04272801972062449,0.03428351309707241,0.02957937584803256,0.041963396891033004,0.03427911156759534,0.01890696119935067,0.7474599691132244,0.3196431946353198,0.5018366094834388,0.2467858613154008,0.5467978632161165,0.4786139577590854,0.1258564126355555,1
0.8363636363636363,0.8847076357031413,0.29188483011318983,0.8883841698619411,0.11086404066073698,0.051383399209486175,0.11946050096339113,0.10235798499464095,0.11960186225718414,0.0971334672265839,0.10435497124075595,0.13886748844375962,0.08426051560379919,0.04785971360747377,0.1389780459622545,0.02864691090810708,0.511216776396001,0.26895032677603525,0.2863875763925965,0.14378769806939246,0.15088053415094807,0.37508652643304674,0.11669165831310527,2
0.9919191919191919,0.4998195282118155,0.26298621104953207,0.1657224774603613,0.09243964421855147,0.09090909090909093,0.09393063583815028,0.0894962486602358,0.09407609568148982,0.2860142413730144,0.2629416598192276,0.3622881355932203,0.2616010854816825,0.15514204762998696,0.36230581589420985,0.08590890282331222,0.4501341136308218,0.4476843350498505,0.33312749496027994,0.25789371198778954,0.26040759175091566,0.5490486985890629,0.1833178688891282,2
0.15151515151515152,0.5572619518897143,0.1926819559692581,0.5843667599341371,0.02858958068614993,0.011857707509881427,0.031791907514450865,0.029474812433011786,0.03194734307272435,0.04646704400219099,0.038619556285949055,0.055277349768875196,0.044911804613297156,0.039436404012558386,0.05533444601360894,0.006111340993729509,0.7320165813216291,0.11636773445393055,0.7367194409695385,0.16649553883390442,0.1286257454093589,0.4173932811001357,0.14744588134905184,1
0.1111111111111111,0.43217171599562215,0.19637465935882914,0.06997363178923853,0.10609911054637865,0.09090909090909093,0.10211946050096339,0.08628081457663452,0.1022636057152031,0.0764104436735439,0.06820049301561217,0.06510015408320492,0.066078697421981,0.08270158511371466,0.06522018230838364,0.03517204061495369,0.7005201983256119,0.39949274466203594,0.5956630518792381,0.24033019264492028,0.45831448001999014,0.23785827281673122,0.1878577878664866,1
0.6121212121212121,0.33090957781244906,0.1958908723475918,0.08728568632192248,0.17947903430749682,0.1699604743083004,0.16666666666666663,0.17684887459807075,0.16663991009792906,0.12853752054044185,0.12161051766639278,0.15023112480739598,0.12550881953867027,0.09380503867064857,0.15034022339196307,0.057580290925295215,0.4233113874664716,0.8888588154864543,0.6424706979116038,0.428625772086655,0.2739099408174797,0.1524422252552196,0.369027893991235,1
0.7292929292929293,0.17911533893766152,0.05367994529328314,0.13447211763215772,0.1664548919949174,0.20948616600790518,0.1565510597302505,0.1114683815648446,0.15652592711510677,0.15775059339054226,0.124075595727198,0.19818952234206472,0.11329715061058344,0.09947162876177348,0.19816407754525617,0.14469872998694974,0.5438917337234822,0.921902744172047,0.338840505804642,0.6736553357079693,0.38138170587030273,0.4572523831470531,0.42026560182922285,1
