0.030303030303030304,0.020789185664718334,0.028018820743643914,0.1198429421856829,0.1181702668360864,0.20948616600790518,0.10260115606936415,0.1307609860664523,0.10274522395248033,0.16414095307650173,0.13475760065735412,0.186633281972265,0.14531886024423338,0.11448043494907725,0.1866735139299012,0.03424897348569246,0.5272291311062344,0.7625629694270161,0.86945331984096,0.5432608087611666,0.8043149887780577,0.5423757088939385,0.4792431259164754,1
0.12323232323232323,0.6455941597000675,0.21916776386294745,0.7289543680265295,0.023189326556543828,0.011857707509881427,0.031791907514450865,0.024651661307609856,0.0317868036602986,0.005568742012050387,0.0032867707477403363,0.009437596302003082,0.00963364993215739,0.003292748296194194,0.009564770830658622,0.003246649902918802,0.9143704787450219,0.41035183547567444,0.668402348947834,0.05105756639045757,0.37604199730313204,0.3024283454366537,0.04962843911289321,2
0.14545454545454545,0.5348077684372308,0.20230053992263491,0.6331824933503748,0.036848792884371026,0.051383399209486175,0.0409441233140655,0.03965702036441587,0.040937550168566386,0.04473251780171627,0.037797863599013964,0.052195685670261935,0.042740841248303935,0.03606708017459224,0.05218898446527156,0.0052837635674953054,0.7435991221653255,0.3437249901418869,0.7646311243555932,0.273538032234228,0.46378025253309746,0.3764059989287626,0.2017074403307182,1
0.6767676767676768,0.7860885359662807,0.330132582136624,0.12759220237889626,0.05844980940279543,0.051383399209486175,0.04865125240847784,0.05144694533762058,0.04848290255257666,0.14442212890268397,0.11503697617091208,0.17796610169491525,0.12320217096336498,0.09112489470863006,0.1780074463987675,0.04545309864086323,0.48463789319678136,0.7239681647109883,0.0,0.4534793551852638,0.7630560601865296,0.6304947621479552,0.39003951717795987,1
0.026262626262626262,0.039139091353654835,0.03665758290210968,0.14824921989245457,0.11562897077509529,0.20948616600790518,0.09633911368015415,0.12861736334405147,0.09616310804302457,0.17199196640496622,0.13968775677896464,0.18990755007704158,0.15671641791044777,0.1320928095566276,0.19001155475670822,0.030461215265620525,0.5454360725026417,0.6777411971132645,0.8931300447001268,0.5339233582350094,0.7197395879059654,0.4490944308117736,0.469780128741498,1
0.9939393939393939,0.705487506694921,0.30797432050379175,0.13824311720612112,0.12579415501905972,0.09090909090909093,0.12668593448940269,0.10718113612004287,0.1268261358163429,0.16404966222384518,0.14626129827444534,0.22130200308166406,0.1474898236092266,0.08882762845547132,0.2213377840544358,0.05554317726071872,0.4350971307811103,0.4085668753397841,0.43410117686429794,0.3199555302675687,0.276955735796983,0.6054737199871165,0.2575575567282759,2
0.4101010101010101,0.5120042847495517,0.25564367147391737,0.3462065471461306,0.11181702668360863,0.09090909090909093,0.10549132947976879,0.11789924973204714,0.10563493337614382,0.5073032682125251,0.40673788003286765,0.6194144838212635,0.48697421981004074,0.3035454475840416,0.6193349595583516,0.1514784989018684,0.2227505486466716,0.8080246207834693,0.6635498753017854,0.44294590823679036,0.6602036382955254,0.7621724229358663,0.36540755714250206,1
0.6727272727272727,0.6664182753883054,0.2640680976147463,0.1194975071102053,0.06416772554002541,0.051383399209486175,0.05828516377649325,0.0637727759914255,0.058436346122973194,0.09521635932079607,0.07806080525883317,0.12750385208012324,0.08236092265943011,0.06026495137453097,0.12748748234689952,0.061909157462520285,0.41640250345444213,0.6522267669355384,0.2324605786315868,0.3735904101879008,0.46616421179643375,0.4659788742043572,0.2992639200709155,1
0.10707070707070707,0.3406375893626435,0.21751227328862896,0.09361866270567779,0.10419313850063532,0.09090909090909093,0.08766859344894026,0.09807073954983922,0.08749397977203403,0.08809567281358407,0.09285127362366474,0.08243451463790445,0.07788331071913161,0.08476912474155752,0.08255231737065093,0.04020116497437693,0.6778021620742909,0.23846834087372049,0.6070372819773231,0.3061486872153858,0.4273297630222931,0.3963408883439774,0.2453461688220236,1
0.7737373737373737,0.15265002445101647,0.050283229737591494,0.1476447085103688,0.153430749682338,0.20948616600790518,0.14354527938342967,0.13290460878885313,0.14336169529619522,0.24685046558334856,0.23336072308956446,0.27137904468412943,0.1858887381275441,0.18163718508308443,0.2714083964565413,0.08409459846579877,0.42725351540274736,1.0,0.5788467207955188,0.44027692876797186,0.5323410299874611,0.43837182610366787,0.36447969049019524,1
0.08080808080808081,0.3767377686700975,0.15041081070047055,0.018118069708798264,0.1823379923761118,0.1699604743083004,0.14258188824662812,0.1822079314040729,0.14255899823406645,0.41656016067190066,0.37551355792933444,0.38828967642526957,0.4073270013568521,0.3865533348648441,0.3883040184876108,0.09851354362287934,0.35922132813135016,0.9537240334965853,0.578412468227851,0.7260783087471544,0.7914924845627945,0.7499208138556177,0.6894587720679,1
0.8767676767676768,0.3500512307011619,0.12029966216561032,0.44055638076156917,0.07274459974587037,0.09090909090909093,0.06454720616570328,0.07663451232583066,0.06437630438272596,0.08006207777980646,0.06409202958093672,0.09533898305084745,0.07232021709633649,0.06432345508844474,0.09532674284247018,0.018270363179170513,0.5862391286678047,0.3547240778289285,0.7751328653498323,0.40877783629692754,0.47258221732974054,0.5587062941418267,0.3172371941975196,1
0.8565656565656565,0.15745872435554104,0.042793716892740134,0.2484714497910118,0.05209656925031766,0.09090909090909093,0.04431599229287091,0.05734190782422294,0.04430887782950713,0.05011867810845354,0.04272801972062449,0.06875963020030817,0.04925373134328358,0.03170227429359062,0.06881499550648351,0.010694846739026641,0.7138096399252216,0.34864121367956113,0.7448945443535214,0.3612767998570952,0.4314628595354994,0.24537472840931943,0.28898075505148835,2
0.12121212121212122,0.6330659245977225,0.21382773508068217,0.728747106981243,0.038437102922490474,0.011857707509881427,0.04720616570327553,0.040728831725616296,0.04719858725317065,0.013145882782545191,0.009860312243221031,0.020801232665639432,0.01492537313432835,0.00635576996707251,0.020862755167543972,0.008721392876468153,0.7451028204502966,0.38652903418490325,0.6656613786124634,0.11149687947086157,0.38556882978891044,0.14261513576419968,0.084978501661047,2
0.7272727272727273,0.19218498940455953,0.07654653643201978,0.1886881527283614,0.1639135959339263,0.20948616600790518,0.15414258188824664,0.12861736334405147,0.1541178359287205,0.14423954719737084,0.12818405916187342,0.17045454545454547,0.112483039348711,0.10238149934910787,0.17043266144562846,0.13094821275105836,0.5315370234902057,0.7240101637730092,0.3832298829510054,0.5604441042981201,0.5405667024598227,0.26257903044128916,0.256907221619293,1
0.6121212121212121,0.33090957781244906,0.1958908723475918,0.08728568632192248,0.17947903430749682,0.1699604743083004,0.16666666666666663,0.17684887459807075,0.16663991009792906,0.12853752054044185,0.12161051766639278,0.15023112480739598,0.12550881953867027,0.09380503867064857,0.15034022339196307,0.057580290925295215,0.4233113874664716,0.8888588154864543,0.6424706979116038,0.428625772086655,0.2739099408174797,0.1524422252552196,0.369027893991235,1
0.8545454545454545,0.16691311738816572,0.08638966288006371,0.19832003408292748,0.05876747141041931,0.09090909090909093,0.05202312138728324,0.06752411575562701,0.05201476962594317,0.06417746941756437,0.04930156121610516,0.08204930662557781,0.06675712347354137,0.045868749521402866,0.08210296572088845,0.016710698029729125,0.6910509631797124,0.30545451151590947,0.7258790626518887,0.352999745251858,0.5020586692599821,0.20003799155466423,0.2455926334015426,2
0.40404040404040403,0.515363388678015,0.2111005644181798,0.05681255541354333,0.18392630241423125,0.13043478260869568,0.16859344894026973,0.1757770632368703,0.16856638304703805,0.3506481650538616,0.28759244042728016,0.42835130970724195,0.3327001356852103,0.21372233708553484,0.42836050840929524,0.1720406149536875,0.22157197431520773,0.6998070376428261,0.6187262455877547,0.48383560663053915,0.758182337990946,0.7456016100589535,0.40921404723835403,1
0.3292929292929293,0.817938895745523,0.27041856762301353,0.9105553444563428,0.04066073697585768,0.011857707509881427,0.051541425818882464,0.0337620578778135,0.051693690801091666,0.06299068833302902,0.04930156121610516,0.08224191063174113,0.06852103120759835,0.035224749215100694,0.0823597380921813,0.009103351688576249,0.7121433796634967,0.0,0.43430834322685524,0.13006149211537335,0.02794792658576063,0.47820290159386575,0.10147505944145742,2
0.6707070707070707,0.641111473348392,0.23912755034344796,0.4790896634310915,0.06607369758576874,0.051383399209486175,0.054913294797687855,0.06591639871382636,0.05490447904960667,0.2348913638853387,0.17419884963023824,0.3081664098613251,0.20434192672998644,0.138678306149016,0.30819103864424197,0.05293312537798007,0.4170121108672683,0.8159554436617582,0.3484099981673744,0.4302558709141084,0.6854096740571656,0.46365756352241316,0.34240764827226255,1
0.024242424242424242,0.04306289732901756,0.06108168243567371,0.15128904855665715,0.12166454891994917,0.20948616600790518,0.1083815028901734,0.12861736334405147,0.10852464279980736,0.1039802811758262,0.08709942481511913,0.11902927580893682,0.09592944369063772,0.07642239068841412,0.11901399409423549,0.0319890505140529,0.5434040477932213,0.8376036268523336,0.7940248440276328,0.4459097735959789,0.723730862479993,0.400034165707239,0.38736775829073705,1
0.4868686868686869,0.38230910742146557,0.11864417159129184,0.3635416306838464,0.004764930114358321,0.011857707509881427,0.0038535645472061652,0.004287245444801715,0.00401348531064376,0.0069381048018988525,0.007395234182415771,0.002696456086286585,0.0016282225237449043,0.011639482349337624,0.0026961098985749153,0.005665722379603399,0.8115093879541575,0.016528964186466457,0.46692509342406147,0.15429673692761445,0.3117966588552043,0.2856884834874645,0.10076880379762564,1
0.37373737373737376,0.12944484549286261,0.047458076895597966,0.2380335532603314,0.09339263024142312,0.13043478260869568,0.07610789980732176,0.1007502679528403,0.07593514207738,0.11365711155742195,0.09202958093672967,0.1596687211093991,0.0853459972862958,0.0702197718048855,0.15971241494415203,0.01129961485819779,0.7062911485003658,0.4034569894605687,0.9643514497661408,0.46537278476240906,0.5499494618645309,0.15775570451645735,0.3897971948602815,1
0.06464646464646465,0.37556761288219265,0.12484562703491638,0.059645123032459384,0.04002541296060991,0.051383399209486175,0.02552986512524084,0.03054662379421222,0.025686305988120082,0.07978820522183679,0.05998356614626129,0.11729583975346687,0.054545454545454536,0.040355310513821886,0.11728078058800875,0.01731546614890028,0.6697959847191745,0.5091709618485188,0.3177015688867997,0.3362686321868944,0.44432813544670535,0.31244316837109637,0.2600532694872708,1
0.00202020202020202,0.19832685187341362,0.09493044285903837,0.2783227975635313,0.25412960609911056,0.28853754940711474,0.19123314065510594,0.3236870310825295,0.19104190078664313,0.4728866167610005,0.4445357436318817,0.5159861325115562,0.5356852103120759,0.27942415192587483,0.5160482732058032,0.05933093548079065,0.432577420141429,0.47083048478583983,0.9770244535987189,0.7032769940370132,0.7413370432151709,0.473145220270941,0.6713260208604306,1
0.6545454545454545,0.1391728570430571,0.049938250813966543,0.2223392863311341,0.096569250317662,0.13043478260869568,0.08188824662813103,0.10610932475884245,0.08203563974955852,0.4280628081066277,0.35497124075595726,0.5036594761171033,0.40162822252374486,0.2857799218929474,0.5037231993837464,0.08161186618709615,0.3627164106315533,0.8968549702389981,0.5064500450188443,0.4213393243442857,0.6747572706255248,0.44307139031295417,0.3410158482938023,1
0.3898989898989899,0.04233518850569362,0.011370015411780331,0.12707980701693788,0.1696315120711563,0.24901185770750991,0.17341040462427745,0.1495176848874598,0.17322202600738482,0.2010224575497535,0.17337715694330316,0.25751155624036975,0.17245590230664856,0.11264262194655025,0.2576068814995507,0.05602062577585383,0.4559050638055759,0.7455160168089581,0.8145821215429112,0.5121996155092984,0.45964715601989115,0.36002514382517115,0.4475589650973017,1
0.5131313131313131,0.7091260508115408,0.2665135695112118,0.689615070180893,0.11626429479034307,0.09090909090909093,0.12186897880539499,0.1007502679528403,0.12200995344357038,0.06627715902866532,0.052588331963845505,0.07819722650231123,0.06065128900949796,0.04456696531127958,0.07825138015149571,0.017665595059999362,0.6189547264894742,0.43055338430775053,0.5895157884672078,0.3619528135567234,0.5492988818578224,0.4741844271994618,0.27601547549023664,1
0.13131313131313133,0.6586114151316861,0.22131724792553356,0.7497783458265687,0.009529860228716642,0.011857707509881427,0.01782273603082851,0.012325830653804928,0.017659335366832556,0.02190980463757531,0.01807723911257189,0.025231124807395984,0.025780189959294434,0.018224978941726012,0.025292078572345614,0.0022280930706305505,0.9465577501422419,0.2045867642289322,0.67111941547214,0.03386378441472931,0.36898241633068374,0.4554435580736947,0.02707175225960383,2
0.8363636363636363,0.8847076357031413,0.29188483011318983,0.8883841698619411,0.11086404066073698,0.051383399209486175,0.11946050096339113,0.10235798499464095,0.11960186225718414,0.0971334672265839,0.10435497124075595,0.13886748844375962,0.08426051560379919,0.04785971360747377,0.1389780459622545,0.02864691090810708,0.511216776396001,0.26895032677603525,0.2863875763925965,0.14378769806939246,0.15088053415094807,0.37508652643304674,0.11669165831310527,2
0.3878787878787879,0.04525184546957592,0.013307204752135716,0.10958352044399926,0.1670902160101652,0.24901185770750991,0.1546242774566474,0.17309753483386925,0.1547599935784235,0.28026291765565087,0.22925225965488902,0.34880585516178736,0.25522388059701495,0.16517344360211347,0.34888945949415845,0.055956965973835815,0.4313582053157767,0.6725333134226669,0.7815908783056977,0.6370448275369542,0.3350216897521268,0.5439251771011464,0.587039276926773,1
0.5050505050505051,0.6095114454043732,0.21791849107443587,0.08532822089421625,0.18996188055908514,0.13043478260869568,0.1840077071290944,0.15916398713826366,0.18413870605233584,0.19079788205221834,0.15612161051766638,0.2534668721109399,0.16892808683853458,0.10452561451872272,0.2534343304660419,0.028073972689944934,0.5483621880842072,0.5622834423364546,0.6623626526855929,0.38327662520364936,0.6132223070152335,0.5273717139974411,0.292296635654933,1
0.3434343434343434,0.30277344386745225,0.11763781295610196,0.008894953193547283,0.20616264294790343,0.20948616600790518,0.174373795761079,0.18649517684887462,0.17418526248193933,0.2048566733613292,0.18734593262119964,0.2648305084745763,0.16824966078697423,0.1308676008882763,0.26486070098857367,0.06741573033707864,0.45188165488092336,0.47498372536346695,0.5841533668517884,0.46204713726549473,0.49654787390904037,0.4166997350378225,0.37615258435716237,1
0.5151515151515151,0.6869221991942807,0.25354930238729495,0.1528204773912743,0.10387547649301145,0.051383399209486175,0.11271676300578035,0.08252947481243302,0.11253812811045114,0.10507577140770494,0.10188989317995067,0.12557781201848997,0.09687924016282226,0.06776935446818284,0.12556168956220312,0.03128879269185473,0.5455173534910186,0.17485142831810094,0.561098141080293,0.2233378226139329,0.39491106863956743,0.6738949973930853,0.1470005882011814,1
0.40606060606060607,0.5393486714947722,0.20000612388621822,0.5182620009902473,0.07560355781448538,0.051383399209486175,0.07321772639691715,0.08145766345123258,0.07304543265371649,0.26456089099872193,0.2021364009860312,0.3181818181818182,0.2609226594301221,0.16525001914388546,0.31820516112466307,0.08648184104147436,0.31435422254734613,0.7629922931721194,0.611399727496554,0.4171225103521944,0.6970188127927891,0.7451367251101932,0.3228561723843687,1
0.6565656565656566,0.16194141070721657,0.06039376588382988,0.25527076352666184,0.06766200762388817,0.09090909090909093,0.054431599229287086,0.07502679528403002,0.05426232139990368,0.18915464670440021,0.14954806902218568,0.20396764252696456,0.16852103120759837,0.1570564361742859,0.20406984208499168,0.05608428557787185,0.42103551979192066,0.8592098109808882,0.4851158936439768,0.37943316459206944,0.5105499764755672,0.45481273811451556,0.2908820532363492,1
0.43434343434343436,0.41207530913070817,0.13629321167212716,0.45675152855020906,0.05527318932655653,0.051383399209486175,0.05298651252408477,0.049303322615219726,0.053138545512923414,0.22156289939748036,0.18241577649958912,0.26020801232665636,0.19728629579375848,0.1600428823033923,0.2601746052124792,0.025050132094089187,0.5779891083475576,0.2560986137976252,0.4746778961459088,0.27979698977734946,0.4240093287319993,0.4670879250916868,0.22196310073152345,1
0.6909090909090909,0.5838378781175045,0.23302815967012666,0.5786382949324674,0.4926937738246505,0.32806324110671947,0.4470134874759152,0.5010718113612004,0.4467811847808637,0.5627168157750593,0.5234182415776499,0.5814714946070878,0.5440976933514247,0.4674936825178037,0.5814610347926563,0.2547665276760989,0.1567503860846948,0.691351226489275,0.7559739607818141,0.8294518141810282,0.7408125271543992,0.8237040609146088,0.7748245752110482,1
0.6060606060606061,0.2902510304356938,0.20694040438061995,0.10284753647218675,0.17026683608640406,0.1699604743083004,0.1628131021194605,0.16398713826366562,0.16278696419971103,0.32180025561438746,0.2925225965488907,0.41063174114021567,0.2709633649932157,0.191515429971667,0.41064321479008864,0.060572301620141954,0.4008778346744697,0.6566926671970994,0.6661115670541741,0.4603541198053934,0.3466600933323428,0.29679278320613117,0.38389032947550683,1
0.08282828282828283,0.3962927601704585,0.1781091480653623,0.44530035579812777,0.1905972045743329,0.1699604743083004,0.1464354527938343,0.1645230439442658,0.14641194413228448,0.27761548292861055,0.21610517666392765,0.2438366718027735,0.24477611940298508,0.27498277050310127,0.24393375272820647,0.10503867332972595,0.35405998536942207,0.9169421882911282,0.44539971156068,0.61662393442866,0.7516607799306197,0.6376660017403157,0.5748879518172102,1
0.12525252525252525,0.6406748480543977,0.23078477601886158,0.7347864635508424,0.013977128335451075,0.011857707509881427,0.021676300578034675,0.023043944265809222,0.021672820677476317,0.028208873470878224,0.021364009860312238,0.035631741140215716,0.03459972862957938,0.017765525691094256,0.03562716651688279,0.0017188146544864248,0.907664797203934,0.48853308942766954,0.6550480864999243,0.16218778210554322,0.3802336235055232,0.03958773379931564,0.10724523018549048,2
0.8505050505050505,0.1304403511631698,0.023376914990252812,0.19956360035464668,0.05972045743329097,0.09090909090909093,0.0491329479768786,0.057877813504823156,0.04912506020227966,0.04838415190797883,0.03944124897288414,0.05758859784283512,0.05156037991858887,0.04334175664292825,0.05758120426242139,0.01161791386828787,0.7359587092579049,0.2625408032553939,0.8042676270686757,0.33979985004392554,0.41893975719183557,0.20718075972432545,0.2684454919764388,2
0.997979797979798,0.642892904547889,0.6018065464343674,0.05427936486004121,0.18170266836086404,0.13043478260869568,0.14547206165703275,0.15969989281886388,0.14528816824530422,0.12251232426510865,0.12818405916187342,0.15600924499229582,0.10189959294436905,0.06654414579983152,0.15598921556040574,0.22783843142247828,0.42993578801918236,0.4541755234133104,0.27757902201540996,0.2206504014769246,0.4528847257771505,0.31822197744707426,0.16313676920145476,2
0.694949494949495,0.5726311622383158,0.2241668963123999,0.48341335912581906,0.5412960609911054,0.3675889328063242,0.485067437379576,0.5691318327974276,0.48498956493819234,0.4451341975534051,0.5743631881676253,0.4322033898305085,0.4265943012211668,0.42422850141664753,0.4321479008858648,0.34653213228506863,0.16613834024221735,0.5862509070630756,0.7507549620327801,0.6293094517346288,0.7518408712819579,0.6831041680383366,0.532172947716371,1
0.4909090909090909,0.38856740330205153,0.12572542535493023,0.45293447096618195,0.0,0.011857707509881427,0.0,0.0,0.0,0.010041993792222021,0.009860312243221031,0.01290446841294298,0.00841248303934871,0.016004288230339225,0.013031197843112087,0.005347423369513321,0.865845728684061,0.18106495621597782,0.4129303681983699,0.1778686240870244,0.40132457188909076,0.31435876127957685,0.12895482449236578,1
0.4161616161616162,0.455673800153692,0.2120150647600968,0.07228804679493822,0.1823379923761118,0.13043478260869568,0.15366088631984587,0.1934619506966774,0.15363621769144326,0.5190797882052218,0.45110928512736237,0.6153697996918336,0.503663500678426,0.3365495060877555,0.6152907947104893,0.27564694273800805,0.13423555230431602,0.9259393206885048,0.6329848688875961,0.6248471104346756,0.8620927965710607,0.8427091804323028,0.5331360235943234,1
0.4666666666666667,0.21806813683254545,0.0784102391377568,0.17692033115709238,0.3843710292249047,0.40711462450592895,0.3651252408477842,0.30171489817792074,0.3650666238561567,0.34097133467226587,0.276910435497124,0.4019645608628659,0.27951153324287653,0.24419940271077412,0.40191295416613176,0.32651112455040265,0.28415833536535806,0.7336769478814974,0.4645705680342301,0.507293227767439,0.4409356646158764,0.4530181487525068,0.4470246133198572,1
0.30303030303030304,0.11919288358987495,0.06636455494656912,0.21530968254516564,0.18837357052096568,0.24901185770750991,0.13535645472061655,0.21114683815648447,0.13517418526248196,0.16112835493883512,0.13968775677896464,0.19799691833590136,0.14097693351424695,0.10322383030859943,0.19809988445243293,0.030906833879746635,0.5115419003495083,0.6520097717817634,0.97507629299698,0.5994285252469149,0.44861656075044065,0.2507318045365653,0.5636810624073169,1
0.5333333333333333,0.7497322031530168,0.268095573450912,0.1640931753543588,0.07496823379923762,0.051383399209486175,0.028420038535645474,0.019292604501607722,0.028415475999357842,0.03149534416651451,0.032046014790468355,0.04314329738058551,0.008276797829036626,0.02726089287081705,0.04326614456284504,0.019607219021548845,0.6559375762009267,0.4805299348314554,0.033576886608288205,0.4425658652315434,0.8622346185102394,0.6684444994101075,0.36476343542628015,1
0.1919191919191919,0.9554642200125748,0.3252640925931597,0.6753831450712172,0.0054002541296060995,0.0,0.011560693641618497,0.011254019292604497,0.011558837694654033,0.018075588825999644,0.014790468364831543,0.030624036979969172,0.021709633649932156,0.01079715138984608,0.030620105276672235,0.011681573670305886,0.746322035275949,0.8255078969903006,0.24271132960965083,0.11670213071779856,0.438069960987711,0.26928849914674696,0.08669546919399869,2
0.1111111111111111,0.43217171599562215,0.19637465935882914,0.06997363178923853,0.10609911054637865,0.09090909090909093,0.10211946050096339,0.08628081457663452,0.1022636057152031,0.0764104436735439,0.06820049301561217,0.06510015408320492,0.066078697421981,0.08270158511371466,0.06522018230838364,0.03517204061495369,0.7005201983256119,0.39949274466203594,0.5956630518792381,0.24033019264492028,0.45831448001999014,0.23785827281673122,0.1878577878664866,1
0.6666666666666666,0.47758074657103594,0.34018392071608644,0.08098725344571492,0.12801778907242692,0.09090909090909093,0.0789980732177264,0.09485530546623795,0.07898539091346926,0.2117034873105715,0.1610517666392769,0.24229583975346686,0.18914518317503393,0.16119151542997165,0.24232892540762618,0.07702836044179902,0.41042835080874585,0.9812870845884444,0.4413241117742207,0.572801649191378,0.881265772062879,0.6853213800810366,0.48192731158922014,1
0.8727272727272727,0.3481941177840393,0.10989722077630465,0.40050318375994565,0.07115628970775094,0.09090909090909093,0.06551059730250482,0.0744908896034298,0.0655000802697062,0.04528026291765566,0.037797863599013964,0.052003081664098616,0.04151967435549525,0.04165709472394517,0.052060598279625114,0.015119202979278736,0.6194424124197351,0.33116027075395316,0.8129965020756473,0.4074847499156114,0.5281201389404776,0.6325202369534153,0.3069229622142875,1
0.8525252525252526,0.14776564282886617,0.029186441715912923,0.18099070779646964,0.05749682337992376,0.09090909090909093,0.04961464354527938,0.059485530546623804,0.049767217851982654,0.04728866167610006,0.03944124897288414,0.05643297380585515,0.04545454545454546,0.032850907420169995,0.05655411477724999,0.013145749116720246,0.7358367877753396,0.288587221552052,0.7665872528943533,0.36548547781910273,0.41843325026619754,0.19096094610537623,0.27988849031124957,2
0.1292929292929293,0.6686246885406235,0.22327893281076175,0.7523806233951662,0.003176620076238876,0.007905138339920952,0.012524084778420035,0.0075026795284029975,0.01268261358163429,0.0003651634106262562,0.0,0.0025038520801232648,0.0054274084124830415,0.0005360287924037043,0.0025035306201052865,0.0,1.0,0.1948243155902851,0.6677808498601626,0.0,0.35398080676423116,0.0,0.0,2
0.6686868686868687,0.6971450527443355,0.30955632444349185,0.15156539661703922,0.18710292249047014,0.13043478260869568,0.17341040462427745,0.18006430868167203,0.1735431048322363,0.5268395106810299,0.39934264585045187,0.6858628659476117,0.46580732700135685,0.2867754039359828,0.6857748106303763,0.13282617691058982,0.2928960416158661,0.8161211066286187,0.3651825055974759,0.46188206625512823,0.6362694977027097,0.5524550373954341,0.3876825701906269,1
0.3939393939393939,0.06095871271219991,0.0003266072649703722,0.12854790608771752,0.08386277001270648,0.13043478260869568,0.08622350674373795,0.08896034297963558,0.08637020388505379,0.11584809202117947,0.0961380443714051,0.15832049306625579,0.10488466757123471,0.06378742629604105,0.15836435999486456,0.026005029124359424,0.5609607412826141,0.7468226542940543,0.789359616901588,0.35068405028934435,0.1619201339879654,0.28040525511284464,0.2749136338406223,1
0.49292929292929294,0.3699729874484781,0.11353685048531796,0.3930763296371781,0.02858958068614993,0.051383399209486175,0.022639691714836218,0.016077170418006426,0.02279659656445657,0.04528026291765566,0.04272801972062449,0.03428351309707241,0.02957937584803256,0.041963396891033004,0.03427911156759534,0.01890696119935067,0.7474599691132244,0.3196431946353198,0.5018366094834388,0.2467858613154008,0.5467978632161165,0.4786139577590854,0.1258564126355555,1
0.24646464646464647,0.2102321682229932,0.0672076099492738,0.29948645318779005,0.08354510800508258,0.09090909090909093,0.035163776493256256,0.04019292604501608,0.03499759190881361,0.11228774876757347,0.09202958093672967,0.15138674884437595,0.061601085481682506,0.07397197335171146,0.15149569906278088,0.013177579017729254,0.6784524099813056,0.691967212732249,0.8033712341537651,0.23766482918947254,0.5587874449314415,0.18546952045226853,0.1222422891795836,2
0.8585858585858586,0.16332696830682536,0.054896557355297707,0.25040588621368615,0.05654383735705209,0.09090909090909093,0.04865125240847784,0.06484458735262594,0.04864344196500241,0.07038524739821071,0.05751848808545603,0.0807010785824345,0.06119402985074627,0.046864231564438315,0.0808191038644242,0.011140465353152752,0.7194180281232221,0.24420587940202668,0.7528106897843079,0.35221651675579235,0.23182709429358045,0.25865931629437316,0.2690191952413696,2
0.3696969696969697,0.13025405770439882,0.04177715178051994,0.2275898994783931,0.11054637865311306,0.1699604743083004,0.10067437379576107,0.10557341907824225,0.10065821159094557,0.11511776519992696,0.09942481511914542,0.1596687211093991,0.0880597014925373,0.07626923960487018,0.15964822185132885,0.012954769710666203,0.6809721206209869,0.48285854949239465,0.9280057050429071,0.449722136492572,0.6951526161645496,0.19520941621127222,0.3812641354685312,1
0.6363636363636364,0.17706028922059472,0.04404707227206386,0.255391665803079,0.05177890724269377,0.09090909090909093,0.04816955684007707,0.04233654876741693,0.04816182372772516,0.008124885886434181,0.011503697617091206,0.006741140215716479,0.006919945725915875,0.014089899686040274,0.006868660932083719,0.01397332654295445,0.6981224091684956,0.5266822374300307,0.5928702899532281,0.2742474940575341,0.38818465666709445,0.2720533412104269,0.200657376954112,1
0.010101010101010102,0.18756840462939248,0.05923226879777909,0.27813856552327665,0.25412960609911056,0.28853754940711474,0.19026974951830442,0.35262593783494106,0.1900786643120886,0.34206682490414464,0.304847986852917,0.36074730354391366,0.4010854816824966,0.19327666743242206,0.36082937475927596,0.036827195467422094,0.5257660733154516,0.3709777148310354,0.999127510896154,0.6729612419414882,0.6592176381469501,0.339999056884123,0.6487527649597786,1
0.5111111111111111,0.677240761008779,0.243230554109638,0.7147339574193698,0.21378653113087676,0.13043478260869568,0.20905587668593448,0.21061093247588428,0.20902231497832718,0.12999817418294687,0.10271158586688577,0.15832049306625579,0.12388059701492536,0.08025116777701202,0.15836435999486456,0.03981920616226883,0.5227993172396977,0.5653703733949943,0.5888424977888974,0.558429623249375,0.46323997847908355,0.4241628067128495,0.4631152294398833,1
0.4707070707070707,0.21719488624455674,0.07945334109025591,0.2928713714923947,1.0,1.0,1.0,0.7663451232583065,1.0,0.7507759722475809,0.6622843056696796,0.9443374422187982,0.5727272727272726,0.4194042422850141,0.944280395429452,1.0,0.017312850524262385,0.967679388493657,0.3289323761184994,0.7710136028998982,0.5722560268696297,0.6974502061508949,0.6760626972752201,1
0.34949494949494947,0.34788556924294994,0.12386376394459928,0.010748788098610226,0.18869123252858958,0.1699604743083004,0.1921965317919075,0.14040728831725616,0.19200513726119764,0.40843527478546654,0.3385373870172555,0.5589368258859785,0.2610583446404342,0.2232942798070296,0.5588650661188856,0.0753095457873126,0.5395838413395108,0.5386076377627567,0.6096706851629045,0.30805595346769354,0.258165454426758,0.31753999790023246,0.20176750312740768,1
0.5252525252525253,0.36990312740143916,0.797630056033559,0.020777919789975445,0.21855146124523506,0.20948616600790518,0.16184971098265896,0.15702036441586284,0.16166318831273077,0.08115756801168522,0.1232539030402629,0.0656779661016949,0.035549525101763894,0.042269699058120835,0.06579792014379256,0.19053378743992108,0.6198488173616192,0.3526311245715512,0.3521270407878698,0.5951493350241812,0.5746602464099915,0.5690138388908955,0.476086722393896,1
0.12727272727272726,0.6632803949421324,0.2234381538524348,0.757671537301231,0.0038119440914866545,0.007905138339920952,0.012042389210019268,0.008038585209003213,0.011879916519505535,0.0,0.0,0.002696456086286585,0.004884667571234736,0.0,0.002760302991398125,0.00022280930706305527,0.9852475006096074,0.2612458321764147,0.6687130984916697,0.04868058000131269,0.38779520911982607,0.05397203038612584,0.02402926093764239,2
0.34545454545454546,0.2831427706494655,0.13158598446574196,0.0030398286642025966,0.23983481575603557,0.24901185770750991,0.21146435452793833,0.19882100750267953,0.21126986675228768,0.19691436918020813,0.1832374691865242,0.22785053929121724,0.16132971506105837,0.14426832069836895,0.22788547952240346,0.08256676321736639,0.4689100219458669,0.563634412164795,0.616658565930695,0.4773878931894739,0.4488461772233966,0.38626422903835994,0.3763410572709122,1
0.24242424242424243,0.19709265770905618,0.054024924216908035,0.2895264085115203,0.11308767471410418,0.13043478260869568,0.04865125240847784,0.059485530546623804,0.04864344196500241,0.06016067190067554,0.04765817584223499,0.07704160246533127,0.027951153324287655,0.05467493682517804,0.0771600975735011,0.024636343380972085,0.5982687149475738,0.7537128337467132,0.6349529493318883,0.27582696869779955,0.5855625265916137,0.2921145725638693,0.185009982851036,2
0.6525252525252525,0.1445695456768274,0.0574114332955694,0.20263797252639704,0.10609911054637865,0.13043478260869568,0.09104046242774565,0.11789924973204714,0.0911863862578263,0.39483293773963846,0.3212818405916187,0.47014637904468415,0.376797829036635,0.2615054751512367,0.4702144049300296,0.11538339115765352,0.3375599447289279,0.8604954489349738,0.5351864098866165,0.5984664848896746,0.6704643430380061,0.5556709735625045,0.4760452997754894,1
0.6888888888888889,0.5541473581258878,0.23407330291803177,0.5519131345930199,0.4123252858958068,0.28853754940711474,0.37620423892100185,0.3896034297963558,0.37598330390110773,0.4652181851378492,0.43796220213640097,0.4641756548536209,0.4791044776119402,0.43188605559384324,0.46418025420464765,0.1907247668459751,0.24083556856051375,0.5167144600437258,0.7756467972877144,0.6668613889866719,0.7866885477658543,0.7647588737416965,0.6038299352978701,1
0.15151515151515152,0.5572619518897143,0.1926819559692581,0.5843667599341371,0.02858958068614993,0.011857707509881427,0.031791907514450865,0.029474812433011786,0.03194734307272435,0.04646704400219099,0.038619556285949055,0.055277349768875196,0.044911804613297156,0.039436404012558386,0.05533444601360894,0.006111340993729509,0.7320165813216291,0.11636773445393055,0.7367194409695385,0.16649553883390442,0.1286257454093589,0.4173932811001357,0.14744588134905184,1
0.98989898989899,0.6604161330135295,0.3277544729885586,0.07341646804149825,0.1670902160101652,0.09090909090909093,0.16570327552986513,0.16291532690246519,0.1655161342109488,0.14789118130363338,0.13968775677896464,0.19241140215716487,0.1373134328358209,0.07956198790106438,0.1925150853768135,0.13928764681541841,0.44407867999674877,0.5877745397019467,0.4361608885843365,0.18631689692535816,0.34581141283916267,0.39729156694254275,0.141456170727464,2
0.7676767676767676,0.23052069021726476,0.07472570092981008,0.2688463619929301,0.1388182973316391,0.1699604743083004,0.12186897880539499,0.12111468381564844,0.1216888746187189,0.20823443490962204,0.2087099424815119,0.17430662557781199,0.14654002713704206,0.18270924266789185,0.1742842470150212,0.08269408282140242,0.4555799398520687,0.9295209073664022,0.4047034732237479,0.4459499113443922,0.5130847622456491,0.3023874177665236,0.35643956025748297,1
0.06262626262626263,0.2959737326223133,0.15716749849454467,0.06379034393819015,0.07052096569250317,0.09090909090909093,0.046724470134874754,0.06216505894962485,0.04687750842831915,0.06280810662771591,0.05669679539852094,0.05258089368258859,0.04911804613297151,0.08254843403017076,0.052638336115034025,0.031065983384791676,0.6684548484109568,0.405048287254918,0.364736301124276,0.4167034144025451,0.5598927556002783,0.48763317063101563,0.32175018847291376,1
0.6262626262626263,0.17871364366718676,0.05182440776917033,0.25182217002314417,0.08640406607369759,0.13043478260869568,0.07032755298651251,0.05359056806002144,0.07015572323005298,0.007211977359868549,0.010682004930156119,0.015986132511556242,0.0,0.00704494984302013,0.01604827320580307,0.05280580577394403,0.7478257335609201,0.46892186074511,0.5000079679370216,0.19435402904345783,0.3301682278335686,0.40270425131724813,0.1414934510840299,1
0.9919191919191919,0.4998195282118155,0.26298621104953207,0.1657224774603613,0.09243964421855147,0.09090909090909093,0.09393063583815028,0.0894962486602358,0.09407609568148982,0.2860142413730144,0.2629416598192276,0.3622881355932203,0.2616010854816825,0.15514204762998696,0.36230581589420985,0.08590890282331222,0.4501341136308218,0.4476843350498505,0.33312749496027994,0.25789371198778954,0.26040759175091566,0.5490486985890629,0.1833178688891282,2
0.36363636363636365,0.18482057611252123,0.07668126192882005,0.26329061452899927,0.07528589580686149,0.09090909090909093,0.05394990366088631,0.06859592711682745,0.05394124257505218,0.06865072119773598,0.05505341002465077,0.09996147919876734,0.04816824966078696,0.04793628914924573,0.09994864552574145,0.011999872680395965,0.7031211899536701,0.5585501923790369,0.7516832266957764,0.39290950402218205,0.7266505935135599,0.3477681963531665,0.29749931652679623,1
0.5373737373737374,0.515165451878071,0.23096849260540742,0.10642278950337951,0.09275730622617534,0.09090909090909093,0.06791907514450866,0.06913183279742766,0.06806871086851822,0.01962753332116123,0.02629416598192276,0.015215716486902925,0.008141112618724557,0.029481583582203836,0.015342149184747722,0.03488557150587262,0.760993253677965,0.3348678546179135,0.32628702102738605,0.5883212169765318,0.619838413035012,0.5482781907122659,0.39407408021075824,1
0.10101010101010101,0.4385056935938337,0.20146769139696055,0.06507421096871509,0.1823379923761118,0.1699604743083004,0.15028901734104044,0.15969989281886388,0.1502648900305025,0.0643600511228775,0.06491372226787182,0.05450693374422188,0.05128900949796473,0.05957577149858335,0.054564128899730405,0.05452462042843047,0.6254572055596197,0.3298489667064102,0.6302518664892472,0.43528429910722444,0.4831310682343619,0.5644855480837841,0.35503740462442107,1
0.5292929292929293,0.4798395547586335,0.7105790134419303,0.07804529805289762,0.12293519695044473,0.09090909090909093,0.08477842003853564,0.09056806002143622,0.08460427034837052,0.07038524739821071,0.07395234182415775,0.05816640986132512,0.054409769335142466,0.07144498047323684,0.0581589420978303,0.055288538052646656,0.7010078842558728,0.5370466726243114,0.4053329402484405,0.6087829710359137,0.8235577496685194,0.690699809775307,0.4934283015898,1
0.25252525252525254,0.2387059590620125,0.07700174530757217,0.30587124483286704,0.10228716645489198,0.13043478260869568,0.046724470134874754,0.04876741693461951,0.04671696901589341,0.14095307650173453,0.11750205423171735,0.18124036979969183,0.0880597014925373,0.09403476529596447,0.18128129413275135,0.013336728522774292,0.6904007152726979,0.38222179704653264,0.8423384301570481,0.2039744326158621,0.5933829935234648,0.35608496584319005,0.21322707050958106,2
0.30505050505050507,0.1253231027175558,0.049425885667044325,0.2243082662613562,0.22426937738246502,0.28853754940711474,0.15895953757225434,0.2395498392282958,0.15877347888906726,0.2058608727405514,0.18241577649958912,0.2569337442218798,0.19294436906377205,0.13285856497434717,0.25702914366414176,0.03549033962504377,0.5009347313663335,0.7046882619621496,0.946435543373465,0.6565669605219933,0.4850152739977354,0.2630577062354195,0.6219502597198173,1
0.10303030303030303,0.09353678131476612,0.2120028169876604,0.07191958271442886,0.14771283354510797,0.20948616600790518,0.11946050096339113,0.15166130760986068,0.1194413228447584,0.256801168522914,0.24322103533278552,0.24595531587057007,0.2272727272727273,0.23439773336396352,0.2460521247913725,0.08982398064742018,0.5537267333170772,0.621063462915995,0.6520401902743362,0.4326814926830873,0.5190660462519614,0.6330807680878058,0.3623961327843455,1
0.8282828282828283,0.8608329646275293,0.29092133868152736,0.2110665883680496,0.034625158831003804,0.011857707509881427,0.04142581888246628,0.03269024651661307,0.041419168405843636,0.13638853386890631,0.10846343467543139,0.18393682588597843,0.11614654002713704,0.06907113867830614,0.18404159712414947,0.017665595059999362,0.6354954076241568,0.4978242152591926,0.21493510115296063,0.20772152647111627,0.373680549458713,0.3611911375578992,0.15556885681857718,2
0.7292929292929293,0.17911533893766152,0.05367994529328314,0.13447211763215772,0.1664548919949174,0.20948616600790518,0.1565510597302505,0.1114683815648446,0.15652592711510677,0.15775059339054226,0.124075595727198,0.19818952234206472,0.11329715061058344,0.09947162876177348,0.19816407754525617,0.14469872998694974,0.5438917337234822,0.921902744172047,0.338840505804642,0.6736553357079693,0.38138170587030273,0.4572523831470531,0.42026560182922285,1
0.6303030303030303,0.18603730526511889,0.05306959796686979,0.19996660794270388,0.10292249047013977,0.13043478260869568,0.0968208092485549,0.07824222936763131,0.09696580510515332,0.041811210516706235,0.032867707477403446,0.047765793528505386,0.033921302578019,0.036373382341680055,0.04788804724611633,0.04917719705891715,0.6302527838738521,0.49136569283286013,0.596651076069895,0.33080881359866915,0.4442763591831957,0.4966648397503768,0.2596866793143728,1
0.09090909090909091,0.4982418554828493,0.1849209508354002,0.11919813004479146,0.09783989834815757,0.09090909090909093,0.07369942196531792,0.08896034297963558,0.07368759030341948,0.2955997809019536,0.22925225965488902,0.33359013867488446,0.25780189959294436,0.23378512902978782,0.3336756964950572,0.05649807429098895,0.4869137608713323,0.654938039717113,0.4486426619284002,0.491092222262601,0.4592442016212724,0.5001276765361666,0.43290157157414233,1
0.7313131313131314,0.171954684116154,0.05144880941445443,0.17374232846269877,0.15216010165184243,0.1699604743083004,0.13872832369942195,0.1114683815648446,0.1385455129234227,0.19472338871645062,0.15694330320460148,0.23189522342064714,0.16743554952510176,0.12887663680220535,0.2319296443702658,0.08167552598911416,0.5685605136958467,0.8673506291692819,0.30972566392835227,0.7921350985987407,0.45392025104734374,0.4521217438034617,0.3349370790426404,1
0.08686868686868687,0.38159304193931487,0.1443502046398645,0.07284074291570233,0.09911054637865309,0.09090909090909093,0.0789980732177264,0.09378349410503752,0.07898539091346926,0.2905787840058426,0.23418241577649956,0.30161787365177195,0.27421981004070556,0.29144651198407223,0.3015791500834511,0.05678454340007002,0.44915874177029996,0.8690235918064498,0.49667737026206543,0.5022685963883621,0.5207971743666975,0.5045887925803471,0.44576122345845726,1
0.1898989898989899,0.9150327177886965,0.3264949937230166,0.9578454062892214,0.021283354510800507,0.011857707509881427,0.028420038535645474,0.030010718113612004,0.02825493658693209,0.05970421763739274,0.04601479046836481,0.08686440677966102,0.05522388059701491,0.03292748296194195,0.08698164077545258,0.013082089314702233,0.6567910265788834,0.49213334235535405,0.22856425742810949,0.146251107178094,0.27321658911482855,0.4310017314183929,0.10934949920054346,2
0.494949494949495,0.3705842628600703,0.11266725864233443,0.3879293470125624,0.0019059720457433272,0.011857707509881427,0.003371868978805393,0.0021436227224008574,0.003371327660940756,0.006390359685959476,0.006573541495480684,0.0,0.000814111261872458,0.020981698445516495,0.0,0.005506572874558361,0.8732422986263516,0.12786147776033,0.4055042508944008,0.22163142590436052,0.34760332178497544,0.3886286917203323,0.14620320279685517,1
0.1414141414141414,0.5212898493351652,0.18530063178092818,0.590331272237383,0.07719186785260482,0.051383399209486175,0.07947976878612717,0.07984994640943192,0.07962754856317227,0.1069928793134928,0.08545603944124897,0.13463020030816641,0.10542740841248302,0.0683819588023585,0.13474130183592248,0.016583378425693095,0.6004633016337481,0.2416766025558763,0.8149287268033434,0.32821305840060483,0.4767085604172717,0.4687975450515776,0.25120332706471044,1
0.18181818181818182,0.8668059986493724,0.29635730834787755,0.9197266457102722,0.04129606099110546,0.011857707509881427,0.04865125240847784,0.04823151125401929,0.04864344196500241,0.07285010041993793,0.06491372226787182,0.11171032357473035,0.061601085481682506,0.03170227429359062,0.1116959815123893,0.02148518318108031,0.5809558644233115,0.11314547308443441,0.31827924432085286,0.1183221047078144,0.2079469811061661,0.4419970389720391,0.10457761356010836,2
0.00404040404040404,0.16503853945928323,0.05912816273206976,0.26528838071551125,0.2801778907242694,0.32806324110671947,0.22928709055876687,0.36923901393354774,0.2294108203563975,0.3906335585174366,0.3262119967132292,0.44337442218798145,0.4461329715061059,0.2198483804272915,0.44331749903710366,0.03959639685520578,0.496220434040478,0.4044159680433804,1.0,0.6367446984271969,0.6863709116449319,0.40881937907386007,0.596682462491819,1
0.3090909090909091,0.16848496844654542,0.056688814721822474,0.258650270015084,0.18551461245235068,0.20948616600790518,0.11127167630057803,0.2020364415862808,0.11141435222347086,0.12223845170713894,0.11175020542317174,0.1413713405238829,0.12062415196743555,0.09411134083773642,0.1414815765823598,0.019607219021548845,0.5842477444525727,0.6392233906776084,0.9699927491773106,0.6068979432658351,0.6387615117768488,0.26616509510344905,0.559050013669464,1
