0.8545454545454545,0.16691311738816572,0.08638966288006371,0.19832003408292748,0.05876747141041931,0.09090909090909093,0.05202312138728324,0.06752411575562701,0.05201476962594317,0.06417746941756437,0.04930156121610516,0.08204930662557781,0.06675712347354137,0.045868749521402866,0.08210296572088845,0.016710698029729125,0.6910509631797124,0.30545451151590947,0.7258790626518887,0.352999745251858,0.5020586692599821,0.20003799155466423,0.2455926334015426,2
0.42828282828282827,0.3713760100598467,0.12109780866938159,0.06402063398850856,0.06797966963151207,0.09090909090909093,0.059248554913294796,0.07181136120042872,0.0593995825975277,0.4538068285557787,0.45357436318816763,0.5558551617873653,0.437449118046133,0.28172141817903357,0.5559121838490179,0.03647706655632301,0.5091441111923922,0.4453907196072622,0.4920519828211279,0.32768909806320906,0.3764944768233687,0.29220310089382473,0.24081039210650584,1
0.4262626262626263,0.3489451132897095,0.1282831684987293,0.44228931339021504,0.09243964421855147,0.09090909090909093,0.08766859344894026,0.08788853161843517,0.08765451918445978,0.2954171991966405,0.24486442070665568,0.37134052388289673,0.2647218453188602,0.17857416341220614,0.37142123507510594,0.05885348696565553,0.4201820694139642,0.4616956887962836,0.638319402723441,0.363938366498504,0.18361663954040688,0.4097433657136451,0.29399703414052203,1
0.997979797979798,0.642892904547889,0.6018065464343674,0.05427936486004121,0.18170266836086404,0.13043478260869568,0.14547206165703275,0.15969989281886388,0.14528816824530422,0.12251232426510865,0.12818405916187342,0.15600924499229582,0.10189959294436905,0.06654414579983152,0.15598921556040574,0.22783843142247828,0.42993578801918236,0.4541755234133104,0.27757902201540996,0.2206504014769246,0.4528847257771505,0.31822197744707426,0.16313676920145476,2
0.8363636363636363,0.8847076357031413,0.29188483011318983,0.8883841698619411,0.11086404066073698,0.051383399209486175,0.11946050096339113,0.10235798499464095,0.11960186225718414,0.0971334672265839,0.10435497124075595,0.13886748844375962,0.08426051560379919,0.04785971360747377,0.1389780459622545,0.02864691090810708,0.511216776396001,0.26895032677603525,0.2863875763925965,0.14378769806939246,0.15088053415094807,0.37508652643304674,0.11669165831310527,2
0.08282828282828283,0.3962927601704585,0.1781091480653623,0.44530035579812777,0.1905972045743329,0.1699604743083004,0.1464354527938343,0.1645230439442658,0.14641194413228448,0.27761548292861055,0.21610517666392765,0.2438366718027735,0.24477611940298508,0.27498277050310127,0.24393375272820647,0.10503867332972595,0.35405998536942207,0.9169421882911282,0.44539971156068,0.61662393442866,0.7516607799306197,0.6376660017403157,0.5748879518172102,1
0.6323232323232323,0.18584519013576134,0.047278442899864256,0.22624270268403054,0.07592121982210927,0.09090909090909093,0.07514450867052022,0.06055734190782423,0.07497190560282549,0.051305459192988866,0.043549712407559574,0.0512326656394453,0.033242876526458603,0.0452561451872272,0.05135447425856979,0.03023840595855747,0.7142973258554826,0.4947746167002271,0.6408372708222114,0.3349001519268018,0.47440339112014573,0.4913344555819113,0.26115718226780554,1
0.024242424242424242,0.04306289732901756,0.06108168243567371,0.15128904855665715,0.12166454891994917,0.20948616600790518,0.1083815028901734,0.12861736334405147,0.10852464279980736,0.1039802811758262,0.08709942481511913,0.11902927580893682,0.09592944369063772,0.07642239068841412,0.11901399409423549,0.0319890505140529,0.5434040477932213,0.8376036268523336,0.7940248440276328,0.4459097735959789,0.723730862479993,0.400034165707239,0.38736775829073705,1
0.4101010101010101,0.5120042847495517,0.25564367147391737,0.3462065471461306,0.11181702668360863,0.09090909090909093,0.10549132947976879,0.11789924973204714,0.10563493337614382,0.5073032682125251,0.40673788003286765,0.6194144838212635,0.48697421981004074,0.3035454475840416,0.6193349595583516,0.1514784989018684,0.2227505486466716,0.8080246207834693,0.6635498753017854,0.44294590823679036,0.6602036382955254,0.7621724229358663,0.36540755714250206,1
0.8585858585858586,0.16332696830682536,0.054896557355297707,0.25040588621368615,0.05654383735705209,0.09090909090909093,0.04865125240847784,0.06484458735262594,0.04864344196500241,0.07038524739821071,0.05751848808545603,0.0807010785824345,0.06119402985074627,0.046864231564438315,0.0808191038644242,0.011140465353152752,0.7194180281232221,0.24420587940202668,0.7528106897843079,0.35221651675579235,0.23182709429358045,0.25865931629437316,0.2690191952413696,2
0.5272727272727272,0.40685327061453547,0.6948814517692928,0.0372609301415132,0.09783989834815757,0.09090909090909093,0.07032755298651251,0.06162915326902464,0.07031626264247873,0.046010589738908154,0.05176663927691042,0.02908320493066256,0.024016282225237447,0.04540929627077111,0.02914366414173837,0.04739472260241271,0.7280744533853533,0.4531885454558181,0.31688883931061435,0.34600746019718487,0.6010683919418126,0.5416292237800441,0.2600656962727928,1
0.3333333333333333,0.818736464615886,0.280465823611664,0.2747648162861123,0.022236340533672176,0.011857707509881427,0.03275529865125241,0.02572347266881029,0.03275004013485311,0.07221106445134198,0.05669679539852094,0.09379815100154082,0.08005427408412481,0.039436404012558386,0.0939144948003595,0.01129961485819779,0.6545557993985209,0.1140017872934171,0.4283921499884463,0.11765549264294958,0.0,0.30931931946181895,0.09735765117184587,2
0.9797979797979798,0.1527024194862958,0.034746930402033145,0.1218867663822585,0.05050825921219822,0.09090909090909093,0.03757225433526011,0.049303322615219726,0.037726761920051366,0.021088186963666235,0.017255546425636804,0.019645608628659477,0.020488466757123475,0.028792403706256214,0.019771472589549362,0.020307476843747018,0.663821832073478,0.6970280997057733,0.33803972813398914,0.22686235084622847,0.3228587701111389,0.21829707082444344,0.15997001002427363,2
0.4909090909090909,0.38856740330205153,0.12572542535493023,0.45293447096618195,0.0,0.011857707509881427,0.0,0.0,0.0,0.010041993792222021,0.009860312243221031,0.01290446841294298,0.00841248303934871,0.016004288230339225,0.013031197843112087,0.005347423369513321,0.865845728684061,0.18106495621597782,0.4129303681983699,0.1778686240870244,0.40132457188909076,0.31435876127957685,0.12895482449236578,1
0.006060606060606061,0.1650036094357637,0.0729273196770671,0.2642002602277569,0.26334180432020327,0.32806324110671947,0.20905587668593448,0.32475884244372993,0.2088617755659014,0.41427788935548654,0.35497124075595726,0.47553929121725724,0.46607869742198105,0.23378512902978782,0.475478238541533,0.04099691249960213,0.4959359505811591,0.416255036970841,0.9758850386046549,0.6956274985522387,0.7380886454654124,0.43697717125738694,0.6719494312674492,1
0.3838383838383838,0.04105442097664349,0.0,0.1427107441822976,0.1397712833545108,0.20948616600790518,0.12668593448940269,0.12861736334405147,0.1268261358163429,0.20522183677195546,0.14626129827444534,0.2596302003081664,0.17856173677069195,0.13293514051611915,0.2595968673770703,0.031734411305980835,0.545964398927091,0.9062090946635527,0.8180282543046778,0.5152406827539486,0.5475227309052517,0.26445769947345654,0.44627900618853916,1
0.48484848484848486,0.3605069510746804,0.10709452218377785,0.056841341669833186,0.02541296060991105,0.051383399209486175,0.01782273603082851,0.023579849946409437,0.017819874779258307,0.016158480920211802,0.01807723911257189,0.01290446841294298,0.012075983717774765,0.022206907113867826,0.013031197843112087,0.01368685743387338,0.7444525725432822,0.09407323236447712,0.5899221532553007,0.19645637921710785,0.18682901901989785,0.25836392528386903,0.14374269926350583,1
0.8707070707070707,0.351960738653564,0.11474937995652043,0.4232385689776274,0.04479034307496822,0.051383399209486175,0.04046242774566474,0.050375133976420156,0.04045593193128913,0.05660032864706957,0.046836483155299896,0.07395993836671802,0.052374491180461336,0.04517956964545523,0.07407882911798692,0.013464048126810324,0.6490693326830855,0.3407080575200487,0.7498864568974445,0.2988629626756908,0.3966174341934947,0.3684673655214629,0.23976861325358098,1
0.15151515151515152,0.5572619518897143,0.1926819559692581,0.5843667599341371,0.02858958068614993,0.011857707509881427,0.031791907514450865,0.029474812433011786,0.03194734307272435,0.04646704400219099,0.038619556285949055,0.055277349768875196,0.044911804613297156,0.039436404012558386,0.05533444601360894,0.006111340993729509,0.7320165813216291,0.11636773445393055,0.7367194409695385,0.16649553883390442,0.1286257454093589,0.4173932811001357,0.14744588134905184,1
0.5353535353535354,0.23640057750972215,0.7706951631505354,0.13112139740002537,0.1311944091486658,0.1699604743083004,0.08333333333333331,0.11897106109324758,0.08331995504896453,0.09622055870001826,0.11175020542317174,0.07588597842835129,0.07421981004070555,0.0777241748985374,0.07600462190268328,0.07273132380558296,0.6625213362594491,0.5394219529097184,0.4376309729647898,0.32161835401602584,0.6160452389474561,0.5618448236284337,0.2234522438632391,1
0.6565656565656566,0.16194141070721657,0.06039376588382988,0.25527076352666184,0.06766200762388817,0.09090909090909093,0.054431599229287086,0.07502679528403002,0.05426232139990368,0.18915464670440021,0.14954806902218568,0.20396764252696456,0.16852103120759837,0.1570564361742859,0.20406984208499168,0.05608428557787185,0.42103551979192066,0.8592098109808882,0.4851158936439768,0.37943316459206944,0.5105499764755672,0.45481273811451556,0.2908820532363492,1
0.13131313131313133,0.6586114151316861,0.22131724792553356,0.7497783458265687,0.009529860228716642,0.011857707509881427,0.01782273603082851,0.012325830653804928,0.017659335366832556,0.02190980463757531,0.01807723911257189,0.025231124807395984,0.025780189959294434,0.018224978941726012,0.025292078572345614,0.0022280930706305505,0.9465577501422419,0.2045867642289322,0.67111941547214,0.03386378441472931,0.36898241633068374,0.4554435580736947,0.02707175225960383,2
0.8767676767676768,0.3500512307011619,0.12029966216561032,0.44055638076156917,0.07274459974587037,0.09090909090909093,0.06454720616570328,0.07663451232583066,0.06437630438272596,0.08006207777980646,0.06409202958093672,0.09533898305084745,0.07232021709633649,0.06432345508844474,0.09532674284247018,0.018270363179170513,0.5862391286678047,0.3547240778289285,0.7751328653498323,0.40877783629692754,0.47258221732974054,0.5587062941418267,0.3172371941975196,1
0.24242424242424243,0.19709265770905618,0.054024924216908035,0.2895264085115203,0.11308767471410418,0.13043478260869568,0.04865125240847784,0.059485530546623804,0.04864344196500241,0.06016067190067554,0.04765817584223499,0.07704160246533127,0.027951153324287655,0.05467493682517804,0.0771600975735011,0.024636343380972085,0.5982687149475738,0.7537128337467132,0.6349529493318883,0.27582696869779955,0.5855625265916137,0.2921145725638693,0.185009982851036,2
0.06060606060606061,0.28289243881424203,0.11782561213345993,0.3788271327737286,0.039707750952986016,0.051383399209486175,0.024084778420038536,0.03269024651661307,0.02424145127628833,0.027843710060251967,0.022185702547247325,0.03871340523882896,0.01994572591587517,0.03223830308599433,0.03877262806522019,0.016424228920648057,0.701536210680322,0.47605936800744786,0.2890926910113705,0.25634569666384804,0.32988008167142785,0.27492272677933044,0.1946303859759583,1
0.6303030303030303,0.18603730526511889,0.05306959796686979,0.19996660794270388,0.10292249047013977,0.13043478260869568,0.0968208092485549,0.07824222936763131,0.09696580510515332,0.041811210516706235,0.032867707477403446,0.047765793528505386,0.033921302578019,0.036373382341680055,0.04788804724611633,0.04917719705891715,0.6302527838738521,0.49136569283286013,0.596651076069895,0.33080881359866915,0.4442763591831957,0.4966648397503768,0.2596866793143728,1
0.1414141414141414,0.5212898493351652,0.18530063178092818,0.590331272237383,0.07719186785260482,0.051383399209486175,0.07947976878612717,0.07984994640943192,0.07962754856317227,0.1069928793134928,0.08545603944124897,0.13463020030816641,0.10542740841248302,0.0683819588023585,0.13474130183592248,0.016583378425693095,0.6004633016337481,0.2416766025558763,0.8149287268033434,0.32821305840060483,0.4767085604172717,0.4687975450515776,0.25120332706471044,1
0.24444444444444444,0.2016102740842512,0.056960307010829096,0.2832567618916025,0.08259212198221091,0.09090909090909093,0.026974951830443156,0.0337620578778135,0.027131160699951834,0.06636844988132189,0.05669679539852094,0.09148690292758087,0.03147896879240161,0.05214794394670342,0.09147515727307745,0.01263647070057612,0.6717873689344065,0.6582606321792146,0.7162816825095814,0.26810714175296735,0.5823546493959061,0.2807691554842189,0.17466468390399892,2
0.3717171717171717,0.1428812612067159,0.09528971085050572,0.23895471346160488,0.10546378653113088,0.13043478260869568,0.09730250481695568,0.10557341907824225,0.09728688393000481,0.2779806463392368,0.21774856203779783,0.3771186440677966,0.2253731343283582,0.15200245041733668,0.37707022724354866,0.02673711684756661,0.606721937738763,0.5435798600497922,0.8593220879182172,0.3957759178210337,0.7538961638291024,0.26008466689325166,0.30938346574763687,1
0.18181818181818182,0.8668059986493724,0.29635730834787755,0.9197266457102722,0.04129606099110546,0.011857707509881427,0.04865125240847784,0.04823151125401929,0.04864344196500241,0.07285010041993793,0.06491372226787182,0.11171032357473035,0.061601085481682506,0.03170227429359062,0.1116959815123893,0.02148518318108031,0.5809558644233115,0.11314547308443441,0.31827924432085286,0.1183221047078144,0.2079469811061661,0.4419970389720391,0.10457761356010836,2
0.4080808080808081,0.5233041473581259,0.20475213570531858,0.43508123481524985,0.04860228716645489,0.051383399209486175,0.04576107899807321,0.05466237942122187,0.04559319312891314,0.2560708417016615,0.19884963023829086,0.31163328197226503,0.2503392130257802,0.15812849375909335,0.3116574656566954,0.09822707451379827,0.304112818011867,0.7983181708941833,0.5494569850919899,0.28893176275408605,0.7417039793435221,0.5476229031242047,0.20726842685179814,1
0.6767676767676768,0.7860885359662807,0.330132582136624,0.12759220237889626,0.05844980940279543,0.051383399209486175,0.04865125240847784,0.05144694533762058,0.04848290255257666,0.14442212890268397,0.11503697617091208,0.17796610169491525,0.12320217096336498,0.09112489470863006,0.1780074463987675,0.04545309864086323,0.48463789319678136,0.7239681647109883,0.0,0.4534793551852638,0.7630560601865296,0.6304947621479552,0.39003951717795987,1
0.6707070707070707,0.641111473348392,0.23912755034344796,0.4790896634310915,0.06607369758576874,0.051383399209486175,0.054913294797687855,0.06591639871382636,0.05490447904960667,0.2348913638853387,0.17419884963023824,0.3081664098613251,0.20434192672998644,0.138678306149016,0.30819103864424197,0.05293312537798007,0.4170121108672683,0.8159554436617582,0.3484099981673744,0.4302558709141084,0.6854096740571656,0.46365756352241316,0.34240764827226255,1
0.020202020202020204,0.18590922851221384,0.07164742745746451,0.28408580607274864,0.05241423125794155,0.09090909090909093,0.041907514450867045,0.058949624866023585,0.04206132605554664,0.05970421763739274,0.04519309778142975,0.062403697996918334,0.04979647218453188,0.04839574239987747,0.062459879316985496,0.01725180634688226,0.6683329269283916,0.7920789769028492,0.7562767423886282,0.42138524771409197,0.5659550807146926,0.19195878049778717,0.34632829910444296,1
0.8282828282828283,0.8608329646275293,0.29092133868152736,0.2110665883680496,0.034625158831003804,0.011857707509881427,0.04142581888246628,0.03269024651661307,0.041419168405843636,0.13638853386890631,0.10846343467543139,0.18393682588597843,0.11614654002713704,0.06907113867830614,0.18404159712414947,0.017665595059999362,0.6354954076241568,0.4978242152591926,0.21493510115296063,0.20772152647111627,0.373680549458713,0.3611911375578992,0.15556885681857718,2
0.8747474747474747,0.36156649512144,0.12512324321014118,0.456319734705862,0.0724269377382465,0.09090909090909093,0.06647398843930637,0.07556270096463023,0.06662385615668646,0.14579149169253242,0.12489728841413308,0.1667950693374422,0.13622795115332428,0.10942644919212802,0.16690204134035183,0.01737912595091829,0.59709014061611,0.22358900651218785,0.737185565285292,0.3080008092637923,0.3983260508893136,0.37410515208188366,0.20621422121335137,1
0.4121212121212121,0.49813124374170403,0.22291966481929432,0.05297246882448448,0.08894536213468868,0.09090909090909093,0.08140655105973026,0.08681672025723473,0.08123294268742977,0.5270220923863429,0.46425636811832377,0.6419491525423728,0.4998643147896879,0.31265793705490463,0.641866735139299,0.1320622592863736,0.25595383239860203,0.799851136657948,0.6759001776849954,0.39445498813676416,0.6607529169171061,0.7045827424030237,0.30966099729096075,1
0.47474747474747475,0.2962706378222294,0.9888484031966687,0.003920688106670337,0.9031130876747141,0.8418972332015812,0.8603082851637766,0.8231511254019293,0.860330711189597,0.7727770677378127,0.694330320460148,0.9815100154083204,0.601763907734057,0.40615667355846535,0.9815123892669149,0.8232803895979883,0.08323173209786233,0.7928302934567795,0.26746770993522095,0.8489489966738102,0.5951276284895514,0.5639254618153733,0.8289390838973713,1
0.8505050505050505,0.1304403511631698,0.023376914990252812,0.19956360035464668,0.05972045743329097,0.09090909090909093,0.0491329479768786,0.057877813504823156,0.04912506020227966,0.04838415190797883,0.03944124897288414,0.05758859784283512,0.05156037991858887,0.04334175664292825,0.05758120426242139,0.01161791386828787,0.7359587092579049,0.2625408032553939,0.8042676270686757,0.33979985004392554,0.41893975719183557,0.20718075972432545,0.2684454919764388,2
0.0707070707070707,0.4683242903383554,0.2654418894230279,0.05830368348935482,0.1747141041931385,0.13043478260869568,0.10404624277456648,0.15809217577706325,0.10419007866431208,0.21663319335402595,0.21610517666392765,0.18990755007704158,0.1795115332428765,0.2075962937437782,0.1898831685710618,0.09084253747970844,0.4850442981386655,0.8738814833135393,0.12404085958104594,0.9101350165152371,0.9636057890364887,0.7047460082175643,0.7999722468456676,1
0.10101010101010101,0.4385056935938337,0.20146769139696055,0.06507421096871509,0.1823379923761118,0.1699604743083004,0.15028901734104044,0.15969989281886388,0.1502648900305025,0.0643600511228775,0.06491372226787182,0.05450693374422188,0.05128900949796473,0.05957577149858335,0.054564128899730405,0.05452462042843047,0.6254572055596197,0.3298489667064102,0.6302518664892472,0.43528429910722444,0.4831310682343619,0.5644855480837841,0.35503740462442107,1
0.010101010101010102,0.18756840462939248,0.05923226879777909,0.27813856552327665,0.25412960609911056,0.28853754940711474,0.19026974951830442,0.35262593783494106,0.1900786643120886,0.34206682490414464,0.304847986852917,0.36074730354391366,0.4010854816824966,0.19327666743242206,0.36082937475927596,0.036827195467422094,0.5257660733154516,0.3709777148310354,0.999127510896154,0.6729612419414882,0.6592176381469501,0.339999056884123,0.6487527649597786,1
0.1919191919191919,0.9554642200125748,0.3252640925931597,0.6753831450712172,0.0054002541296060995,0.0,0.011560693641618497,0.011254019292604497,0.011558837694654033,0.018075588825999644,0.014790468364831543,0.030624036979969172,0.021709633649932156,0.01079715138984608,0.030620105276672235,0.011681573670305886,0.746322035275949,0.8255078969903006,0.24271132960965083,0.11670213071779856,0.438069960987711,0.26928849914674696,0.08669546919399869,2
1.0,0.7332743404047224,0.3227941251518214,0.07194836897071863,0.12674714104193138,0.09090909090909093,0.10934489402697495,0.12057877813504825,0.10932733986193612,0.08490049297060434,0.08627773212818406,0.1099768875192604,0.08018995929443691,0.050080404318860544,0.11002696109898576,0.13791896107203105,0.5188978297976105,0.4811995865425673,0.35885596360246363,0.4051612805243509,0.41509480684077,0.5036728135281965,0.21545974964169437,2
0.98989898989899,0.6604161330135295,0.3277544729885586,0.07341646804149825,0.1670902160101652,0.09090909090909093,0.16570327552986513,0.16291532690246519,0.1655161342109488,0.14789118130363338,0.13968775677896464,0.19241140215716487,0.1373134328358209,0.07956198790106438,0.1925150853768135,0.13928764681541841,0.44407867999674877,0.5877745397019467,0.4361608885843365,0.18631689692535816,0.34581141283916267,0.39729156694254275,0.141456170727464,2
0.1898989898989899,0.9150327177886965,0.3264949937230166,0.9578454062892214,0.021283354510800507,0.011857707509881427,0.028420038535645474,0.030010718113612004,0.02825493658693209,0.05970421763739274,0.04601479046836481,0.08686440677966102,0.05522388059701491,0.03292748296194195,0.08698164077545258,0.013082089314702233,0.6567910265788834,0.49213334235535405,0.22856425742810949,0.146251107178094,0.27321658911482855,0.4310017314183929,0.10934949920054346,2
0.7373737373737373,0.2201231865496123,0.10643110117680679,0.18461777608898414,0.2563532401524778,0.28853754940711474,0.25289017341040465,0.1939978563772776,0.25268903515813135,0.17327003834215812,0.1487263763352506,0.20127118644067796,0.13717774762550883,0.11011562906807563,0.20124534600077038,0.11977591749689659,0.5321059904088434,0.883018612584319,0.2113694493358727,0.5233976857152827,0.6164009193663486,0.6535139074002565,0.4249215041381196,1
0.8303030303030303,0.8673707006962718,0.28897394286414163,0.9429226110285905,0.042884371029224905,0.011857707509881427,0.05057803468208092,0.03590568060021437,0.05056991491411142,0.026291765565090382,0.025472473294987672,0.04641756548536209,0.024016282225237447,0.012481813308829155,0.04653999229682886,0.01489639367221568,0.6599203446313908,0.2993553143979784,0.20887150107965555,0.1712050346477362,0.3827886695526306,0.19089866486822182,0.09747777676522489,2
0.06666666666666667,0.31340381435856834,0.2353817732733193,0.10180547399449612,0.06385006353240152,0.09090909090909093,0.04287090558766859,0.059485530546623804,0.042864023117675384,0.05011867810845354,0.03368940016433853,0.06105546995377504,0.04314789687924017,0.04900834673405313,0.06111182436769805,0.024636343380972085,0.680078029748842,0.721809879579356,0.33450594806498646,0.4745780699998717,0.45903259428345033,0.3480004163945569,0.3936184314082861,1
0.5333333333333333,0.7497322031530168,0.268095573450912,0.1640931753543588,0.07496823379923762,0.051383399209486175,0.028420038535645474,0.019292604501607722,0.028415475999357842,0.03149534416651451,0.032046014790468355,0.04314329738058551,0.008276797829036626,0.02726089287081705,0.04326614456284504,0.019607219021548845,0.6559375762009267,0.4805299348314554,0.033576886608288205,0.4425658652315434,0.8622346185102394,0.6684444994101075,0.36476343542628015,1
0.8484848484848485,0.14096593158372725,0.06374761423599416,0.23166603336902833,0.05940279542566709,0.09090909090909093,0.04720616570327553,0.05251875669882101,0.0473591266655964,0.03688150447325178,0.03615447822514379,0.04025423728813559,0.02930800542740842,0.03223830308599433,0.04031326229297729,0.011777063373332907,0.7313256929204259,0.36568349973517267,0.7267475677872244,0.29677579975819723,0.47861752874145413,0.3426024125971809,0.2399135924180039,2
0.696969696969697,0.6082772512400159,0.2496177674352144,0.5948219282185914,0.9336086404066073,0.6047430830039526,0.8342967244701348,1.0,0.8343233263766255,1.0,1.0,1.0,1.0,1.0,1.0,0.6890536970430021,0.0,0.8616714226715605,0.773041281881708,1.0,1.0,0.7366687011870803,1.0,1
0.4666666666666667,0.21806813683254545,0.0784102391377568,0.17692033115709238,0.3843710292249047,0.40711462450592895,0.3651252408477842,0.30171489817792074,0.3650666238561567,0.34097133467226587,0.276910435497124,0.4019645608628659,0.27951153324287653,0.24419940271077412,0.40191295416613176,0.32651112455040265,0.28415833536535806,0.7336769478814974,0.4645705680342301,0.507293227767439,0.4409356646158764,0.4530181487525068,0.4470246133198572,1
0.6363636363636364,0.17706028922059472,0.04404707227206386,0.255391665803079,0.05177890724269377,0.09090909090909093,0.04816955684007707,0.04233654876741693,0.04816182372772516,0.008124885886434181,0.011503697617091206,0.006741140215716479,0.006919945725915875,0.014089899686040274,0.006868660932083719,0.01397332654295445,0.6981224091684956,0.5266822374300307,0.5928702899532281,0.2742474940575341,0.38818465666709445,0.2720533412104269,0.200657376954112,1
0.30505050505050507,0.1253231027175558,0.049425885667044325,0.2243082662613562,0.22426937738246502,0.28853754940711474,0.15895953757225434,0.2395498392282958,0.15877347888906726,0.2058608727405514,0.18241577649958912,0.2569337442218798,0.19294436906377205,0.13285856497434717,0.25702914366414176,0.03549033962504377,0.5009347313663335,0.7046882619621496,0.946435543373465,0.6565669605219933,0.4850152739977354,0.2630577062354195,0.6219502597198173,1
0.8686868686868687,0.3691172018722492,0.17975443216265044,0.3706691077412001,0.04637865311308767,0.051383399209486175,0.03227360308285164,0.037513397642015,0.03242896131000161,0.04701478911813037,0.038619556285949055,0.05258089368258859,0.042876526458616004,0.039130101845470555,0.052638336115034025,0.016074100009548974,0.6384621636999107,0.32675270252297706,0.6839477940766355,0.2672526777935014,0.43142008783955665,0.4566442513528373,0.18259918645977447,1
0.6464646464646465,0.10585543627599378,0.02170305275727978,0.1590670950061603,0.1337357052096569,0.20948616600790518,0.10741811175337186,0.12165058949624868,0.1074008669128271,0.36315501186781085,0.2925225965488907,0.4291217257318952,0.3449118046132971,0.22451948847538095,0.429195018615997,0.09440748639271732,0.3502804194099,0.8895494667285765,0.6764061416858559,0.4815920511347684,0.7071084307514987,0.4234461276195933,0.41120440405278896,1
0.6525252525252525,0.1445695456768274,0.0574114332955694,0.20263797252639704,0.10609911054637865,0.13043478260869568,0.09104046242774565,0.11789924973204714,0.0911863862578263,0.39483293773963846,0.3212818405916187,0.47014637904468415,0.376797829036635,0.2615054751512367,0.4702144049300296,0.11538339115765352,0.3375599447289279,0.8604954489349738,0.5351864098866165,0.5984664848896746,0.6704643430380061,0.5556709735625045,0.4760452997754894,1
0.1292929292929293,0.6686246885406235,0.22327893281076175,0.7523806233951662,0.003176620076238876,0.007905138339920952,0.012524084778420035,0.0075026795284029975,0.01268261358163429,0.0003651634106262562,0.0,0.0025038520801232648,0.0054274084124830415,0.0005360287924037043,0.0025035306201052865,0.0,1.0,0.1948243155902851,0.6677808498601626,0.0,0.35398080676423116,0.0,0.0,2
0.7757575757575758,0.13865472836085047,0.0602672055686539,0.18452566006885676,0.11149936467598476,0.1699604743083004,0.10741811175337186,0.10289389067524116,0.1074008669128271,0.07321526383056418,0.05751848808545603,0.09861325115562403,0.06282225237449118,0.04931464890114097,0.09872897676210042,0.04360696438234077,0.5193042347394946,0.7010926755969118,0.39363202473247644,0.4244946576114461,0.4021034669836275,0.19955976062651365,0.3476331115842494,1
0.4727272727272727,0.23355378059287887,0.09860273329454876,0.058470643775835704,0.4393265565438373,0.4466403162055337,0.4031791907514451,0.4378349410503752,0.4032750040134853,0.47617308745663683,0.41002465078060796,0.5331278890600925,0.4208955223880597,0.341144038594073,0.5331236358967776,0.3748925740840946,0.26899943103308144,0.8942020294880083,0.2750731058221716,0.6802180383742188,0.6840972583342901,0.5405086063772426,0.6469011739170056,1
0.6868686868686869,0.47412267424260063,0.182928646519081,0.4949796769030594,0.4447268106734434,0.32806324110671947,0.3829479768786127,0.457663451232583,0.382886498635415,0.6562899397480373,0.6047658175842234,0.645030816640986,0.658887381275441,0.6194195573933685,0.6449480035948133,0.23761021103224372,0.15922945623018778,0.711744104381669,0.873393464698055,0.8438538530340071,0.9195554444992223,0.8854443410378188,0.8553646433098329,1
0.9757575757575757,0.16430500896537267,1.0,0.11947447810517345,0.10419313850063532,0.13043478260869568,0.08959537572254335,0.09163987138263666,0.0895809921335688,0.06445134197553405,0.05669679539852094,0.0703004622496148,0.054545454545454536,0.0591163182479516,0.07035562973424062,0.042397428143998474,0.6306185483215476,0.7229765201910492,0.37199110778228406,0.2773238174325474,0.33099889919161496,0.3285998110209317,0.15754264458564954,2
0.49292929292929294,0.3699729874484781,0.11353685048531796,0.3930763296371781,0.02858958068614993,0.051383399209486175,0.022639691714836218,0.016077170418006426,0.02279659656445657,0.04528026291765566,0.04272801972062449,0.03428351309707241,0.02957937584803256,0.041963396891033004,0.03427911156759534,0.01890696119935067,0.7474599691132244,0.3196431946353198,0.5018366094834388,0.2467858613154008,0.5467978632161165,0.4786139577590854,0.1258564126355555,1
0.6888888888888889,0.5541473581258878,0.23407330291803177,0.5519131345930199,0.4123252858958068,0.28853754940711474,0.37620423892100185,0.3896034297963558,0.37598330390110773,0.4652181851378492,0.43796220213640097,0.4641756548536209,0.4791044776119402,0.43188605559384324,0.46418025420464765,0.1907247668459751,0.24083556856051375,0.5167144600437258,0.7756467972877144,0.6668613889866719,0.7866885477658543,0.7647588737416965,0.6038299352978701,1
0.8727272727272727,0.3481941177840393,0.10989722077630465,0.40050318375994565,0.07115628970775094,0.09090909090909093,0.06551059730250482,0.0744908896034298,0.0655000802697062,0.04528026291765566,0.037797863599013964,0.052003081664098616,0.04151967435549525,0.04165709472394517,0.052060598279625114,0.015119202979278736,0.6194424124197351,0.33116027075395316,0.8129965020756473,0.4074847499156114,0.5281201389404776,0.6325202369534153,0.3069229622142875,1
0.6727272727272727,0.6664182753883054,0.2640680976147463,0.1194975071102053,0.06416772554002541,0.051383399209486175,0.05828516377649325,0.0637727759914255,0.058436346122973194,0.09521635932079607,0.07806080525883317,0.12750385208012324,0.08236092265943011,0.06026495137453097,0.12748748234689952,0.061909157462520285,0.41640250345444213,0.6522267669355384,0.2324605786315868,0.3735904101879008,0.46616421179643375,0.4659788742043572,0.2992639200709155,1
0.14747474747474748,0.5786740563071979,0.20449493248415448,0.6191290430296958,0.04701397712833545,0.051383399209486175,0.04816955684007707,0.04823151125401929,0.04816182372772516,0.06472521453350373,0.05423171733771568,0.07203389830508475,0.05875169606512891,0.049544375526456845,0.07215303633329055,0.006365980201801572,0.7262049906526865,0.3271796929868566,0.7332175326486219,0.35406863880419887,0.586688097537476,0.4267408050650661,0.24056599865790715,1
0.39191919191919194,0.07351023449689119,0.01607316002735338,0.17359263992999185,0.13913595933926304,0.20948616600790518,0.1363198458574181,0.13719185423365488,0.1362979611494622,0.1344714259631185,0.1076417419884963,0.17642526964560862,0.11546811397557666,0.0790259591086607,0.17653100526383367,0.037304643982557215,0.491546777208811,0.6954111358179669,0.8510314494474237,0.5320414040762959,0.3166771344764632,0.4470987620269517,0.4559118360989835,1
0.5313131313131313,0.523670912605081,0.6954264776427121,0.0954955266157726,0.09339263024142312,0.09090909090909093,0.04287090558766859,0.05466237942122187,0.043024562530101146,0.029669527113383234,0.03615447822514379,0.031201848998459167,0.023609226594301223,0.03308063404548586,0.03126203620490435,0.02517745169812522,0.6737787531496384,0.49897685618354526,0.3225301387217837,0.5517759778468557,0.8707011631650156,0.619918073481183,0.42962090019634314,1
0.3474747474747475,0.32135621637985223,0.12262061504230587,0.001917164668900471,0.2963786531130877,0.28853754940711474,0.27890173410404623,0.20096463022508038,0.27885695938352867,0.40441847726857766,0.32292522596548884,0.5194530046224961,0.2512890094979647,0.20468642315644378,0.5193863140326102,0.15332463316039088,0.4834999593595059,0.5988762917628174,0.6261284590806594,0.3788197079237521,0.327631190921595,0.3092748328638514,0.29211437613394414,1
0.4868686868686869,0.38230910742146557,0.11864417159129184,0.3635416306838464,0.004764930114358321,0.011857707509881427,0.0038535645472061652,0.004287245444801715,0.00401348531064376,0.0069381048018988525,0.007395234182415771,0.002696456086286585,0.0016282225237449043,0.011639482349337624,0.0026961098985749153,0.005665722379603399,0.8115093879541575,0.016528964186466457,0.46692509342406147,0.15429673692761445,0.3117966588552043,0.2856884834874645,0.10076880379762564,1
0.7777777777777778,0.08115408797708588,0.08305010359574189,0.11759761419507872,0.23475222363405335,0.32806324110671947,0.20472061657032756,0.19774919614147912,0.2048482902552577,0.16980098594120868,0.15365653245686112,0.21648690292758085,0.13337856173677068,0.10368328355923116,0.21645910899987164,0.12149473215138301,0.4066487848492238,0.9678637177103047,0.39951236225428877,0.9104407504457188,0.8790078767454792,0.5058726757976891,0.6683415212042383,1
0.06868686868686869,0.32516941061406973,0.5044326729742695,0.09953135974760209,0.11944091486658197,0.13043478260869568,0.0688824662813102,0.10718113612004287,0.06871086851822122,0.09978090195362424,0.08792111750205422,0.0989984591679507,0.08548168249660787,0.10375985910100315,0.0991141353190397,0.057102842410160094,0.5645777452653825,0.7252071370406061,0.2805112228392949,0.45651156319715613,0.5256191202987716,0.3742274902262944,0.3596001060419031,1
0.494949494949495,0.3705842628600703,0.11266725864233443,0.3879293470125624,0.0019059720457433272,0.011857707509881427,0.003371868978805393,0.0021436227224008574,0.003371327660940756,0.006390359685959476,0.006573541495480684,0.0,0.000814111261872458,0.020981698445516495,0.0,0.005506572874558361,0.8732422986263516,0.12786147776033,0.4055042508944008,0.22163142590436052,0.34760332178497544,0.3886286917203323,0.14620320279685517,1
0.6747474747474748,0.664898819365205,0.28415852700123495,0.5681946411505292,0.027318932655654386,0.011857707509881427,0.015414258188824661,0.02197213290460879,0.0155723230052978,0.155924776337411,0.11750205423171735,0.19645608628659475,0.13405698778833106,0.09855272226051,0.19655925022467588,0.03132062259286374,0.4973990083719419,0.5621107795259239,0.22360820060078254,0.33128486175890487,0.4825165064979211,0.5130532575756227,0.23867298499672762,1
0.6141414141414141,0.28998905525929725,0.19411290404890946,0.09003189517196913,0.11944091486658197,0.13043478260869568,0.10886319845857417,0.12593783494105035,0.10900626103708459,0.16770129633010775,0.13229252259654886,0.19818952234206472,0.16757123473541383,0.11792633432881536,0.19816407754525617,0.05503389884457459,0.39571649191254177,0.8554718944610238,0.653223428922018,0.4383752673363885,0.1820971187634928,0.17706110857043203,0.351131251708683,1
0.8323232323232324,1.0,0.3322698184267736,0.9892512119013899,0.054320203303684866,0.011857707509881427,0.06599229287090559,0.050375133976420156,0.06614223791940921,0.09822895745846265,0.09202958093672967,0.14079352850539292,0.08955223880597014,0.0496209510682288,0.14077545256130441,0.026896266352611647,0.5137771275298708,0.4302990566544014,0.2142418906320966,0.08082693886568913,0.34699101119042636,0.20396215436137705,0.06430447281433553,2
0.38585858585858585,0.07240411708543881,0.027663635342988675,0.11554227549598722,0.2763659466327827,0.3675889328063242,0.26685934489402696,0.2593783494105038,0.26665596403917163,0.1978272777067738,0.22678718159408376,0.25385208012326654,0.16458616010854815,0.1087372693161804,0.2539478752086276,0.06859343667441194,0.437251076973096,0.7882220630405922,0.8598798435097167,0.5516407389467964,0.5840024852606486,0.43380438709034513,0.4834205969827764,1
0.026262626262626262,0.039139091353654835,0.03665758290210968,0.14824921989245457,0.11562897077509529,0.20948616600790518,0.09633911368015415,0.12861736334405147,0.09616310804302457,0.17199196640496622,0.13968775677896464,0.18990755007704158,0.15671641791044777,0.1320928095566276,0.19001155475670822,0.030461215265620525,0.5454360725026417,0.6777411971132645,0.8931300447001268,0.5339233582350094,0.7197395879059654,0.4490944308117736,0.469780128741498,1
0.08686868686868687,0.38159304193931487,0.1443502046398645,0.07284074291570233,0.09911054637865309,0.09090909090909093,0.0789980732177264,0.09378349410503752,0.07898539091346926,0.2905787840058426,0.23418241577649956,0.30161787365177195,0.27421981004070556,0.29144651198407223,0.3015791500834511,0.05678454340007002,0.44915874177029996,0.8690235918064498,0.49667737026206543,0.5022685963883621,0.5207971743666975,0.5045887925803471,0.44576122345845726,1
0.3696969696969697,0.13025405770439882,0.04177715178051994,0.2275898994783931,0.11054637865311306,0.1699604743083004,0.10067437379576107,0.10557341907824225,0.10065821159094557,0.11511776519992696,0.09942481511914542,0.1596687211093991,0.0880597014925373,0.07626923960487018,0.15964822185132885,0.012954769710666203,0.6809721206209869,0.48285854949239465,0.9280057050429071,0.449722136492572,0.6951526161645496,0.19520941621127222,0.3812641354685312,1
0.1111111111111111,0.43217171599562215,0.19637465935882914,0.06997363178923853,0.10609911054637865,0.09090909090909093,0.10211946050096339,0.08628081457663452,0.1022636057152031,0.0764104436735439,0.06820049301561217,0.06510015408320492,0.066078697421981,0.08270158511371466,0.06522018230838364,0.03517204061495369,0.7005201983256119,0.39949274466203594,0.5956630518792381,0.24033019264492028,0.45831448001999014,0.23785827281673122,0.1878577878664866,1
0.14545454545454545,0.5348077684372308,0.20230053992263491,0.6331824933503748,0.036848792884371026,0.051383399209486175,0.0409441233140655,0.03965702036441587,0.040937550168566386,0.04473251780171627,0.037797863599013964,0.052195685670261935,0.042740841248303935,0.03606708017459224,0.05218898446527156,0.0052837635674953054,0.7435991221653255,0.3437249901418869,0.7646311243555932,0.273538032234228,0.46378025253309746,0.3764059989287626,0.2017074403307182,1
0.6505050505050505,0.14593181659408985,0.06368637537381222,0.24376201826200103,0.08989834815756036,0.13043478260869568,0.07273603082851637,0.10235798499464095,0.07288489324129073,0.358316596677013,0.2843056696795398,0.37172573189522334,0.32605156037991856,0.2795773030094188,0.3716780074463989,0.0704395709329344,0.42965130455986356,0.9130829411476479,0.5333019927810491,0.6483634917888472,0.6613697297954387,0.45474867741344227,0.4451108883494743,1
0.32323232323232326,0.703321845236709,0.27628729191544954,0.25276060197819156,0.03621346886912325,0.011857707509881427,0.03805394990366088,0.03215434083601287,0.03820838015732863,0.08280080335950339,0.06984387838948233,0.10015408320493066,0.09335142469470827,0.050769584194808176,0.10020541789703431,0.02565490021326034,0.695480777046249,0.19883755929450903,0.4166912344724827,0.16714587883860163,0.13668933566551633,0.4615502333766928,0.11800682644751338,2
0.00404040404040404,0.16503853945928323,0.05912816273206976,0.26528838071551125,0.2801778907242694,0.32806324110671947,0.22928709055876687,0.36923901393354774,0.2294108203563975,0.3906335585174366,0.3262119967132292,0.44337442218798145,0.4461329715061059,0.2198483804272915,0.44331749903710366,0.03959639685520578,0.496220434040478,0.4044159680433804,1.0,0.6367446984271969,0.6863709116449319,0.40881937907386007,0.596682462491819,1
0.5050505050505051,0.6095114454043732,0.21791849107443587,0.08532822089421625,0.18996188055908514,0.13043478260869568,0.1840077071290944,0.15916398713826366,0.18413870605233584,0.19079788205221834,0.15612161051766638,0.2534668721109399,0.16892808683853458,0.10452561451872272,0.2534343304660419,0.028073972689944934,0.5483621880842072,0.5622834423364546,0.6623626526855929,0.38327662520364936,0.6132223070152335,0.5273717139974411,0.292296635654933,1
0.24848484848484848,0.22128752066693053,0.0654970043989916,0.27230071274770573,0.08894536213468868,0.13043478260869568,0.03034682080924855,0.04126473740621651,0.030341948948466854,0.09850283001643237,0.08216926869350862,0.13251155624036978,0.052781546811397545,0.06853510988590245,0.13255873667993326,0.013018429512684214,0.6741851580915225,0.5854995905091452,0.741332876504944,0.2306714593307881,0.6431062156278773,0.44867714652283847,0.12727927957782068,2
0.8565656565656565,0.15745872435554104,0.042793716892740134,0.2484714497910118,0.05209656925031766,0.09090909090909093,0.04431599229287091,0.05734190782422294,0.04430887782950713,0.05011867810845354,0.04272801972062449,0.06875963020030817,0.04925373134328358,0.03170227429359062,0.06881499550648351,0.010694846739026641,0.7138096399252216,0.34864121367956113,0.7448945443535214,0.3612767998570952,0.4314628595354994,0.24537472840931943,0.28898075505148835,2
0.5252525252525253,0.36990312740143916,0.797630056033559,0.020777919789975445,0.21855146124523506,0.20948616600790518,0.16184971098265896,0.15702036441586284,0.16166318831273077,0.08115756801168522,0.1232539030402629,0.0656779661016949,0.035549525101763894,0.042269699058120835,0.06579792014379256,0.19053378743992108,0.6198488173616192,0.3526311245715512,0.3521270407878698,0.5951493350241812,0.5746602464099915,0.5690138388908955,0.476086722393896,1
0.509090909090909,0.6996833011200894,0.24121987813466428,0.7688463619929302,0.14008894536213468,0.09090909090909093,0.14450867052023122,0.13236870310825294,0.14464601059560123,0.07367171809384701,0.05751848808545603,0.09572419106317412,0.06621438263229308,0.04502641856191132,0.09571190139940944,0.024349874271891017,0.5675851418353248,0.19022541829899126,0.5505207046843503,0.27003610408549844,0.4009373754837141,0.48003219050228924,0.19023544616302288,1
0.7717171717171717,0.15712106746151877,0.06857323657593109,0.24368141674438962,0.14326556543837357,0.1699604743083004,0.13680154142581888,0.12700964630225078,0.13694011879916518,0.2117034873105715,0.19720624486442068,0.2290061633281972,0.1563093622795115,0.16938509839957117,0.22910514828604445,0.08737307826972658,0.4448914898805171,0.7495245939507352,0.438599077312893,0.4849028729768632,0.4958230062199051,0.45359380533020605,0.40126504676613617,1
0.9939393939393939,0.705487506694921,0.30797432050379175,0.13824311720612112,0.12579415501905972,0.09090909090909093,0.12668593448940269,0.10718113612004287,0.1268261358163429,0.16404966222384518,0.14626129827444534,0.22130200308166406,0.1474898236092266,0.08882762845547132,0.2213377840544358,0.05554317726071872,0.4350971307811103,0.4085668753397841,0.43410117686429794,0.3199555302675687,0.276955735796983,0.6054737199871165,0.2575575567282759,2
0.4686868686868687,0.22226556132547795,0.0808577523296284,0.19743917464045965,0.5616264294790342,0.5652173913043478,0.5255298651252408,0.4812433011789925,0.5252849574570557,0.5276611283549388,0.47165160230073955,0.6078582434514639,0.46037991858887384,0.38777854353319546,0.6078443959429967,0.5308909189292421,0.1623181337885069,0.8912550953028717,0.4010700939419776,0.7602009997192166,0.5325909067374426,0.5388866250153478,0.6916417440579253,1
0.10505050505050505,0.4814987308758121,0.21672025067107586,0.05771644386104302,0.0911689961880559,0.09090909090909093,0.08766859344894026,0.07609860664523044,0.08765451918445978,0.09238634288844258,0.0829909613804437,0.08359013867488443,0.08127544097693352,0.08829159966306761,0.08357940685582232,0.0327847980392781,0.7098675119889459,0.3781128888121499,0.5841852385998741,0.32207722611275136,0.49526022074697396,0.518898351682572,0.2130448109885922,1
0.8525252525252526,0.14776564282886617,0.029186441715912923,0.18099070779646964,0.05749682337992376,0.09090909090909093,0.04961464354527938,0.059485530546623804,0.049767217851982654,0.04728866167610006,0.03944124897288414,0.05643297380585515,0.04545454545454546,0.032850907420169995,0.05655411477724999,0.013145749116720246,0.7358367877753396,0.288587221552052,0.7665872528943533,0.36548547781910273,0.41843325026619754,0.19096094610537623,0.27988849031124957,2
