0.36767676767676766,0.13075472137484576,0.05298386355981507,0.24088339263302133,0.10355781448538753,0.13043478260869568,0.09248554913294797,0.10235798499464095,0.09247070155723229,0.13584078875296696,0.1076417419884963,0.18817411402157164,0.10244233378561736,0.08515200245041733,0.18814995506483506,0.013177579017729254,0.6907664797203935,0.42106626285346294,0.9626303753695129,0.479415391886353,0.44029408917673496,0.3570174049365887,0.4141702635306983,1
0.1919191919191919,0.9554642200125748,0.3252640925931597,0.6753831450712172,0.0054002541296060995,0.0,0.011560693641618497,0.011254019292604497,0.011558837694654033,0.018075588825999644,0.014790468364831543,0.030624036979969172,0.021709633649932156,0.01079715138984608,0.030620105276672235,0.011681573670305886,0.746322035275949,0.8255078969903006,0.24271132960965083,0.11670213071779856,0.438069960987711,0.26928849914674696,0.08669546919399869,2
0.3898989898989899,0.04233518850569362,0.011370015411780331,0.12707980701693788,0.1696315120711563,0.24901185770750991,0.17341040462427745,0.1495176848874598,0.17322202600738482,0.2010224575497535,0.17337715694330316,0.25751155624036975,0.17245590230664856,0.11264262194655025,0.2576068814995507,0.05602062577585383,0.4559050638055759,0.7455160168089581,0.8145821215429112,0.5121996155092984,0.45964715601989115,0.36002514382517115,0.4475589650973017,1
0.7696969696969697,0.15081037654565352,0.0454147401941272,0.06647322302439927,0.1311944091486658,0.1699604743083004,0.11127167630057803,0.12004287245444802,0.11109327339861935,0.2788935548658025,0.2637633525061627,0.21648690292758085,0.1932157394843962,0.2599739643157975,0.21645910899987164,0.06391444122608778,0.4875233682841585,0.9253070014769672,0.4792275881851432,0.5024445154388404,0.5694375972211905,0.323788585450747,0.4150732766119612,1
0.00808080808080808,0.16114966350744006,0.08090878471478002,0.26010685458334776,0.35451080050825917,0.40711462450592895,0.28275529865125243,0.4372990353697749,0.28287044469417244,0.49945225488406064,0.41002465078060796,0.5845531587057011,0.5773405698778834,0.28685197947775476,0.5845423032481706,0.054174491517331384,0.4554986588636919,0.3751589547833432,0.9928129208066738,0.7624720369166038,0.5137983742253258,0.4043355748647163,0.7576114061322043,1
0.8363636363636363,0.8847076357031413,0.29188483011318983,0.8883841698619411,0.11086404066073698,0.051383399209486175,0.11946050096339113,0.10235798499464095,0.11960186225718414,0.0971334672265839,0.10435497124075595,0.13886748844375962,0.08426051560379919,0.04785971360747377,0.1389780459622545,0.02864691090810708,0.511216776396001,0.26895032677603525,0.2863875763925965,0.14378769806939246,0.15088053415094807,0.37508652643304674,0.11669165831310527,2
0.24444444444444444,0.2016102740842512,0.056960307010829096,0.2832567618916025,0.08259212198221091,0.09090909090909093,0.026974951830443156,0.0337620578778135,0.027131160699951834,0.06636844988132189,0.05669679539852094,0.09148690292758087,0.03147896879240161,0.05214794394670342,0.09147515727307745,0.01263647070057612,0.6717873689344065,0.6582606321792146,0.7162816825095814,0.26810714175296735,0.5823546493959061,0.2807691554842189,0.17466468390399892,2
0.41414141414141414,0.5319726148615607,0.2526817518397175,0.4571372643844922,0.1718551461245235,0.13043478260869568,0.15558766859344894,0.17524115755627012,0.1554021512281265,0.3066459740733979,0.2933442892358258,0.3547765793528505,0.298236092265943,0.20951068228807712,0.3548594171267172,0.22783843142247828,0.13919369259530195,0.7802049087570379,0.6822307036485185,0.6482739954579256,0.8312499015125423,1.0,0.5955474827474794,1
0.1292929292929293,0.6686246885406235,0.22327893281076175,0.7523806233951662,0.003176620076238876,0.007905138339920952,0.012524084778420035,0.0075026795284029975,0.01268261358163429,0.0003651634106262562,0.0,0.0025038520801232648,0.0054274084124830415,0.0005360287924037043,0.0025035306201052865,0.0,1.0,0.1948243155902851,0.6677808498601626,0.0,0.35398080676423116,0.0,0.0,2
0.6303030303030303,0.18603730526511889,0.05306959796686979,0.19996660794270388,0.10292249047013977,0.13043478260869568,0.0968208092485549,0.07824222936763131,0.09696580510515332,0.041811210516706235,0.032867707477403446,0.047765793528505386,0.033921302578019,0.036373382341680055,0.04788804724611633,0.04917719705891715,0.6302527838738521,0.49136569283286013,0.596651076069895,0.33080881359866915,0.4442763591831957,0.4966648397503768,0.2596866793143728,1
0.4909090909090909,0.38856740330205153,0.12572542535493023,0.45293447096618195,0.0,0.011857707509881427,0.0,0.0,0.0,0.010041993792222021,0.009860312243221031,0.01290446841294298,0.00841248303934871,0.016004288230339225,0.013031197843112087,0.005347423369513321,0.865845728684061,0.18106495621597782,0.4129303681983699,0.1778686240870244,0.40132457188909076,0.31435876127957685,0.12895482449236578,1
0.694949494949495,0.5726311622383158,0.2241668963123999,0.48341335912581906,0.5412960609911054,0.3675889328063242,0.485067437379576,0.5691318327974276,0.48498956493819234,0.4451341975534051,0.5743631881676253,0.4322033898305085,0.4265943012211668,0.42422850141664753,0.4321479008858648,0.34653213228506863,0.16613834024221735,0.5862509070630756,0.7507549620327801,0.6293094517346288,0.7518408712819579,0.6831041680383366,0.532172947716371,1
0.00404040404040404,0.16503853945928323,0.05912816273206976,0.26528838071551125,0.2801778907242694,0.32806324110671947,0.22928709055876687,0.36923901393354774,0.2294108203563975,0.3906335585174366,0.3262119967132292,0.44337442218798145,0.4461329715061059,0.2198483804272915,0.44331749903710366,0.03959639685520578,0.496220434040478,0.4044159680433804,1.0,0.6367446984271969,0.6863709116449319,0.40881937907386007,0.596682462491819,1
0.6747474747474748,0.664898819365205,0.28415852700123495,0.5681946411505292,0.027318932655654386,0.011857707509881427,0.015414258188824661,0.02197213290460879,0.0155723230052978,0.155924776337411,0.11750205423171735,0.19645608628659475,0.13405698778833106,0.09855272226051,0.19655925022467588,0.03132062259286374,0.4973990083719419,0.5621107795259239,0.22360820060078254,0.33128486175890487,0.4825165064979211,0.5130532575756227,0.23867298499672762,1
0.4868686868686869,0.38230910742146557,0.11864417159129184,0.3635416306838464,0.004764930114358321,0.011857707509881427,0.0038535645472061652,0.004287245444801715,0.00401348531064376,0.0069381048018988525,0.007395234182415771,0.002696456086286585,0.0016282225237449043,0.011639482349337624,0.0026961098985749153,0.005665722379603399,0.8115093879541575,0.016528964186466457,0.46692509342406147,0.15429673692761445,0.3117966588552043,0.2856884834874645,0.10076880379762564,1
0.9757575757575757,0.16430500896537267,1.0,0.11947447810517345,0.10419313850063532,0.13043478260869568,0.08959537572254335,0.09163987138263666,0.0895809921335688,0.06445134197553405,0.05669679539852094,0.0703004622496148,0.054545454545454536,0.0591163182479516,0.07035562973424062,0.042397428143998474,0.6306185483215476,0.7229765201910492,0.37199110778228406,0.2773238174325474,0.33099889919161496,0.3285998110209317,0.15754264458564954,2
0.6666666666666666,0.47758074657103594,0.34018392071608644,0.08098725344571492,0.12801778907242692,0.09090909090909093,0.0789980732177264,0.09485530546623795,0.07898539091346926,0.2117034873105715,0.1610517666392769,0.24229583975346686,0.18914518317503393,0.16119151542997165,0.24232892540762618,0.07702836044179902,0.41042835080874585,0.9812870845884444,0.4413241117742207,0.572801649191378,0.881265772062879,0.6853213800810366,0.48192731158922014,1
0.3656565656565657,0.13786298116107396,0.9928309705339009,0.23920227526569718,0.11594663278271918,0.1699604743083004,0.09633911368015415,0.12700964630225078,0.09648418686787606,0.13638853386890631,0.11585866885784717,0.17681047765793526,0.10922659430122117,0.09472394517191209,0.1769161638207729,0.017761084763026385,0.6395594570429978,0.5892865059347008,0.8575492219309498,0.46571630603261327,0.6761574808821775,0.22484460831329955,0.37471314836753455,1
0.0,0.1843082691009012,0.11259173071231003,0.05481478922703145,0.1956797966963151,0.24901185770750991,0.14547206165703275,0.24758842443729903,0.14528816824530422,0.31221471608544826,0.2801972062448644,0.3326271186440678,0.34735413839891455,0.17244812007044946,0.33258441391706256,0.06830696756533088,0.5117451028204504,0.369155422195571,0.960148362987339,0.569875209570575,0.5857651293618689,0.3906612843814673,0.4973096009344943,1
0.5252525252525253,0.36990312740143916,0.797630056033559,0.020777919789975445,0.21855146124523506,0.20948616600790518,0.16184971098265896,0.15702036441586284,0.16166318831273077,0.08115756801168522,0.1232539030402629,0.0656779661016949,0.035549525101763894,0.042269699058120835,0.06579792014379256,0.19053378743992108,0.6198488173616192,0.3526311245715512,0.3521270407878698,0.5951493350241812,0.5746602464099915,0.5690138388908955,0.476086722393896,1
0.8525252525252526,0.14776564282886617,0.029186441715912923,0.18099070779646964,0.05749682337992376,0.09090909090909093,0.04961464354527938,0.059485530546623804,0.049767217851982654,0.04728866167610006,0.03944124897288414,0.05643297380585515,0.04545454545454546,0.032850907420169995,0.05655411477724999,0.013145749116720246,0.7358367877753396,0.288587221552052,0.7665872528943533,0.36548547781910273,0.41843325026619754,0.19096094610537623,0.27988849031124957,2
0.37373737373737376,0.12944484549286261,0.047458076895597966,0.2380335532603314,0.09339263024142312,0.13043478260869568,0.07610789980732176,0.1007502679528403,0.07593514207738,0.11365711155742195,0.09202958093672967,0.1596687211093991,0.0853459972862958,0.0702197718048855,0.15971241494415203,0.01129961485819779,0.7062911485003658,0.4034569894605687,0.9643514497661408,0.46537278476240906,0.5499494618645309,0.15775570451645735,0.3897971948602815,1
0.42424242424242425,0.3703863260601263,0.12490686589709833,0.470655290338181,0.07973316391359593,0.09090909090909093,0.07514450867052022,0.07234726688102894,0.07513244501525125,0.6394924228592295,0.5645028759244043,0.7638674884437596,0.5959294436906377,0.38065701814840336,0.7637694184105791,0.050705032307349525,0.45610826627651807,0.5704102608375079,0.5580663410436404,0.2808714881504147,0.45221388549341657,0.4099835933426696,0.18553397897387888,1
0.5333333333333333,0.7497322031530168,0.268095573450912,0.1640931753543588,0.07496823379923762,0.051383399209486175,0.028420038535645474,0.019292604501607722,0.028415475999357842,0.03149534416651451,0.032046014790468355,0.04314329738058551,0.008276797829036626,0.02726089287081705,0.04326614456284504,0.019607219021548845,0.6559375762009267,0.4805299348314554,0.033576886608288205,0.4425658652315434,0.8622346185102394,0.6684444994101075,0.36476343542628015,1
0.8282828282828283,0.8608329646275293,0.29092133868152736,0.2110665883680496,0.034625158831003804,0.011857707509881427,0.04142581888246628,0.03269024651661307,0.041419168405843636,0.13638853386890631,0.10846343467543139,0.18393682588597843,0.11614654002713704,0.06907113867830614,0.18404159712414947,0.017665595059999362,0.6354954076241568,0.4978242152591926,0.21493510115296063,0.20772152647111627,0.373680549458713,0.3611911375578992,0.15556885681857718,2
0.10101010101010101,0.4385056935938337,0.20146769139696055,0.06507421096871509,0.1823379923761118,0.1699604743083004,0.15028901734104044,0.15969989281886388,0.1502648900305025,0.0643600511228775,0.06491372226787182,0.05450693374422188,0.05128900949796473,0.05957577149858335,0.054564128899730405,0.05452462042843047,0.6254572055596197,0.3298489667064102,0.6302518664892472,0.43528429910722444,0.4831310682343619,0.5644855480837841,0.35503740462442107,1
0.9959595959595959,0.5027303635051114,0.281412984680078,0.050727140833880316,0.3786531130876747,0.28853754940711474,0.2678227360308285,0.2529474812433012,0.2679402793385776,0.1236078144969874,0.14050944946589974,0.15658705701078582,0.10786974219810042,0.07259361359981621,0.15663114648863782,0.33898844574593373,0.3837275461269609,0.35231846488761753,0.32429902074054023,0.21294467698423766,0.3425765219407545,0.5589674304718959,0.180579833812455,2
0.9737373737373738,0.162733157906993,0.1533951845841371,0.18139371538452687,0.04637865311308767,0.09090909090909093,0.031791907514450865,0.05359056806002144,0.03194734307272435,0.055687420120503935,0.0419063270336894,0.04083204930662557,0.05698778833107192,0.07443142660234321,0.040891000128386194,0.021389693478053282,0.6404129074209545,0.7978538479307297,0.3189126953140563,0.4289315060171366,0.2873425044854003,0.2826549423720609,0.3516925281880918,2
0.6323232323232323,0.18584519013576134,0.047278442899864256,0.22624270268403054,0.07592121982210927,0.09090909090909093,0.07514450867052022,0.06055734190782423,0.07497190560282549,0.051305459192988866,0.043549712407559574,0.0512326656394453,0.033242876526458603,0.0452561451872272,0.05135447425856979,0.03023840595855747,0.7142973258554826,0.4947746167002271,0.6408372708222114,0.3349001519268018,0.47440339112014573,0.4913344555819113,0.26115718226780554,1
0.12525252525252525,0.6406748480543977,0.23078477601886158,0.7347864635508424,0.013977128335451075,0.011857707509881427,0.021676300578034675,0.023043944265809222,0.021672820677476317,0.028208873470878224,0.021364009860312238,0.035631741140215716,0.03459972862957938,0.017765525691094256,0.03562716651688279,0.0017188146544864248,0.907664797203934,0.48853308942766954,0.6550480864999243,0.16218778210554322,0.3802336235055232,0.03958773379931564,0.10724523018549048,2
0.6101010101010101,0.3953263628530843,0.1897629035385856,0.08258201204416961,0.1670902160101652,0.13043478260869568,0.16136801541425816,0.162379421221865,0.16134210948787928,0.12680299433996714,0.114215283483977,0.16063174114021572,0.11533242876526459,0.07665211731372999,0.16067531133650023,0.06222745647261036,0.4370885149963425,0.8448647980195109,0.6140849222727743,0.3653607253578181,0.3085977862270637,0.22529258835483223,0.28467487386812695,1
0.3333333333333333,0.818736464615886,0.280465823611664,0.2747648162861123,0.022236340533672176,0.011857707509881427,0.03275529865125241,0.02572347266881029,0.03275004013485311,0.07221106445134198,0.05669679539852094,0.09379815100154082,0.08005427408412481,0.039436404012558386,0.0939144948003595,0.01129961485819779,0.6545557993985209,0.1140017872934171,0.4283921499884463,0.11765549264294958,0.0,0.30931931946181895,0.09735765117184587,2
0.1898989898989899,0.9150327177886965,0.3264949937230166,0.9578454062892214,0.021283354510800507,0.011857707509881427,0.028420038535645474,0.030010718113612004,0.02825493658693209,0.05970421763739274,0.04601479046836481,0.08686440677966102,0.05522388059701491,0.03292748296194195,0.08698164077545258,0.013082089314702233,0.6567910265788834,0.49213334235535405,0.22856425742810949,0.146251107178094,0.27321658911482855,0.4310017314183929,0.10934949920054346,2
0.30707070707070705,0.1285657732342873,0.05903834573420295,0.21816527916911355,0.1956797966963151,0.24901185770750991,0.13680154142581888,0.22615219721329047,0.13677957938673946,0.25205404418477273,0.20460147904683648,0.30373651771956856,0.23500678426051558,0.1595068535109886,0.30382590833226353,0.02877423051214311,0.5275542550597416,0.6654774710031476,0.9843669075639625,0.6375991623866629,0.5223189462855033,0.22227862134253437,0.6016676746170478,1
0.32525252525252524,0.7861118226486272,0.2793349459567041,0.19107165474915658,0.030495552731893263,0.011857707509881427,0.04142581888246628,0.03161843515541265,0.04125862899341789,0.08690889172904875,0.0657354149548069,0.10747303543913712,0.09850746268656715,0.04755341144038594,0.1075234304788805,0.007511856638125856,0.7192148256522802,0.44661102568709304,0.446132761766651,0.1213503351049991,0.18031196324335522,0.399611098160568,0.11187420779242296,2
0.14343434343434344,0.51135807931444,0.17036447329475288,0.5647172613907216,0.06385006353240152,0.051383399209486175,0.06599229287090559,0.06752411575562701,0.06614223791940921,0.08188789483293774,0.06820049301561217,0.0930277349768875,0.08005427408412481,0.0591163182479516,0.09307998459365772,0.008753222777477162,0.6709745590506381,0.19801391102265378,0.8340199039066797,0.35411076535996594,0.427935320191167,0.49524260321335584,0.26651105569685274,1
0.7272727272727273,0.19218498940455953,0.07654653643201978,0.1886881527283614,0.1639135959339263,0.20948616600790518,0.15414258188824664,0.12861736334405147,0.1541178359287205,0.14423954719737084,0.12818405916187342,0.17045454545454547,0.112483039348711,0.10238149934910787,0.17043266144562846,0.13094821275105836,0.5315370234902057,0.7240101637730092,0.3832298829510054,0.5604441042981201,0.5405667024598227,0.26257903044128916,0.256907221619293,1
0.39191919191919194,0.07351023449689119,0.01607316002735338,0.17359263992999185,0.13913595933926304,0.20948616600790518,0.1363198458574181,0.13719185423365488,0.1362979611494622,0.1344714259631185,0.1076417419884963,0.17642526964560862,0.11546811397557666,0.0790259591086607,0.17653100526383367,0.037304643982557215,0.491546777208811,0.6954111358179669,0.8510314494474237,0.5320414040762959,0.3166771344764632,0.4470987620269517,0.4559118360989835,1
0.4303030303030303,0.40453624572107205,0.1445849536115619,0.016839959929531228,0.060355781448538745,0.051383399209486175,0.061657032755298644,0.05573419078242229,0.06148659495906245,0.25214533503742925,0.18241577649958912,0.3095146379044684,0.23758480325644507,0.1565969829236542,0.3094749005007062,0.024986472292071175,0.5599447289279039,0.5735438575205155,0.5493414500051791,0.30981261276311695,0.4092170753614771,0.32055440977851013,0.24081660549926684,1
0.3111111111111111,0.1661854085648418,0.06073262092123661,0.24570221193593336,0.19695044472681067,0.24901185770750991,0.128131021194605,0.214898177920686,0.12827099052817467,0.15437283184224943,0.14790468364831552,0.18085516178736516,0.14314789687924018,0.10858411823263649,0.1809603286686353,0.02294935862749467,0.5755506786962531,0.6614362279242431,0.952766069336988,0.6306741351806823,0.577100484220621,0.1796035176442745,0.5833505927576694,1
0.020202020202020204,0.18590922851221384,0.07164742745746451,0.28408580607274864,0.05241423125794155,0.09090909090909093,0.041907514450867045,0.058949624866023585,0.04206132605554664,0.05970421763739274,0.04519309778142975,0.062403697996918334,0.04979647218453188,0.04839574239987747,0.062459879316985496,0.01725180634688226,0.6683329269283916,0.7920789769028492,0.7562767423886282,0.42138524771409197,0.5659550807146926,0.19195878049778717,0.34632829910444296,1
0.7373737373737373,0.2201231865496123,0.10643110117680679,0.18461777608898414,0.2563532401524778,0.28853754940711474,0.25289017341040465,0.1939978563772776,0.25268903515813135,0.17327003834215812,0.1487263763352506,0.20127118644067796,0.13717774762550883,0.11011562906807563,0.20124534600077038,0.11977591749689659,0.5321059904088434,0.883018612584319,0.2113694493358727,0.5233976857152827,0.6164009193663486,0.6535139074002565,0.4249215041381196,1
0.8767676767676768,0.3500512307011619,0.12029966216561032,0.44055638076156917,0.07274459974587037,0.09090909090909093,0.06454720616570328,0.07663451232583066,0.06437630438272596,0.08006207777980646,0.06409202958093672,0.09533898305084745,0.07232021709633649,0.06432345508844474,0.09532674284247018,0.018270363179170513,0.5862391286678047,0.3547240778289285,0.7751328653498323,0.40877783629692754,0.47258221732974054,0.5587062941418267,0.3172371941975196,1
0.7717171717171717,0.15712106746151877,0.06857323657593109,0.24368141674438962,0.14326556543837357,0.1699604743083004,0.13680154142581888,0.12700964630225078,0.13694011879916518,0.2117034873105715,0.19720624486442068,0.2290061633281972,0.1563093622795115,0.16938509839957117,0.22910514828604445,0.08737307826972658,0.4448914898805171,0.7495245939507352,0.438599077312893,0.4849028729768632,0.4958230062199051,0.45359380533020605,0.40126504676613617,1
0.022222222222222223,0.11060591947465241,0.02387294977392655,0.22360588160788514,0.03875476493011435,0.09090909090909093,0.036608863198458574,0.04823151125401929,0.03644244662064536,0.05596129267847362,0.040262941659819224,0.07203389830508475,0.05101763907734056,0.04112106593154146,0.07208884324046734,0.008880542381513193,0.7498577582703407,0.8886301539265624,0.7528903691545221,0.3249676864005173,0.3994583752608511,0.2853397085593994,0.24691194379779136,1
0.4888888888888889,0.3571944205109097,0.11885034242730437,0.3922530427072899,0.028271918678526037,0.051383399209486175,0.023121387283236993,0.022508038585209004,0.023278214801733824,0.03578601424137302,0.03368940016433853,0.03948382126348227,0.03364993215739484,0.02603568420246573,0.03947875208627552,0.016328739217621034,0.7713565796960091,0.2541363242887575,0.5804323402627826,0.17493929165552483,0.4592442016212724,0.25406296099237136,0.14153901596427715,1
0.47474747474747475,0.2962706378222294,0.9888484031966687,0.003920688106670337,0.9031130876747141,0.8418972332015812,0.8603082851637766,0.8231511254019293,0.860330711189597,0.7727770677378127,0.694330320460148,0.9815100154083204,0.601763907734057,0.40615667355846535,0.9815123892669149,0.8232803895979883,0.08323173209786233,0.7928302934567795,0.26746770993522095,0.8489489966738102,0.5951276284895514,0.5639254618153733,0.8289390838973713,1
0.38585858585858585,0.07240411708543881,0.027663635342988675,0.11554227549598722,0.2763659466327827,0.3675889328063242,0.26685934489402696,0.2593783494105038,0.26665596403917163,0.1978272777067738,0.22678718159408376,0.25385208012326654,0.16458616010854815,0.1087372693161804,0.2539478752086276,0.06859343667441194,0.437251076973096,0.7882220630405922,0.8598798435097167,0.5516407389467964,0.5840024852606486,0.43380438709034513,0.4834205969827764,1
0.7313131313131314,0.171954684116154,0.05144880941445443,0.17374232846269877,0.15216010165184243,0.1699604743083004,0.13872832369942195,0.1114683815648446,0.1385455129234227,0.19472338871645062,0.15694330320460148,0.23189522342064714,0.16743554952510176,0.12887663680220535,0.2319296443702658,0.08167552598911416,0.5685605136958467,0.8673506291692819,0.30972566392835227,0.7921350985987407,0.45392025104734374,0.4521217438034617,0.3349370790426404,1
0.8343434343434344,0.6359360081969121,0.2357328760831624,0.14576208734901608,0.201715374841169,0.13043478260869568,0.20327552986512523,0.1907824222936763,0.20324289613100016,0.11164871279897756,0.08545603944124897,0.15870570107858242,0.09525101763907734,0.05513439007580978,0.15868532545898062,0.040487634083458,0.44005527107209624,0.26984864004703896,0.6013163031959394,0.40286059201732516,0.356254460074873,0.649131977500458,0.3279428699246937,2
0.4121212121212121,0.49813124374170403,0.22291966481929432,0.05297246882448448,0.08894536213468868,0.09090909090909093,0.08140655105973026,0.08681672025723473,0.08123294268742977,0.5270220923863429,0.46425636811832377,0.6419491525423728,0.4998643147896879,0.31265793705490463,0.641866735139299,0.1320622592863736,0.25595383239860203,0.799851136657948,0.6759001776849954,0.39445498813676416,0.6607529169171061,0.7045827424030237,0.30966099729096075,1
0.7353535353535353,0.17249609948070693,0.0654520959000582,0.20312158163206565,0.522554002541296,0.5652173913043478,0.5052986512524085,0.3354769560557342,0.5052175309038369,0.36132919481467957,0.2900575184880854,0.41506163328197226,0.2158751696065129,0.16823646527299177,0.41507253819489026,0.340038832479231,0.4321710151995449,0.8725935120782302,0.28885365290072745,0.8173105068873303,0.668454073328696,0.6856634820194066,0.448950765075762,1
0.06464646464646465,0.37556761288219265,0.12484562703491638,0.059645123032459384,0.04002541296060991,0.051383399209486175,0.02552986512524084,0.03054662379421222,0.025686305988120082,0.07978820522183679,0.05998356614626129,0.11729583975346687,0.054545454545454536,0.040355310513821886,0.11728078058800875,0.01731546614890028,0.6697959847191745,0.5091709618485188,0.3177015688867997,0.3362686321868944,0.44432813544670535,0.31244316837109637,0.2600532694872708,1
0.997979797979798,0.642892904547889,0.6018065464343674,0.05427936486004121,0.18170266836086404,0.13043478260869568,0.14547206165703275,0.15969989281886388,0.14528816824530422,0.12251232426510865,0.12818405916187342,0.15600924499229582,0.10189959294436905,0.06654414579983152,0.15598921556040574,0.22783843142247828,0.42993578801918236,0.4541755234133104,0.27757902201540996,0.2206504014769246,0.4528847257771505,0.31822197744707426,0.16313676920145476,2
0.24242424242424243,0.19709265770905618,0.054024924216908035,0.2895264085115203,0.11308767471410418,0.13043478260869568,0.04865125240847784,0.059485530546623804,0.04864344196500241,0.06016067190067554,0.04765817584223499,0.07704160246533127,0.027951153324287655,0.05467493682517804,0.0771600975735011,0.024636343380972085,0.5982687149475738,0.7537128337467132,0.6349529493318883,0.27582696869779955,0.5855625265916137,0.2921145725638693,0.185009982851036,2
0.6545454545454545,0.1391728570430571,0.049938250813966543,0.2223392863311341,0.096569250317662,0.13043478260869568,0.08188824662813103,0.10610932475884245,0.08203563974955852,0.4280628081066277,0.35497124075595726,0.5036594761171033,0.40162822252374486,0.2857799218929474,0.5037231993837464,0.08161186618709615,0.3627164106315533,0.8968549702389981,0.5064500450188443,0.4213393243442857,0.6747572706255248,0.44307139031295417,0.3410158482938023,1
0.026262626262626262,0.039139091353654835,0.03665758290210968,0.14824921989245457,0.11562897077509529,0.20948616600790518,0.09633911368015415,0.12861736334405147,0.09616310804302457,0.17199196640496622,0.13968775677896464,0.18990755007704158,0.15671641791044777,0.1320928095566276,0.19001155475670822,0.030461215265620525,0.5454360725026417,0.6777411971132645,0.8931300447001268,0.5339233582350094,0.7197395879059654,0.4490944308117736,0.469780128741498,1
0.6525252525252525,0.1445695456768274,0.0574114332955694,0.20263797252639704,0.10609911054637865,0.13043478260869568,0.09104046242774565,0.11789924973204714,0.0911863862578263,0.39483293773963846,0.3212818405916187,0.47014637904468415,0.376797829036635,0.2615054751512367,0.4702144049300296,0.11538339115765352,0.3375599447289279,0.8604954489349738,0.5351864098866165,0.5984664848896746,0.6704643430380061,0.5556709735625045,0.4760452997754894,1
0.8484848484848485,0.14096593158372725,0.06374761423599416,0.23166603336902833,0.05940279542566709,0.09090909090909093,0.04720616570327553,0.05251875669882101,0.0473591266655964,0.03688150447325178,0.03615447822514379,0.04025423728813559,0.02930800542740842,0.03223830308599433,0.04031326229297729,0.011777063373332907,0.7313256929204259,0.36568349973517267,0.7267475677872244,0.29677579975819723,0.47861752874145413,0.3426024125971809,0.2399135924180039,2
0.09090909090909091,0.4982418554828493,0.1849209508354002,0.11919813004479146,0.09783989834815757,0.09090909090909093,0.07369942196531792,0.08896034297963558,0.07368759030341948,0.2955997809019536,0.22925225965488902,0.33359013867488446,0.25780189959294436,0.23378512902978782,0.3336756964950572,0.05649807429098895,0.4869137608713323,0.654938039717113,0.4486426619284002,0.491092222262601,0.4592442016212724,0.5001276765361666,0.43290157157414233,1
0.5111111111111111,0.677240761008779,0.243230554109638,0.7147339574193698,0.21378653113087676,0.13043478260869568,0.20905587668593448,0.21061093247588428,0.20902231497832718,0.12999817418294687,0.10271158586688577,0.15832049306625579,0.12388059701492536,0.08025116777701202,0.15836435999486456,0.03981920616226883,0.5227993172396977,0.5653703733949943,0.5888424977888974,0.558429623249375,0.46323997847908355,0.4241628067128495,0.4631152294398833,1
0.024242424242424242,0.04306289732901756,0.06108168243567371,0.15128904855665715,0.12166454891994917,0.20948616600790518,0.1083815028901734,0.12861736334405147,0.10852464279980736,0.1039802811758262,0.08709942481511913,0.11902927580893682,0.09592944369063772,0.07642239068841412,0.11901399409423549,0.0319890505140529,0.5434040477932213,0.8376036268523336,0.7940248440276328,0.4459097735959789,0.723730862479993,0.400034165707239,0.38736775829073705,1
0.9797979797979798,0.1527024194862958,0.034746930402033145,0.1218867663822585,0.05050825921219822,0.09090909090909093,0.03757225433526011,0.049303322615219726,0.037726761920051366,0.021088186963666235,0.017255546425636804,0.019645608628659477,0.020488466757123475,0.028792403706256214,0.019771472589549362,0.020307476843747018,0.663821832073478,0.6970280997057733,0.33803972813398914,0.22686235084622847,0.3228587701111389,0.21829707082444344,0.15997001002427363,2
0.3878787878787879,0.04525184546957592,0.013307204752135716,0.10958352044399926,0.1670902160101652,0.24901185770750991,0.1546242774566474,0.17309753483386925,0.1547599935784235,0.28026291765565087,0.22925225965488902,0.34880585516178736,0.25522388059701495,0.16517344360211347,0.34888945949415845,0.055956965973835815,0.4313582053157767,0.6725333134226669,0.7815908783056977,0.6370448275369542,0.3350216897521268,0.5439251771011464,0.587039276926773,1
0.4666666666666667,0.21806813683254545,0.0784102391377568,0.17692033115709238,0.3843710292249047,0.40711462450592895,0.3651252408477842,0.30171489817792074,0.3650666238561567,0.34097133467226587,0.276910435497124,0.4019645608628659,0.27951153324287653,0.24419940271077412,0.40191295416613176,0.32651112455040265,0.28415833536535806,0.7336769478814974,0.4645705680342301,0.507293227767439,0.4409356646158764,0.4530181487525068,0.4470246133198572,1
0.36363636363636365,0.18482057611252123,0.07668126192882005,0.26329061452899927,0.07528589580686149,0.09090909090909093,0.05394990366088631,0.06859592711682745,0.05394124257505218,0.06865072119773598,0.05505341002465077,0.09996147919876734,0.04816824966078696,0.04793628914924573,0.09994864552574145,0.011999872680395965,0.7031211899536701,0.5585501923790369,0.7516832266957764,0.39290950402218205,0.7266505935135599,0.3477681963531665,0.29749931652679623,1
0.40606060606060607,0.5393486714947722,0.20000612388621822,0.5182620009902473,0.07560355781448538,0.051383399209486175,0.07321772639691715,0.08145766345123258,0.07304543265371649,0.26456089099872193,0.2021364009860312,0.3181818181818182,0.2609226594301221,0.16525001914388546,0.31820516112466307,0.08648184104147436,0.31435422254734613,0.7629922931721194,0.611399727496554,0.4171225103521944,0.6970188127927891,0.7451367251101932,0.3228561723843687,1
0.6868686868686869,0.47412267424260063,0.182928646519081,0.4949796769030594,0.4447268106734434,0.32806324110671947,0.3829479768786127,0.457663451232583,0.382886498635415,0.6562899397480373,0.6047658175842234,0.645030816640986,0.658887381275441,0.6194195573933685,0.6449480035948133,0.23761021103224372,0.15922945623018778,0.711744104381669,0.873393464698055,0.8438538530340071,0.9195554444992223,0.8854443410378188,0.8553646433098329,1
0.9939393939393939,0.705487506694921,0.30797432050379175,0.13824311720612112,0.12579415501905972,0.09090909090909093,0.12668593448940269,0.10718113612004287,0.1268261358163429,0.16404966222384518,0.14626129827444534,0.22130200308166406,0.1474898236092266,0.08882762845547132,0.2213377840544358,0.05554317726071872,0.4350971307811103,0.4085668753397841,0.43410117686429794,0.3199555302675687,0.276955735796983,0.6054737199871165,0.2575575567282759,2
0.34949494949494947,0.34788556924294994,0.12386376394459928,0.010748788098610226,0.18869123252858958,0.1699604743083004,0.1921965317919075,0.14040728831725616,0.19200513726119764,0.40843527478546654,0.3385373870172555,0.5589368258859785,0.2610583446404342,0.2232942798070296,0.5588650661188856,0.0753095457873126,0.5395838413395108,0.5386076377627567,0.6096706851629045,0.30805595346769354,0.258165454426758,0.31753999790023246,0.20176750312740768,1
0.1414141414141414,0.5212898493351652,0.18530063178092818,0.590331272237383,0.07719186785260482,0.051383399209486175,0.07947976878612717,0.07984994640943192,0.07962754856317227,0.1069928793134928,0.08545603944124897,0.13463020030816641,0.10542740841248302,0.0683819588023585,0.13474130183592248,0.016583378425693095,0.6004633016337481,0.2416766025558763,0.8149287268033434,0.32821305840060483,0.4767085604172717,0.4687975450515776,0.25120332706471044,1
0.8383838383838383,0.912005449083669,0.3471529032323913,1.0,0.08989834815756036,0.051383399209486175,0.10163776493256262,0.07770632368703109,0.1016214480655001,0.08608727405513969,0.07888249794576827,0.12114791987673344,0.07476255088195385,0.041044490389769504,0.12126075234304794,0.03132062259286374,0.531862147443713,0.6212174594767386,0.2889811398930704,0.11941594875241215,0.3710196997426945,0.2989276950425914,0.1070381170934577,2
0.3515151515151515,0.3166755932282328,0.12301458505567632,0.0,0.21060991105463783,0.20948616600790518,0.19315992292870904,0.17524115755627012,0.19312891314817787,0.231057148073763,0.23007395234182412,0.2721494607087827,0.18127544097693352,0.1707634581514664,0.2722429066632431,0.08065696915682591,0.4804925627895636,0.5431295367736787,0.6219174043648359,0.40573767305561986,0.34342520243393465,0.38020026086941044,0.28227236200054673,1
0.4727272727272727,0.23355378059287887,0.09860273329454876,0.058470643775835704,0.4393265565438373,0.4466403162055337,0.4031791907514451,0.4378349410503752,0.4032750040134853,0.47617308745663683,0.41002465078060796,0.5331278890600925,0.4208955223880597,0.341144038594073,0.5331236358967776,0.3748925740840946,0.26899943103308144,0.8942020294880083,0.2750731058221716,0.6802180383742188,0.6840972583342901,0.5405086063772426,0.6469011739170056,1
0.4080808080808081,0.5233041473581259,0.20475213570531858,0.43508123481524985,0.04860228716645489,0.051383399209486175,0.04576107899807321,0.05466237942122187,0.04559319312891314,0.2560708417016615,0.19884963023829086,0.31163328197226503,0.2503392130257802,0.15812849375909335,0.3116574656566954,0.09822707451379827,0.304112818011867,0.7983181708941833,0.5494569850919899,0.28893176275408605,0.7417039793435221,0.5476229031242047,0.20726842685179814,1
0.4686868686868687,0.22226556132547795,0.0808577523296284,0.19743917464045965,0.5616264294790342,0.5652173913043478,0.5255298651252408,0.4812433011789925,0.5252849574570557,0.5276611283549388,0.47165160230073955,0.6078582434514639,0.46037991858887384,0.38777854353319546,0.6078443959429967,0.5308909189292421,0.1623181337885069,0.8912550953028717,0.4010700939419776,0.7602009997192166,0.5325909067374426,0.5388866250153478,0.6916417440579253,1
0.8505050505050505,0.1304403511631698,0.023376914990252812,0.19956360035464668,0.05972045743329097,0.09090909090909093,0.0491329479768786,0.057877813504823156,0.04912506020227966,0.04838415190797883,0.03944124897288414,0.05758859784283512,0.05156037991858887,0.04334175664292825,0.05758120426242139,0.01161791386828787,0.7359587092579049,0.2625408032553939,0.8042676270686757,0.33979985004392554,0.41893975719183557,0.20718075972432545,0.2684454919764388,2
0.6363636363636364,0.17706028922059472,0.04404707227206386,0.255391665803079,0.05177890724269377,0.09090909090909093,0.04816955684007707,0.04233654876741693,0.04816182372772516,0.008124885886434181,0.011503697617091206,0.006741140215716479,0.006919945725915875,0.014089899686040274,0.006868660932083719,0.01397332654295445,0.6981224091684956,0.5266822374300307,0.5928702899532281,0.2742474940575341,0.38818465666709445,0.2720533412104269,0.200657376954112,1
0.3434343434343434,0.30277344386745225,0.11763781295610196,0.008894953193547283,0.20616264294790343,0.20948616600790518,0.174373795761079,0.18649517684887462,0.17418526248193933,0.2048566733613292,0.18734593262119964,0.2648305084745763,0.16824966078697423,0.1308676008882763,0.26486070098857367,0.06741573033707864,0.45188165488092336,0.47498372536346695,0.5841533668517884,0.46204713726549473,0.49654787390904037,0.4166997350378225,0.37615258435716237,1
0.3696969696969697,0.13025405770439882,0.04177715178051994,0.2275898994783931,0.11054637865311306,0.1699604743083004,0.10067437379576107,0.10557341907824225,0.10065821159094557,0.11511776519992696,0.09942481511914542,0.1596687211093991,0.0880597014925373,0.07626923960487018,0.15964822185132885,0.012954769710666203,0.6809721206209869,0.48285854949239465,0.9280057050429071,0.449722136492572,0.6951526161645496,0.19520941621127222,0.3812641354685312,1
0.6909090909090909,0.5838378781175045,0.23302815967012666,0.5786382949324674,0.4926937738246505,0.32806324110671947,0.4470134874759152,0.5010718113612004,0.4467811847808637,0.5627168157750593,0.5234182415776499,0.5814714946070878,0.5440976933514247,0.4674936825178037,0.5814610347926563,0.2547665276760989,0.1567503860846948,0.691351226489275,0.7559739607818141,0.8294518141810282,0.7408125271543992,0.8237040609146088,0.7748245752110482,1
0.4161616161616162,0.455673800153692,0.2120150647600968,0.07228804679493822,0.1823379923761118,0.13043478260869568,0.15366088631984587,0.1934619506966774,0.15363621769144326,0.5190797882052218,0.45110928512736237,0.6153697996918336,0.503663500678426,0.3365495060877555,0.6152907947104893,0.27564694273800805,0.13423555230431602,0.9259393206885048,0.6329848688875961,0.6248471104346756,0.8620927965710607,0.8427091804323028,0.5331360235943234,1
0.6121212121212121,0.33090957781244906,0.1958908723475918,0.08728568632192248,0.17947903430749682,0.1699604743083004,0.16666666666666663,0.17684887459807075,0.16663991009792906,0.12853752054044185,0.12161051766639278,0.15023112480739598,0.12550881953867027,0.09380503867064857,0.15034022339196307,0.057580290925295215,0.4233113874664716,0.8888588154864543,0.6424706979116038,0.428625772086655,0.2739099408174797,0.1524422252552196,0.369027893991235,1
0.42828282828282827,0.3713760100598467,0.12109780866938159,0.06402063398850856,0.06797966963151207,0.09090909090909093,0.059248554913294796,0.07181136120042872,0.0593995825975277,0.4538068285557787,0.45357436318816763,0.5558551617873653,0.437449118046133,0.28172141817903357,0.5559121838490179,0.03647706655632301,0.5091441111923922,0.4453907196072622,0.4920519828211279,0.32768909806320906,0.3764944768233687,0.29220310089382473,0.24081039210650584,1
0.7757575757575758,0.13865472836085047,0.0602672055686539,0.18452566006885676,0.11149936467598476,0.1699604743083004,0.10741811175337186,0.10289389067524116,0.1074008669128271,0.07321526383056418,0.05751848808545603,0.09861325115562403,0.06282225237449118,0.04931464890114097,0.09872897676210042,0.04360696438234077,0.5193042347394946,0.7010926755969118,0.39363202473247644,0.4244946576114461,0.4021034669836275,0.19955976062651365,0.3476331115842494,1
0.6161616161616161,0.4573213329296975,0.19764026251058925,0.08080877865671815,0.14930114358322744,0.13043478260869568,0.14450867052023122,0.13879957127545553,0.14448547118317545,0.17372649260544096,0.14133114215283482,0.21032357473035437,0.17489823609226593,0.12114250708323761,0.2103607651816665,0.055097558646592604,0.40189384702917985,0.7667138767234201,0.6481199652597944,0.38686407206859297,0.24632669921817843,0.25484548025061965,0.3148036153661345,1
0.30303030303030304,0.11919288358987495,0.06636455494656912,0.21530968254516564,0.18837357052096568,0.24901185770750991,0.13535645472061655,0.21114683815648447,0.13517418526248196,0.16112835493883512,0.13968775677896464,0.19799691833590136,0.14097693351424695,0.10322383030859943,0.19809988445243293,0.030906833879746635,0.5115419003495083,0.6520097717817634,0.97507629299698,0.5994285252469149,0.44861656075044065,0.2507318045365653,0.5636810624073169,1
0.5272727272727272,0.40685327061453547,0.6948814517692928,0.0372609301415132,0.09783989834815757,0.09090909090909093,0.07032755298651251,0.06162915326902464,0.07031626264247873,0.046010589738908154,0.05176663927691042,0.02908320493066256,0.024016282225237447,0.04540929627077111,0.02914366414173837,0.04739472260241271,0.7280744533853533,0.4531885454558181,0.31688883931061435,0.34600746019718487,0.6010683919418126,0.5416292237800441,0.2600656962727928,1
0.6343434343434343,0.1788591854318515,0.04708860242710024,0.12273883956843647,0.05654383735705209,0.09090909090909093,0.04865125240847784,0.04180064308681671,0.04880398137742816,0.022548840606171263,0.017255546425636804,0.03428351309707241,0.017774762550881947,0.015008806187303773,0.03427911156759534,0.02667345704554859,0.6074941071283427,0.5002601608564076,0.5857469542560734,0.45721758980776006,0.5597126642489403,0.4862531963620638,0.38868913981790615,1
0.14747474747474748,0.5786740563071979,0.20449493248415448,0.6191290430296958,0.04701397712833545,0.051383399209486175,0.04816955684007707,0.04823151125401929,0.04816182372772516,0.06472521453350373,0.05423171733771568,0.07203389830508475,0.05875169606512891,0.049544375526456845,0.07215303633329055,0.006365980201801572,0.7262049906526865,0.3271796929868566,0.7332175326486219,0.35406863880419887,0.586688097537476,0.4267408050650661,0.24056599865790715,1
0.6565656565656566,0.16194141070721657,0.06039376588382988,0.25527076352666184,0.06766200762388817,0.09090909090909093,0.054431599229287086,0.07502679528403002,0.05426232139990368,0.18915464670440021,0.14954806902218568,0.20396764252696456,0.16852103120759837,0.1570564361742859,0.20406984208499168,0.05608428557787185,0.42103551979192066,0.8592098109808882,0.4851158936439768,0.37943316459206944,0.5105499764755672,0.45481273811451556,0.2908820532363492,1
0.00202020202020202,0.19832685187341362,0.09493044285903837,0.2783227975635313,0.25412960609911056,0.28853754940711474,0.19123314065510594,0.3236870310825295,0.19104190078664313,0.4728866167610005,0.4445357436318817,0.5159861325115562,0.5356852103120759,0.27942415192587483,0.5160482732058032,0.05933093548079065,0.432577420141429,0.47083048478583983,0.9770244535987189,0.7032769940370132,0.7413370432151709,0.473145220270941,0.6713260208604306,1
0.5292929292929293,0.4798395547586335,0.7105790134419303,0.07804529805289762,0.12293519695044473,0.09090909090909093,0.08477842003853564,0.09056806002143622,0.08460427034837052,0.07038524739821071,0.07395234182415775,0.05816640986132512,0.054409769335142466,0.07144498047323684,0.0581589420978303,0.055288538052646656,0.7010078842558728,0.5370466726243114,0.4053329402484405,0.6087829710359137,0.8235577496685194,0.690699809775307,0.4934283015898,1
0.06666666666666667,0.31340381435856834,0.2353817732733193,0.10180547399449612,0.06385006353240152,0.09090909090909093,0.04287090558766859,0.059485530546623804,0.042864023117675384,0.05011867810845354,0.03368940016433853,0.06105546995377504,0.04314789687924017,0.04900834673405313,0.06111182436769805,0.024636343380972085,0.680078029748842,0.721809879579356,0.33450594806498646,0.4745780699998717,0.45903259428345033,0.3480004163945569,0.3936184314082861,1
0.8787878787878788,0.35794541601658014,0.1250742521203956,0.45660759726876005,0.053367217280813214,0.051383399209486175,0.051059730250481696,0.05680600214362272,0.05089099373896292,0.1087274055139675,0.09285127362366474,0.13482280431432972,0.10461329715061057,0.07251703805804426,0.1348054949287457,0.01686984753477417,0.5920100788425587,0.1703458622757425,0.7286598726723662,0.3051578995518494,0.23214450530031358,0.34954632567392735,0.23161249968933037,1
0.49292929292929294,0.3699729874484781,0.11353685048531796,0.3930763296371781,0.02858958068614993,0.051383399209486175,0.022639691714836218,0.016077170418006426,0.02279659656445657,0.04528026291765566,0.04272801972062449,0.03428351309707241,0.02957937584803256,0.041963396891033004,0.03427911156759534,0.01890696119935067,0.7474599691132244,0.3196431946353198,0.5018366094834388,0.2467858613154008,0.5467978632161165,0.4786139577590854,0.1258564126355555,1
0.0707070707070707,0.4683242903383554,0.2654418894230279,0.05830368348935482,0.1747141041931385,0.13043478260869568,0.10404624277456648,0.15809217577706325,0.10419007866431208,0.21663319335402595,0.21610517666392765,0.18990755007704158,0.1795115332428765,0.2075962937437782,0.1898831685710618,0.09084253747970844,0.4850442981386655,0.8738814833135393,0.12404085958104594,0.9101350165152371,0.9636057890364887,0.7047460082175643,0.7999722468456676,1
