0.8787878787878788,0.35794541601658014,0.1250742521203956,0.45660759726876005,0.053367217280813214,0.051383399209486175,0.051059730250481696,0.05680600214362272,0.05089099373896292,0.1087274055139675,0.09285127362366474,0.13482280431432972,0.10461329715061057,0.07251703805804426,0.1348054949287457,0.01686984753477417,0.5920100788425587,0.1703458622757425,0.7286598726723662,0.3051578995518494,0.23214450530031358,0.34954632567392735,0.23161249968933037,1
0.3292929292929293,0.817938895745523,0.27041856762301353,0.9105553444563428,0.04066073697585768,0.011857707509881427,0.051541425818882464,0.0337620578778135,0.051693690801091666,0.06299068833302902,0.04930156121610516,0.08224191063174113,0.06852103120759835,0.035224749215100694,0.0823597380921813,0.009103351688576249,0.7121433796634967,0.0,0.43430834322685524,0.13006149211537335,0.02794792658576063,0.47820290159386575,0.10147505944145742,2
0.1111111111111111,0.43217171599562215,0.19637465935882914,0.06997363178923853,0.10609911054637865,0.09090909090909093,0.10211946050096339,0.08628081457663452,0.1022636057152031,0.0764104436735439,0.06820049301561217,0.06510015408320492,0.066078697421981,0.08270158511371466,0.06522018230838364,0.03517204061495369,0.7005201983256119,0.39949274466203594,0.5956630518792381,0.24033019264492028,0.45831448001999014,0.23785827281673122,0.1878577878664866,1
0.12323232323232323,0.6455941597000675,0.21916776386294745,0.7289543680265295,0.023189326556543828,0.011857707509881427,0.031791907514450865,0.024651661307609856,0.0317868036602986,0.005568742012050387,0.0032867707477403363,0.009437596302003082,0.00963364993215739,0.003292748296194194,0.009564770830658622,0.003246649902918802,0.9143704787450219,0.41035183547567444,0.668402348947834,0.05105756639045757,0.37604199730313204,0.3024283454366537,0.04962843911289321,2
0.12525252525252525,0.6406748480543977,0.23078477601886158,0.7347864635508424,0.013977128335451075,0.011857707509881427,0.021676300578034675,0.023043944265809222,0.021672820677476317,0.028208873470878224,0.021364009860312238,0.035631741140215716,0.03459972862957938,0.017765525691094256,0.03562716651688279,0.0017188146544864248,0.907664797203934,0.48853308942766954,0.6550480864999243,0.16218778210554322,0.3802336235055232,0.03958773379931564,0.10724523018549048,2
0.35353535353535354,0.2795857299210581,0.15197444298151608,0.001577486844680881,0.25508259212198214,0.24901185770750991,0.22447013487475914,0.20685959271168278,0.22427355915877348,0.3673543910900128,0.3270336894001643,0.4418335901386749,0.2572591587516961,0.23102840952599735,0.4418410579021698,0.10491135372568992,0.4116475656343982,0.6690193919002475,0.633251794777814,0.49846726233254923,0.4920500924093747,0.5422867356980035,0.41099936209167653,1
0.6262626262626263,0.17871364366718676,0.05182440776917033,0.25182217002314417,0.08640406607369759,0.13043478260869568,0.07032755298651251,0.05359056806002144,0.07015572323005298,0.007211977359868549,0.010682004930156119,0.015986132511556242,0.0,0.00704494984302013,0.01604827320580307,0.05280580577394403,0.7478257335609201,0.46892186074511,0.5000079679370216,0.19435402904345783,0.3301682278335686,0.40270425131724813,0.1414934510840299,1
0.31313131313131315,0.15435577393288774,0.3453239025485574,0.22570727831704038,0.22204574332909785,0.28853754940711474,0.14691714836223504,0.22936763129689175,0.14705410178198747,0.20732152638305643,0.21774856203779783,0.2600154083204931,0.19050203527815468,0.13783597518952448,0.25998202593400954,0.034312633287710476,0.5372266926765831,0.6799298149008006,0.9685585205134538,0.6067350418634908,0.48497925572746775,0.1816850455631736,0.5630493674766168,1
0.6080808080808081,0.5454032089048273,0.19398021984751526,0.07893767199788133,0.21410419313850063,0.1699604743083004,0.21098265895953758,0.19131832797427656,0.21078824851501043,0.14140953076501736,0.11996713229252261,0.17661787365177195,0.13704206241519676,0.09280955662761313,0.17659519835665685,0.05563866696374574,0.4203446313907177,0.7778832939397688,0.6319410691377895,0.45558947978766046,0.3065875165177537,0.33410280318951113,0.35420273886352904,1
0.0707070707070707,0.4683242903383554,0.2654418894230279,0.05830368348935482,0.1747141041931385,0.13043478260869568,0.10404624277456648,0.15809217577706325,0.10419007866431208,0.21663319335402595,0.21610517666392765,0.18990755007704158,0.1795115332428765,0.2075962937437782,0.1898831685710618,0.09084253747970844,0.4850442981386655,0.8738814833135393,0.12404085958104594,0.9101350165152371,0.9636057890364887,0.7047460082175643,0.7999722468456676,1
0.7292929292929293,0.17911533893766152,0.05367994529328314,0.13447211763215772,0.1664548919949174,0.20948616600790518,0.1565510597302505,0.1114683815648446,0.15652592711510677,0.15775059339054226,0.124075595727198,0.19818952234206472,0.11329715061058344,0.09947162876177348,0.19816407754525617,0.14469872998694974,0.5438917337234822,0.921902744172047,0.338840505804642,0.6736553357079693,0.38138170587030273,0.4572523831470531,0.42026560182922285,1
0.14545454545454545,0.5348077684372308,0.20230053992263491,0.6331824933503748,0.036848792884371026,0.051383399209486175,0.0409441233140655,0.03965702036441587,0.040937550168566386,0.04473251780171627,0.037797863599013964,0.052195685670261935,0.042740841248303935,0.03606708017459224,0.05218898446527156,0.0052837635674953054,0.7435991221653255,0.3437249901418869,0.7646311243555932,0.273538032234228,0.46378025253309746,0.3764059989287626,0.2017074403307182,1
0.9717171717171718,0.16600493677665742,0.2355797789277075,0.19590198855458452,0.1153113087674714,0.1699604743083004,0.09248554913294797,0.13612004287245444,0.09247070155723229,0.07677560708417018,0.06409202958093672,0.0683744221879815,0.07788331071913161,0.07940883681752046,0.06836564385672103,0.03545850972403476,0.554498902706657,0.9502801104108677,0.32761766650996393,0.5001163452301981,0.45134044243942745,0.3101271960809086,0.4305156287539248,2
0.8686868686868687,0.3691172018722492,0.17975443216265044,0.3706691077412001,0.04637865311308767,0.051383399209486175,0.03227360308285164,0.037513397642015,0.03242896131000161,0.04701478911813037,0.038619556285949055,0.05258089368258859,0.042876526458616004,0.039130101845470555,0.052638336115034025,0.016074100009548974,0.6384621636999107,0.32675270252297706,0.6839477940766355,0.2672526777935014,0.43142008783955665,0.4566442513528373,0.18259918645977447,1
0.18383838383838383,0.8911289383601517,0.2994355818202232,0.9615012608380256,0.03589580686149936,0.011857707509881427,0.04287090558766859,0.04340836012861736,0.042703483705249644,0.07358042724119045,0.05669679539852094,0.10612480739599382,0.06350067842605156,0.04073818822268167,0.10611118243676981,0.019416239615494792,0.5975778265463709,0.46929751902207517,0.23897835111511298,0.2117965927390813,0.34215555840700196,0.3707566458528702,0.15090259885507884,2
0.06868686868686869,0.32516941061406973,0.5044326729742695,0.09953135974760209,0.11944091486658197,0.13043478260869568,0.0688824662813102,0.10718113612004287,0.06871086851822122,0.09978090195362424,0.08792111750205422,0.0989984591679507,0.08548168249660787,0.10375985910100315,0.0991141353190397,0.057102842410160094,0.5645777452653825,0.7252071370406061,0.2805112228392949,0.45651156319715613,0.5256191202987716,0.3742274902262944,0.3596001060419031,1
0.25252525252525254,0.2387059590620125,0.07700174530757217,0.30587124483286704,0.10228716645489198,0.13043478260869568,0.046724470134874754,0.04876741693461951,0.04671696901589341,0.14095307650173453,0.11750205423171735,0.18124036979969183,0.0880597014925373,0.09403476529596447,0.18128129413275135,0.013336728522774292,0.6904007152726979,0.38222179704653264,0.8423384301570481,0.2039744326158621,0.5933829935234648,0.35608496584319005,0.21322707050958106,2
0.36363636363636365,0.18482057611252123,0.07668126192882005,0.26329061452899927,0.07528589580686149,0.09090909090909093,0.05394990366088631,0.06859592711682745,0.05394124257505218,0.06865072119773598,0.05505341002465077,0.09996147919876734,0.04816824966078696,0.04793628914924573,0.09994864552574145,0.011999872680395965,0.7031211899536701,0.5585501923790369,0.7516832266957764,0.39290950402218205,0.7266505935135599,0.3477681963531665,0.29749931652679623,1
0.026262626262626262,0.039139091353654835,0.03665758290210968,0.14824921989245457,0.11562897077509529,0.20948616600790518,0.09633911368015415,0.12861736334405147,0.09616310804302457,0.17199196640496622,0.13968775677896464,0.18990755007704158,0.15671641791044777,0.1320928095566276,0.19001155475670822,0.030461215265620525,0.5454360725026417,0.6777411971132645,0.8931300447001268,0.5339233582350094,0.7197395879059654,0.4490944308117736,0.469780128741498,1
0.997979797979798,0.642892904547889,0.6018065464343674,0.05427936486004121,0.18170266836086404,0.13043478260869568,0.14547206165703275,0.15969989281886388,0.14528816824530422,0.12251232426510865,0.12818405916187342,0.15600924499229582,0.10189959294436905,0.06654414579983152,0.15598921556040574,0.22783843142247828,0.42993578801918236,0.4541755234133104,0.27757902201540996,0.2206504014769246,0.4528847257771505,0.31822197744707426,0.16313676920145476,2
0.4101010101010101,0.5120042847495517,0.25564367147391737,0.3462065471461306,0.11181702668360863,0.09090909090909093,0.10549132947976879,0.11789924973204714,0.10563493337614382,0.5073032682125251,0.40673788003286765,0.6194144838212635,0.48697421981004074,0.3035454475840416,0.6193349595583516,0.1514784989018684,0.2227505486466716,0.8080246207834693,0.6635498753017854,0.44294590823679036,0.6602036382955254,0.7621724229358663,0.36540755714250206,1
0.6121212121212121,0.33090957781244906,0.1958908723475918,0.08728568632192248,0.17947903430749682,0.1699604743083004,0.16666666666666663,0.17684887459807075,0.16663991009792906,0.12853752054044185,0.12161051766639278,0.15023112480739598,0.12550881953867027,0.09380503867064857,0.15034022339196307,0.057580290925295215,0.4233113874664716,0.8888588154864543,0.6424706979116038,0.428625772086655,0.2739099408174797,0.1524422252552196,0.369027893991235,1
0.0,0.1843082691009012,0.11259173071231003,0.05481478922703145,0.1956797966963151,0.24901185770750991,0.14547206165703275,0.24758842443729903,0.14528816824530422,0.31221471608544826,0.2801972062448644,0.3326271186440678,0.34735413839891455,0.17244812007044946,0.33258441391706256,0.06830696756533088,0.5117451028204504,0.369155422195571,0.960148362987339,0.569875209570575,0.5857651293618689,0.3906612843814673,0.4973096009344943,1
0.9919191919191919,0.4998195282118155,0.26298621104953207,0.1657224774603613,0.09243964421855147,0.09090909090909093,0.09393063583815028,0.0894962486602358,0.09407609568148982,0.2860142413730144,0.2629416598192276,0.3622881355932203,0.2616010854816825,0.15514204762998696,0.36230581589420985,0.08590890282331222,0.4501341136308218,0.4476843350498505,0.33312749496027994,0.25789371198778954,0.26040759175091566,0.5490486985890629,0.1833178688891282,2
0.32323232323232326,0.703321845236709,0.27628729191544954,0.25276060197819156,0.03621346886912325,0.011857707509881427,0.03805394990366088,0.03215434083601287,0.03820838015732863,0.08280080335950339,0.06984387838948233,0.10015408320493066,0.09335142469470827,0.050769584194808176,0.10020541789703431,0.02565490021326034,0.695480777046249,0.19883755929450903,0.4166912344724827,0.16714587883860163,0.13668933566551633,0.4615502333766928,0.11800682644751338,2
0.15151515151515152,0.5572619518897143,0.1926819559692581,0.5843667599341371,0.02858958068614993,0.011857707509881427,0.031791907514450865,0.029474812433011786,0.03194734307272435,0.04646704400219099,0.038619556285949055,0.055277349768875196,0.044911804613297156,0.039436404012558386,0.05533444601360894,0.006111340993729509,0.7320165813216291,0.11636773445393055,0.7367194409695385,0.16649553883390442,0.1286257454093589,0.4173932811001357,0.14744588134905184,1
0.10505050505050505,0.4814987308758121,0.21672025067107586,0.05771644386104302,0.0911689961880559,0.09090909090909093,0.08766859344894026,0.07609860664523044,0.08765451918445978,0.09238634288844258,0.0829909613804437,0.08359013867488443,0.08127544097693352,0.08829159966306761,0.08357940685582232,0.0327847980392781,0.7098675119889459,0.3781128888121499,0.5841852385998741,0.32207722611275136,0.49526022074697396,0.518898351682572,0.2130448109885922,1
0.7313131313131314,0.171954684116154,0.05144880941445443,0.17374232846269877,0.15216010165184243,0.1699604743083004,0.13872832369942195,0.1114683815648446,0.1385455129234227,0.19472338871645062,0.15694330320460148,0.23189522342064714,0.16743554952510176,0.12887663680220535,0.2319296443702658,0.08167552598911416,0.5685605136958467,0.8673506291692819,0.30972566392835227,0.7921350985987407,0.45392025104734374,0.4521217438034617,0.3349370790426404,1
0.6161616161616161,0.4573213329296975,0.19764026251058925,0.08080877865671815,0.14930114358322744,0.13043478260869568,0.14450867052023122,0.13879957127545553,0.14448547118317545,0.17372649260544096,0.14133114215283482,0.21032357473035437,0.17489823609226593,0.12114250708323761,0.2103607651816665,0.055097558646592604,0.40189384702917985,0.7667138767234201,0.6481199652597944,0.38686407206859297,0.24632669921817843,0.25484548025061965,0.3148036153661345,1
0.34949494949494947,0.34788556924294994,0.12386376394459928,0.010748788098610226,0.18869123252858958,0.1699604743083004,0.1921965317919075,0.14040728831725616,0.19200513726119764,0.40843527478546654,0.3385373870172555,0.5589368258859785,0.2610583446404342,0.2232942798070296,0.5588650661188856,0.0753095457873126,0.5395838413395108,0.5386076377627567,0.6096706851629045,0.30805595346769354,0.258165454426758,0.31753999790023246,0.20176750312740768,1
0.09090909090909091,0.4982418554828493,0.1849209508354002,0.11919813004479146,0.09783989834815757,0.09090909090909093,0.07369942196531792,0.08896034297963558,0.07368759030341948,0.2955997809019536,0.22925225965488902,0.33359013867488446,0.25780189959294436,0.23378512902978782,0.3336756964950572,0.05649807429098895,0.4869137608713323,0.654938039717113,0.4486426619284002,0.491092222262601,0.4592442016212724,0.5001276765361666,0.43290157157414233,1
0.7777777777777778,0.08115408797708588,0.08305010359574189,0.11759761419507872,0.23475222363405335,0.32806324110671947,0.20472061657032756,0.19774919614147912,0.2048482902552577,0.16980098594120868,0.15365653245686112,0.21648690292758085,0.13337856173677068,0.10368328355923116,0.21645910899987164,0.12149473215138301,0.4066487848492238,0.9678637177103047,0.39951236225428877,0.9104407504457188,0.8790078767454792,0.5058726757976891,0.6683415212042383,1
0.4262626262626263,0.3489451132897095,0.1282831684987293,0.44228931339021504,0.09243964421855147,0.09090909090909093,0.08766859344894026,0.08788853161843517,0.08765451918445978,0.2954171991966405,0.24486442070665568,0.37134052388289673,0.2647218453188602,0.17857416341220614,0.37142123507510594,0.05885348696565553,0.4201820694139642,0.4616956887962836,0.638319402723441,0.363938366498504,0.18361663954040688,0.4097433657136451,0.29399703414052203,1
0.32525252525252524,0.7861118226486272,0.2793349459567041,0.19107165474915658,0.030495552731893263,0.011857707509881427,0.04142581888246628,0.03161843515541265,0.04125862899341789,0.08690889172904875,0.0657354149548069,0.10747303543913712,0.09850746268656715,0.04755341144038594,0.1075234304788805,0.007511856638125856,0.7192148256522802,0.44661102568709304,0.446132761766651,0.1213503351049991,0.18031196324335522,0.399611098160568,0.11187420779242296,2
0.5373737373737374,0.515165451878071,0.23096849260540742,0.10642278950337951,0.09275730622617534,0.09090909090909093,0.06791907514450866,0.06913183279742766,0.06806871086851822,0.01962753332116123,0.02629416598192276,0.015215716486902925,0.008141112618724557,0.029481583582203836,0.015342149184747722,0.03488557150587262,0.760993253677965,0.3348678546179135,0.32628702102738605,0.5883212169765318,0.619838413035012,0.5482781907122659,0.39407408021075824,1
0.5333333333333333,0.7497322031530168,0.268095573450912,0.1640931753543588,0.07496823379923762,0.051383399209486175,0.028420038535645474,0.019292604501607722,0.028415475999357842,0.03149534416651451,0.032046014790468355,0.04314329738058551,0.008276797829036626,0.02726089287081705,0.04326614456284504,0.019607219021548845,0.6559375762009267,0.4805299348314554,0.033576886608288205,0.4425658652315434,0.8622346185102394,0.6684444994101075,0.36476343542628015,1
0.4888888888888889,0.3571944205109097,0.11885034242730437,0.3922530427072899,0.028271918678526037,0.051383399209486175,0.023121387283236993,0.022508038585209004,0.023278214801733824,0.03578601424137302,0.03368940016433853,0.03948382126348227,0.03364993215739484,0.02603568420246573,0.03947875208627552,0.016328739217621034,0.7713565796960091,0.2541363242887575,0.5804323402627826,0.17493929165552483,0.4592442016212724,0.25406296099237136,0.14153901596427715,1
0.3434343434343434,0.30277344386745225,0.11763781295610196,0.008894953193547283,0.20616264294790343,0.20948616600790518,0.174373795761079,0.18649517684887462,0.17418526248193933,0.2048566733613292,0.18734593262119964,0.2648305084745763,0.16824966078697423,0.1308676008882763,0.26486070098857367,0.06741573033707864,0.45188165488092336,0.47498372536346695,0.5841533668517884,0.46204713726549473,0.49654787390904037,0.4166997350378225,0.37615258435716237,1
0.7353535353535353,0.17249609948070693,0.0654520959000582,0.20312158163206565,0.522554002541296,0.5652173913043478,0.5052986512524085,0.3354769560557342,0.5052175309038369,0.36132919481467957,0.2900575184880854,0.41506163328197226,0.2158751696065129,0.16823646527299177,0.41507253819489026,0.340038832479231,0.4321710151995449,0.8725935120782302,0.28885365290072745,0.8173105068873303,0.668454073328696,0.6856634820194066,0.448950765075762,1
0.692929292929293,0.6654111263768251,0.9463343437745594,0.6435570601172177,0.4634688691232528,0.28853754940711474,0.4099229287090559,0.4667738478027867,0.4096965805105154,0.5674639401132007,0.6146261298274445,0.5893682588597843,0.5013568521031208,0.43962018531281105,0.5894209783027348,0.24903714549447753,0.26611395594570436,0.39912408622874085,0.8024748412388546,0.555508065246622,0.5763080822747338,0.6614827916941741,0.4673175540772283,1
0.8323232323232324,1.0,0.3322698184267736,0.9892512119013899,0.054320203303684866,0.011857707509881427,0.06599229287090559,0.050375133976420156,0.06614223791940921,0.09822895745846265,0.09202958093672967,0.14079352850539292,0.08955223880597014,0.0496209510682288,0.14077545256130441,0.026896266352611647,0.5137771275298708,0.4302990566544014,0.2142418906320966,0.08082693886568913,0.34699101119042636,0.20396215436137705,0.06430447281433553,2
0.08888888888888889,0.4633875136809259,0.1859130204027476,0.07825255909818415,0.08703939008894537,0.09090909090909093,0.07321772639691715,0.08306538049303322,0.073366511478568,0.3101150264743473,0.23993426458504516,0.34148690292758094,0.2672998643147897,0.2700819358296959,0.34157144691231234,0.038673329725944554,0.5700642119808178,0.8457911106651953,0.42051584424276733,0.6570346918514767,0.5765399498895816,0.6644028919847607,0.49946564822255535,1
0.8525252525252526,0.14776564282886617,0.029186441715912923,0.18099070779646964,0.05749682337992376,0.09090909090909093,0.04961464354527938,0.059485530546623804,0.049767217851982654,0.04728866167610006,0.03944124897288414,0.05643297380585515,0.04545454545454546,0.032850907420169995,0.05655411477724999,0.013145749116720246,0.7358367877753396,0.288587221552052,0.7665872528943533,0.36548547781910273,0.41843325026619754,0.19096094610537623,0.27988849031124957,2
0.4666666666666667,0.21806813683254545,0.0784102391377568,0.17692033115709238,0.3843710292249047,0.40711462450592895,0.3651252408477842,0.30171489817792074,0.3650666238561567,0.34097133467226587,0.276910435497124,0.4019645608628659,0.27951153324287653,0.24419940271077412,0.40191295416613176,0.32651112455040265,0.28415833536535806,0.7336769478814974,0.4645705680342301,0.507293227767439,0.4409356646158764,0.4530181487525068,0.4470246133198572,1
0.5070707070707071,0.6542451621917424,0.24870530838870347,0.13938305295519712,0.14390088945362134,0.09090909090909093,0.14595375722543352,0.13129689174705253,0.14576978648258146,0.12159941573854298,0.1002465078060805,0.14194915254237286,0.11791044776119403,0.08676008882762844,0.14199512132494546,0.020339306744756022,0.6013980330000814,0.41885664553491647,0.6118618678437967,0.4893666606821645,0.5631906784716548,0.5016637987639843,0.38933326153412806,1
0.10707070707070707,0.3406375893626435,0.21751227328862896,0.09361866270567779,0.10419313850063532,0.09090909090909093,0.08766859344894026,0.09807073954983922,0.08749397977203403,0.08809567281358407,0.09285127362366474,0.08243451463790445,0.07788331071913161,0.08476912474155752,0.08255231737065093,0.04020116497437693,0.6778021620742909,0.23846834087372049,0.6070372819773231,0.3061486872153858,0.4273297630222931,0.3963408883439774,0.2453461688220236,1
0.6747474747474748,0.664898819365205,0.28415852700123495,0.5681946411505292,0.027318932655654386,0.011857707509881427,0.015414258188824661,0.02197213290460879,0.0155723230052978,0.155924776337411,0.11750205423171735,0.19645608628659475,0.13405698778833106,0.09855272226051,0.19655925022467588,0.03132062259286374,0.4973990083719419,0.5621107795259239,0.22360820060078254,0.33128486175890487,0.4825165064979211,0.5130532575756227,0.23867298499672762,1
0.00404040404040404,0.16503853945928323,0.05912816273206976,0.26528838071551125,0.2801778907242694,0.32806324110671947,0.22928709055876687,0.36923901393354774,0.2294108203563975,0.3906335585174366,0.3262119967132292,0.44337442218798145,0.4461329715061059,0.2198483804272915,0.44331749903710366,0.03959639685520578,0.496220434040478,0.4044159680433804,1.0,0.6367446984271969,0.6863709116449319,0.40881937907386007,0.596682462491819,1
0.6727272727272727,0.6664182753883054,0.2640680976147463,0.1194975071102053,0.06416772554002541,0.051383399209486175,0.05828516377649325,0.0637727759914255,0.058436346122973194,0.09521635932079607,0.07806080525883317,0.12750385208012324,0.08236092265943011,0.06026495137453097,0.12748748234689952,0.061909157462520285,0.41640250345444213,0.6522267669355384,0.2324605786315868,0.3735904101879008,0.46616421179643375,0.4659788742043572,0.2992639200709155,1
0.37373737373737376,0.12944484549286261,0.047458076895597966,0.2380335532603314,0.09339263024142312,0.13043478260869568,0.07610789980732176,0.1007502679528403,0.07593514207738,0.11365711155742195,0.09202958093672967,0.1596687211093991,0.0853459972862958,0.0702197718048855,0.15971241494415203,0.01129961485819779,0.7062911485003658,0.4034569894605687,0.9643514497661408,0.46537278476240906,0.5499494618645309,0.15775570451645735,0.3897971948602815,1
0.8505050505050505,0.1304403511631698,0.023376914990252812,0.19956360035464668,0.05972045743329097,0.09090909090909093,0.0491329479768786,0.057877813504823156,0.04912506020227966,0.04838415190797883,0.03944124897288414,0.05758859784283512,0.05156037991858887,0.04334175664292825,0.05758120426242139,0.01161791386828787,0.7359587092579049,0.2625408032553939,0.8042676270686757,0.33979985004392554,0.41893975719183557,0.20718075972432545,0.2684454919764388,2
0.8484848484848485,0.14096593158372725,0.06374761423599416,0.23166603336902833,0.05940279542566709,0.09090909090909093,0.04720616570327553,0.05251875669882101,0.0473591266655964,0.03688150447325178,0.03615447822514379,0.04025423728813559,0.02930800542740842,0.03223830308599433,0.04031326229297729,0.011777063373332907,0.7313256929204259,0.36568349973517267,0.7267475677872244,0.29677579975819723,0.47861752874145413,0.3426024125971809,0.2399135924180039,2
0.06464646464646465,0.37556761288219265,0.12484562703491638,0.059645123032459384,0.04002541296060991,0.051383399209486175,0.02552986512524084,0.03054662379421222,0.025686305988120082,0.07978820522183679,0.05998356614626129,0.11729583975346687,0.054545454545454536,0.040355310513821886,0.11728078058800875,0.01731546614890028,0.6697959847191745,0.5091709618485188,0.3177015688867997,0.3362686321868944,0.44432813544670535,0.31244316837109637,0.2600532694872708,1
0.9696969696969697,0.16820552825838903,0.04445941394408892,0.23708360680276813,0.07909783989834815,0.13043478260869568,0.05684007707129095,0.09539121114683817,0.056830951998715684,0.08718276428701843,0.07066557107641742,0.07877503852080123,0.0886024423337856,0.09418791637950838,0.07882911798690462,0.028328611898016998,0.5948955539299359,0.8095202540476597,0.3796044716062564,0.4241428195104895,0.4171410948203476,0.2686728046308769,0.3545465465963034,2
0.9939393939393939,0.705487506694921,0.30797432050379175,0.13824311720612112,0.12579415501905972,0.09090909090909093,0.12668593448940269,0.10718113612004287,0.1268261358163429,0.16404966222384518,0.14626129827444534,0.22130200308166406,0.1474898236092266,0.08882762845547132,0.2213377840544358,0.05554317726071872,0.4350971307811103,0.4085668753397841,0.43410117686429794,0.3199555302675687,0.276955735796983,0.6054737199871165,0.2575575567282759,2
0.5252525252525253,0.36990312740143916,0.797630056033559,0.020777919789975445,0.21855146124523506,0.20948616600790518,0.16184971098265896,0.15702036441586284,0.16166318831273077,0.08115756801168522,0.1232539030402629,0.0656779661016949,0.035549525101763894,0.042269699058120835,0.06579792014379256,0.19053378743992108,0.6198488173616192,0.3526311245715512,0.3521270407878698,0.5951493350241812,0.5746602464099915,0.5690138388908955,0.476086722393896,1
0.509090909090909,0.6996833011200894,0.24121987813466428,0.7688463619929302,0.14008894536213468,0.09090909090909093,0.14450867052023122,0.13236870310825294,0.14464601059560123,0.07367171809384701,0.05751848808545603,0.09572419106317412,0.06621438263229308,0.04502641856191132,0.09571190139940944,0.024349874271891017,0.5675851418353248,0.19022541829899126,0.5505207046843503,0.27003610408549844,0.4009373754837141,0.48003219050228924,0.19023544616302288,1
0.40404040404040403,0.515363388678015,0.2111005644181798,0.05681255541354333,0.18392630241423125,0.13043478260869568,0.16859344894026973,0.1757770632368703,0.16856638304703805,0.3506481650538616,0.28759244042728016,0.42835130970724195,0.3327001356852103,0.21372233708553484,0.42836050840929524,0.1720406149536875,0.22157197431520773,0.6998070376428261,0.6187262455877547,0.48383560663053915,0.758182337990946,0.7456016100589535,0.40921404723835403,1
0.3838383838383838,0.04105442097664349,0.0,0.1427107441822976,0.1397712833545108,0.20948616600790518,0.12668593448940269,0.12861736334405147,0.1268261358163429,0.20522183677195546,0.14626129827444534,0.2596302003081664,0.17856173677069195,0.13293514051611915,0.2595968673770703,0.031734411305980835,0.545964398927091,0.9062090946635527,0.8180282543046778,0.5152406827539486,0.5475227309052517,0.26445769947345654,0.44627900618853916,1
0.8303030303030303,0.8673707006962718,0.28897394286414163,0.9429226110285905,0.042884371029224905,0.011857707509881427,0.05057803468208092,0.03590568060021437,0.05056991491411142,0.026291765565090382,0.025472473294987672,0.04641756548536209,0.024016282225237447,0.012481813308829155,0.04653999229682886,0.01489639367221568,0.6599203446313908,0.2993553143979784,0.20887150107965555,0.1712050346477362,0.3827886695526306,0.19089866486822182,0.09747777676522489,2
0.3898989898989899,0.04233518850569362,0.011370015411780331,0.12707980701693788,0.1696315120711563,0.24901185770750991,0.17341040462427745,0.1495176848874598,0.17322202600738482,0.2010224575497535,0.17337715694330316,0.25751155624036975,0.17245590230664856,0.11264262194655025,0.2576068814995507,0.05602062577585383,0.4559050638055759,0.7455160168089581,0.8145821215429112,0.5121996155092984,0.45964715601989115,0.36002514382517115,0.4475589650973017,1
0.42828282828282827,0.3713760100598467,0.12109780866938159,0.06402063398850856,0.06797966963151207,0.09090909090909093,0.059248554913294796,0.07181136120042872,0.0593995825975277,0.4538068285557787,0.45357436318816763,0.5558551617873653,0.437449118046133,0.28172141817903357,0.5559121838490179,0.03647706655632301,0.5091441111923922,0.4453907196072622,0.4920519828211279,0.32768909806320906,0.3764944768233687,0.29220310089382473,0.24081039210650584,1
0.024242424242424242,0.04306289732901756,0.06108168243567371,0.15128904855665715,0.12166454891994917,0.20948616600790518,0.1083815028901734,0.12861736334405147,0.10852464279980736,0.1039802811758262,0.08709942481511913,0.11902927580893682,0.09592944369063772,0.07642239068841412,0.11901399409423549,0.0319890505140529,0.5434040477932213,0.8376036268523336,0.7940248440276328,0.4459097735959789,0.723730862479993,0.400034165707239,0.38736775829073705,1
0.36767676767676766,0.13075472137484576,0.05298386355981507,0.24088339263302133,0.10355781448538753,0.13043478260869568,0.09248554913294797,0.10235798499464095,0.09247070155723229,0.13584078875296696,0.1076417419884963,0.18817411402157164,0.10244233378561736,0.08515200245041733,0.18814995506483506,0.013177579017729254,0.6907664797203935,0.42106626285346294,0.9626303753695129,0.479415391886353,0.44029408917673496,0.3570174049365887,0.4141702635306983,1
0.24848484848484848,0.22128752066693053,0.0654970043989916,0.27230071274770573,0.08894536213468868,0.13043478260869568,0.03034682080924855,0.04126473740621651,0.030341948948466854,0.09850283001643237,0.08216926869350862,0.13251155624036978,0.052781546811397545,0.06853510988590245,0.13255873667993326,0.013018429512684214,0.6741851580915225,0.5854995905091452,0.741332876504944,0.2306714593307881,0.6431062156278773,0.44867714652283847,0.12727927957782068,2
0.12727272727272726,0.6632803949421324,0.2234381538524348,0.757671537301231,0.0038119440914866545,0.007905138339920952,0.012042389210019268,0.008038585209003213,0.011879916519505535,0.0,0.0,0.002696456086286585,0.004884667571234736,0.0,0.002760302991398125,0.00022280930706305527,0.9852475006096074,0.2612458321764147,0.6687130984916697,0.04868058000131269,0.38779520911982607,0.05397203038612584,0.02402926093764239,2
0.3090909090909091,0.16848496844654542,0.056688814721822474,0.258650270015084,0.18551461245235068,0.20948616600790518,0.11127167630057803,0.2020364415862808,0.11141435222347086,0.12223845170713894,0.11175020542317174,0.1413713405238829,0.12062415196743555,0.09411134083773642,0.1414815765823598,0.019607219021548845,0.5842477444525727,0.6392233906776084,0.9699927491773106,0.6068979432658351,0.6387615117768488,0.26616509510344905,0.559050013669464,1
0.24646464646464647,0.2102321682229932,0.0672076099492738,0.29948645318779005,0.08354510800508258,0.09090909090909093,0.035163776493256256,0.04019292604501608,0.03499759190881361,0.11228774876757347,0.09202958093672967,0.15138674884437595,0.061601085481682506,0.07397197335171146,0.15149569906278088,0.013177579017729254,0.6784524099813056,0.691967212732249,0.8033712341537651,0.23766482918947254,0.5587874449314415,0.18546952045226853,0.1222422891795836,2
0.8747474747474747,0.36156649512144,0.12512324321014118,0.456319734705862,0.0724269377382465,0.09090909090909093,0.06647398843930637,0.07556270096463023,0.06662385615668646,0.14579149169253242,0.12489728841413308,0.1667950693374422,0.13622795115332428,0.10942644919212802,0.16690204134035183,0.01737912595091829,0.59709014061611,0.22358900651218785,0.737185565285292,0.3080008092637923,0.3983260508893136,0.37410515208188366,0.20621422121335137,1
0.020202020202020204,0.18590922851221384,0.07164742745746451,0.28408580607274864,0.05241423125794155,0.09090909090909093,0.041907514450867045,0.058949624866023585,0.04206132605554664,0.05970421763739274,0.04519309778142975,0.062403697996918334,0.04979647218453188,0.04839574239987747,0.062459879316985496,0.01725180634688226,0.6683329269283916,0.7920789769028492,0.7562767423886282,0.42138524771409197,0.5659550807146926,0.19195878049778717,0.34632829910444296,1
0.4121212121212121,0.49813124374170403,0.22291966481929432,0.05297246882448448,0.08894536213468868,0.09090909090909093,0.08140655105973026,0.08681672025723473,0.08123294268742977,0.5270220923863429,0.46425636811832377,0.6419491525423728,0.4998643147896879,0.31265793705490463,0.641866735139299,0.1320622592863736,0.25595383239860203,0.799851136657948,0.6759001776849954,0.39445498813676416,0.6607529169171061,0.7045827424030237,0.30966099729096075,1
0.7757575757575758,0.13865472836085047,0.0602672055686539,0.18452566006885676,0.11149936467598476,0.1699604743083004,0.10741811175337186,0.10289389067524116,0.1074008669128271,0.07321526383056418,0.05751848808545603,0.09861325115562403,0.06282225237449118,0.04931464890114097,0.09872897676210042,0.04360696438234077,0.5193042347394946,0.7010926755969118,0.39363202473247644,0.4244946576114461,0.4021034669836275,0.19955976062651365,0.3476331115842494,1
0.6888888888888889,0.5541473581258878,0.23407330291803177,0.5519131345930199,0.4123252858958068,0.28853754940711474,0.37620423892100185,0.3896034297963558,0.37598330390110773,0.4652181851378492,0.43796220213640097,0.4641756548536209,0.4791044776119402,0.43188605559384324,0.46418025420464765,0.1907247668459751,0.24083556856051375,0.5167144600437258,0.7756467972877144,0.6668613889866719,0.7866885477658543,0.7647588737416965,0.6038299352978701,1
0.694949494949495,0.5726311622383158,0.2241668963123999,0.48341335912581906,0.5412960609911054,0.3675889328063242,0.485067437379576,0.5691318327974276,0.48498956493819234,0.4451341975534051,0.5743631881676253,0.4322033898305085,0.4265943012211668,0.42422850141664753,0.4321479008858648,0.34653213228506863,0.16613834024221735,0.5862509070630756,0.7507549620327801,0.6293094517346288,0.7518408712819579,0.6831041680383366,0.532172947716371,1
0.1919191919191919,0.9554642200125748,0.3252640925931597,0.6753831450712172,0.0054002541296060995,0.0,0.011560693641618497,0.011254019292604497,0.011558837694654033,0.018075588825999644,0.014790468364831543,0.030624036979969172,0.021709633649932156,0.01079715138984608,0.030620105276672235,0.011681573670305886,0.746322035275949,0.8255078969903006,0.24271132960965083,0.11670213071779856,0.438069960987711,0.26928849914674696,0.08669546919399869,2
0.24242424242424243,0.19709265770905618,0.054024924216908035,0.2895264085115203,0.11308767471410418,0.13043478260869568,0.04865125240847784,0.059485530546623804,0.04864344196500241,0.06016067190067554,0.04765817584223499,0.07704160246533127,0.027951153324287655,0.05467493682517804,0.0771600975735011,0.024636343380972085,0.5982687149475738,0.7537128337467132,0.6349529493318883,0.27582696869779955,0.5855625265916137,0.2921145725638693,0.185009982851036,2
0.7717171717171717,0.15712106746151877,0.06857323657593109,0.24368141674438962,0.14326556543837357,0.1699604743083004,0.13680154142581888,0.12700964630225078,0.13694011879916518,0.2117034873105715,0.19720624486442068,0.2290061633281972,0.1563093622795115,0.16938509839957117,0.22910514828604445,0.08737307826972658,0.4448914898805171,0.7495245939507352,0.438599077312893,0.4849028729768632,0.4958230062199051,0.45359380533020605,0.40126504676613617,1
0.5111111111111111,0.677240761008779,0.243230554109638,0.7147339574193698,0.21378653113087676,0.13043478260869568,0.20905587668593448,0.21061093247588428,0.20902231497832718,0.12999817418294687,0.10271158586688577,0.15832049306625579,0.12388059701492536,0.08025116777701202,0.15836435999486456,0.03981920616226883,0.5227993172396977,0.5653703733949943,0.5888424977888974,0.558429623249375,0.46323997847908355,0.4241628067128495,0.4631152294398833,1
0.42424242424242425,0.3703863260601263,0.12490686589709833,0.470655290338181,0.07973316391359593,0.09090909090909093,0.07514450867052022,0.07234726688102894,0.07513244501525125,0.6394924228592295,0.5645028759244043,0.7638674884437596,0.5959294436906377,0.38065701814840336,0.7637694184105791,0.050705032307349525,0.45610826627651807,0.5704102608375079,0.5580663410436404,0.2808714881504147,0.45221388549341657,0.4099835933426696,0.18553397897387888,1
0.40606060606060607,0.5393486714947722,0.20000612388621822,0.5182620009902473,0.07560355781448538,0.051383399209486175,0.07321772639691715,0.08145766345123258,0.07304543265371649,0.26456089099872193,0.2021364009860312,0.3181818181818182,0.2609226594301221,0.16525001914388546,0.31820516112466307,0.08648184104147436,0.31435422254734613,0.7629922931721194,0.611399727496554,0.4171225103521944,0.6970188127927891,0.7451367251101932,0.3228561723843687,1
0.5313131313131313,0.523670912605081,0.6954264776427121,0.0954955266157726,0.09339263024142312,0.09090909090909093,0.04287090558766859,0.05466237942122187,0.043024562530101146,0.029669527113383234,0.03615447822514379,0.031201848998459167,0.023609226594301223,0.03308063404548586,0.03126203620490435,0.02517745169812522,0.6737787531496384,0.49897685618354526,0.3225301387217837,0.5517759778468557,0.8707011631650156,0.619918073481183,0.42962090019634314,1
0.6767676767676768,0.7860885359662807,0.330132582136624,0.12759220237889626,0.05844980940279543,0.051383399209486175,0.04865125240847784,0.05144694533762058,0.04848290255257666,0.14442212890268397,0.11503697617091208,0.17796610169491525,0.12320217096336498,0.09112489470863006,0.1780074463987675,0.04545309864086323,0.48463789319678136,0.7239681647109883,0.0,0.4534793551852638,0.7630560601865296,0.6304947621479552,0.39003951717795987,1
0.9757575757575757,0.16430500896537267,1.0,0.11947447810517345,0.10419313850063532,0.13043478260869568,0.08959537572254335,0.09163987138263666,0.0895809921335688,0.06445134197553405,0.05669679539852094,0.0703004622496148,0.054545454545454536,0.0591163182479516,0.07035562973424062,0.042397428143998474,0.6306185483215476,0.7229765201910492,0.37199110778228406,0.2773238174325474,0.33099889919161496,0.3285998110209317,0.15754264458564954,2
0.3696969696969697,0.13025405770439882,0.04177715178051994,0.2275898994783931,0.11054637865311306,0.1699604743083004,0.10067437379576107,0.10557341907824225,0.10065821159094557,0.11511776519992696,0.09942481511914542,0.1596687211093991,0.0880597014925373,0.07626923960487018,0.15964822185132885,0.012954769710666203,0.6809721206209869,0.48285854949239465,0.9280057050429071,0.449722136492572,0.6951526161645496,0.19520941621127222,0.3812641354685312,1
0.6343434343434343,0.1788591854318515,0.04708860242710024,0.12273883956843647,0.05654383735705209,0.09090909090909093,0.04865125240847784,0.04180064308681671,0.04880398137742816,0.022548840606171263,0.017255546425636804,0.03428351309707241,0.017774762550881947,0.015008806187303773,0.03427911156759534,0.02667345704554859,0.6074941071283427,0.5002601608564076,0.5857469542560734,0.45721758980776006,0.5597126642489403,0.4862531963620638,0.38868913981790615,1
0.6989898989898989,0.6391204620077777,0.26731579860579524,0.6275519016200906,0.8087674714104193,0.525691699604743,0.722543352601156,0.8612004287245446,0.7225878953283031,0.7056782910352384,0.7666392769104355,0.7374807395993838,0.6765264586160109,0.5818975419251091,0.737386057260239,0.5156443963459273,0.04096561814191658,0.764368929093917,0.7177796546696096,0.9266446487612532,0.7877871050090158,0.7832933250528944,0.8495406231618712,1
0.7737373737373737,0.15265002445101647,0.050283229737591494,0.1476447085103688,0.153430749682338,0.20948616600790518,0.14354527938342967,0.13290460878885313,0.14336169529619522,0.24685046558334856,0.23336072308956446,0.27137904468412943,0.1858887381275441,0.18163718508308443,0.2714083964565413,0.08409459846579877,0.42725351540274736,1.0,0.5788467207955188,0.44027692876797186,0.5323410299874611,0.43837182610366787,0.36447969049019524,1
0.6141414141414141,0.28998905525929725,0.19411290404890946,0.09003189517196913,0.11944091486658197,0.13043478260869568,0.10886319845857417,0.12593783494105035,0.10900626103708459,0.16770129633010775,0.13229252259654886,0.19818952234206472,0.16757123473541383,0.11792633432881536,0.19816407754525617,0.05503389884457459,0.39571649191254177,0.8554718944610238,0.653223428922018,0.4383752673363885,0.1820971187634928,0.17706110857043203,0.351131251708683,1
0.7272727272727273,0.19218498940455953,0.07654653643201978,0.1886881527283614,0.1639135959339263,0.20948616600790518,0.15414258188824664,0.12861736334405147,0.1541178359287205,0.14423954719737084,0.12818405916187342,0.17045454545454547,0.112483039348711,0.10238149934910787,0.17043266144562846,0.13094821275105836,0.5315370234902057,0.7240101637730092,0.3832298829510054,0.5604441042981201,0.5405667024598227,0.26257903044128916,0.256907221619293,1
0.4161616161616162,0.455673800153692,0.2120150647600968,0.07228804679493822,0.1823379923761118,0.13043478260869568,0.15366088631984587,0.1934619506966774,0.15363621769144326,0.5190797882052218,0.45110928512736237,0.6153697996918336,0.503663500678426,0.3365495060877555,0.6152907947104893,0.27564694273800805,0.13423555230431602,0.9259393206885048,0.6329848688875961,0.6248471104346756,0.8620927965710607,0.8427091804323028,0.5331360235943234,1
0.7333333333333333,0.1979542649558717,0.08210906641354604,0.16879109238085369,0.1775730622617535,0.20948616600790518,0.16714836223506743,0.13236870310825294,0.16728206774763205,0.12223845170713894,0.11339359079704191,0.14445300462249613,0.09755766621438264,0.08055746994409985,0.14449865194505074,0.09950027055415858,0.5897748516621963,0.828569161955383,0.197003258886242,0.4574047184996871,0.5048365783543702,0.5678082520859764,0.36453353989412374,1
0.7676767676767676,0.23052069021726476,0.07472570092981008,0.2688463619929301,0.1388182973316391,0.1699604743083004,0.12186897880539499,0.12111468381564844,0.1216888746187189,0.20823443490962204,0.2087099424815119,0.17430662557781199,0.14654002713704206,0.18270924266789185,0.1742842470150212,0.08269408282140242,0.4555799398520687,0.9295209073664022,0.4047034732237479,0.4459499113443922,0.5130847622456491,0.3023874177665236,0.35643956025748297,1
0.494949494949495,0.3705842628600703,0.11266725864233443,0.3879293470125624,0.0019059720457433272,0.011857707509881427,0.003371868978805393,0.0021436227224008574,0.003371327660940756,0.006390359685959476,0.006573541495480684,0.0,0.000814111261872458,0.020981698445516495,0.0,0.005506572874558361,0.8732422986263516,0.12786147776033,0.4055042508944008,0.22163142590436052,0.34760332178497544,0.3886286917203323,0.14620320279685517,1
0.5050505050505051,0.6095114454043732,0.21791849107443587,0.08532822089421625,0.18996188055908514,0.13043478260869568,0.1840077071290944,0.15916398713826366,0.18413870605233584,0.19079788205221834,0.15612161051766638,0.2534668721109399,0.16892808683853458,0.10452561451872272,0.2534343304660419,0.028073972689944934,0.5483621880842072,0.5622834423364546,0.6623626526855929,0.38327662520364936,0.6132223070152335,0.5273717139974411,0.292296635654933,1
0.6505050505050505,0.14593181659408985,0.06368637537381222,0.24376201826200103,0.08989834815756036,0.13043478260869568,0.07273603082851637,0.10235798499464095,0.07288489324129073,0.358316596677013,0.2843056696795398,0.37172573189522334,0.32605156037991856,0.2795773030094188,0.3716780074463989,0.0704395709329344,0.42965130455986356,0.9130829411476479,0.5333019927810491,0.6483634917888472,0.6613697297954387,0.45474867741344227,0.4451108883494743,1
0.9959595959595959,0.5027303635051114,0.281412984680078,0.050727140833880316,0.3786531130876747,0.28853754940711474,0.2678227360308285,0.2529474812433012,0.2679402793385776,0.1236078144969874,0.14050944946589974,0.15658705701078582,0.10786974219810042,0.07259361359981621,0.15663114648863782,0.33898844574593373,0.3837275461269609,0.35231846488761753,0.32429902074054023,0.21294467698423766,0.3425765219407545,0.5589674304718959,0.180579833812455,2
0.6525252525252525,0.1445695456768274,0.0574114332955694,0.20263797252639704,0.10609911054637865,0.13043478260869568,0.09104046242774565,0.11789924973204714,0.0911863862578263,0.39483293773963846,0.3212818405916187,0.47014637904468415,0.376797829036635,0.2615054751512367,0.4702144049300296,0.11538339115765352,0.3375599447289279,0.8604954489349738,0.5351864098866165,0.5984664848896746,0.6704643430380061,0.5556709735625045,0.4760452997754894,1
