0.5151515151515151,0.6869221991942807,0.25354930238729495,0.1528204773912743,0.10387547649301145,0.051383399209486175,0.11271676300578035,0.08252947481243302,0.11253812811045114,0.10507577140770494,0.10188989317995067,0.12557781201848997,0.09687924016282226,0.06776935446818284,0.12556168956220312,0.03128879269185473,0.5455173534910186,0.17485142831810094,0.561098141080293,0.2233378226139329,0.39491106863956743,0.6738949973930853,0.1470005882011814,1
0.5333333333333333,0.7497322031530168,0.268095573450912,0.1640931753543588,0.07496823379923762,0.051383399209486175,0.028420038535645474,0.019292604501607722,0.028415475999357842,0.03149534416651451,0.032046014790468355,0.04314329738058551,0.008276797829036626,0.02726089287081705,0.04326614456284504,0.019607219021548845,0.6559375762009267,0.4805299348314554,0.033576886608288205,0.4425658652315434,0.8622346185102394,0.6684444994101075,0.36476343542628015,1
0.5353535353535354,0.23640057750972215,0.7706951631505354,0.13112139740002537,0.1311944091486658,0.1699604743083004,0.08333333333333331,0.11897106109324758,0.08331995504896453,0.09622055870001826,0.11175020542317174,0.07588597842835129,0.07421981004070555,0.0777241748985374,0.07600462190268328,0.07273132380558296,0.6625213362594491,0.5394219529097184,0.4376309729647898,0.32161835401602584,0.6160452389474561,0.5618448236284337,0.2234522438632391,1
0.25252525252525254,0.2387059590620125,0.07700174530757217,0.30587124483286704,0.10228716645489198,0.13043478260869568,0.046724470134874754,0.04876741693461951,0.04671696901589341,0.14095307650173453,0.11750205423171735,0.18124036979969183,0.0880597014925373,0.09403476529596447,0.18128129413275135,0.013336728522774292,0.6904007152726979,0.38222179704653264,0.8423384301570481,0.2039744326158621,0.5933829935234648,0.35608496584319005,0.21322707050958106,2
0.509090909090909,0.6996833011200894,0.24121987813466428,0.7688463619929302,0.14008894536213468,0.09090909090909093,0.14450867052023122,0.13236870310825294,0.14464601059560123,0.07367171809384701,0.05751848808545603,0.09572419106317412,0.06621438263229308,0.04502641856191132,0.09571190139940944,0.024349874271891017,0.5675851418353248,0.19022541829899126,0.5505207046843503,0.27003610408549844,0.4009373754837141,0.48003219050228924,0.19023544616302288,1
0.32525252525252524,0.7861118226486272,0.2793349459567041,0.19107165474915658,0.030495552731893263,0.011857707509881427,0.04142581888246628,0.03161843515541265,0.04125862899341789,0.08690889172904875,0.0657354149548069,0.10747303543913712,0.09850746268656715,0.04755341144038594,0.1075234304788805,0.007511856638125856,0.7192148256522802,0.44661102568709304,0.446132761766651,0.1213503351049991,0.18031196324335522,0.399611098160568,0.11187420779242296,2
0.4666666666666667,0.21806813683254545,0.0784102391377568,0.17692033115709238,0.3843710292249047,0.40711462450592895,0.3651252408477842,0.30171489817792074,0.3650666238561567,0.34097133467226587,0.276910435497124,0.4019645608628659,0.27951153324287653,0.24419940271077412,0.40191295416613176,0.32651112455040265,0.28415833536535806,0.7336769478814974,0.4645705680342301,0.507293227767439,0.4409356646158764,0.4530181487525068,0.4470246133198572,1
0.4262626262626263,0.3489451132897095,0.1282831684987293,0.44228931339021504,0.09243964421855147,0.09090909090909093,0.08766859344894026,0.08788853161843517,0.08765451918445978,0.2954171991966405,0.24486442070665568,0.37134052388289673,0.2647218453188602,0.17857416341220614,0.37142123507510594,0.05885348696565553,0.4201820694139642,0.4616956887962836,0.638319402723441,0.363938366498504,0.18361663954040688,0.4097433657136451,0.29399703414052203,1
0.2505050505050505,0.23093402882891276,0.07329679414556477,0.3258834502055339,0.08513341804320203,0.09090909090909093,0.03323699421965317,0.03965702036441587,0.03323165837213036,0.12260361511776521,0.10271158586688577,0.16718027734976887,0.06811397557666214,0.07335936901753579,0.1672230068044679,0.013241238819747272,0.66044867105584,0.4741134114671439,0.7646112045130394,0.16137634870518702,0.4821045475317355,0.24423587150135145,0.15485638778198446,2
0.6666666666666666,0.47758074657103594,0.34018392071608644,0.08098725344571492,0.12801778907242692,0.09090909090909093,0.0789980732177264,0.09485530546623795,0.07898539091346926,0.2117034873105715,0.1610517666392769,0.24229583975346686,0.18914518317503393,0.16119151542997165,0.24232892540762618,0.07702836044179902,0.41042835080874585,0.9812870845884444,0.4413241117742207,0.572801649191378,0.881265772062879,0.6853213800810366,0.48192731158922014,1
0.020202020202020204,0.18590922851221384,0.07164742745746451,0.28408580607274864,0.05241423125794155,0.09090909090909093,0.041907514450867045,0.058949624866023585,0.04206132605554664,0.05970421763739274,0.04519309778142975,0.062403697996918334,0.04979647218453188,0.04839574239987747,0.062459879316985496,0.01725180634688226,0.6683329269283916,0.7920789769028492,0.7562767423886282,0.42138524771409197,0.5659550807146926,0.19195878049778717,0.34632829910444296,1
0.4161616161616162,0.455673800153692,0.2120150647600968,0.07228804679493822,0.1823379923761118,0.13043478260869568,0.15366088631984587,0.1934619506966774,0.15363621769144326,0.5190797882052218,0.45110928512736237,0.6153697996918336,0.503663500678426,0.3365495060877555,0.6152907947104893,0.27564694273800805,0.13423555230431602,0.9259393206885048,0.6329848688875961,0.6248471104346756,0.8620927965710607,0.8427091804323028,0.5331360235943234,1
0.42828282828282827,0.3713760100598467,0.12109780866938159,0.06402063398850856,0.06797966963151207,0.09090909090909093,0.059248554913294796,0.07181136120042872,0.0593995825975277,0.4538068285557787,0.45357436318816763,0.5558551617873653,0.437449118046133,0.28172141817903357,0.5559121838490179,0.03647706655632301,0.5091441111923922,0.4453907196072622,0.4920519828211279,0.32768909806320906,0.3764944768233687,0.29220310089382473,0.24081039210650584,1
0.14545454545454545,0.5348077684372308,0.20230053992263491,0.6331824933503748,0.036848792884371026,0.051383399209486175,0.0409441233140655,0.03965702036441587,0.040937550168566386,0.04473251780171627,0.037797863599013964,0.052195685670261935,0.042740841248303935,0.03606708017459224,0.05218898446527156,0.0052837635674953054,0.7435991221653255,0.3437249901418869,0.7646311243555932,0.273538032234228,0.46378025253309746,0.3764059989287626,0.2017074403307182,1
0.8747474747474747,0.36156649512144,0.12512324321014118,0.456319734705862,0.0724269377382465,0.09090909090909093,0.06647398843930637,0.07556270096463023,0.06662385615668646,0.14579149169253242,0.12489728841413308,0.1667950693374422,0.13622795115332428,0.10942644919212802,0.16690204134035183,0.01737912595091829,0.59709014061611,0.22358900651218785,0.737185565285292,0.3080008092637923,0.3983260508893136,0.37410515208188366,0.20621422121335137,1
0.6464646464646465,0.10585543627599378,0.02170305275727978,0.1590670950061603,0.1337357052096569,0.20948616600790518,0.10741811175337186,0.12165058949624868,0.1074008669128271,0.36315501186781085,0.2925225965488907,0.4291217257318952,0.3449118046132971,0.22451948847538095,0.429195018615997,0.09440748639271732,0.3502804194099,0.8895494667285765,0.6764061416858559,0.4815920511347684,0.7071084307514987,0.4234461276195933,0.41120440405278896,1
0.4121212121212121,0.49813124374170403,0.22291966481929432,0.05297246882448448,0.08894536213468868,0.09090909090909093,0.08140655105973026,0.08681672025723473,0.08123294268742977,0.5270220923863429,0.46425636811832377,0.6419491525423728,0.4998643147896879,0.31265793705490463,0.641866735139299,0.1320622592863736,0.25595383239860203,0.799851136657948,0.6759001776849954,0.39445498813676416,0.6607529169171061,0.7045827424030237,0.30966099729096075,1
0.6727272727272727,0.6664182753883054,0.2640680976147463,0.1194975071102053,0.06416772554002541,0.051383399209486175,0.05828516377649325,0.0637727759914255,0.058436346122973194,0.09521635932079607,0.07806080525883317,0.12750385208012324,0.08236092265943011,0.06026495137453097,0.12748748234689952,0.061909157462520285,0.41640250345444213,0.6522267669355384,0.2324605786315868,0.3735904101879008,0.46616421179643375,0.4659788742043572,0.2992639200709155,1
0.8484848484848485,0.14096593158372725,0.06374761423599416,0.23166603336902833,0.05940279542566709,0.09090909090909093,0.04720616570327553,0.05251875669882101,0.0473591266655964,0.03688150447325178,0.03615447822514379,0.04025423728813559,0.02930800542740842,0.03223830308599433,0.04031326229297729,0.011777063373332907,0.7313256929204259,0.36568349973517267,0.7267475677872244,0.29677579975819723,0.47861752874145413,0.3426024125971809,0.2399135924180039,2
0.10505050505050505,0.4814987308758121,0.21672025067107586,0.05771644386104302,0.0911689961880559,0.09090909090909093,0.08766859344894026,0.07609860664523044,0.08765451918445978,0.09238634288844258,0.0829909613804437,0.08359013867488443,0.08127544097693352,0.08829159966306761,0.08357940685582232,0.0327847980392781,0.7098675119889459,0.3781128888121499,0.5841852385998741,0.32207722611275136,0.49526022074697396,0.518898351682572,0.2130448109885922,1
0.6909090909090909,0.5838378781175045,0.23302815967012666,0.5786382949324674,0.4926937738246505,0.32806324110671947,0.4470134874759152,0.5010718113612004,0.4467811847808637,0.5627168157750593,0.5234182415776499,0.5814714946070878,0.5440976933514247,0.4674936825178037,0.5814610347926563,0.2547665276760989,0.1567503860846948,0.691351226489275,0.7559739607818141,0.8294518141810282,0.7408125271543992,0.8237040609146088,0.7748245752110482,1
0.9696969696969697,0.16820552825838903,0.04445941394408892,0.23708360680276813,0.07909783989834815,0.13043478260869568,0.05684007707129095,0.09539121114683817,0.056830951998715684,0.08718276428701843,0.07066557107641742,0.07877503852080123,0.0886024423337856,0.09418791637950838,0.07882911798690462,0.028328611898016998,0.5948955539299359,0.8095202540476597,0.3796044716062564,0.4241428195104895,0.4171410948203476,0.2686728046308769,0.3545465465963034,2
0.08282828282828283,0.3962927601704585,0.1781091480653623,0.44530035579812777,0.1905972045743329,0.1699604743083004,0.1464354527938343,0.1645230439442658,0.14641194413228448,0.27761548292861055,0.21610517666392765,0.2438366718027735,0.24477611940298508,0.27498277050310127,0.24393375272820647,0.10503867332972595,0.35405998536942207,0.9169421882911282,0.44539971156068,0.61662393442866,0.7516607799306197,0.6376660017403157,0.5748879518172102,1
0.6868686868686869,0.47412267424260063,0.182928646519081,0.4949796769030594,0.4447268106734434,0.32806324110671947,0.3829479768786127,0.457663451232583,0.382886498635415,0.6562899397480373,0.6047658175842234,0.645030816640986,0.658887381275441,0.6194195573933685,0.6449480035948133,0.23761021103224372,0.15922945623018778,0.711744104381669,0.873393464698055,0.8438538530340071,0.9195554444992223,0.8854443410378188,0.8553646433098329,1
0.10707070707070707,0.3406375893626435,0.21751227328862896,0.09361866270567779,0.10419313850063532,0.09090909090909093,0.08766859344894026,0.09807073954983922,0.08749397977203403,0.08809567281358407,0.09285127362366474,0.08243451463790445,0.07788331071913161,0.08476912474155752,0.08255231737065093,0.04020116497437693,0.6778021620742909,0.23846834087372049,0.6070372819773231,0.3061486872153858,0.4273297630222931,0.3963408883439774,0.2453461688220236,1
0.6303030303030303,0.18603730526511889,0.05306959796686979,0.19996660794270388,0.10292249047013977,0.13043478260869568,0.0968208092485549,0.07824222936763131,0.09696580510515332,0.041811210516706235,0.032867707477403446,0.047765793528505386,0.033921302578019,0.036373382341680055,0.04788804724611633,0.04917719705891715,0.6302527838738521,0.49136569283286013,0.596651076069895,0.33080881359866915,0.4442763591831957,0.4966648397503768,0.2596866793143728,1
0.6525252525252525,0.1445695456768274,0.0574114332955694,0.20263797252639704,0.10609911054637865,0.13043478260869568,0.09104046242774565,0.11789924973204714,0.0911863862578263,0.39483293773963846,0.3212818405916187,0.47014637904468415,0.376797829036635,0.2615054751512367,0.4702144049300296,0.11538339115765352,0.3375599447289279,0.8604954489349738,0.5351864098866165,0.5984664848896746,0.6704643430380061,0.5556709735625045,0.4760452997754894,1
0.09090909090909091,0.4982418554828493,0.1849209508354002,0.11919813004479146,0.09783989834815757,0.09090909090909093,0.07369942196531792,0.08896034297963558,0.07368759030341948,0.2955997809019536,0.22925225965488902,0.33359013867488446,0.25780189959294436,0.23378512902978782,0.3336756964950572,0.05649807429098895,0.4869137608713323,0.654938039717113,0.4486426619284002,0.491092222262601,0.4592442016212724,0.5001276765361666,0.43290157157414233,1
0.006060606060606061,0.1650036094357637,0.0729273196770671,0.2642002602277569,0.26334180432020327,0.32806324110671947,0.20905587668593448,0.32475884244372993,0.2088617755659014,0.41427788935548654,0.35497124075595726,0.47553929121725724,0.46607869742198105,0.23378512902978782,0.475478238541533,0.04099691249960213,0.4959359505811591,0.416255036970841,0.9758850386046549,0.6956274985522387,0.7380886454654124,0.43697717125738694,0.6719494312674492,1
0.696969696969697,0.6082772512400159,0.2496177674352144,0.5948219282185914,0.9336086404066073,0.6047430830039526,0.8342967244701348,1.0,0.8343233263766255,1.0,1.0,1.0,1.0,1.0,1.0,0.6890536970430021,0.0,0.8616714226715605,0.773041281881708,1.0,1.0,0.7366687011870803,1.0,1
0.7292929292929293,0.17911533893766152,0.05367994529328314,0.13447211763215772,0.1664548919949174,0.20948616600790518,0.1565510597302505,0.1114683815648446,0.15652592711510677,0.15775059339054226,0.124075595727198,0.19818952234206472,0.11329715061058344,0.09947162876177348,0.19816407754525617,0.14469872998694974,0.5438917337234822,0.921902744172047,0.338840505804642,0.6736553357079693,0.38138170587030273,0.4572523831470531,0.42026560182922285,1
0.06868686868686869,0.32516941061406973,0.5044326729742695,0.09953135974760209,0.11944091486658197,0.13043478260869568,0.0688824662813102,0.10718113612004287,0.06871086851822122,0.09978090195362424,0.08792111750205422,0.0989984591679507,0.08548168249660787,0.10375985910100315,0.0991141353190397,0.057102842410160094,0.5645777452653825,0.7252071370406061,0.2805112228392949,0.45651156319715613,0.5256191202987716,0.3742274902262944,0.3596001060419031,1
0.47474747474747475,0.2962706378222294,0.9888484031966687,0.003920688106670337,0.9031130876747141,0.8418972332015812,0.8603082851637766,0.8231511254019293,0.860330711189597,0.7727770677378127,0.694330320460148,0.9815100154083204,0.601763907734057,0.40615667355846535,0.9815123892669149,0.8232803895979883,0.08323173209786233,0.7928302934567795,0.26746770993522095,0.8489489966738102,0.5951276284895514,0.5639254618153733,0.8289390838973713,1
0.4727272727272727,0.23355378059287887,0.09860273329454876,0.058470643775835704,0.4393265565438373,0.4466403162055337,0.4031791907514451,0.4378349410503752,0.4032750040134853,0.47617308745663683,0.41002465078060796,0.5331278890600925,0.4208955223880597,0.341144038594073,0.5331236358967776,0.3748925740840946,0.26899943103308144,0.8942020294880083,0.2750731058221716,0.6802180383742188,0.6840972583342901,0.5405086063772426,0.6469011739170056,1
0.08484848484848485,0.381406748480544,0.12981209875787175,0.0017617188849355615,0.21346886912325283,0.1699604743083004,0.17341040462427745,0.19185423365487675,0.1735431048322363,0.26072667518714626,0.19967132292522594,0.23343605546995377,0.24599728629579376,0.255456007351252,0.2334060855051997,0.12114460324028394,0.36962529464358296,0.9416073041035417,0.517139032533087,0.69961578049931,0.576945155430092,0.5856318075616539,0.6645264980489947,1
0.30303030303030304,0.11919288358987495,0.06636455494656912,0.21530968254516564,0.18837357052096568,0.24901185770750991,0.13535645472061655,0.21114683815648447,0.13517418526248196,0.16112835493883512,0.13968775677896464,0.19799691833590136,0.14097693351424695,0.10322383030859943,0.19809988445243293,0.030906833879746635,0.5115419003495083,0.6520097717817634,0.97507629299698,0.5994285252469149,0.44861656075044065,0.2507318045365653,0.5636810624073169,1
0.06666666666666667,0.31340381435856834,0.2353817732733193,0.10180547399449612,0.06385006353240152,0.09090909090909093,0.04287090558766859,0.059485530546623804,0.042864023117675384,0.05011867810845354,0.03368940016433853,0.06105546995377504,0.04314789687924017,0.04900834673405313,0.06111182436769805,0.024636343380972085,0.680078029748842,0.721809879579356,0.33450594806498646,0.4745780699998717,0.45903259428345033,0.3480004163945569,0.3936184314082861,1
0.12323232323232323,0.6455941597000675,0.21916776386294745,0.7289543680265295,0.023189326556543828,0.011857707509881427,0.031791907514450865,0.024651661307609856,0.0317868036602986,0.005568742012050387,0.0032867707477403363,0.009437596302003082,0.00963364993215739,0.003292748296194194,0.009564770830658622,0.003246649902918802,0.9143704787450219,0.41035183547567444,0.668402348947834,0.05105756639045757,0.37604199730313204,0.3024283454366537,0.04962843911289321,2
0.7333333333333333,0.1979542649558717,0.08210906641354604,0.16879109238085369,0.1775730622617535,0.20948616600790518,0.16714836223506743,0.13236870310825294,0.16728206774763205,0.12223845170713894,0.11339359079704191,0.14445300462249613,0.09755766621438264,0.08055746994409985,0.14449865194505074,0.09950027055415858,0.5897748516621963,0.828569161955383,0.197003258886242,0.4574047184996871,0.5048365783543702,0.5678082520859764,0.36453353989412374,1
0.7757575757575758,0.13865472836085047,0.0602672055686539,0.18452566006885676,0.11149936467598476,0.1699604743083004,0.10741811175337186,0.10289389067524116,0.1074008669128271,0.07321526383056418,0.05751848808545603,0.09861325115562403,0.06282225237449118,0.04931464890114097,0.09872897676210042,0.04360696438234077,0.5193042347394946,0.7010926755969118,0.39363202473247644,0.4244946576114461,0.4021034669836275,0.19955976062651365,0.3476331115842494,1
0.7353535353535353,0.17249609948070693,0.0654520959000582,0.20312158163206565,0.522554002541296,0.5652173913043478,0.5052986512524085,0.3354769560557342,0.5052175309038369,0.36132919481467957,0.2900575184880854,0.41506163328197226,0.2158751696065129,0.16823646527299177,0.41507253819489026,0.340038832479231,0.4321710151995449,0.8725935120782302,0.28885365290072745,0.8173105068873303,0.668454073328696,0.6856634820194066,0.448950765075762,1
0.8383838383838383,0.912005449083669,0.3471529032323913,1.0,0.08989834815756036,0.051383399209486175,0.10163776493256262,0.07770632368703109,0.1016214480655001,0.08608727405513969,0.07888249794576827,0.12114791987673344,0.07476255088195385,0.041044490389769504,0.12126075234304794,0.03132062259286374,0.531862147443713,0.6212174594767386,0.2889811398930704,0.11941594875241215,0.3710196997426945,0.2989276950425914,0.1070381170934577,2
0.3333333333333333,0.818736464615886,0.280465823611664,0.2747648162861123,0.022236340533672176,0.011857707509881427,0.03275529865125241,0.02572347266881029,0.03275004013485311,0.07221106445134198,0.05669679539852094,0.09379815100154082,0.08005427408412481,0.039436404012558386,0.0939144948003595,0.01129961485819779,0.6545557993985209,0.1140017872934171,0.4283921499884463,0.11765549264294958,0.0,0.30931931946181895,0.09735765117184587,2
0.33131313131313134,0.8212514263092937,0.30634944936056424,0.8962888758391194,0.011753494282083866,0.007905138339920952,0.022157996146435446,0.011254019292604497,0.022154438914753567,0.0459192988862516,0.03615447822514379,0.06047765793528504,0.052510176390773405,0.02274293590627154,0.06059827962511235,0.0074800267371168475,0.7304722425424693,0.04731894321026823,0.39582320741336874,0.08474488935270291,0.11384024546451188,0.25790882738666154,0.06014978418815808,2
0.14747474747474748,0.5786740563071979,0.20449493248415448,0.6191290430296958,0.04701397712833545,0.051383399209486175,0.04816955684007707,0.04823151125401929,0.04816182372772516,0.06472521453350373,0.05423171733771568,0.07203389830508475,0.05875169606512891,0.049544375526456845,0.07215303633329055,0.006365980201801572,0.7262049906526865,0.3271796929868566,0.7332175326486219,0.35406863880419887,0.586688097537476,0.4267408050650661,0.24056599865790715,1
0.4101010101010101,0.5120042847495517,0.25564367147391737,0.3462065471461306,0.11181702668360863,0.09090909090909093,0.10549132947976879,0.11789924973204714,0.10563493337614382,0.5073032682125251,0.40673788003286765,0.6194144838212635,0.48697421981004074,0.3035454475840416,0.6193349595583516,0.1514784989018684,0.2227505486466716,0.8080246207834693,0.6635498753017854,0.44294590823679036,0.6602036382955254,0.7621724229358663,0.36540755714250206,1
0.3717171717171717,0.1428812612067159,0.09528971085050572,0.23895471346160488,0.10546378653113088,0.13043478260869568,0.09730250481695568,0.10557341907824225,0.09728688393000481,0.2779806463392368,0.21774856203779783,0.3771186440677966,0.2253731343283582,0.15200245041733668,0.37707022724354866,0.02673711684756661,0.606721937738763,0.5435798600497922,0.8593220879182172,0.3957759178210337,0.7538961638291024,0.26008466689325166,0.30938346574763687,1
0.06262626262626263,0.2959737326223133,0.15716749849454467,0.06379034393819015,0.07052096569250317,0.09090909090909093,0.046724470134874754,0.06216505894962485,0.04687750842831915,0.06280810662771591,0.05669679539852094,0.05258089368258859,0.04911804613297151,0.08254843403017076,0.052638336115034025,0.031065983384791676,0.6684548484109568,0.405048287254918,0.364736301124276,0.4167034144025451,0.5598927556002783,0.48763317063101563,0.32175018847291376,1
0.6565656565656566,0.16194141070721657,0.06039376588382988,0.25527076352666184,0.06766200762388817,0.09090909090909093,0.054431599229287086,0.07502679528403002,0.05426232139990368,0.18915464670440021,0.14954806902218568,0.20396764252696456,0.16852103120759837,0.1570564361742859,0.20406984208499168,0.05608428557787185,0.42103551979192066,0.8592098109808882,0.4851158936439768,0.37943316459206944,0.5105499764755672,0.45481273811451556,0.2908820532363492,1
0.5131313131313131,0.7091260508115408,0.2665135695112118,0.689615070180893,0.11626429479034307,0.09090909090909093,0.12186897880539499,0.1007502679528403,0.12200995344357038,0.06627715902866532,0.052588331963845505,0.07819722650231123,0.06065128900949796,0.04456696531127958,0.07825138015149571,0.017665595059999362,0.6189547264894742,0.43055338430775053,0.5895157884672078,0.3619528135567234,0.5492988818578224,0.4741844271994618,0.27601547549023664,1
0.42424242424242425,0.3703863260601263,0.12490686589709833,0.470655290338181,0.07973316391359593,0.09090909090909093,0.07514450867052022,0.07234726688102894,0.07513244501525125,0.6394924228592295,0.5645028759244043,0.7638674884437596,0.5959294436906377,0.38065701814840336,0.7637694184105791,0.050705032307349525,0.45610826627651807,0.5704102608375079,0.5580663410436404,0.2808714881504147,0.45221388549341657,0.4099835933426696,0.18553397897387888,1
0.18181818181818182,0.8668059986493724,0.29635730834787755,0.9197266457102722,0.04129606099110546,0.011857707509881427,0.04865125240847784,0.04823151125401929,0.04864344196500241,0.07285010041993793,0.06491372226787182,0.11171032357473035,0.061601085481682506,0.03170227429359062,0.1116959815123893,0.02148518318108031,0.5809558644233115,0.11314547308443441,0.31827924432085286,0.1183221047078144,0.2079469811061661,0.4419970389720391,0.10457761356010836,2
0.4888888888888889,0.3571944205109097,0.11885034242730437,0.3922530427072899,0.028271918678526037,0.051383399209486175,0.023121387283236993,0.022508038585209004,0.023278214801733824,0.03578601424137302,0.03368940016433853,0.03948382126348227,0.03364993215739484,0.02603568420246573,0.03947875208627552,0.016328739217621034,0.7713565796960091,0.2541363242887575,0.5804323402627826,0.17493929165552483,0.4592442016212724,0.25406296099237136,0.14153901596427715,1
0.18787878787878787,0.8995587173695363,0.3120916133378242,0.9351791080866352,0.01810673443456162,0.007905138339920952,0.023603082851637765,0.02518756698821007,0.023438754214159575,0.04929706043454446,0.040262941659819224,0.07550077041602465,0.04192672998643147,0.022589784822727613,0.07561946334574403,0.013082089314702233,0.6742664390798994,0.4076592289438869,0.2575476283435459,0.17522549911380553,0.21567965350424,0.4192919691013885,0.12047147224270341,2
0.39191919191919194,0.07351023449689119,0.01607316002735338,0.17359263992999185,0.13913595933926304,0.20948616600790518,0.1363198458574181,0.13719185423365488,0.1362979611494622,0.1344714259631185,0.1076417419884963,0.17642526964560862,0.11546811397557666,0.0790259591086607,0.17653100526383367,0.037304643982557215,0.491546777208811,0.6954111358179669,0.8510314494474237,0.5320414040762959,0.3166771344764632,0.4470987620269517,0.4559118360989835,1
0.024242424242424242,0.04306289732901756,0.06108168243567371,0.15128904855665715,0.12166454891994917,0.20948616600790518,0.1083815028901734,0.12861736334405147,0.10852464279980736,0.1039802811758262,0.08709942481511913,0.11902927580893682,0.09592944369063772,0.07642239068841412,0.11901399409423549,0.0319890505140529,0.5434040477932213,0.8376036268523336,0.7940248440276328,0.4459097735959789,0.723730862479993,0.400034165707239,0.38736775829073705,1
0.8505050505050505,0.1304403511631698,0.023376914990252812,0.19956360035464668,0.05972045743329097,0.09090909090909093,0.0491329479768786,0.057877813504823156,0.04912506020227966,0.04838415190797883,0.03944124897288414,0.05758859784283512,0.05156037991858887,0.04334175664292825,0.05758120426242139,0.01161791386828787,0.7359587092579049,0.2625408032553939,0.8042676270686757,0.33979985004392554,0.41893975719183557,0.20718075972432545,0.2684454919764388,2
0.3898989898989899,0.04233518850569362,0.011370015411780331,0.12707980701693788,0.1696315120711563,0.24901185770750991,0.17341040462427745,0.1495176848874598,0.17322202600738482,0.2010224575497535,0.17337715694330316,0.25751155624036975,0.17245590230664856,0.11264262194655025,0.2576068814995507,0.05602062577585383,0.4559050638055759,0.7455160168089581,0.8145821215429112,0.5121996155092984,0.45964715601989115,0.36002514382517115,0.4475589650973017,1
0.24646464646464647,0.2102321682229932,0.0672076099492738,0.29948645318779005,0.08354510800508258,0.09090909090909093,0.035163776493256256,0.04019292604501608,0.03499759190881361,0.11228774876757347,0.09202958093672967,0.15138674884437595,0.061601085481682506,0.07397197335171146,0.15149569906278088,0.013177579017729254,0.6784524099813056,0.691967212732249,0.8033712341537651,0.23766482918947254,0.5587874449314415,0.18546952045226853,0.1222422891795836,2
0.1292929292929293,0.6686246885406235,0.22327893281076175,0.7523806233951662,0.003176620076238876,0.007905138339920952,0.012524084778420035,0.0075026795284029975,0.01268261358163429,0.0003651634106262562,0.0,0.0025038520801232648,0.0054274084124830415,0.0005360287924037043,0.0025035306201052865,0.0,1.0,0.1948243155902851,0.6677808498601626,0.0,0.35398080676423116,0.0,0.0,2
0.00202020202020202,0.19832685187341362,0.09493044285903837,0.2783227975635313,0.25412960609911056,0.28853754940711474,0.19123314065510594,0.3236870310825295,0.19104190078664313,0.4728866167610005,0.4445357436318817,0.5159861325115562,0.5356852103120759,0.27942415192587483,0.5160482732058032,0.05933093548079065,0.432577420141429,0.47083048478583983,0.9770244535987189,0.7032769940370132,0.7413370432151709,0.473145220270941,0.6713260208604306,1
0.6262626262626263,0.17871364366718676,0.05182440776917033,0.25182217002314417,0.08640406607369759,0.13043478260869568,0.07032755298651251,0.05359056806002144,0.07015572323005298,0.007211977359868549,0.010682004930156119,0.015986132511556242,0.0,0.00704494984302013,0.01604827320580307,0.05280580577394403,0.7478257335609201,0.46892186074511,0.5000079679370216,0.19435402904345783,0.3301682278335686,0.40270425131724813,0.1414934510840299,1
0.10909090909090909,0.39019747106629715,0.2556477540647295,0.08393496608979015,0.04510800508259211,0.051383399209486175,0.04383429672447013,0.04501607717041801,0.04366672017980414,0.06974621142961476,0.06244864420706655,0.06047765793528504,0.059972862957937585,0.07213416034918446,0.060534086532289144,0.01947989941751281,0.7123872226286272,0.4991075199320549,0.406269172848458,0.15260643147754113,0.6157210745150478,0.36410278539487184,0.1325006006279669,1
0.6141414141414141,0.28998905525929725,0.19411290404890946,0.09003189517196913,0.11944091486658197,0.13043478260869568,0.10886319845857417,0.12593783494105035,0.10900626103708459,0.16770129633010775,0.13229252259654886,0.19818952234206472,0.16757123473541383,0.11792633432881536,0.19816407754525617,0.05503389884457459,0.39571649191254177,0.8554718944610238,0.653223428922018,0.4383752673363885,0.1820971187634928,0.17706110857043203,0.351131251708683,1
0.43434343434343436,0.41207530913070817,0.13629321167212716,0.45675152855020906,0.05527318932655653,0.051383399209486175,0.05298651252408477,0.049303322615219726,0.053138545512923414,0.22156289939748036,0.18241577649958912,0.26020801232665636,0.19728629579375848,0.1600428823033923,0.2601746052124792,0.025050132094089187,0.5779891083475576,0.2560986137976252,0.4746778961459088,0.27979698977734946,0.4240093287319993,0.4670879250916868,0.22196310073152345,1
0.7373737373737373,0.2201231865496123,0.10643110117680679,0.18461777608898414,0.2563532401524778,0.28853754940711474,0.25289017341040465,0.1939978563772776,0.25268903515813135,0.17327003834215812,0.1487263763352506,0.20127118644067796,0.13717774762550883,0.11011562906807563,0.20124534600077038,0.11977591749689659,0.5321059904088434,0.883018612584319,0.2113694493358727,0.5233976857152827,0.6164009193663486,0.6535139074002565,0.4249215041381196,1
0.41414141414141414,0.5319726148615607,0.2526817518397175,0.4571372643844922,0.1718551461245235,0.13043478260869568,0.15558766859344894,0.17524115755627012,0.1554021512281265,0.3066459740733979,0.2933442892358258,0.3547765793528505,0.298236092265943,0.20951068228807712,0.3548594171267172,0.22783843142247828,0.13919369259530195,0.7802049087570379,0.6822307036485185,0.6482739954579256,0.8312499015125423,1.0,0.5955474827474794,1
0.24848484848484848,0.22128752066693053,0.0654970043989916,0.27230071274770573,0.08894536213468868,0.13043478260869568,0.03034682080924855,0.04126473740621651,0.030341948948466854,0.09850283001643237,0.08216926869350862,0.13251155624036978,0.052781546811397545,0.06853510988590245,0.13255873667993326,0.013018429512684214,0.6741851580915225,0.5854995905091452,0.741332876504944,0.2306714593307881,0.6431062156278773,0.44867714652283847,0.12727927957782068,2
0.5252525252525253,0.36990312740143916,0.797630056033559,0.020777919789975445,0.21855146124523506,0.20948616600790518,0.16184971098265896,0.15702036441586284,0.16166318831273077,0.08115756801168522,0.1232539030402629,0.0656779661016949,0.035549525101763894,0.042269699058120835,0.06579792014379256,0.19053378743992108,0.6198488173616192,0.3526311245715512,0.3521270407878698,0.5951493350241812,0.5746602464099915,0.5690138388908955,0.476086722393896,1
0.32727272727272727,0.7795391565563653,0.2637353664635578,0.8061245638882173,0.03113087674714104,0.011857707509881427,0.04046242774566474,0.02786709539121115,0.040616471343714884,0.06289939748037247,0.04930156121610516,0.07935285053929123,0.07299864314789686,0.03683283559231181,0.07947104891513676,0.008753222777477162,0.7077542062911486,0.2526873566490348,0.4785423456013004,0.18055893803472936,0.2017203226336559,0.38053835901396343,0.12154431805943315,2
0.694949494949495,0.5726311622383158,0.2241668963123999,0.48341335912581906,0.5412960609911054,0.3675889328063242,0.485067437379576,0.5691318327974276,0.48498956493819234,0.4451341975534051,0.5743631881676253,0.4322033898305085,0.4265943012211668,0.42422850141664753,0.4321479008858648,0.34653213228506863,0.16613834024221735,0.5862509070630756,0.7507549620327801,0.6293094517346288,0.7518408712819579,0.6831041680383366,0.532172947716371,1
0.8545454545454545,0.16691311738816572,0.08638966288006371,0.19832003408292748,0.05876747141041931,0.09090909090909093,0.05202312138728324,0.06752411575562701,0.05201476962594317,0.06417746941756437,0.04930156121610516,0.08204930662557781,0.06675712347354137,0.045868749521402866,0.08210296572088845,0.016710698029729125,0.6910509631797124,0.30545451151590947,0.7258790626518887,0.352999745251858,0.5020586692599821,0.20003799155466423,0.2455926334015426,2
0.0,0.1843082691009012,0.11259173071231003,0.05481478922703145,0.1956797966963151,0.24901185770750991,0.14547206165703275,0.24758842443729903,0.14528816824530422,0.31221471608544826,0.2801972062448644,0.3326271186440678,0.34735413839891455,0.17244812007044946,0.33258441391706256,0.06830696756533088,0.5117451028204504,0.369155422195571,0.960148362987339,0.569875209570575,0.5857651293618689,0.3906612843814673,0.4973096009344943,1
0.40606060606060607,0.5393486714947722,0.20000612388621822,0.5182620009902473,0.07560355781448538,0.051383399209486175,0.07321772639691715,0.08145766345123258,0.07304543265371649,0.26456089099872193,0.2021364009860312,0.3181818181818182,0.2609226594301221,0.16525001914388546,0.31820516112466307,0.08648184104147436,0.31435422254734613,0.7629922931721194,0.611399727496554,0.4171225103521944,0.6970188127927891,0.7451367251101932,0.3228561723843687,1
0.4707070707070707,0.21719488624455674,0.07945334109025591,0.2928713714923947,1.0,1.0,1.0,0.7663451232583065,1.0,0.7507759722475809,0.6622843056696796,0.9443374422187982,0.5727272727272726,0.4194042422850141,0.944280395429452,1.0,0.017312850524262385,0.967679388493657,0.3289323761184994,0.7710136028998982,0.5722560268696297,0.6974502061508949,0.6760626972752201,1
0.35353535353535354,0.2795857299210581,0.15197444298151608,0.001577486844680881,0.25508259212198214,0.24901185770750991,0.22447013487475914,0.20685959271168278,0.22427355915877348,0.3673543910900128,0.3270336894001643,0.4418335901386749,0.2572591587516961,0.23102840952599735,0.4418410579021698,0.10491135372568992,0.4116475656343982,0.6690193919002475,0.633251794777814,0.49846726233254923,0.4920500924093747,0.5422867356980035,0.41099936209167653,1
0.34545454545454546,0.2831427706494655,0.13158598446574196,0.0030398286642025966,0.23983481575603557,0.24901185770750991,0.21146435452793833,0.19882100750267953,0.21126986675228768,0.19691436918020813,0.1832374691865242,0.22785053929121724,0.16132971506105837,0.14426832069836895,0.22788547952240346,0.08256676321736639,0.4689100219458669,0.563634412164795,0.616658565930695,0.4773878931894739,0.4488461772233966,0.38626422903835994,0.3763410572709122,1
0.9959595959595959,0.5027303635051114,0.281412984680078,0.050727140833880316,0.3786531130876747,0.28853754940711474,0.2678227360308285,0.2529474812433012,0.2679402793385776,0.1236078144969874,0.14050944946589974,0.15658705701078582,0.10786974219810042,0.07259361359981621,0.15663114648863782,0.33898844574593373,0.3837275461269609,0.35231846488761753,0.32429902074054023,0.21294467698423766,0.3425765219407545,0.5589674304718959,0.180579833812455,2
0.1414141414141414,0.5212898493351652,0.18530063178092818,0.590331272237383,0.07719186785260482,0.051383399209486175,0.07947976878612717,0.07984994640943192,0.07962754856317227,0.1069928793134928,0.08545603944124897,0.13463020030816641,0.10542740841248302,0.0683819588023585,0.13474130183592248,0.016583378425693095,0.6004633016337481,0.2416766025558763,0.8149287268033434,0.32821305840060483,0.4767085604172717,0.4687975450515776,0.25120332706471044,1
0.1898989898989899,0.9150327177886965,0.3264949937230166,0.9578454062892214,0.021283354510800507,0.011857707509881427,0.028420038535645474,0.030010718113612004,0.02825493658693209,0.05970421763739274,0.04601479046836481,0.08686440677966102,0.05522388059701491,0.03292748296194195,0.08698164077545258,0.013082089314702233,0.6567910265788834,0.49213334235535405,0.22856425742810949,0.146251107178094,0.27321658911482855,0.4310017314183929,0.10934949920054346,2
0.6080808080808081,0.5454032089048273,0.19398021984751526,0.07893767199788133,0.21410419313850063,0.1699604743083004,0.21098265895953758,0.19131832797427656,0.21078824851501043,0.14140953076501736,0.11996713229252261,0.17661787365177195,0.13704206241519676,0.09280955662761313,0.17659519835665685,0.05563866696374574,0.4203446313907177,0.7778832939397688,0.6319410691377895,0.45558947978766046,0.3065875165177537,0.33410280318951113,0.35420273886352904,1
0.3515151515151515,0.3166755932282328,0.12301458505567632,0.0,0.21060991105463783,0.20948616600790518,0.19315992292870904,0.17524115755627012,0.19312891314817787,0.231057148073763,0.23007395234182412,0.2721494607087827,0.18127544097693352,0.1707634581514664,0.2722429066632431,0.08065696915682591,0.4804925627895636,0.5431295367736787,0.6219174043648359,0.40573767305561986,0.34342520243393465,0.38020026086941044,0.28227236200054673,1
0.37373737373737376,0.12944484549286261,0.047458076895597966,0.2380335532603314,0.09339263024142312,0.13043478260869568,0.07610789980732176,0.1007502679528403,0.07593514207738,0.11365711155742195,0.09202958093672967,0.1596687211093991,0.0853459972862958,0.0702197718048855,0.15971241494415203,0.01129961485819779,0.7062911485003658,0.4034569894605687,0.9643514497661408,0.46537278476240906,0.5499494618645309,0.15775570451645735,0.3897971948602815,1
0.43232323232323233,0.4023589409216869,0.1247680578094859,0.48435179108086635,0.06385006353240152,0.051383399209486175,0.0640655105973025,0.05627009646302251,0.06389468614544871,0.2116121964579149,0.16269515201314702,0.2615562403697997,0.18168249660786973,0.14181790336166628,0.26158685325458986,0.03033389566158449,0.5385678289848006,0.44499172851806307,0.5233978470634169,0.3105989148705477,0.3922704792005745,0.4097487041054012,0.24931652679629185,1
0.8282828282828283,0.8608329646275293,0.29092133868152736,0.2110665883680496,0.034625158831003804,0.011857707509881427,0.04142581888246628,0.03269024651661307,0.041419168405843636,0.13638853386890631,0.10846343467543139,0.18393682588597843,0.11614654002713704,0.06907113867830614,0.18404159712414947,0.017665595059999362,0.6354954076241568,0.4978242152591926,0.21493510115296063,0.20772152647111627,0.373680549458713,0.3611911375578992,0.15556885681857718,2
0.5111111111111111,0.677240761008779,0.243230554109638,0.7147339574193698,0.21378653113087676,0.13043478260869568,0.20905587668593448,0.21061093247588428,0.20902231497832718,0.12999817418294687,0.10271158586688577,0.15832049306625579,0.12388059701492536,0.08025116777701202,0.15836435999486456,0.03981920616226883,0.5227993172396977,0.5653703733949943,0.5888424977888974,0.558429623249375,0.46323997847908355,0.4241628067128495,0.4631152294398833,1
0.8585858585858586,0.16332696830682536,0.054896557355297707,0.25040588621368615,0.05654383735705209,0.09090909090909093,0.04865125240847784,0.06484458735262594,0.04864344196500241,0.07038524739821071,0.05751848808545603,0.0807010785824345,0.06119402985074627,0.046864231564438315,0.0808191038644242,0.011140465353152752,0.7194180281232221,0.24420587940202668,0.7528106897843079,0.35221651675579235,0.23182709429358045,0.25865931629437316,0.2690191952413696,2
0.49292929292929294,0.3699729874484781,0.11353685048531796,0.3930763296371781,0.02858958068614993,0.051383399209486175,0.022639691714836218,0.016077170418006426,0.02279659656445657,0.04528026291765566,0.04272801972062449,0.03428351309707241,0.02957937584803256,0.041963396891033004,0.03427911156759534,0.01890696119935067,0.7474599691132244,0.3196431946353198,0.5018366094834388,0.2467858613154008,0.5467978632161165,0.4786139577590854,0.1258564126355555,1
0.8707070707070707,0.351960738653564,0.11474937995652043,0.4232385689776274,0.04479034307496822,0.051383399209486175,0.04046242774566474,0.050375133976420156,0.04045593193128913,0.05660032864706957,0.046836483155299896,0.07395993836671802,0.052374491180461336,0.04517956964545523,0.07407882911798692,0.013464048126810324,0.6490693326830855,0.3407080575200487,0.7498864568974445,0.2988629626756908,0.3966174341934947,0.3684673655214629,0.23976861325358098,1
0.026262626262626262,0.039139091353654835,0.03665758290210968,0.14824921989245457,0.11562897077509529,0.20948616600790518,0.09633911368015415,0.12861736334405147,0.09616310804302457,0.17199196640496622,0.13968775677896464,0.18990755007704158,0.15671641791044777,0.1320928095566276,0.19001155475670822,0.030461215265620525,0.5454360725026417,0.6777411971132645,0.8931300447001268,0.5339233582350094,0.7197395879059654,0.4490944308117736,0.469780128741498,1
0.3939393939393939,0.06095871271219991,0.0003266072649703722,0.12854790608771752,0.08386277001270648,0.13043478260869568,0.08622350674373795,0.08896034297963558,0.08637020388505379,0.11584809202117947,0.0961380443714051,0.15832049306625579,0.10488466757123471,0.06378742629604105,0.15836435999486456,0.026005029124359424,0.5609607412826141,0.7468226542940543,0.789359616901588,0.35068405028934435,0.1619201339879654,0.28040525511284464,0.2749136338406223,1
0.40404040404040403,0.515363388678015,0.2111005644181798,0.05681255541354333,0.18392630241423125,0.13043478260869568,0.16859344894026973,0.1757770632368703,0.16856638304703805,0.3506481650538616,0.28759244042728016,0.42835130970724195,0.3327001356852103,0.21372233708553484,0.42836050840929524,0.1720406149536875,0.22157197431520773,0.6998070376428261,0.6187262455877547,0.48383560663053915,0.758182337990946,0.7456016100589535,0.40921404723835403,1
0.00808080808080808,0.16114966350744006,0.08090878471478002,0.26010685458334776,0.35451080050825917,0.40711462450592895,0.28275529865125243,0.4372990353697749,0.28287044469417244,0.49945225488406064,0.41002465078060796,0.5845531587057011,0.5773405698778834,0.28685197947775476,0.5845423032481706,0.054174491517331384,0.4554986588636919,0.3751589547833432,0.9928129208066738,0.7624720369166038,0.5137983742253258,0.4043355748647163,0.7576114061322043,1
0.6989898989898989,0.6391204620077777,0.26731579860579524,0.6275519016200906,0.8087674714104193,0.525691699604743,0.722543352601156,0.8612004287245446,0.7225878953283031,0.7056782910352384,0.7666392769104355,0.7374807395993838,0.6765264586160109,0.5818975419251091,0.737386057260239,0.5156443963459273,0.04096561814191658,0.764368929093917,0.7177796546696096,0.9266446487612532,0.7877871050090158,0.7832933250528944,0.8495406231618712,1
0.3434343434343434,0.30277344386745225,0.11763781295610196,0.008894953193547283,0.20616264294790343,0.20948616600790518,0.174373795761079,0.18649517684887462,0.17418526248193933,0.2048566733613292,0.18734593262119964,0.2648305084745763,0.16824966078697423,0.1308676008882763,0.26486070098857367,0.06741573033707864,0.45188165488092336,0.47498372536346695,0.5841533668517884,0.46204713726549473,0.49654787390904037,0.4166997350378225,0.37615258435716237,1
0.1919191919191919,0.9554642200125748,0.3252640925931597,0.6753831450712172,0.0054002541296060995,0.0,0.011560693641618497,0.011254019292604497,0.011558837694654033,0.018075588825999644,0.014790468364831543,0.030624036979969172,0.021709633649932156,0.01079715138984608,0.030620105276672235,0.011681573670305886,0.746322035275949,0.8255078969903006,0.24271132960965083,0.11670213071779856,0.438069960987711,0.26928849914674696,0.08669546919399869,2
0.1494949494949495,0.5695340334862492,0.19510497361625687,0.6454339240273125,0.04129606099110546,0.051383399209486175,0.046724470134874754,0.044480171489817796,0.04687750842831915,0.049388351287201024,0.041084634346754315,0.0614406779661017,0.050339213025780184,0.03935982847078643,0.06143278983181412,0.0052837635674953054,0.7470129236771521,0.163119690326916,0.7622965188083155,0.23822386485656274,0.4385697144876739,0.42297234535123945,0.1781483261119902,1
