0.14747474747474748,0.5786740563071979,0.20449493248415448,0.6191290430296958,0.04701397712833545,0.051383399209486175,0.04816955684007707,0.04823151125401929,0.04816182372772516,0.06472521453350373,0.05423171733771568,0.07203389830508475,0.05875169606512891,0.049544375526456845,0.07215303633329055,0.006365980201801572,0.7262049906526865,0.3271796929868566,0.7332175326486219,0.35406863880419887,0.586688097537476,0.4267408050650661,0.24056599865790715,1
0.494949494949495,0.3705842628600703,0.11266725864233443,0.3879293470125624,0.0019059720457433272,0.011857707509881427,0.003371868978805393,0.0021436227224008574,0.003371327660940756,0.006390359685959476,0.006573541495480684,0.0,0.000814111261872458,0.020981698445516495,0.0,0.005506572874558361,0.8732422986263516,0.12786147776033,0.4055042508944008,0.22163142590436052,0.34760332178497544,0.3886286917203323,0.14620320279685517,1
0.9777777777777777,0.1630591714598421,0.9780744460434592,0.16563611869149192,0.03144853875476493,0.051383399209486175,0.022639691714836218,0.030010718113612004,0.02263605715203082,0.031586635019171076,0.02629416598192276,0.03389830508474575,0.02971506105834463,0.032544605253082164,0.03389395301065606,0.019575389120539834,0.6739006746322037,0.6344541638570073,0.35697154649689666,0.29035972643412455,0.24844052145450782,0.3242165465231945,0.19536770858359495,2
0.4080808080808081,0.5233041473581259,0.20475213570531858,0.43508123481524985,0.04860228716645489,0.051383399209486175,0.04576107899807321,0.05466237942122187,0.04559319312891314,0.2560708417016615,0.19884963023829086,0.31163328197226503,0.2503392130257802,0.15812849375909335,0.3116574656566954,0.09822707451379827,0.304112818011867,0.7983181708941833,0.5494569850919899,0.28893176275408605,0.7417039793435221,0.5476229031242047,0.20726842685179814,1
0.8787878787878788,0.35794541601658014,0.1250742521203956,0.45660759726876005,0.053367217280813214,0.051383399209486175,0.051059730250481696,0.05680600214362272,0.05089099373896292,0.1087274055139675,0.09285127362366474,0.13482280431432972,0.10461329715061057,0.07251703805804426,0.1348054949287457,0.01686984753477417,0.5920100788425587,0.1703458622757425,0.7286598726723662,0.3051578995518494,0.23214450530031358,0.34954632567392735,0.23161249968933037,1
0.696969696969697,0.6082772512400159,0.2496177674352144,0.5948219282185914,0.9336086404066073,0.6047430830039526,0.8342967244701348,1.0,0.8343233263766255,1.0,1.0,1.0,1.0,1.0,1.0,0.6890536970430021,0.0,0.8616714226715605,0.773041281881708,1.0,1.0,0.7366687011870803,1.0,1
0.5252525252525253,0.36990312740143916,0.797630056033559,0.020777919789975445,0.21855146124523506,0.20948616600790518,0.16184971098265896,0.15702036441586284,0.16166318831273077,0.08115756801168522,0.1232539030402629,0.0656779661016949,0.035549525101763894,0.042269699058120835,0.06579792014379256,0.19053378743992108,0.6198488173616192,0.3526311245715512,0.3521270407878698,0.5951493350241812,0.5746602464099915,0.5690138388908955,0.476086722393896,1
0.08686868686868687,0.38159304193931487,0.1443502046398645,0.07284074291570233,0.09911054637865309,0.09090909090909093,0.0789980732177264,0.09378349410503752,0.07898539091346926,0.2905787840058426,0.23418241577649956,0.30161787365177195,0.27421981004070556,0.29144651198407223,0.3015791500834511,0.05678454340007002,0.44915874177029996,0.8690235918064498,0.49667737026206543,0.5022685963883621,0.5207971743666975,0.5045887925803471,0.44576122345845726,1
0.12323232323232323,0.6455941597000675,0.21916776386294745,0.7289543680265295,0.023189326556543828,0.011857707509881427,0.031791907514450865,0.024651661307609856,0.0317868036602986,0.005568742012050387,0.0032867707477403363,0.009437596302003082,0.00963364993215739,0.003292748296194194,0.009564770830658622,0.003246649902918802,0.9143704787450219,0.41035183547567444,0.668402348947834,0.05105756639045757,0.37604199730313204,0.3024283454366537,0.04962843911289321,2
0.006060606060606061,0.1650036094357637,0.0729273196770671,0.2642002602277569,0.26334180432020327,0.32806324110671947,0.20905587668593448,0.32475884244372993,0.2088617755659014,0.41427788935548654,0.35497124075595726,0.47553929121725724,0.46607869742198105,0.23378512902978782,0.475478238541533,0.04099691249960213,0.4959359505811591,0.416255036970841,0.9758850386046549,0.6956274985522387,0.7380886454654124,0.43697717125738694,0.6719494312674492,1
0.10505050505050505,0.4814987308758121,0.21672025067107586,0.05771644386104302,0.0911689961880559,0.09090909090909093,0.08766859344894026,0.07609860664523044,0.08765451918445978,0.09238634288844258,0.0829909613804437,0.08359013867488443,0.08127544097693352,0.08829159966306761,0.08357940685582232,0.0327847980392781,0.7098675119889459,0.3781128888121499,0.5841852385998741,0.32207722611275136,0.49526022074697396,0.518898351682572,0.2130448109885922,1
0.024242424242424242,0.04306289732901756,0.06108168243567371,0.15128904855665715,0.12166454891994917,0.20948616600790518,0.1083815028901734,0.12861736334405147,0.10852464279980736,0.1039802811758262,0.08709942481511913,0.11902927580893682,0.09592944369063772,0.07642239068841412,0.11901399409423549,0.0319890505140529,0.5434040477932213,0.8376036268523336,0.7940248440276328,0.4459097735959789,0.723730862479993,0.400034165707239,0.38736775829073705,1
0.1919191919191919,0.9554642200125748,0.3252640925931597,0.6753831450712172,0.0054002541296060995,0.0,0.011560693641618497,0.011254019292604497,0.011558837694654033,0.018075588825999644,0.014790468364831543,0.030624036979969172,0.021709633649932156,0.01079715138984608,0.030620105276672235,0.011681573670305886,0.746322035275949,0.8255078969903006,0.24271132960965083,0.11670213071779856,0.438069960987711,0.26928849914674696,0.08669546919399869,2
0.9696969696969697,0.16820552825838903,0.04445941394408892,0.23708360680276813,0.07909783989834815,0.13043478260869568,0.05684007707129095,0.09539121114683817,0.056830951998715684,0.08718276428701843,0.07066557107641742,0.07877503852080123,0.0886024423337856,0.09418791637950838,0.07882911798690462,0.028328611898016998,0.5948955539299359,0.8095202540476597,0.3796044716062564,0.4241428195104895,0.4171410948203476,0.2686728046308769,0.3545465465963034,2
0.31313131313131315,0.15435577393288774,0.3453239025485574,0.22570727831704038,0.22204574332909785,0.28853754940711474,0.14691714836223504,0.22936763129689175,0.14705410178198747,0.20732152638305643,0.21774856203779783,0.2600154083204931,0.19050203527815468,0.13783597518952448,0.25998202593400954,0.034312633287710476,0.5372266926765831,0.6799298149008006,0.9685585205134538,0.6067350418634908,0.48497925572746775,0.1816850455631736,0.5630493674766168,1
0.40404040404040403,0.515363388678015,0.2111005644181798,0.05681255541354333,0.18392630241423125,0.13043478260869568,0.16859344894026973,0.1757770632368703,0.16856638304703805,0.3506481650538616,0.28759244042728016,0.42835130970724195,0.3327001356852103,0.21372233708553484,0.42836050840929524,0.1720406149536875,0.22157197431520773,0.6998070376428261,0.6187262455877547,0.48383560663053915,0.758182337990946,0.7456016100589535,0.40921404723835403,1
0.1292929292929293,0.6686246885406235,0.22327893281076175,0.7523806233951662,0.003176620076238876,0.007905138339920952,0.012524084778420035,0.0075026795284029975,0.01268261358163429,0.0003651634106262562,0.0,0.0025038520801232648,0.0054274084124830415,0.0005360287924037043,0.0025035306201052865,0.0,1.0,0.1948243155902851,0.6677808498601626,0.0,0.35398080676423116,0.0,0.0,2
0.00404040404040404,0.16503853945928323,0.05912816273206976,0.26528838071551125,0.2801778907242694,0.32806324110671947,0.22928709055876687,0.36923901393354774,0.2294108203563975,0.3906335585174366,0.3262119967132292,0.44337442218798145,0.4461329715061059,0.2198483804272915,0.44331749903710366,0.03959639685520578,0.496220434040478,0.4044159680433804,1.0,0.6367446984271969,0.6863709116449319,0.40881937907386007,0.596682462491819,1
0.6545454545454545,0.1391728570430571,0.049938250813966543,0.2223392863311341,0.096569250317662,0.13043478260869568,0.08188824662813103,0.10610932475884245,0.08203563974955852,0.4280628081066277,0.35497124075595726,0.5036594761171033,0.40162822252374486,0.2857799218929474,0.5037231993837464,0.08161186618709615,0.3627164106315533,0.8968549702389981,0.5064500450188443,0.4213393243442857,0.6747572706255248,0.44307139031295417,0.3410158482938023,1
0.35353535353535354,0.2795857299210581,0.15197444298151608,0.001577486844680881,0.25508259212198214,0.24901185770750991,0.22447013487475914,0.20685959271168278,0.22427355915877348,0.3673543910900128,0.3270336894001643,0.4418335901386749,0.2572591587516961,0.23102840952599735,0.4418410579021698,0.10491135372568992,0.4116475656343982,0.6690193919002475,0.633251794777814,0.49846726233254923,0.4920500924093747,0.5422867356980035,0.41099936209167653,1
0.36363636363636365,0.18482057611252123,0.07668126192882005,0.26329061452899927,0.07528589580686149,0.09090909090909093,0.05394990366088631,0.06859592711682745,0.05394124257505218,0.06865072119773598,0.05505341002465077,0.09996147919876734,0.04816824966078696,0.04793628914924573,0.09994864552574145,0.011999872680395965,0.7031211899536701,0.5585501923790369,0.7516832266957764,0.39290950402218205,0.7266505935135599,0.3477681963531665,0.29749931652679623,1
0.3939393939393939,0.06095871271219991,0.0003266072649703722,0.12854790608771752,0.08386277001270648,0.13043478260869568,0.08622350674373795,0.08896034297963558,0.08637020388505379,0.11584809202117947,0.0961380443714051,0.15832049306625579,0.10488466757123471,0.06378742629604105,0.15836435999486456,0.026005029124359424,0.5609607412826141,0.7468226542940543,0.789359616901588,0.35068405028934435,0.1619201339879654,0.28040525511284464,0.2749136338406223,1
0.010101010101010102,0.18756840462939248,0.05923226879777909,0.27813856552327665,0.25412960609911056,0.28853754940711474,0.19026974951830442,0.35262593783494106,0.1900786643120886,0.34206682490414464,0.304847986852917,0.36074730354391366,0.4010854816824966,0.19327666743242206,0.36082937475927596,0.036827195467422094,0.5257660733154516,0.3709777148310354,0.999127510896154,0.6729612419414882,0.6592176381469501,0.339999056884123,0.6487527649597786,1
0.9939393939393939,0.705487506694921,0.30797432050379175,0.13824311720612112,0.12579415501905972,0.09090909090909093,0.12668593448940269,0.10718113612004287,0.1268261358163429,0.16404966222384518,0.14626129827444534,0.22130200308166406,0.1474898236092266,0.08882762845547132,0.2213377840544358,0.05554317726071872,0.4350971307811103,0.4085668753397841,0.43410117686429794,0.3199555302675687,0.276955735796983,0.6054737199871165,0.2575575567282759,2
0.1494949494949495,0.5695340334862492,0.19510497361625687,0.6454339240273125,0.04129606099110546,0.051383399209486175,0.046724470134874754,0.044480171489817796,0.04687750842831915,0.049388351287201024,0.041084634346754315,0.0614406779661017,0.050339213025780184,0.03935982847078643,0.06143278983181412,0.0052837635674953054,0.7470129236771521,0.163119690326916,0.7622965188083155,0.23822386485656274,0.4385697144876739,0.42297234535123945,0.1781483261119902,1
0.6767676767676768,0.7860885359662807,0.330132582136624,0.12759220237889626,0.05844980940279543,0.051383399209486175,0.04865125240847784,0.05144694533762058,0.04848290255257666,0.14442212890268397,0.11503697617091208,0.17796610169491525,0.12320217096336498,0.09112489470863006,0.1780074463987675,0.04545309864086323,0.48463789319678136,0.7239681647109883,0.0,0.4534793551852638,0.7630560601865296,0.6304947621479552,0.39003951717795987,1
0.6727272727272727,0.6664182753883054,0.2640680976147463,0.1194975071102053,0.06416772554002541,0.051383399209486175,0.05828516377649325,0.0637727759914255,0.058436346122973194,0.09521635932079607,0.07806080525883317,0.12750385208012324,0.08236092265943011,0.06026495137453097,0.12748748234689952,0.061909157462520285,0.41640250345444213,0.6522267669355384,0.2324605786315868,0.3735904101879008,0.46616421179643375,0.4659788742043572,0.2992639200709155,1
0.4262626262626263,0.3489451132897095,0.1282831684987293,0.44228931339021504,0.09243964421855147,0.09090909090909093,0.08766859344894026,0.08788853161843517,0.08765451918445978,0.2954171991966405,0.24486442070665568,0.37134052388289673,0.2647218453188602,0.17857416341220614,0.37142123507510594,0.05885348696565553,0.4201820694139642,0.4616956887962836,0.638319402723441,0.363938366498504,0.18361663954040688,0.4097433657136451,0.29399703414052203,1
0.08888888888888889,0.4633875136809259,0.1859130204027476,0.07825255909818415,0.08703939008894537,0.09090909090909093,0.07321772639691715,0.08306538049303322,0.073366511478568,0.3101150264743473,0.23993426458504516,0.34148690292758094,0.2672998643147897,0.2700819358296959,0.34157144691231234,0.038673329725944554,0.5700642119808178,0.8457911106651953,0.42051584424276733,0.6570346918514767,0.5765399498895816,0.6644028919847607,0.49946564822255535,1
0.4909090909090909,0.38856740330205153,0.12572542535493023,0.45293447096618195,0.0,0.011857707509881427,0.0,0.0,0.0,0.010041993792222021,0.009860312243221031,0.01290446841294298,0.00841248303934871,0.016004288230339225,0.013031197843112087,0.005347423369513321,0.865845728684061,0.18106495621597782,0.4129303681983699,0.1778686240870244,0.40132457188909076,0.31435876127957685,0.12895482449236578,1
0.8747474747474747,0.36156649512144,0.12512324321014118,0.456319734705862,0.0724269377382465,0.09090909090909093,0.06647398843930637,0.07556270096463023,0.06662385615668646,0.14579149169253242,0.12489728841413308,0.1667950693374422,0.13622795115332428,0.10942644919212802,0.16690204134035183,0.01737912595091829,0.59709014061611,0.22358900651218785,0.737185565285292,0.3080008092637923,0.3983260508893136,0.37410515208188366,0.20621422121335137,1
0.6565656565656566,0.16194141070721657,0.06039376588382988,0.25527076352666184,0.06766200762388817,0.09090909090909093,0.054431599229287086,0.07502679528403002,0.05426232139990368,0.18915464670440021,0.14954806902218568,0.20396764252696456,0.16852103120759837,0.1570564361742859,0.20406984208499168,0.05608428557787185,0.42103551979192066,0.8592098109808882,0.4851158936439768,0.37943316459206944,0.5105499764755672,0.45481273811451556,0.2908820532363492,1
0.8323232323232324,1.0,0.3322698184267736,0.9892512119013899,0.054320203303684866,0.011857707509881427,0.06599229287090559,0.050375133976420156,0.06614223791940921,0.09822895745846265,0.09202958093672967,0.14079352850539292,0.08955223880597014,0.0496209510682288,0.14077545256130441,0.026896266352611647,0.5137771275298708,0.4302990566544014,0.2142418906320966,0.08082693886568913,0.34699101119042636,0.20396215436137705,0.06430447281433553,2
0.6363636363636364,0.17706028922059472,0.04404707227206386,0.255391665803079,0.05177890724269377,0.09090909090909093,0.04816955684007707,0.04233654876741693,0.04816182372772516,0.008124885886434181,0.011503697617091206,0.006741140215716479,0.006919945725915875,0.014089899686040274,0.006868660932083719,0.01397332654295445,0.6981224091684956,0.5266822374300307,0.5928702899532281,0.2742474940575341,0.38818465666709445,0.2720533412104269,0.200657376954112,1
0.08080808080808081,0.3767377686700975,0.15041081070047055,0.018118069708798264,0.1823379923761118,0.1699604743083004,0.14258188824662812,0.1822079314040729,0.14255899823406645,0.41656016067190066,0.37551355792933444,0.38828967642526957,0.4073270013568521,0.3865533348648441,0.3883040184876108,0.09851354362287934,0.35922132813135016,0.9537240334965853,0.578412468227851,0.7260783087471544,0.7914924845627945,0.7499208138556177,0.6894587720679,1
0.06262626262626263,0.2959737326223133,0.15716749849454467,0.06379034393819015,0.07052096569250317,0.09090909090909093,0.046724470134874754,0.06216505894962485,0.04687750842831915,0.06280810662771591,0.05669679539852094,0.05258089368258859,0.04911804613297151,0.08254843403017076,0.052638336115034025,0.031065983384791676,0.6684548484109568,0.405048287254918,0.364736301124276,0.4167034144025451,0.5598927556002783,0.48763317063101563,0.32175018847291376,1
0.7272727272727273,0.19218498940455953,0.07654653643201978,0.1886881527283614,0.1639135959339263,0.20948616600790518,0.15414258188824664,0.12861736334405147,0.1541178359287205,0.14423954719737084,0.12818405916187342,0.17045454545454547,0.112483039348711,0.10238149934910787,0.17043266144562846,0.13094821275105836,0.5315370234902057,0.7240101637730092,0.3832298829510054,0.5604441042981201,0.5405667024598227,0.26257903044128916,0.256907221619293,1
0.8484848484848485,0.14096593158372725,0.06374761423599416,0.23166603336902833,0.05940279542566709,0.09090909090909093,0.04720616570327553,0.05251875669882101,0.0473591266655964,0.03688150447325178,0.03615447822514379,0.04025423728813559,0.02930800542740842,0.03223830308599433,0.04031326229297729,0.011777063373332907,0.7313256929204259,0.36568349973517267,0.7267475677872244,0.29677579975819723,0.47861752874145413,0.3426024125971809,0.2399135924180039,2
0.7696969696969697,0.15081037654565352,0.0454147401941272,0.06647322302439927,0.1311944091486658,0.1699604743083004,0.11127167630057803,0.12004287245444802,0.11109327339861935,0.2788935548658025,0.2637633525061627,0.21648690292758085,0.1932157394843962,0.2599739643157975,0.21645910899987164,0.06391444122608778,0.4875233682841585,0.9253070014769672,0.4792275881851432,0.5024445154388404,0.5694375972211905,0.323788585450747,0.4150732766119612,1
0.09090909090909091,0.4982418554828493,0.1849209508354002,0.11919813004479146,0.09783989834815757,0.09090909090909093,0.07369942196531792,0.08896034297963558,0.07368759030341948,0.2955997809019536,0.22925225965488902,0.33359013867488446,0.25780189959294436,0.23378512902978782,0.3336756964950572,0.05649807429098895,0.4869137608713323,0.654938039717113,0.4486426619284002,0.491092222262601,0.4592442016212724,0.5001276765361666,0.43290157157414233,1
0.12727272727272726,0.6632803949421324,0.2234381538524348,0.757671537301231,0.0038119440914866545,0.007905138339920952,0.012042389210019268,0.008038585209003213,0.011879916519505535,0.0,0.0,0.002696456086286585,0.004884667571234736,0.0,0.002760302991398125,0.00022280930706305527,0.9852475006096074,0.2612458321764147,0.6687130984916697,0.04868058000131269,0.38779520911982607,0.05397203038612584,0.02402926093764239,2
0.00202020202020202,0.19832685187341362,0.09493044285903837,0.2783227975635313,0.25412960609911056,0.28853754940711474,0.19123314065510594,0.3236870310825295,0.19104190078664313,0.4728866167610005,0.4445357436318817,0.5159861325115562,0.5356852103120759,0.27942415192587483,0.5160482732058032,0.05933093548079065,0.432577420141429,0.47083048478583983,0.9770244535987189,0.7032769940370132,0.7413370432151709,0.473145220270941,0.6713260208604306,1
0.8686868686868687,0.3691172018722492,0.17975443216265044,0.3706691077412001,0.04637865311308767,0.051383399209486175,0.03227360308285164,0.037513397642015,0.03242896131000161,0.04701478911813037,0.038619556285949055,0.05258089368258859,0.042876526458616004,0.039130101845470555,0.052638336115034025,0.016074100009548974,0.6384621636999107,0.32675270252297706,0.6839477940766355,0.2672526777935014,0.43142008783955665,0.4566442513528373,0.18259918645977447,1
0.4727272727272727,0.23355378059287887,0.09860273329454876,0.058470643775835704,0.4393265565438373,0.4466403162055337,0.4031791907514451,0.4378349410503752,0.4032750040134853,0.47617308745663683,0.41002465078060796,0.5331278890600925,0.4208955223880597,0.341144038594073,0.5331236358967776,0.3748925740840946,0.26899943103308144,0.8942020294880083,0.2750731058221716,0.6802180383742188,0.6840972583342901,0.5405086063772426,0.6469011739170056,1
0.7717171717171717,0.15712106746151877,0.06857323657593109,0.24368141674438962,0.14326556543837357,0.1699604743083004,0.13680154142581888,0.12700964630225078,0.13694011879916518,0.2117034873105715,0.19720624486442068,0.2290061633281972,0.1563093622795115,0.16938509839957117,0.22910514828604445,0.08737307826972658,0.4448914898805171,0.7495245939507352,0.438599077312893,0.4849028729768632,0.4958230062199051,0.45359380533020605,0.40126504676613617,1
0.5151515151515151,0.6869221991942807,0.25354930238729495,0.1528204773912743,0.10387547649301145,0.051383399209486175,0.11271676300578035,0.08252947481243302,0.11253812811045114,0.10507577140770494,0.10188989317995067,0.12557781201848997,0.09687924016282226,0.06776935446818284,0.12556168956220312,0.03128879269185473,0.5455173534910186,0.17485142831810094,0.561098141080293,0.2233378226139329,0.39491106863956743,0.6738949973930853,0.1470005882011814,1
0.24848484848484848,0.22128752066693053,0.0654970043989916,0.27230071274770573,0.08894536213468868,0.13043478260869568,0.03034682080924855,0.04126473740621651,0.030341948948466854,0.09850283001643237,0.08216926869350862,0.13251155624036978,0.052781546811397545,0.06853510988590245,0.13255873667993326,0.013018429512684214,0.6741851580915225,0.5854995905091452,0.741332876504944,0.2306714593307881,0.6431062156278773,0.44867714652283847,0.12727927957782068,2
0.06666666666666667,0.31340381435856834,0.2353817732733193,0.10180547399449612,0.06385006353240152,0.09090909090909093,0.04287090558766859,0.059485530546623804,0.042864023117675384,0.05011867810845354,0.03368940016433853,0.06105546995377504,0.04314789687924017,0.04900834673405313,0.06111182436769805,0.024636343380972085,0.680078029748842,0.721809879579356,0.33450594806498646,0.4745780699998717,0.45903259428345033,0.3480004163945569,0.3936184314082861,1
0.10707070707070707,0.3406375893626435,0.21751227328862896,0.09361866270567779,0.10419313850063532,0.09090909090909093,0.08766859344894026,0.09807073954983922,0.08749397977203403,0.08809567281358407,0.09285127362366474,0.08243451463790445,0.07788331071913161,0.08476912474155752,0.08255231737065093,0.04020116497437693,0.6778021620742909,0.23846834087372049,0.6070372819773231,0.3061486872153858,0.4273297630222931,0.3963408883439774,0.2453461688220236,1
0.6909090909090909,0.5838378781175045,0.23302815967012666,0.5786382949324674,0.4926937738246505,0.32806324110671947,0.4470134874759152,0.5010718113612004,0.4467811847808637,0.5627168157750593,0.5234182415776499,0.5814714946070878,0.5440976933514247,0.4674936825178037,0.5814610347926563,0.2547665276760989,0.1567503860846948,0.691351226489275,0.7559739607818141,0.8294518141810282,0.7408125271543992,0.8237040609146088,0.7748245752110482,1
0.2505050505050505,0.23093402882891276,0.07329679414556477,0.3258834502055339,0.08513341804320203,0.09090909090909093,0.03323699421965317,0.03965702036441587,0.03323165837213036,0.12260361511776521,0.10271158586688577,0.16718027734976887,0.06811397557666214,0.07335936901753579,0.1672230068044679,0.013241238819747272,0.66044867105584,0.4741134114671439,0.7646112045130394,0.16137634870518702,0.4821045475317355,0.24423587150135145,0.15485638778198446,2
0.4303030303030303,0.40453624572107205,0.1445849536115619,0.016839959929531228,0.060355781448538745,0.051383399209486175,0.061657032755298644,0.05573419078242229,0.06148659495906245,0.25214533503742925,0.18241577649958912,0.3095146379044684,0.23758480325644507,0.1565969829236542,0.3094749005007062,0.024986472292071175,0.5599447289279039,0.5735438575205155,0.5493414500051791,0.30981261276311695,0.4092170753614771,0.32055440977851013,0.24081660549926684,1
0.9737373737373738,0.162733157906993,0.1533951845841371,0.18139371538452687,0.04637865311308767,0.09090909090909093,0.031791907514450865,0.05359056806002144,0.03194734307272435,0.055687420120503935,0.0419063270336894,0.04083204930662557,0.05698778833107192,0.07443142660234321,0.040891000128386194,0.021389693478053282,0.6404129074209545,0.7978538479307297,0.3189126953140563,0.4289315060171366,0.2873425044854003,0.2826549423720609,0.3516925281880918,2
0.32525252525252524,0.7861118226486272,0.2793349459567041,0.19107165474915658,0.030495552731893263,0.011857707509881427,0.04142581888246628,0.03161843515541265,0.04125862899341789,0.08690889172904875,0.0657354149548069,0.10747303543913712,0.09850746268656715,0.04755341144038594,0.1075234304788805,0.007511856638125856,0.7192148256522802,0.44661102568709304,0.446132761766651,0.1213503351049991,0.18031196324335522,0.399611098160568,0.11187420779242296,2
0.8565656565656565,0.15745872435554104,0.042793716892740134,0.2484714497910118,0.05209656925031766,0.09090909090909093,0.04431599229287091,0.05734190782422294,0.04430887782950713,0.05011867810845354,0.04272801972062449,0.06875963020030817,0.04925373134328358,0.03170227429359062,0.06881499550648351,0.010694846739026641,0.7138096399252216,0.34864121367956113,0.7448945443535214,0.3612767998570952,0.4314628595354994,0.24537472840931943,0.28898075505148835,2
0.8363636363636363,0.8847076357031413,0.29188483011318983,0.8883841698619411,0.11086404066073698,0.051383399209486175,0.11946050096339113,0.10235798499464095,0.11960186225718414,0.0971334672265839,0.10435497124075595,0.13886748844375962,0.08426051560379919,0.04785971360747377,0.1389780459622545,0.02864691090810708,0.511216776396001,0.26895032677603525,0.2863875763925965,0.14378769806939246,0.15088053415094807,0.37508652643304674,0.11669165831310527,2
0.8585858585858586,0.16332696830682536,0.054896557355297707,0.25040588621368615,0.05654383735705209,0.09090909090909093,0.04865125240847784,0.06484458735262594,0.04864344196500241,0.07038524739821071,0.05751848808545603,0.0807010785824345,0.06119402985074627,0.046864231564438315,0.0808191038644242,0.011140465353152752,0.7194180281232221,0.24420587940202668,0.7528106897843079,0.35221651675579235,0.23182709429358045,0.25865931629437316,0.2690191952413696,2
0.509090909090909,0.6996833011200894,0.24121987813466428,0.7688463619929302,0.14008894536213468,0.09090909090909093,0.14450867052023122,0.13236870310825294,0.14464601059560123,0.07367171809384701,0.05751848808545603,0.09572419106317412,0.06621438263229308,0.04502641856191132,0.09571190139940944,0.024349874271891017,0.5675851418353248,0.19022541829899126,0.5505207046843503,0.27003610408549844,0.4009373754837141,0.48003219050228924,0.19023544616302288,1
0.30707070707070705,0.1285657732342873,0.05903834573420295,0.21816527916911355,0.1956797966963151,0.24901185770750991,0.13680154142581888,0.22615219721329047,0.13677957938673946,0.25205404418477273,0.20460147904683648,0.30373651771956856,0.23500678426051558,0.1595068535109886,0.30382590833226353,0.02877423051214311,0.5275542550597416,0.6654774710031476,0.9843669075639625,0.6375991623866629,0.5223189462855033,0.22227862134253437,0.6016676746170478,1
0.5353535353535354,0.23640057750972215,0.7706951631505354,0.13112139740002537,0.1311944091486658,0.1699604743083004,0.08333333333333331,0.11897106109324758,0.08331995504896453,0.09622055870001826,0.11175020542317174,0.07588597842835129,0.07421981004070555,0.0777241748985374,0.07600462190268328,0.07273132380558296,0.6625213362594491,0.5394219529097184,0.4376309729647898,0.32161835401602584,0.6160452389474561,0.5618448236284337,0.2234522438632391,1
0.9797979797979798,0.1527024194862958,0.034746930402033145,0.1218867663822585,0.05050825921219822,0.09090909090909093,0.03757225433526011,0.049303322615219726,0.037726761920051366,0.021088186963666235,0.017255546425636804,0.019645608628659477,0.020488466757123475,0.028792403706256214,0.019771472589549362,0.020307476843747018,0.663821832073478,0.6970280997057733,0.33803972813398914,0.22686235084622847,0.3228587701111389,0.21829707082444344,0.15997001002427363,2
0.10101010101010101,0.4385056935938337,0.20146769139696055,0.06507421096871509,0.1823379923761118,0.1699604743083004,0.15028901734104044,0.15969989281886388,0.1502648900305025,0.0643600511228775,0.06491372226787182,0.05450693374422188,0.05128900949796473,0.05957577149858335,0.054564128899730405,0.05452462042843047,0.6254572055596197,0.3298489667064102,0.6302518664892472,0.43528429910722444,0.4831310682343619,0.5644855480837841,0.35503740462442107,1
0.7373737373737373,0.2201231865496123,0.10643110117680679,0.18461777608898414,0.2563532401524778,0.28853754940711474,0.25289017341040465,0.1939978563772776,0.25268903515813135,0.17327003834215812,0.1487263763352506,0.20127118644067796,0.13717774762550883,0.11011562906807563,0.20124534600077038,0.11977591749689659,0.5321059904088434,0.883018612584319,0.2113694493358727,0.5233976857152827,0.6164009193663486,0.6535139074002565,0.4249215041381196,1
0.5070707070707071,0.6542451621917424,0.24870530838870347,0.13938305295519712,0.14390088945362134,0.09090909090909093,0.14595375722543352,0.13129689174705253,0.14576978648258146,0.12159941573854298,0.1002465078060805,0.14194915254237286,0.11791044776119403,0.08676008882762844,0.14199512132494546,0.020339306744756022,0.6013980330000814,0.41885664553491647,0.6118618678437967,0.4893666606821645,0.5631906784716548,0.5016637987639843,0.38933326153412806,1
0.39191919191919194,0.07351023449689119,0.01607316002735338,0.17359263992999185,0.13913595933926304,0.20948616600790518,0.1363198458574181,0.13719185423365488,0.1362979611494622,0.1344714259631185,0.1076417419884963,0.17642526964560862,0.11546811397557666,0.0790259591086607,0.17653100526383367,0.037304643982557215,0.491546777208811,0.6954111358179669,0.8510314494474237,0.5320414040762959,0.3166771344764632,0.4470987620269517,0.4559118360989835,1
0.24646464646464647,0.2102321682229932,0.0672076099492738,0.29948645318779005,0.08354510800508258,0.09090909090909093,0.035163776493256256,0.04019292604501608,0.03499759190881361,0.11228774876757347,0.09202958093672967,0.15138674884437595,0.061601085481682506,0.07397197335171146,0.15149569906278088,0.013177579017729254,0.6784524099813056,0.691967212732249,0.8033712341537651,0.23766482918947254,0.5587874449314415,0.18546952045226853,0.1222422891795836,2
0.6666666666666666,0.47758074657103594,0.34018392071608644,0.08098725344571492,0.12801778907242692,0.09090909090909093,0.0789980732177264,0.09485530546623795,0.07898539091346926,0.2117034873105715,0.1610517666392769,0.24229583975346686,0.18914518317503393,0.16119151542997165,0.24232892540762618,0.07702836044179902,0.41042835080874585,0.9812870845884444,0.4413241117742207,0.572801649191378,0.881265772062879,0.6853213800810366,0.48192731158922014,1
0.997979797979798,0.642892904547889,0.6018065464343674,0.05427936486004121,0.18170266836086404,0.13043478260869568,0.14547206165703275,0.15969989281886388,0.14528816824530422,0.12251232426510865,0.12818405916187342,0.15600924499229582,0.10189959294436905,0.06654414579983152,0.15598921556040574,0.22783843142247828,0.42993578801918236,0.4541755234133104,0.27757902201540996,0.2206504014769246,0.4528847257771505,0.31822197744707426,0.16313676920145476,2
0.6747474747474748,0.664898819365205,0.28415852700123495,0.5681946411505292,0.027318932655654386,0.011857707509881427,0.015414258188824661,0.02197213290460879,0.0155723230052978,0.155924776337411,0.11750205423171735,0.19645608628659475,0.13405698778833106,0.09855272226051,0.19655925022467588,0.03132062259286374,0.4973990083719419,0.5621107795259239,0.22360820060078254,0.33128486175890487,0.4825165064979211,0.5130532575756227,0.23867298499672762,1
0.4707070707070707,0.21719488624455674,0.07945334109025591,0.2928713714923947,1.0,1.0,1.0,0.7663451232583065,1.0,0.7507759722475809,0.6622843056696796,0.9443374422187982,0.5727272727272726,0.4194042422850141,0.944280395429452,1.0,0.017312850524262385,0.967679388493657,0.3289323761184994,0.7710136028998982,0.5722560268696297,0.6974502061508949,0.6760626972752201,1
0.32727272727272727,0.7795391565563653,0.2637353664635578,0.8061245638882173,0.03113087674714104,0.011857707509881427,0.04046242774566474,0.02786709539121115,0.040616471343714884,0.06289939748037247,0.04930156121610516,0.07935285053929123,0.07299864314789686,0.03683283559231181,0.07947104891513676,0.008753222777477162,0.7077542062911486,0.2526873566490348,0.4785423456013004,0.18055893803472936,0.2017203226336559,0.38053835901396343,0.12154431805943315,2
0.5373737373737374,0.515165451878071,0.23096849260540742,0.10642278950337951,0.09275730622617534,0.09090909090909093,0.06791907514450866,0.06913183279742766,0.06806871086851822,0.01962753332116123,0.02629416598192276,0.015215716486902925,0.008141112618724557,0.029481583582203836,0.015342149184747722,0.03488557150587262,0.760993253677965,0.3348678546179135,0.32628702102738605,0.5883212169765318,0.619838413035012,0.5482781907122659,0.39407408021075824,1
0.14343434343434344,0.51135807931444,0.17036447329475288,0.5647172613907216,0.06385006353240152,0.051383399209486175,0.06599229287090559,0.06752411575562701,0.06614223791940921,0.08188789483293774,0.06820049301561217,0.0930277349768875,0.08005427408412481,0.0591163182479516,0.09307998459365772,0.008753222777477162,0.6709745590506381,0.19801391102265378,0.8340199039066797,0.35411076535996594,0.427935320191167,0.49524260321335584,0.26651105569685274,1
0.32323232323232326,0.703321845236709,0.27628729191544954,0.25276060197819156,0.03621346886912325,0.011857707509881427,0.03805394990366088,0.03215434083601287,0.03820838015732863,0.08280080335950339,0.06984387838948233,0.10015408320493066,0.09335142469470827,0.050769584194808176,0.10020541789703431,0.02565490021326034,0.695480777046249,0.19883755929450903,0.4166912344724827,0.16714587883860163,0.13668933566551633,0.4615502333766928,0.11800682644751338,2
0.3696969696969697,0.13025405770439882,0.04177715178051994,0.2275898994783931,0.11054637865311306,0.1699604743083004,0.10067437379576107,0.10557341907824225,0.10065821159094557,0.11511776519992696,0.09942481511914542,0.1596687211093991,0.0880597014925373,0.07626923960487018,0.15964822185132885,0.012954769710666203,0.6809721206209869,0.48285854949239465,0.9280057050429071,0.449722136492572,0.6951526161645496,0.19520941621127222,0.3812641354685312,1
0.06464646464646465,0.37556761288219265,0.12484562703491638,0.059645123032459384,0.04002541296060991,0.051383399209486175,0.02552986512524084,0.03054662379421222,0.025686305988120082,0.07978820522183679,0.05998356614626129,0.11729583975346687,0.054545454545454536,0.040355310513821886,0.11728078058800875,0.01731546614890028,0.6697959847191745,0.5091709618485188,0.3177015688867997,0.3362686321868944,0.44432813544670535,0.31244316837109637,0.2600532694872708,1
0.33131313131313134,0.8212514263092937,0.30634944936056424,0.8962888758391194,0.011753494282083866,0.007905138339920952,0.022157996146435446,0.011254019292604497,0.022154438914753567,0.0459192988862516,0.03615447822514379,0.06047765793528504,0.052510176390773405,0.02274293590627154,0.06059827962511235,0.0074800267371168475,0.7304722425424693,0.04731894321026823,0.39582320741336874,0.08474488935270291,0.11384024546451188,0.25790882738666154,0.06014978418815808,2
0.10909090909090909,0.39019747106629715,0.2556477540647295,0.08393496608979015,0.04510800508259211,0.051383399209486175,0.04383429672447013,0.04501607717041801,0.04366672017980414,0.06974621142961476,0.06244864420706655,0.06047765793528504,0.059972862957937585,0.07213416034918446,0.060534086532289144,0.01947989941751281,0.7123872226286272,0.4991075199320549,0.406269172848458,0.15260643147754113,0.6157210745150478,0.36410278539487184,0.1325006006279669,1
0.4161616161616162,0.455673800153692,0.2120150647600968,0.07228804679493822,0.1823379923761118,0.13043478260869568,0.15366088631984587,0.1934619506966774,0.15363621769144326,0.5190797882052218,0.45110928512736237,0.6153697996918336,0.503663500678426,0.3365495060877555,0.6152907947104893,0.27564694273800805,0.13423555230431602,0.9259393206885048,0.6329848688875961,0.6248471104346756,0.8620927965710607,0.8427091804323028,0.5331360235943234,1
0.41414141414141414,0.5319726148615607,0.2526817518397175,0.4571372643844922,0.1718551461245235,0.13043478260869568,0.15558766859344894,0.17524115755627012,0.1554021512281265,0.3066459740733979,0.2933442892358258,0.3547765793528505,0.298236092265943,0.20951068228807712,0.3548594171267172,0.22783843142247828,0.13919369259530195,0.7802049087570379,0.6822307036485185,0.6482739954579256,0.8312499015125423,1.0,0.5955474827474794,1
0.40606060606060607,0.5393486714947722,0.20000612388621822,0.5182620009902473,0.07560355781448538,0.051383399209486175,0.07321772639691715,0.08145766345123258,0.07304543265371649,0.26456089099872193,0.2021364009860312,0.3181818181818182,0.2609226594301221,0.16525001914388546,0.31820516112466307,0.08648184104147436,0.31435422254734613,0.7629922931721194,0.611399727496554,0.4171225103521944,0.6970188127927891,0.7451367251101932,0.3228561723843687,1
0.3838383838383838,0.04105442097664349,0.0,0.1427107441822976,0.1397712833545108,0.20948616600790518,0.12668593448940269,0.12861736334405147,0.1268261358163429,0.20522183677195546,0.14626129827444534,0.2596302003081664,0.17856173677069195,0.13293514051611915,0.2595968673770703,0.031734411305980835,0.545964398927091,0.9062090946635527,0.8180282543046778,0.5152406827539486,0.5475227309052517,0.26445769947345654,0.44627900618853916,1
0.6060606060606061,0.2902510304356938,0.20694040438061995,0.10284753647218675,0.17026683608640406,0.1699604743083004,0.1628131021194605,0.16398713826366562,0.16278696419971103,0.32180025561438746,0.2925225965488907,0.41063174114021567,0.2709633649932157,0.191515429971667,0.41064321479008864,0.060572301620141954,0.4008778346744697,0.6566926671970994,0.6661115670541741,0.4603541198053934,0.3466600933323428,0.29679278320613117,0.38389032947550683,1
0.43434343434343436,0.41207530913070817,0.13629321167212716,0.45675152855020906,0.05527318932655653,0.051383399209486175,0.05298651252408477,0.049303322615219726,0.053138545512923414,0.22156289939748036,0.18241577649958912,0.26020801232665636,0.19728629579375848,0.1600428823033923,0.2601746052124792,0.025050132094089187,0.5779891083475576,0.2560986137976252,0.4746778961459088,0.27979698977734946,0.4240093287319993,0.4670879250916868,0.22196310073152345,1
0.4101010101010101,0.5120042847495517,0.25564367147391737,0.3462065471461306,0.11181702668360863,0.09090909090909093,0.10549132947976879,0.11789924973204714,0.10563493337614382,0.5073032682125251,0.40673788003286765,0.6194144838212635,0.48697421981004074,0.3035454475840416,0.6193349595583516,0.1514784989018684,0.2227505486466716,0.8080246207834693,0.6635498753017854,0.44294590823679036,0.6602036382955254,0.7621724229358663,0.36540755714250206,1
0.6121212121212121,0.33090957781244906,0.1958908723475918,0.08728568632192248,0.17947903430749682,0.1699604743083004,0.16666666666666663,0.17684887459807075,0.16663991009792906,0.12853752054044185,0.12161051766639278,0.15023112480739598,0.12550881953867027,0.09380503867064857,0.15034022339196307,0.057580290925295215,0.4233113874664716,0.8888588154864543,0.6424706979116038,0.428625772086655,0.2739099408174797,0.1524422252552196,0.369027893991235,1
0.30505050505050507,0.1253231027175558,0.049425885667044325,0.2243082662613562,0.22426937738246502,0.28853754940711474,0.15895953757225434,0.2395498392282958,0.15877347888906726,0.2058608727405514,0.18241577649958912,0.2569337442218798,0.19294436906377205,0.13285856497434717,0.25702914366414176,0.03549033962504377,0.5009347313663335,0.7046882619621496,0.946435543373465,0.6565669605219933,0.4850152739977354,0.2630577062354195,0.6219502597198173,1
0.6525252525252525,0.1445695456768274,0.0574114332955694,0.20263797252639704,0.10609911054637865,0.13043478260869568,0.09104046242774565,0.11789924973204714,0.0911863862578263,0.39483293773963846,0.3212818405916187,0.47014637904468415,0.376797829036635,0.2615054751512367,0.4702144049300296,0.11538339115765352,0.3375599447289279,0.8604954489349738,0.5351864098866165,0.5984664848896746,0.6704643430380061,0.5556709735625045,0.4760452997754894,1
0.00808080808080808,0.16114966350744006,0.08090878471478002,0.26010685458334776,0.35451080050825917,0.40711462450592895,0.28275529865125243,0.4372990353697749,0.28287044469417244,0.49945225488406064,0.41002465078060796,0.5845531587057011,0.5773405698778834,0.28685197947775476,0.5845423032481706,0.054174491517331384,0.4554986588636919,0.3751589547833432,0.9928129208066738,0.7624720369166038,0.5137983742253258,0.4043355748647163,0.7576114061322043,1
0.08282828282828283,0.3962927601704585,0.1781091480653623,0.44530035579812777,0.1905972045743329,0.1699604743083004,0.1464354527938343,0.1645230439442658,0.14641194413228448,0.27761548292861055,0.21610517666392765,0.2438366718027735,0.24477611940298508,0.27498277050310127,0.24393375272820647,0.10503867332972595,0.35405998536942207,0.9169421882911282,0.44539971156068,0.61662393442866,0.7516607799306197,0.6376660017403157,0.5748879518172102,1
0.5333333333333333,0.7497322031530168,0.268095573450912,0.1640931753543588,0.07496823379923762,0.051383399209486175,0.028420038535645474,0.019292604501607722,0.028415475999357842,0.03149534416651451,0.032046014790468355,0.04314329738058551,0.008276797829036626,0.02726089287081705,0.04326614456284504,0.019607219021548845,0.6559375762009267,0.4805299348314554,0.033576886608288205,0.4425658652315434,0.8622346185102394,0.6684444994101075,0.36476343542628015,1
0.4888888888888889,0.3571944205109097,0.11885034242730437,0.3922530427072899,0.028271918678526037,0.051383399209486175,0.023121387283236993,0.022508038585209004,0.023278214801733824,0.03578601424137302,0.03368940016433853,0.03948382126348227,0.03364993215739484,0.02603568420246573,0.03947875208627552,0.016328739217621034,0.7713565796960091,0.2541363242887575,0.5804323402627826,0.17493929165552483,0.4592442016212724,0.25406296099237136,0.14153901596427715,1
0.30303030303030304,0.11919288358987495,0.06636455494656912,0.21530968254516564,0.18837357052096568,0.24901185770750991,0.13535645472061655,0.21114683815648447,0.13517418526248196,0.16112835493883512,0.13968775677896464,0.19799691833590136,0.14097693351424695,0.10322383030859943,0.19809988445243293,0.030906833879746635,0.5115419003495083,0.6520097717817634,0.97507629299698,0.5994285252469149,0.44861656075044065,0.2507318045365653,0.5636810624073169,1
0.38585858585858585,0.07240411708543881,0.027663635342988675,0.11554227549598722,0.2763659466327827,0.3675889328063242,0.26685934489402696,0.2593783494105038,0.26665596403917163,0.1978272777067738,0.22678718159408376,0.25385208012326654,0.16458616010854815,0.1087372693161804,0.2539478752086276,0.06859343667441194,0.437251076973096,0.7882220630405922,0.8598798435097167,0.5516407389467964,0.5840024852606486,0.43380438709034513,0.4834205969827764,1
0.06060606060606061,0.28289243881424203,0.11782561213345993,0.3788271327737286,0.039707750952986016,0.051383399209486175,0.024084778420038536,0.03269024651661307,0.02424145127628833,0.027843710060251967,0.022185702547247325,0.03871340523882896,0.01994572591587517,0.03223830308599433,0.03877262806522019,0.016424228920648057,0.701536210680322,0.47605936800744786,0.2890926910113705,0.25634569666384804,0.32988008167142785,0.27492272677933044,0.1946303859759583,1
0.9757575757575757,0.16430500896537267,1.0,0.11947447810517345,0.10419313850063532,0.13043478260869568,0.08959537572254335,0.09163987138263666,0.0895809921335688,0.06445134197553405,0.05669679539852094,0.0703004622496148,0.054545454545454536,0.0591163182479516,0.07035562973424062,0.042397428143998474,0.6306185483215476,0.7229765201910492,0.37199110778228406,0.2773238174325474,0.33099889919161496,0.3285998110209317,0.15754264458564954,2
0.6101010101010101,0.3953263628530843,0.1897629035385856,0.08258201204416961,0.1670902160101652,0.13043478260869568,0.16136801541425816,0.162379421221865,0.16134210948787928,0.12680299433996714,0.114215283483977,0.16063174114021572,0.11533242876526459,0.07665211731372999,0.16067531133650023,0.06222745647261036,0.4370885149963425,0.8448647980195109,0.6140849222727743,0.3653607253578181,0.3085977862270637,0.22529258835483223,0.28467487386812695,1
