0.6101010101010101,0.3953263628530843,0.1897629035385856,0.08258201204416961,0.1670902160101652,0.13043478260869568,0.16136801541425816,0.162379421221865,0.16134210948787928,0.12680299433996714,0.114215283483977,0.16063174114021572,0.11533242876526459,0.07665211731372999,0.16067531133650023,0.06222745647261036,0.4370885149963425,0.8448647980195109,0.6140849222727743,0.3653607253578181,0.3085977862270637,0.22529258835483223,0.28467487386812695,1
0.1919191919191919,0.9554642200125748,0.3252640925931597,0.6753831450712172,0.0054002541296060995,0.0,0.011560693641618497,0.011254019292604497,0.011558837694654033,0.018075588825999644,0.014790468364831543,0.030624036979969172,0.021709633649932156,0.01079715138984608,0.030620105276672235,0.011681573670305886,0.746322035275949,0.8255078969903006,0.24271132960965083,0.11670213071779856,0.438069960987711,0.26928849914674696,0.08669546919399869,2
0.6686868686868687,0.6971450527443355,0.30955632444349185,0.15156539661703922,0.18710292249047014,0.13043478260869568,0.17341040462427745,0.18006430868167203,0.1735431048322363,0.5268395106810299,0.39934264585045187,0.6858628659476117,0.46580732700135685,0.2867754039359828,0.6857748106303763,0.13282617691058982,0.2928960416158661,0.8161211066286187,0.3651825055974759,0.46188206625512823,0.6362694977027097,0.5524550373954341,0.3876825701906269,1
0.7272727272727273,0.19218498940455953,0.07654653643201978,0.1886881527283614,0.1639135959339263,0.20948616600790518,0.15414258188824664,0.12861736334405147,0.1541178359287205,0.14423954719737084,0.12818405916187342,0.17045454545454547,0.112483039348711,0.10238149934910787,0.17043266144562846,0.13094821275105836,0.5315370234902057,0.7240101637730092,0.3832298829510054,0.5604441042981201,0.5405667024598227,0.26257903044128916,0.256907221619293,1
0.37373737373737376,0.12944484549286261,0.047458076895597966,0.2380335532603314,0.09339263024142312,0.13043478260869568,0.07610789980732176,0.1007502679528403,0.07593514207738,0.11365711155742195,0.09202958093672967,0.1596687211093991,0.0853459972862958,0.0702197718048855,0.15971241494415203,0.01129961485819779,0.7062911485003658,0.4034569894605687,0.9643514497661408,0.46537278476240906,0.5499494618645309,0.15775570451645735,0.3897971948602815,1
0.31313131313131315,0.15435577393288774,0.3453239025485574,0.22570727831704038,0.22204574332909785,0.28853754940711474,0.14691714836223504,0.22936763129689175,0.14705410178198747,0.20732152638305643,0.21774856203779783,0.2600154083204931,0.19050203527815468,0.13783597518952448,0.25998202593400954,0.034312633287710476,0.5372266926765831,0.6799298149008006,0.9685585205134538,0.6067350418634908,0.48497925572746775,0.1816850455631736,0.5630493674766168,1
0.3696969696969697,0.13025405770439882,0.04177715178051994,0.2275898994783931,0.11054637865311306,0.1699604743083004,0.10067437379576107,0.10557341907824225,0.10065821159094557,0.11511776519992696,0.09942481511914542,0.1596687211093991,0.0880597014925373,0.07626923960487018,0.15964822185132885,0.012954769710666203,0.6809721206209869,0.48285854949239465,0.9280057050429071,0.449722136492572,0.6951526161645496,0.19520941621127222,0.3812641354685312,1
0.8565656565656565,0.15745872435554104,0.042793716892740134,0.2484714497910118,0.05209656925031766,0.09090909090909093,0.04431599229287091,0.05734190782422294,0.04430887782950713,0.05011867810845354,0.04272801972062449,0.06875963020030817,0.04925373134328358,0.03170227429359062,0.06881499550648351,0.010694846739026641,0.7138096399252216,0.34864121367956113,0.7448945443535214,0.3612767998570952,0.4314628595354994,0.24537472840931943,0.28898075505148835,2
0.4121212121212121,0.49813124374170403,0.22291966481929432,0.05297246882448448,0.08894536213468868,0.09090909090909093,0.08140655105973026,0.08681672025723473,0.08123294268742977,0.5270220923863429,0.46425636811832377,0.6419491525423728,0.4998643147896879,0.31265793705490463,0.641866735139299,0.1320622592863736,0.25595383239860203,0.799851136657948,0.6759001776849954,0.39445498813676416,0.6607529169171061,0.7045827424030237,0.30966099729096075,1
0.7313131313131314,0.171954684116154,0.05144880941445443,0.17374232846269877,0.15216010165184243,0.1699604743083004,0.13872832369942195,0.1114683815648446,0.1385455129234227,0.19472338871645062,0.15694330320460148,0.23189522342064714,0.16743554952510176,0.12887663680220535,0.2319296443702658,0.08167552598911416,0.5685605136958467,0.8673506291692819,0.30972566392835227,0.7921350985987407,0.45392025104734374,0.4521217438034617,0.3349370790426404,1
0.5333333333333333,0.7497322031530168,0.268095573450912,0.1640931753543588,0.07496823379923762,0.051383399209486175,0.028420038535645474,0.019292604501607722,0.028415475999357842,0.03149534416651451,0.032046014790468355,0.04314329738058551,0.008276797829036626,0.02726089287081705,0.04326614456284504,0.019607219021548845,0.6559375762009267,0.4805299348314554,0.033576886608288205,0.4425658652315434,0.8622346185102394,0.6684444994101075,0.36476343542628015,1
0.14545454545454545,0.5348077684372308,0.20230053992263491,0.6331824933503748,0.036848792884371026,0.051383399209486175,0.0409441233140655,0.03965702036441587,0.040937550168566386,0.04473251780171627,0.037797863599013964,0.052195685670261935,0.042740841248303935,0.03606708017459224,0.05218898446527156,0.0052837635674953054,0.7435991221653255,0.3437249901418869,0.7646311243555932,0.273538032234228,0.46378025253309746,0.3764059989287626,0.2017074403307182,1
0.12525252525252525,0.6406748480543977,0.23078477601886158,0.7347864635508424,0.013977128335451075,0.011857707509881427,0.021676300578034675,0.023043944265809222,0.021672820677476317,0.028208873470878224,0.021364009860312238,0.035631741140215716,0.03459972862957938,0.017765525691094256,0.03562716651688279,0.0017188146544864248,0.907664797203934,0.48853308942766954,0.6550480864999243,0.16218778210554322,0.3802336235055232,0.03958773379931564,0.10724523018549048,2
0.10101010101010101,0.4385056935938337,0.20146769139696055,0.06507421096871509,0.1823379923761118,0.1699604743083004,0.15028901734104044,0.15969989281886388,0.1502648900305025,0.0643600511228775,0.06491372226787182,0.05450693374422188,0.05128900949796473,0.05957577149858335,0.054564128899730405,0.05452462042843047,0.6254572055596197,0.3298489667064102,0.6302518664892472,0.43528429910722444,0.4831310682343619,0.5644855480837841,0.35503740462442107,1
0.13131313131313133,0.6586114151316861,0.22131724792553356,0.7497783458265687,0.009529860228716642,0.011857707509881427,0.01782273603082851,0.012325830653804928,0.017659335366832556,0.02190980463757531,0.01807723911257189,0.025231124807395984,0.025780189959294434,0.018224978941726012,0.025292078572345614,0.0022280930706305505,0.9465577501422419,0.2045867642289322,0.67111941547214,0.03386378441472931,0.36898241633068374,0.4554435580736947,0.02707175225960383,2
0.8282828282828283,0.8608329646275293,0.29092133868152736,0.2110665883680496,0.034625158831003804,0.011857707509881427,0.04142581888246628,0.03269024651661307,0.041419168405843636,0.13638853386890631,0.10846343467543139,0.18393682588597843,0.11614654002713704,0.06907113867830614,0.18404159712414947,0.017665595059999362,0.6354954076241568,0.4978242152591926,0.21493510115296063,0.20772152647111627,0.373680549458713,0.3611911375578992,0.15556885681857718,2
0.8323232323232324,1.0,0.3322698184267736,0.9892512119013899,0.054320203303684866,0.011857707509881427,0.06599229287090559,0.050375133976420156,0.06614223791940921,0.09822895745846265,0.09202958093672967,0.14079352850539292,0.08955223880597014,0.0496209510682288,0.14077545256130441,0.026896266352611647,0.5137771275298708,0.4302990566544014,0.2142418906320966,0.08082693886568913,0.34699101119042636,0.20396215436137705,0.06430447281433553,2
0.8505050505050505,0.1304403511631698,0.023376914990252812,0.19956360035464668,0.05972045743329097,0.09090909090909093,0.0491329479768786,0.057877813504823156,0.04912506020227966,0.04838415190797883,0.03944124897288414,0.05758859784283512,0.05156037991858887,0.04334175664292825,0.05758120426242139,0.01161791386828787,0.7359587092579049,0.2625408032553939,0.8042676270686757,0.33979985004392554,0.41893975719183557,0.20718075972432545,0.2684454919764388,2
0.32525252525252524,0.7861118226486272,0.2793349459567041,0.19107165474915658,0.030495552731893263,0.011857707509881427,0.04142581888246628,0.03161843515541265,0.04125862899341789,0.08690889172904875,0.0657354149548069,0.10747303543913712,0.09850746268656715,0.04755341144038594,0.1075234304788805,0.007511856638125856,0.7192148256522802,0.44661102568709304,0.446132761766651,0.1213503351049991,0.18031196324335522,0.399611098160568,0.11187420779242296,2
0.2505050505050505,0.23093402882891276,0.07329679414556477,0.3258834502055339,0.08513341804320203,0.09090909090909093,0.03323699421965317,0.03965702036441587,0.03323165837213036,0.12260361511776521,0.10271158586688577,0.16718027734976887,0.06811397557666214,0.07335936901753579,0.1672230068044679,0.013241238819747272,0.66044867105584,0.4741134114671439,0.7646112045130394,0.16137634870518702,0.4821045475317355,0.24423587150135145,0.15485638778198446,2
0.98989898989899,0.6604161330135295,0.3277544729885586,0.07341646804149825,0.1670902160101652,0.09090909090909093,0.16570327552986513,0.16291532690246519,0.1655161342109488,0.14789118130363338,0.13968775677896464,0.19241140215716487,0.1373134328358209,0.07956198790106438,0.1925150853768135,0.13928764681541841,0.44407867999674877,0.5877745397019467,0.4361608885843365,0.18631689692535816,0.34581141283916267,0.39729156694254275,0.141456170727464,2
0.06060606060606061,0.28289243881424203,0.11782561213345993,0.3788271327737286,0.039707750952986016,0.051383399209486175,0.024084778420038536,0.03269024651661307,0.02424145127628833,0.027843710060251967,0.022185702547247325,0.03871340523882896,0.01994572591587517,0.03223830308599433,0.03877262806522019,0.016424228920648057,0.701536210680322,0.47605936800744786,0.2890926910113705,0.25634569666384804,0.32988008167142785,0.27492272677933044,0.1946303859759583,1
0.6363636363636364,0.17706028922059472,0.04404707227206386,0.255391665803079,0.05177890724269377,0.09090909090909093,0.04816955684007707,0.04233654876741693,0.04816182372772516,0.008124885886434181,0.011503697617091206,0.006741140215716479,0.006919945725915875,0.014089899686040274,0.006868660932083719,0.01397332654295445,0.6981224091684956,0.5266822374300307,0.5928702899532281,0.2742474940575341,0.38818465666709445,0.2720533412104269,0.200657376954112,1
0.5050505050505051,0.6095114454043732,0.21791849107443587,0.08532822089421625,0.18996188055908514,0.13043478260869568,0.1840077071290944,0.15916398713826366,0.18413870605233584,0.19079788205221834,0.15612161051766638,0.2534668721109399,0.16892808683853458,0.10452561451872272,0.2534343304660419,0.028073972689944934,0.5483621880842072,0.5622834423364546,0.6623626526855929,0.38327662520364936,0.6132223070152335,0.5273717139974411,0.292296635654933,1
0.6525252525252525,0.1445695456768274,0.0574114332955694,0.20263797252639704,0.10609911054637865,0.13043478260869568,0.09104046242774565,0.11789924973204714,0.0911863862578263,0.39483293773963846,0.3212818405916187,0.47014637904468415,0.376797829036635,0.2615054751512367,0.4702144049300296,0.11538339115765352,0.3375599447289279,0.8604954489349738,0.5351864098866165,0.5984664848896746,0.6704643430380061,0.5556709735625045,0.4760452997754894,1
0.5111111111111111,0.677240761008779,0.243230554109638,0.7147339574193698,0.21378653113087676,0.13043478260869568,0.20905587668593448,0.21061093247588428,0.20902231497832718,0.12999817418294687,0.10271158586688577,0.15832049306625579,0.12388059701492536,0.08025116777701202,0.15836435999486456,0.03981920616226883,0.5227993172396977,0.5653703733949943,0.5888424977888974,0.558429623249375,0.46323997847908355,0.4241628067128495,0.4631152294398833,1
0.5151515151515151,0.6869221991942807,0.25354930238729495,0.1528204773912743,0.10387547649301145,0.051383399209486175,0.11271676300578035,0.08252947481243302,0.11253812811045114,0.10507577140770494,0.10188989317995067,0.12557781201848997,0.09687924016282226,0.06776935446818284,0.12556168956220312,0.03128879269185473,0.5455173534910186,0.17485142831810094,0.561098141080293,0.2233378226139329,0.39491106863956743,0.6738949973930853,0.1470005882011814,1
0.6868686868686869,0.47412267424260063,0.182928646519081,0.4949796769030594,0.4447268106734434,0.32806324110671947,0.3829479768786127,0.457663451232583,0.382886498635415,0.6562899397480373,0.6047658175842234,0.645030816640986,0.658887381275441,0.6194195573933685,0.6449480035948133,0.23761021103224372,0.15922945623018778,0.711744104381669,0.873393464698055,0.8438538530340071,0.9195554444992223,0.8854443410378188,0.8553646433098329,1
0.08080808080808081,0.3767377686700975,0.15041081070047055,0.018118069708798264,0.1823379923761118,0.1699604743083004,0.14258188824662812,0.1822079314040729,0.14255899823406645,0.41656016067190066,0.37551355792933444,0.38828967642526957,0.4073270013568521,0.3865533348648441,0.3883040184876108,0.09851354362287934,0.35922132813135016,0.9537240334965853,0.578412468227851,0.7260783087471544,0.7914924845627945,0.7499208138556177,0.6894587720679,1
0.42424242424242425,0.3703863260601263,0.12490686589709833,0.470655290338181,0.07973316391359593,0.09090909090909093,0.07514450867052022,0.07234726688102894,0.07513244501525125,0.6394924228592295,0.5645028759244043,0.7638674884437596,0.5959294436906377,0.38065701814840336,0.7637694184105791,0.050705032307349525,0.45610826627651807,0.5704102608375079,0.5580663410436404,0.2808714881504147,0.45221388549341657,0.4099835933426696,0.18553397897387888,1
0.1494949494949495,0.5695340334862492,0.19510497361625687,0.6454339240273125,0.04129606099110546,0.051383399209486175,0.046724470134874754,0.044480171489817796,0.04687750842831915,0.049388351287201024,0.041084634346754315,0.0614406779661017,0.050339213025780184,0.03935982847078643,0.06143278983181412,0.0052837635674953054,0.7470129236771521,0.163119690326916,0.7622965188083155,0.23822386485656274,0.4385697144876739,0.42297234535123945,0.1781483261119902,1
0.020202020202020204,0.18590922851221384,0.07164742745746451,0.28408580607274864,0.05241423125794155,0.09090909090909093,0.041907514450867045,0.058949624866023585,0.04206132605554664,0.05970421763739274,0.04519309778142975,0.062403697996918334,0.04979647218453188,0.04839574239987747,0.062459879316985496,0.01725180634688226,0.6683329269283916,0.7920789769028492,0.7562767423886282,0.42138524771409197,0.5659550807146926,0.19195878049778717,0.34632829910444296,1
0.30303030303030304,0.11919288358987495,0.06636455494656912,0.21530968254516564,0.18837357052096568,0.24901185770750991,0.13535645472061655,0.21114683815648447,0.13517418526248196,0.16112835493883512,0.13968775677896464,0.19799691833590136,0.14097693351424695,0.10322383030859943,0.19809988445243293,0.030906833879746635,0.5115419003495083,0.6520097717817634,0.97507629299698,0.5994285252469149,0.44861656075044065,0.2507318045365653,0.5636810624073169,1
0.43434343434343436,0.41207530913070817,0.13629321167212716,0.45675152855020906,0.05527318932655653,0.051383399209486175,0.05298651252408477,0.049303322615219726,0.053138545512923414,0.22156289939748036,0.18241577649958912,0.26020801232665636,0.19728629579375848,0.1600428823033923,0.2601746052124792,0.025050132094089187,0.5779891083475576,0.2560986137976252,0.4746778961459088,0.27979698977734946,0.4240093287319993,0.4670879250916868,0.22196310073152345,1
0.10707070707070707,0.3406375893626435,0.21751227328862896,0.09361866270567779,0.10419313850063532,0.09090909090909093,0.08766859344894026,0.09807073954983922,0.08749397977203403,0.08809567281358407,0.09285127362366474,0.08243451463790445,0.07788331071913161,0.08476912474155752,0.08255231737065093,0.04020116497437693,0.6778021620742909,0.23846834087372049,0.6070372819773231,0.3061486872153858,0.4273297630222931,0.3963408883439774,0.2453461688220236,1
0.24646464646464647,0.2102321682229932,0.0672076099492738,0.29948645318779005,0.08354510800508258,0.09090909090909093,0.035163776493256256,0.04019292604501608,0.03499759190881361,0.11228774876757347,0.09202958093672967,0.15138674884437595,0.061601085481682506,0.07397197335171146,0.15149569906278088,0.013177579017729254,0.6784524099813056,0.691967212732249,0.8033712341537651,0.23766482918947254,0.5587874449314415,0.18546952045226853,0.1222422891795836,2
0.34545454545454546,0.2831427706494655,0.13158598446574196,0.0030398286642025966,0.23983481575603557,0.24901185770750991,0.21146435452793833,0.19882100750267953,0.21126986675228768,0.19691436918020813,0.1832374691865242,0.22785053929121724,0.16132971506105837,0.14426832069836895,0.22788547952240346,0.08256676321736639,0.4689100219458669,0.563634412164795,0.616658565930695,0.4773878931894739,0.4488461772233966,0.38626422903835994,0.3763410572709122,1
0.6141414141414141,0.28998905525929725,0.19411290404890946,0.09003189517196913,0.11944091486658197,0.13043478260869568,0.10886319845857417,0.12593783494105035,0.10900626103708459,0.16770129633010775,0.13229252259654886,0.19818952234206472,0.16757123473541383,0.11792633432881536,0.19816407754525617,0.05503389884457459,0.39571649191254177,0.8554718944610238,0.653223428922018,0.4383752673363885,0.1820971187634928,0.17706110857043203,0.351131251708683,1
0.14343434343434344,0.51135807931444,0.17036447329475288,0.5647172613907216,0.06385006353240152,0.051383399209486175,0.06599229287090559,0.06752411575562701,0.06614223791940921,0.08188789483293774,0.06820049301561217,0.0930277349768875,0.08005427408412481,0.0591163182479516,0.09307998459365772,0.008753222777477162,0.6709745590506381,0.19801391102265378,0.8340199039066797,0.35411076535996594,0.427935320191167,0.49524260321335584,0.26651105569685274,1
0.030303030303030304,0.020789185664718334,0.028018820743643914,0.1198429421856829,0.1181702668360864,0.20948616600790518,0.10260115606936415,0.1307609860664523,0.10274522395248033,0.16414095307650173,0.13475760065735412,0.186633281972265,0.14531886024423338,0.11448043494907725,0.1866735139299012,0.03424897348569246,0.5272291311062344,0.7625629694270161,0.86945331984096,0.5432608087611666,0.8043149887780577,0.5423757088939385,0.4792431259164754,1
0.12121212121212122,0.6330659245977225,0.21382773508068217,0.728747106981243,0.038437102922490474,0.011857707509881427,0.04720616570327553,0.040728831725616296,0.04719858725317065,0.013145882782545191,0.009860312243221031,0.020801232665639432,0.01492537313432835,0.00635576996707251,0.020862755167543972,0.008721392876468153,0.7451028204502966,0.38652903418490325,0.6656613786124634,0.11149687947086157,0.38556882978891044,0.14261513576419968,0.084978501661047,2
0.40606060606060607,0.5393486714947722,0.20000612388621822,0.5182620009902473,0.07560355781448538,0.051383399209486175,0.07321772639691715,0.08145766345123258,0.07304543265371649,0.26456089099872193,0.2021364009860312,0.3181818181818182,0.2609226594301221,0.16525001914388546,0.31820516112466307,0.08648184104147436,0.31435422254734613,0.7629922931721194,0.611399727496554,0.4171225103521944,0.6970188127927891,0.7451367251101932,0.3228561723843687,1
0.9797979797979798,0.1527024194862958,0.034746930402033145,0.1218867663822585,0.05050825921219822,0.09090909090909093,0.03757225433526011,0.049303322615219726,0.037726761920051366,0.021088186963666235,0.017255546425636804,0.019645608628659477,0.020488466757123475,0.028792403706256214,0.019771472589549362,0.020307476843747018,0.663821832073478,0.6970280997057733,0.33803972813398914,0.22686235084622847,0.3228587701111389,0.21829707082444344,0.15997001002427363,2
0.08686868686868687,0.38159304193931487,0.1443502046398645,0.07284074291570233,0.09911054637865309,0.09090909090909093,0.0789980732177264,0.09378349410503752,0.07898539091346926,0.2905787840058426,0.23418241577649956,0.30161787365177195,0.27421981004070556,0.29144651198407223,0.3015791500834511,0.05678454340007002,0.44915874177029996,0.8690235918064498,0.49667737026206543,0.5022685963883621,0.5207971743666975,0.5045887925803471,0.44576122345845726,1
0.42828282828282827,0.3713760100598467,0.12109780866938159,0.06402063398850856,0.06797966963151207,0.09090909090909093,0.059248554913294796,0.07181136120042872,0.0593995825975277,0.4538068285557787,0.45357436318816763,0.5558551617873653,0.437449118046133,0.28172141817903357,0.5559121838490179,0.03647706655632301,0.5091441111923922,0.4453907196072622,0.4920519828211279,0.32768909806320906,0.3764944768233687,0.29220310089382473,0.24081039210650584,1
0.9777777777777777,0.1630591714598421,0.9780744460434592,0.16563611869149192,0.03144853875476493,0.051383399209486175,0.022639691714836218,0.030010718113612004,0.02263605715203082,0.031586635019171076,0.02629416598192276,0.03389830508474575,0.02971506105834463,0.032544605253082164,0.03389395301065606,0.019575389120539834,0.6739006746322037,0.6344541638570073,0.35697154649689666,0.29035972643412455,0.24844052145450782,0.3242165465231945,0.19536770858359495,2
0.06666666666666667,0.31340381435856834,0.2353817732733193,0.10180547399449612,0.06385006353240152,0.09090909090909093,0.04287090558766859,0.059485530546623804,0.042864023117675384,0.05011867810845354,0.03368940016433853,0.06105546995377504,0.04314789687924017,0.04900834673405313,0.06111182436769805,0.024636343380972085,0.680078029748842,0.721809879579356,0.33450594806498646,0.4745780699998717,0.45903259428345033,0.3480004163945569,0.3936184314082861,1
0.8747474747474747,0.36156649512144,0.12512324321014118,0.456319734705862,0.0724269377382465,0.09090909090909093,0.06647398843930637,0.07556270096463023,0.06662385615668646,0.14579149169253242,0.12489728841413308,0.1667950693374422,0.13622795115332428,0.10942644919212802,0.16690204134035183,0.01737912595091829,0.59709014061611,0.22358900651218785,0.737185565285292,0.3080008092637923,0.3983260508893136,0.37410515208188366,0.20621422121335137,1
0.7373737373737373,0.2201231865496123,0.10643110117680679,0.18461777608898414,0.2563532401524778,0.28853754940711474,0.25289017341040465,0.1939978563772776,0.25268903515813135,0.17327003834215812,0.1487263763352506,0.20127118644067796,0.13717774762550883,0.11011562906807563,0.20124534600077038,0.11977591749689659,0.5321059904088434,0.883018612584319,0.2113694493358727,0.5233976857152827,0.6164009193663486,0.6535139074002565,0.4249215041381196,1
0.36363636363636365,0.18482057611252123,0.07668126192882005,0.26329061452899927,0.07528589580686149,0.09090909090909093,0.05394990366088631,0.06859592711682745,0.05394124257505218,0.06865072119773598,0.05505341002465077,0.09996147919876734,0.04816824966078696,0.04793628914924573,0.09994864552574145,0.011999872680395965,0.7031211899536701,0.5585501923790369,0.7516832266957764,0.39290950402218205,0.7266505935135599,0.3477681963531665,0.29749931652679623,1
0.006060606060606061,0.1650036094357637,0.0729273196770671,0.2642002602277569,0.26334180432020327,0.32806324110671947,0.20905587668593448,0.32475884244372993,0.2088617755659014,0.41427788935548654,0.35497124075595726,0.47553929121725724,0.46607869742198105,0.23378512902978782,0.475478238541533,0.04099691249960213,0.4959359505811591,0.416255036970841,0.9758850386046549,0.6956274985522387,0.7380886454654124,0.43697717125738694,0.6719494312674492,1
0.18383838383838383,0.8911289383601517,0.2994355818202232,0.9615012608380256,0.03589580686149936,0.011857707509881427,0.04287090558766859,0.04340836012861736,0.042703483705249644,0.07358042724119045,0.05669679539852094,0.10612480739599382,0.06350067842605156,0.04073818822268167,0.10611118243676981,0.019416239615494792,0.5975778265463709,0.46929751902207517,0.23897835111511298,0.2117965927390813,0.34215555840700196,0.3707566458528702,0.15090259885507884,2
0.6484848484848484,0.1287753533754046,0.051983628810843376,0.23073911591649687,0.10355781448538753,0.13043478260869568,0.08477842003853564,0.11950696677384781,0.08460427034837052,0.28975716633193355,0.24157764995891534,0.3416795069337442,0.2743554952510176,0.198866681981775,0.3417640261907819,0.07842887608619536,0.37657481914980095,0.9259789864693022,0.5274973506609403,0.4757525511426332,0.7108430751498698,0.5376232056330709,0.38063244053783124,1
0.9757575757575757,0.16430500896537267,1.0,0.11947447810517345,0.10419313850063532,0.13043478260869568,0.08959537572254335,0.09163987138263666,0.0895809921335688,0.06445134197553405,0.05669679539852094,0.0703004622496148,0.054545454545454536,0.0591163182479516,0.07035562973424062,0.042397428143998474,0.6306185483215476,0.7229765201910492,0.37199110778228406,0.2773238174325474,0.33099889919161496,0.3285998110209317,0.15754264458564954,2
0.7717171717171717,0.15712106746151877,0.06857323657593109,0.24368141674438962,0.14326556543837357,0.1699604743083004,0.13680154142581888,0.12700964630225078,0.13694011879916518,0.2117034873105715,0.19720624486442068,0.2290061633281972,0.1563093622795115,0.16938509839957117,0.22910514828604445,0.08737307826972658,0.4448914898805171,0.7495245939507352,0.438599077312893,0.4849028729768632,0.4958230062199051,0.45359380533020605,0.40126504676613617,1
0.41414141414141414,0.5319726148615607,0.2526817518397175,0.4571372643844922,0.1718551461245235,0.13043478260869568,0.15558766859344894,0.17524115755627012,0.1554021512281265,0.3066459740733979,0.2933442892358258,0.3547765793528505,0.298236092265943,0.20951068228807712,0.3548594171267172,0.22783843142247828,0.13919369259530195,0.7802049087570379,0.6822307036485185,0.6482739954579256,0.8312499015125423,1.0,0.5955474827474794,1
0.6323232323232323,0.18584519013576134,0.047278442899864256,0.22624270268403054,0.07592121982210927,0.09090909090909093,0.07514450867052022,0.06055734190782423,0.07497190560282549,0.051305459192988866,0.043549712407559574,0.0512326656394453,0.033242876526458603,0.0452561451872272,0.05135447425856979,0.03023840595855747,0.7142973258554826,0.4947746167002271,0.6408372708222114,0.3349001519268018,0.47440339112014573,0.4913344555819113,0.26115718226780554,1
0.024242424242424242,0.04306289732901756,0.06108168243567371,0.15128904855665715,0.12166454891994917,0.20948616600790518,0.1083815028901734,0.12861736334405147,0.10852464279980736,0.1039802811758262,0.08709942481511913,0.11902927580893682,0.09592944369063772,0.07642239068841412,0.11901399409423549,0.0319890505140529,0.5434040477932213,0.8376036268523336,0.7940248440276328,0.4459097735959789,0.723730862479993,0.400034165707239,0.38736775829073705,1
0.06262626262626263,0.2959737326223133,0.15716749849454467,0.06379034393819015,0.07052096569250317,0.09090909090909093,0.046724470134874754,0.06216505894962485,0.04687750842831915,0.06280810662771591,0.05669679539852094,0.05258089368258859,0.04911804613297151,0.08254843403017076,0.052638336115034025,0.031065983384791676,0.6684548484109568,0.405048287254918,0.364736301124276,0.4167034144025451,0.5598927556002783,0.48763317063101563,0.32175018847291376,1
0.6282828282828283,0.18480893277134808,0.04998520060830605,0.23138968530864626,0.032401524777636595,0.051383399209486175,0.023121387283236993,0.023043944265809222,0.023278214801733824,0.0062077779806463396,0.004108463434675423,0.0040446841294298945,0.0024423337856173625,0.014089899686040274,0.004108357940685582,0.013432218225801316,0.7286027798098026,0.5477960992204507,0.5759105360031235,0.3747858642082115,0.4270461191439358,0.30499388754143925,0.2879555452459261,1
0.4686868686868687,0.22226556132547795,0.0808577523296284,0.19743917464045965,0.5616264294790342,0.5652173913043478,0.5255298651252408,0.4812433011789925,0.5252849574570557,0.5276611283549388,0.47165160230073955,0.6078582434514639,0.46037991858887384,0.38777854353319546,0.6078443959429967,0.5308909189292421,0.1623181337885069,0.8912550953028717,0.4010700939419776,0.7602009997192166,0.5325909067374426,0.5388866250153478,0.6916417440579253,1
0.8303030303030303,0.8673707006962718,0.28897394286414163,0.9429226110285905,0.042884371029224905,0.011857707509881427,0.05057803468208092,0.03590568060021437,0.05056991491411142,0.026291765565090382,0.025472473294987672,0.04641756548536209,0.024016282225237447,0.012481813308829155,0.04653999229682886,0.01489639367221568,0.6599203446313908,0.2993553143979784,0.20887150107965555,0.1712050346477362,0.3827886695526306,0.19089866486822182,0.09747777676522489,2
0.8585858585858586,0.16332696830682536,0.054896557355297707,0.25040588621368615,0.05654383735705209,0.09090909090909093,0.04865125240847784,0.06484458735262594,0.04864344196500241,0.07038524739821071,0.05751848808545603,0.0807010785824345,0.06119402985074627,0.046864231564438315,0.0808191038644242,0.011140465353152752,0.7194180281232221,0.24420587940202668,0.7528106897843079,0.35221651675579235,0.23182709429358045,0.25865931629437316,0.2690191952413696,2
0.5131313131313131,0.7091260508115408,0.2665135695112118,0.689615070180893,0.11626429479034307,0.09090909090909093,0.12186897880539499,0.1007502679528403,0.12200995344357038,0.06627715902866532,0.052588331963845505,0.07819722650231123,0.06065128900949796,0.04456696531127958,0.07825138015149571,0.017665595059999362,0.6189547264894742,0.43055338430775053,0.5895157884672078,0.3619528135567234,0.5492988818578224,0.4741844271994618,0.27601547549023664,1
0.3838383838383838,0.04105442097664349,0.0,0.1427107441822976,0.1397712833545108,0.20948616600790518,0.12668593448940269,0.12861736334405147,0.1268261358163429,0.20522183677195546,0.14626129827444534,0.2596302003081664,0.17856173677069195,0.13293514051611915,0.2595968673770703,0.031734411305980835,0.545964398927091,0.9062090946635527,0.8180282543046778,0.5152406827539486,0.5475227309052517,0.26445769947345654,0.44627900618853916,1
0.3898989898989899,0.04233518850569362,0.011370015411780331,0.12707980701693788,0.1696315120711563,0.24901185770750991,0.17341040462427745,0.1495176848874598,0.17322202600738482,0.2010224575497535,0.17337715694330316,0.25751155624036975,0.17245590230664856,0.11264262194655025,0.2576068814995507,0.05602062577585383,0.4559050638055759,0.7455160168089581,0.8145821215429112,0.5121996155092984,0.45964715601989115,0.36002514382517115,0.4475589650973017,1
0.08484848484848485,0.381406748480544,0.12981209875787175,0.0017617188849355615,0.21346886912325283,0.1699604743083004,0.17341040462427745,0.19185423365487675,0.1735431048322363,0.26072667518714626,0.19967132292522594,0.23343605546995377,0.24599728629579376,0.255456007351252,0.2334060855051997,0.12114460324028394,0.36962529464358296,0.9416073041035417,0.517139032533087,0.69961578049931,0.576945155430092,0.5856318075616539,0.6645264980489947,1
0.1898989898989899,0.9150327177886965,0.3264949937230166,0.9578454062892214,0.021283354510800507,0.011857707509881427,0.028420038535645474,0.030010718113612004,0.02825493658693209,0.05970421763739274,0.04601479046836481,0.08686440677966102,0.05522388059701491,0.03292748296194195,0.08698164077545258,0.013082089314702233,0.6567910265788834,0.49213334235535405,0.22856425742810949,0.146251107178094,0.27321658911482855,0.4310017314183929,0.10934949920054346,2
0.8484848484848485,0.14096593158372725,0.06374761423599416,0.23166603336902833,0.05940279542566709,0.09090909090909093,0.04720616570327553,0.05251875669882101,0.0473591266655964,0.03688150447325178,0.03615447822514379,0.04025423728813559,0.02930800542740842,0.03223830308599433,0.04031326229297729,0.011777063373332907,0.7313256929204259,0.36568349973517267,0.7267475677872244,0.29677579975819723,0.47861752874145413,0.3426024125971809,0.2399135924180039,2
0.30707070707070705,0.1285657732342873,0.05903834573420295,0.21816527916911355,0.1956797966963151,0.24901185770750991,0.13680154142581888,0.22615219721329047,0.13677957938673946,0.25205404418477273,0.20460147904683648,0.30373651771956856,0.23500678426051558,0.1595068535109886,0.30382590833226353,0.02877423051214311,0.5275542550597416,0.6654774710031476,0.9843669075639625,0.6375991623866629,0.5223189462855033,0.22227862134253437,0.6016676746170478,1
0.30505050505050507,0.1253231027175558,0.049425885667044325,0.2243082662613562,0.22426937738246502,0.28853754940711474,0.15895953757225434,0.2395498392282958,0.15877347888906726,0.2058608727405514,0.18241577649958912,0.2569337442218798,0.19294436906377205,0.13285856497434717,0.25702914366414176,0.03549033962504377,0.5009347313663335,0.7046882619621496,0.946435543373465,0.6565669605219933,0.4850152739977354,0.2630577062354195,0.6219502597198173,1
0.6121212121212121,0.33090957781244906,0.1958908723475918,0.08728568632192248,0.17947903430749682,0.1699604743083004,0.16666666666666663,0.17684887459807075,0.16663991009792906,0.12853752054044185,0.12161051766639278,0.15023112480739598,0.12550881953867027,0.09380503867064857,0.15034022339196307,0.057580290925295215,0.4233113874664716,0.8888588154864543,0.6424706979116038,0.428625772086655,0.2739099408174797,0.1524422252552196,0.369027893991235,1
0.7696969696969697,0.15081037654565352,0.0454147401941272,0.06647322302439927,0.1311944091486658,0.1699604743083004,0.11127167630057803,0.12004287245444802,0.11109327339861935,0.2788935548658025,0.2637633525061627,0.21648690292758085,0.1932157394843962,0.2599739643157975,0.21645910899987164,0.06391444122608778,0.4875233682841585,0.9253070014769672,0.4792275881851432,0.5024445154388404,0.5694375972211905,0.323788585450747,0.4150732766119612,1
0.9959595959595959,0.5027303635051114,0.281412984680078,0.050727140833880316,0.3786531130876747,0.28853754940711474,0.2678227360308285,0.2529474812433012,0.2679402793385776,0.1236078144969874,0.14050944946589974,0.15658705701078582,0.10786974219810042,0.07259361359981621,0.15663114648863782,0.33898844574593373,0.3837275461269609,0.35231846488761753,0.32429902074054023,0.21294467698423766,0.3425765219407545,0.5589674304718959,0.180579833812455,2
0.09090909090909091,0.4982418554828493,0.1849209508354002,0.11919813004479146,0.09783989834815757,0.09090909090909093,0.07369942196531792,0.08896034297963558,0.07368759030341948,0.2955997809019536,0.22925225965488902,0.33359013867488446,0.25780189959294436,0.23378512902978782,0.3336756964950572,0.05649807429098895,0.4869137608713323,0.654938039717113,0.4486426619284002,0.491092222262601,0.4592442016212724,0.5001276765361666,0.43290157157414233,1
0.6747474747474748,0.664898819365205,0.28415852700123495,0.5681946411505292,0.027318932655654386,0.011857707509881427,0.015414258188824661,0.02197213290460879,0.0155723230052978,0.155924776337411,0.11750205423171735,0.19645608628659475,0.13405698778833106,0.09855272226051,0.19655925022467588,0.03132062259286374,0.4973990083719419,0.5621107795259239,0.22360820060078254,0.33128486175890487,0.4825165064979211,0.5130532575756227,0.23867298499672762,1
0.5272727272727272,0.40685327061453547,0.6948814517692928,0.0372609301415132,0.09783989834815757,0.09090909090909093,0.07032755298651251,0.06162915326902464,0.07031626264247873,0.046010589738908154,0.05176663927691042,0.02908320493066256,0.024016282225237447,0.04540929627077111,0.02914366414173837,0.04739472260241271,0.7280744533853533,0.4531885454558181,0.31688883931061435,0.34600746019718487,0.6010683919418126,0.5416292237800441,0.2600656962727928,1
0.3717171717171717,0.1428812612067159,0.09528971085050572,0.23895471346160488,0.10546378653113088,0.13043478260869568,0.09730250481695568,0.10557341907824225,0.09728688393000481,0.2779806463392368,0.21774856203779783,0.3771186440677966,0.2253731343283582,0.15200245041733668,0.37707022724354866,0.02673711684756661,0.606721937738763,0.5435798600497922,0.8593220879182172,0.3957759178210337,0.7538961638291024,0.26008466689325166,0.30938346574763687,1
0.010101010101010102,0.18756840462939248,0.05923226879777909,0.27813856552327665,0.25412960609911056,0.28853754940711474,0.19026974951830442,0.35262593783494106,0.1900786643120886,0.34206682490414464,0.304847986852917,0.36074730354391366,0.4010854816824966,0.19327666743242206,0.36082937475927596,0.036827195467422094,0.5257660733154516,0.3709777148310354,0.999127510896154,0.6729612419414882,0.6592176381469501,0.339999056884123,0.6487527649597786,1
0.7757575757575758,0.13865472836085047,0.0602672055686539,0.18452566006885676,0.11149936467598476,0.1699604743083004,0.10741811175337186,0.10289389067524116,0.1074008669128271,0.07321526383056418,0.05751848808545603,0.09861325115562403,0.06282225237449118,0.04931464890114097,0.09872897676210042,0.04360696438234077,0.5193042347394946,0.7010926755969118,0.39363202473247644,0.4244946576114461,0.4021034669836275,0.19955976062651365,0.3476331115842494,1
0.8727272727272727,0.3481941177840393,0.10989722077630465,0.40050318375994565,0.07115628970775094,0.09090909090909093,0.06551059730250482,0.0744908896034298,0.0655000802697062,0.04528026291765566,0.037797863599013964,0.052003081664098616,0.04151967435549525,0.04165709472394517,0.052060598279625114,0.015119202979278736,0.6194424124197351,0.33116027075395316,0.8129965020756473,0.4074847499156114,0.5281201389404776,0.6325202369534153,0.3069229622142875,1
0.00808080808080808,0.16114966350744006,0.08090878471478002,0.26010685458334776,0.35451080050825917,0.40711462450592895,0.28275529865125243,0.4372990353697749,0.28287044469417244,0.49945225488406064,0.41002465078060796,0.5845531587057011,0.5773405698778834,0.28685197947775476,0.5845423032481706,0.054174491517331384,0.4554986588636919,0.3751589547833432,0.9928129208066738,0.7624720369166038,0.5137983742253258,0.4043355748647163,0.7576114061322043,1
0.4262626262626263,0.3489451132897095,0.1282831684987293,0.44228931339021504,0.09243964421855147,0.09090909090909093,0.08766859344894026,0.08788853161843517,0.08765451918445978,0.2954171991966405,0.24486442070665568,0.37134052388289673,0.2647218453188602,0.17857416341220614,0.37142123507510594,0.05885348696565553,0.4201820694139642,0.4616956887962836,0.638319402723441,0.363938366498504,0.18361663954040688,0.4097433657136451,0.29399703414052203,1
0.3333333333333333,0.818736464615886,0.280465823611664,0.2747648162861123,0.022236340533672176,0.011857707509881427,0.03275529865125241,0.02572347266881029,0.03275004013485311,0.07221106445134198,0.05669679539852094,0.09379815100154082,0.08005427408412481,0.039436404012558386,0.0939144948003595,0.01129961485819779,0.6545557993985209,0.1140017872934171,0.4283921499884463,0.11765549264294958,0.0,0.30931931946181895,0.09735765117184587,2
0.509090909090909,0.6996833011200894,0.24121987813466428,0.7688463619929302,0.14008894536213468,0.09090909090909093,0.14450867052023122,0.13236870310825294,0.14464601059560123,0.07367171809384701,0.05751848808545603,0.09572419106317412,0.06621438263229308,0.04502641856191132,0.09571190139940944,0.024349874271891017,0.5675851418353248,0.19022541829899126,0.5505207046843503,0.27003610408549844,0.4009373754837141,0.48003219050228924,0.19023544616302288,1
0.494949494949495,0.3705842628600703,0.11266725864233443,0.3879293470125624,0.0019059720457433272,0.011857707509881427,0.003371868978805393,0.0021436227224008574,0.003371327660940756,0.006390359685959476,0.006573541495480684,0.0,0.000814111261872458,0.020981698445516495,0.0,0.005506572874558361,0.8732422986263516,0.12786147776033,0.4055042508944008,0.22163142590436052,0.34760332178497544,0.3886286917203323,0.14620320279685517,1
0.6464646464646465,0.10585543627599378,0.02170305275727978,0.1590670950061603,0.1337357052096569,0.20948616600790518,0.10741811175337186,0.12165058949624868,0.1074008669128271,0.36315501186781085,0.2925225965488907,0.4291217257318952,0.3449118046132971,0.22451948847538095,0.429195018615997,0.09440748639271732,0.3502804194099,0.8895494667285765,0.6764061416858559,0.4815920511347684,0.7071084307514987,0.4234461276195933,0.41120440405278896,1
0.694949494949495,0.5726311622383158,0.2241668963123999,0.48341335912581906,0.5412960609911054,0.3675889328063242,0.485067437379576,0.5691318327974276,0.48498956493819234,0.4451341975534051,0.5743631881676253,0.4322033898305085,0.4265943012211668,0.42422850141664753,0.4321479008858648,0.34653213228506863,0.16613834024221735,0.5862509070630756,0.7507549620327801,0.6293094517346288,0.7518408712819579,0.6831041680383366,0.532172947716371,1
0.9696969696969697,0.16820552825838903,0.04445941394408892,0.23708360680276813,0.07909783989834815,0.13043478260869568,0.05684007707129095,0.09539121114683817,0.056830951998715684,0.08718276428701843,0.07066557107641742,0.07877503852080123,0.0886024423337856,0.09418791637950838,0.07882911798690462,0.028328611898016998,0.5948955539299359,0.8095202540476597,0.3796044716062564,0.4241428195104895,0.4171410948203476,0.2686728046308769,0.3545465465963034,2
0.3434343434343434,0.30277344386745225,0.11763781295610196,0.008894953193547283,0.20616264294790343,0.20948616600790518,0.174373795761079,0.18649517684887462,0.17418526248193933,0.2048566733613292,0.18734593262119964,0.2648305084745763,0.16824966078697423,0.1308676008882763,0.26486070098857367,0.06741573033707864,0.45188165488092336,0.47498372536346695,0.5841533668517884,0.46204713726549473,0.49654787390904037,0.4166997350378225,0.37615258435716237,1
0.6505050505050505,0.14593181659408985,0.06368637537381222,0.24376201826200103,0.08989834815756036,0.13043478260869568,0.07273603082851637,0.10235798499464095,0.07288489324129073,0.358316596677013,0.2843056696795398,0.37172573189522334,0.32605156037991856,0.2795773030094188,0.3716780074463989,0.0704395709329344,0.42965130455986356,0.9130829411476479,0.5333019927810491,0.6483634917888472,0.6613697297954387,0.45474867741344227,0.4451108883494743,1
0.48484848484848486,0.3605069510746804,0.10709452218377785,0.056841341669833186,0.02541296060991105,0.051383399209486175,0.01782273603082851,0.023579849946409437,0.017819874779258307,0.016158480920211802,0.01807723911257189,0.01290446841294298,0.012075983717774765,0.022206907113867826,0.013031197843112087,0.01368685743387338,0.7444525725432822,0.09407323236447712,0.5899221532553007,0.19645637921710785,0.18682901901989785,0.25836392528386903,0.14374269926350583,1
0.7292929292929293,0.17911533893766152,0.05367994529328314,0.13447211763215772,0.1664548919949174,0.20948616600790518,0.1565510597302505,0.1114683815648446,0.15652592711510677,0.15775059339054226,0.124075595727198,0.19818952234206472,0.11329715061058344,0.09947162876177348,0.19816407754525617,0.14469872998694974,0.5438917337234822,0.921902744172047,0.338840505804642,0.6736553357079693,0.38138170587030273,0.4572523831470531,0.42026560182922285,1
0.8383838383838383,0.912005449083669,0.3471529032323913,1.0,0.08989834815756036,0.051383399209486175,0.10163776493256262,0.07770632368703109,0.1016214480655001,0.08608727405513969,0.07888249794576827,0.12114791987673344,0.07476255088195385,0.041044490389769504,0.12126075234304794,0.03132062259286374,0.531862147443713,0.6212174594767386,0.2889811398930704,0.11941594875241215,0.3710196997426945,0.2989276950425914,0.1070381170934577,2
0.6767676767676768,0.7860885359662807,0.330132582136624,0.12759220237889626,0.05844980940279543,0.051383399209486175,0.04865125240847784,0.05144694533762058,0.04848290255257666,0.14442212890268397,0.11503697617091208,0.17796610169491525,0.12320217096336498,0.09112489470863006,0.1780074463987675,0.04545309864086323,0.48463789319678136,0.7239681647109883,0.0,0.4534793551852638,0.7630560601865296,0.6304947621479552,0.39003951717795987,1
0.15151515151515152,0.5572619518897143,0.1926819559692581,0.5843667599341371,0.02858958068614993,0.011857707509881427,0.031791907514450865,0.029474812433011786,0.03194734307272435,0.04646704400219099,0.038619556285949055,0.055277349768875196,0.044911804613297156,0.039436404012558386,0.05533444601360894,0.006111340993729509,0.7320165813216291,0.11636773445393055,0.7367194409695385,0.16649553883390442,0.1286257454093589,0.4173932811001357,0.14744588134905184,1
0.6666666666666666,0.47758074657103594,0.34018392071608644,0.08098725344571492,0.12801778907242692,0.09090909090909093,0.0789980732177264,0.09485530546623795,0.07898539091346926,0.2117034873105715,0.1610517666392769,0.24229583975346686,0.18914518317503393,0.16119151542997165,0.24232892540762618,0.07702836044179902,0.41042835080874585,0.9812870845884444,0.4413241117742207,0.572801649191378,0.881265772062879,0.6853213800810366,0.48192731158922014,1
