0.4303030303030303,0.40453624572107205,0.1445849536115619,0.016839959929531228,0.060355781448538745,0.051383399209486175,0.061657032755298644,0.05573419078242229,0.06148659495906245,0.25214533503742925,0.18241577649958912,0.3095146379044684,0.23758480325644507,0.1565969829236542,0.3094749005007062,0.024986472292071175,0.5599447289279039,0.5735438575205155,0.5493414500051791,0.30981261276311695,0.4092170753614771,0.32055440977851013,0.24081660549926684,1
0.7353535353535353,0.17249609948070693,0.0654520959000582,0.20312158163206565,0.522554002541296,0.5652173913043478,0.5052986512524085,0.3354769560557342,0.5052175309038369,0.36132919481467957,0.2900575184880854,0.41506163328197226,0.2158751696065129,0.16823646527299177,0.41507253819489026,0.340038832479231,0.4321710151995449,0.8725935120782302,0.28885365290072745,0.8173105068873303,0.668454073328696,0.6856634820194066,0.448950765075762,1
0.3878787878787879,0.04525184546957592,0.013307204752135716,0.10958352044399926,0.1670902160101652,0.24901185770750991,0.1546242774566474,0.17309753483386925,0.1547599935784235,0.28026291765565087,0.22925225965488902,0.34880585516178736,0.25522388059701495,0.16517344360211347,0.34888945949415845,0.055956965973835815,0.4313582053157767,0.6725333134226669,0.7815908783056977,0.6370448275369542,0.3350216897521268,0.5439251771011464,0.587039276926773,1
0.6080808080808081,0.5454032089048273,0.19398021984751526,0.07893767199788133,0.21410419313850063,0.1699604743083004,0.21098265895953758,0.19131832797427656,0.21078824851501043,0.14140953076501736,0.11996713229252261,0.17661787365177195,0.13704206241519676,0.09280955662761313,0.17659519835665685,0.05563866696374574,0.4203446313907177,0.7778832939397688,0.6319410691377895,0.45558947978766046,0.3065875165177537,0.33410280318951113,0.35420273886352904,1
0.36767676767676766,0.13075472137484576,0.05298386355981507,0.24088339263302133,0.10355781448538753,0.13043478260869568,0.09248554913294797,0.10235798499464095,0.09247070155723229,0.13584078875296696,0.1076417419884963,0.18817411402157164,0.10244233378561736,0.08515200245041733,0.18814995506483506,0.013177579017729254,0.6907664797203935,0.42106626285346294,0.9626303753695129,0.479415391886353,0.44029408917673496,0.3570174049365887,0.4141702635306983,1
0.8565656565656565,0.15745872435554104,0.042793716892740134,0.2484714497910118,0.05209656925031766,0.09090909090909093,0.04431599229287091,0.05734190782422294,0.04430887782950713,0.05011867810845354,0.04272801972062449,0.06875963020030817,0.04925373134328358,0.03170227429359062,0.06881499550648351,0.010694846739026641,0.7138096399252216,0.34864121367956113,0.7448945443535214,0.3612767998570952,0.4314628595354994,0.24537472840931943,0.28898075505148835,2
0.13131313131313133,0.6586114151316861,0.22131724792553356,0.7497783458265687,0.009529860228716642,0.011857707509881427,0.01782273603082851,0.012325830653804928,0.017659335366832556,0.02190980463757531,0.01807723911257189,0.025231124807395984,0.025780189959294434,0.018224978941726012,0.025292078572345614,0.0022280930706305505,0.9465577501422419,0.2045867642289322,0.67111941547214,0.03386378441472931,0.36898241633068374,0.4554435580736947,0.02707175225960383,2
0.6464646464646465,0.10585543627599378,0.02170305275727978,0.1590670950061603,0.1337357052096569,0.20948616600790518,0.10741811175337186,0.12165058949624868,0.1074008669128271,0.36315501186781085,0.2925225965488907,0.4291217257318952,0.3449118046132971,0.22451948847538095,0.429195018615997,0.09440748639271732,0.3502804194099,0.8895494667285765,0.6764061416858559,0.4815920511347684,0.7071084307514987,0.4234461276195933,0.41120440405278896,1
0.00404040404040404,0.16503853945928323,0.05912816273206976,0.26528838071551125,0.2801778907242694,0.32806324110671947,0.22928709055876687,0.36923901393354774,0.2294108203563975,0.3906335585174366,0.3262119967132292,0.44337442218798145,0.4461329715061059,0.2198483804272915,0.44331749903710366,0.03959639685520578,0.496220434040478,0.4044159680433804,1.0,0.6367446984271969,0.6863709116449319,0.40881937907386007,0.596682462491819,1
0.30505050505050507,0.1253231027175558,0.049425885667044325,0.2243082662613562,0.22426937738246502,0.28853754940711474,0.15895953757225434,0.2395498392282958,0.15877347888906726,0.2058608727405514,0.18241577649958912,0.2569337442218798,0.19294436906377205,0.13285856497434717,0.25702914366414176,0.03549033962504377,0.5009347313663335,0.7046882619621496,0.946435543373465,0.6565669605219933,0.4850152739977354,0.2630577062354195,0.6219502597198173,1
0.3656565656565657,0.13786298116107396,0.9928309705339009,0.23920227526569718,0.11594663278271918,0.1699604743083004,0.09633911368015415,0.12700964630225078,0.09648418686787606,0.13638853386890631,0.11585866885784717,0.17681047765793526,0.10922659430122117,0.09472394517191209,0.1769161638207729,0.017761084763026385,0.6395594570429978,0.5892865059347008,0.8575492219309498,0.46571630603261327,0.6761574808821775,0.22484460831329955,0.37471314836753455,1
0.494949494949495,0.3705842628600703,0.11266725864233443,0.3879293470125624,0.0019059720457433272,0.011857707509881427,0.003371868978805393,0.0021436227224008574,0.003371327660940756,0.006390359685959476,0.006573541495480684,0.0,0.000814111261872458,0.020981698445516495,0.0,0.005506572874558361,0.8732422986263516,0.12786147776033,0.4055042508944008,0.22163142590436052,0.34760332178497544,0.3886286917203323,0.14620320279685517,1
0.4080808080808081,0.5233041473581259,0.20475213570531858,0.43508123481524985,0.04860228716645489,0.051383399209486175,0.04576107899807321,0.05466237942122187,0.04559319312891314,0.2560708417016615,0.19884963023829086,0.31163328197226503,0.2503392130257802,0.15812849375909335,0.3116574656566954,0.09822707451379827,0.304112818011867,0.7983181708941833,0.5494569850919899,0.28893176275408605,0.7417039793435221,0.5476229031242047,0.20726842685179814,1
0.8363636363636363,0.8847076357031413,0.29188483011318983,0.8883841698619411,0.11086404066073698,0.051383399209486175,0.11946050096339113,0.10235798499464095,0.11960186225718414,0.0971334672265839,0.10435497124075595,0.13886748844375962,0.08426051560379919,0.04785971360747377,0.1389780459622545,0.02864691090810708,0.511216776396001,0.26895032677603525,0.2863875763925965,0.14378769806939246,0.15088053415094807,0.37508652643304674,0.11669165831310527,2
0.8787878787878788,0.35794541601658014,0.1250742521203956,0.45660759726876005,0.053367217280813214,0.051383399209486175,0.051059730250481696,0.05680600214362272,0.05089099373896292,0.1087274055139675,0.09285127362366474,0.13482280431432972,0.10461329715061057,0.07251703805804426,0.1348054949287457,0.01686984753477417,0.5920100788425587,0.1703458622757425,0.7286598726723662,0.3051578995518494,0.23214450530031358,0.34954632567392735,0.23161249968933037,1
0.2505050505050505,0.23093402882891276,0.07329679414556477,0.3258834502055339,0.08513341804320203,0.09090909090909093,0.03323699421965317,0.03965702036441587,0.03323165837213036,0.12260361511776521,0.10271158586688577,0.16718027734976887,0.06811397557666214,0.07335936901753579,0.1672230068044679,0.013241238819747272,0.66044867105584,0.4741134114671439,0.7646112045130394,0.16137634870518702,0.4821045475317355,0.24423587150135145,0.15485638778198446,2
0.5151515151515151,0.6869221991942807,0.25354930238729495,0.1528204773912743,0.10387547649301145,0.051383399209486175,0.11271676300578035,0.08252947481243302,0.11253812811045114,0.10507577140770494,0.10188989317995067,0.12557781201848997,0.09687924016282226,0.06776935446818284,0.12556168956220312,0.03128879269185473,0.5455173534910186,0.17485142831810094,0.561098141080293,0.2233378226139329,0.39491106863956743,0.6738949973930853,0.1470005882011814,1
0.1414141414141414,0.5212898493351652,0.18530063178092818,0.590331272237383,0.07719186785260482,0.051383399209486175,0.07947976878612717,0.07984994640943192,0.07962754856317227,0.1069928793134928,0.08545603944124897,0.13463020030816641,0.10542740841248302,0.0683819588023585,0.13474130183592248,0.016583378425693095,0.6004633016337481,0.2416766025558763,0.8149287268033434,0.32821305840060483,0.4767085604172717,0.4687975450515776,0.25120332706471044,1
0.32727272727272727,0.7795391565563653,0.2637353664635578,0.8061245638882173,0.03113087674714104,0.011857707509881427,0.04046242774566474,0.02786709539121115,0.040616471343714884,0.06289939748037247,0.04930156121610516,0.07935285053929123,0.07299864314789686,0.03683283559231181,0.07947104891513676,0.008753222777477162,0.7077542062911486,0.2526873566490348,0.4785423456013004,0.18055893803472936,0.2017203226336559,0.38053835901396343,0.12154431805943315,2
0.7313131313131314,0.171954684116154,0.05144880941445443,0.17374232846269877,0.15216010165184243,0.1699604743083004,0.13872832369942195,0.1114683815648446,0.1385455129234227,0.19472338871645062,0.15694330320460148,0.23189522342064714,0.16743554952510176,0.12887663680220535,0.2319296443702658,0.08167552598911416,0.5685605136958467,0.8673506291692819,0.30972566392835227,0.7921350985987407,0.45392025104734374,0.4521217438034617,0.3349370790426404,1
0.06464646464646465,0.37556761288219265,0.12484562703491638,0.059645123032459384,0.04002541296060991,0.051383399209486175,0.02552986512524084,0.03054662379421222,0.025686305988120082,0.07978820522183679,0.05998356614626129,0.11729583975346687,0.054545454545454536,0.040355310513821886,0.11728078058800875,0.01731546614890028,0.6697959847191745,0.5091709618485188,0.3177015688867997,0.3362686321868944,0.44432813544670535,0.31244316837109637,0.2600532694872708,1
0.6343434343434343,0.1788591854318515,0.04708860242710024,0.12273883956843647,0.05654383735705209,0.09090909090909093,0.04865125240847784,0.04180064308681671,0.04880398137742816,0.022548840606171263,0.017255546425636804,0.03428351309707241,0.017774762550881947,0.015008806187303773,0.03427911156759534,0.02667345704554859,0.6074941071283427,0.5002601608564076,0.5857469542560734,0.45721758980776006,0.5597126642489403,0.4862531963620638,0.38868913981790615,1
0.24444444444444444,0.2016102740842512,0.056960307010829096,0.2832567618916025,0.08259212198221091,0.09090909090909093,0.026974951830443156,0.0337620578778135,0.027131160699951834,0.06636844988132189,0.05669679539852094,0.09148690292758087,0.03147896879240161,0.05214794394670342,0.09147515727307745,0.01263647070057612,0.6717873689344065,0.6582606321792146,0.7162816825095814,0.26810714175296735,0.5823546493959061,0.2807691554842189,0.17466468390399892,2
0.6666666666666666,0.47758074657103594,0.34018392071608644,0.08098725344571492,0.12801778907242692,0.09090909090909093,0.0789980732177264,0.09485530546623795,0.07898539091346926,0.2117034873105715,0.1610517666392769,0.24229583975346686,0.18914518317503393,0.16119151542997165,0.24232892540762618,0.07702836044179902,0.41042835080874585,0.9812870845884444,0.4413241117742207,0.572801649191378,0.881265772062879,0.6853213800810366,0.48192731158922014,1
0.9737373737373738,0.162733157906993,0.1533951845841371,0.18139371538452687,0.04637865311308767,0.09090909090909093,0.031791907514450865,0.05359056806002144,0.03194734307272435,0.055687420120503935,0.0419063270336894,0.04083204930662557,0.05698778833107192,0.07443142660234321,0.040891000128386194,0.021389693478053282,0.6404129074209545,0.7978538479307297,0.3189126953140563,0.4289315060171366,0.2873425044854003,0.2826549423720609,0.3516925281880918,2
0.06262626262626263,0.2959737326223133,0.15716749849454467,0.06379034393819015,0.07052096569250317,0.09090909090909093,0.046724470134874754,0.06216505894962485,0.04687750842831915,0.06280810662771591,0.05669679539852094,0.05258089368258859,0.04911804613297151,0.08254843403017076,0.052638336115034025,0.031065983384791676,0.6684548484109568,0.405048287254918,0.364736301124276,0.4167034144025451,0.5598927556002783,0.48763317063101563,0.32175018847291376,1
0.15151515151515152,0.5572619518897143,0.1926819559692581,0.5843667599341371,0.02858958068614993,0.011857707509881427,0.031791907514450865,0.029474812433011786,0.03194734307272435,0.04646704400219099,0.038619556285949055,0.055277349768875196,0.044911804613297156,0.039436404012558386,0.05533444601360894,0.006111340993729509,0.7320165813216291,0.11636773445393055,0.7367194409695385,0.16649553883390442,0.1286257454093589,0.4173932811001357,0.14744588134905184,1
0.6363636363636364,0.17706028922059472,0.04404707227206386,0.255391665803079,0.05177890724269377,0.09090909090909093,0.04816955684007707,0.04233654876741693,0.04816182372772516,0.008124885886434181,0.011503697617091206,0.006741140215716479,0.006919945725915875,0.014089899686040274,0.006868660932083719,0.01397332654295445,0.6981224091684956,0.5266822374300307,0.5928702899532281,0.2742474940575341,0.38818465666709445,0.2720533412104269,0.200657376954112,1
0.36363636363636365,0.18482057611252123,0.07668126192882005,0.26329061452899927,0.07528589580686149,0.09090909090909093,0.05394990366088631,0.06859592711682745,0.05394124257505218,0.06865072119773598,0.05505341002465077,0.09996147919876734,0.04816824966078696,0.04793628914924573,0.09994864552574145,0.011999872680395965,0.7031211899536701,0.5585501923790369,0.7516832266957764,0.39290950402218205,0.7266505935135599,0.3477681963531665,0.29749931652679623,1
0.24848484848484848,0.22128752066693053,0.0654970043989916,0.27230071274770573,0.08894536213468868,0.13043478260869568,0.03034682080924855,0.04126473740621651,0.030341948948466854,0.09850283001643237,0.08216926869350862,0.13251155624036978,0.052781546811397545,0.06853510988590245,0.13255873667993326,0.013018429512684214,0.6741851580915225,0.5854995905091452,0.741332876504944,0.2306714593307881,0.6431062156278773,0.44867714652283847,0.12727927957782068,2
0.18383838383838383,0.8911289383601517,0.2994355818202232,0.9615012608380256,0.03589580686149936,0.011857707509881427,0.04287090558766859,0.04340836012861736,0.042703483705249644,0.07358042724119045,0.05669679539852094,0.10612480739599382,0.06350067842605156,0.04073818822268167,0.10611118243676981,0.019416239615494792,0.5975778265463709,0.46929751902207517,0.23897835111511298,0.2117965927390813,0.34215555840700196,0.3707566458528702,0.15090259885507884,2
0.41414141414141414,0.5319726148615607,0.2526817518397175,0.4571372643844922,0.1718551461245235,0.13043478260869568,0.15558766859344894,0.17524115755627012,0.1554021512281265,0.3066459740733979,0.2933442892358258,0.3547765793528505,0.298236092265943,0.20951068228807712,0.3548594171267172,0.22783843142247828,0.13919369259530195,0.7802049087570379,0.6822307036485185,0.6482739954579256,0.8312499015125423,1.0,0.5955474827474794,1
0.8747474747474747,0.36156649512144,0.12512324321014118,0.456319734705862,0.0724269377382465,0.09090909090909093,0.06647398843930637,0.07556270096463023,0.06662385615668646,0.14579149169253242,0.12489728841413308,0.1667950693374422,0.13622795115332428,0.10942644919212802,0.16690204134035183,0.01737912595091829,0.59709014061611,0.22358900651218785,0.737185565285292,0.3080008092637923,0.3983260508893136,0.37410515208188366,0.20621422121335137,1
0.5050505050505051,0.6095114454043732,0.21791849107443587,0.08532822089421625,0.18996188055908514,0.13043478260869568,0.1840077071290944,0.15916398713826366,0.18413870605233584,0.19079788205221834,0.15612161051766638,0.2534668721109399,0.16892808683853458,0.10452561451872272,0.2534343304660419,0.028073972689944934,0.5483621880842072,0.5622834423364546,0.6623626526855929,0.38327662520364936,0.6132223070152335,0.5273717139974411,0.292296635654933,1
0.49292929292929294,0.3699729874484781,0.11353685048531796,0.3930763296371781,0.02858958068614993,0.051383399209486175,0.022639691714836218,0.016077170418006426,0.02279659656445657,0.04528026291765566,0.04272801972062449,0.03428351309707241,0.02957937584803256,0.041963396891033004,0.03427911156759534,0.01890696119935067,0.7474599691132244,0.3196431946353198,0.5018366094834388,0.2467858613154008,0.5467978632161165,0.4786139577590854,0.1258564126355555,1
0.08686868686868687,0.38159304193931487,0.1443502046398645,0.07284074291570233,0.09911054637865309,0.09090909090909093,0.0789980732177264,0.09378349410503752,0.07898539091346926,0.2905787840058426,0.23418241577649956,0.30161787365177195,0.27421981004070556,0.29144651198407223,0.3015791500834511,0.05678454340007002,0.44915874177029996,0.8690235918064498,0.49667737026206543,0.5022685963883621,0.5207971743666975,0.5045887925803471,0.44576122345845726,1
0.7272727272727273,0.19218498940455953,0.07654653643201978,0.1886881527283614,0.1639135959339263,0.20948616600790518,0.15414258188824664,0.12861736334405147,0.1541178359287205,0.14423954719737084,0.12818405916187342,0.17045454545454547,0.112483039348711,0.10238149934910787,0.17043266144562846,0.13094821275105836,0.5315370234902057,0.7240101637730092,0.3832298829510054,0.5604441042981201,0.5405667024598227,0.26257903044128916,0.256907221619293,1
0.8282828282828283,0.8608329646275293,0.29092133868152736,0.2110665883680496,0.034625158831003804,0.011857707509881427,0.04142581888246628,0.03269024651661307,0.041419168405843636,0.13638853386890631,0.10846343467543139,0.18393682588597843,0.11614654002713704,0.06907113867830614,0.18404159712414947,0.017665595059999362,0.6354954076241568,0.4978242152591926,0.21493510115296063,0.20772152647111627,0.373680549458713,0.3611911375578992,0.15556885681857718,2
0.12121212121212122,0.6330659245977225,0.21382773508068217,0.728747106981243,0.038437102922490474,0.011857707509881427,0.04720616570327553,0.040728831725616296,0.04719858725317065,0.013145882782545191,0.009860312243221031,0.020801232665639432,0.01492537313432835,0.00635576996707251,0.020862755167543972,0.008721392876468153,0.7451028204502966,0.38652903418490325,0.6656613786124634,0.11149687947086157,0.38556882978891044,0.14261513576419968,0.084978501661047,2
0.5313131313131313,0.523670912605081,0.6954264776427121,0.0954955266157726,0.09339263024142312,0.09090909090909093,0.04287090558766859,0.05466237942122187,0.043024562530101146,0.029669527113383234,0.03615447822514379,0.031201848998459167,0.023609226594301223,0.03308063404548586,0.03126203620490435,0.02517745169812522,0.6737787531496384,0.49897685618354526,0.3225301387217837,0.5517759778468557,0.8707011631650156,0.619918073481183,0.42962090019634314,1
0.39191919191919194,0.07351023449689119,0.01607316002735338,0.17359263992999185,0.13913595933926304,0.20948616600790518,0.1363198458574181,0.13719185423365488,0.1362979611494622,0.1344714259631185,0.1076417419884963,0.17642526964560862,0.11546811397557666,0.0790259591086607,0.17653100526383367,0.037304643982557215,0.491546777208811,0.6954111358179669,0.8510314494474237,0.5320414040762959,0.3166771344764632,0.4470987620269517,0.4559118360989835,1
0.4707070707070707,0.21719488624455674,0.07945334109025591,0.2928713714923947,1.0,1.0,1.0,0.7663451232583065,1.0,0.7507759722475809,0.6622843056696796,0.9443374422187982,0.5727272727272726,0.4194042422850141,0.944280395429452,1.0,0.017312850524262385,0.967679388493657,0.3289323761184994,0.7710136028998982,0.5722560268696297,0.6974502061508949,0.6760626972752201,1
0.32525252525252524,0.7861118226486272,0.2793349459567041,0.19107165474915658,0.030495552731893263,0.011857707509881427,0.04142581888246628,0.03161843515541265,0.04125862899341789,0.08690889172904875,0.0657354149548069,0.10747303543913712,0.09850746268656715,0.04755341144038594,0.1075234304788805,0.007511856638125856,0.7192148256522802,0.44661102568709304,0.446132761766651,0.1213503351049991,0.18031196324335522,0.399611098160568,0.11187420779242296,2
0.24646464646464647,0.2102321682229932,0.0672076099492738,0.29948645318779005,0.08354510800508258,0.09090909090909093,0.035163776493256256,0.04019292604501608,0.03499759190881361,0.11228774876757347,0.09202958093672967,0.15138674884437595,0.061601085481682506,0.07397197335171146,0.15149569906278088,0.013177579017729254,0.6784524099813056,0.691967212732249,0.8033712341537651,0.23766482918947254,0.5587874449314415,0.18546952045226853,0.1222422891795836,2
0.5333333333333333,0.7497322031530168,0.268095573450912,0.1640931753543588,0.07496823379923762,0.051383399209486175,0.028420038535645474,0.019292604501607722,0.028415475999357842,0.03149534416651451,0.032046014790468355,0.04314329738058551,0.008276797829036626,0.02726089287081705,0.04326614456284504,0.019607219021548845,0.6559375762009267,0.4805299348314554,0.033576886608288205,0.4425658652315434,0.8622346185102394,0.6684444994101075,0.36476343542628015,1
0.6727272727272727,0.6664182753883054,0.2640680976147463,0.1194975071102053,0.06416772554002541,0.051383399209486175,0.05828516377649325,0.0637727759914255,0.058436346122973194,0.09521635932079607,0.07806080525883317,0.12750385208012324,0.08236092265943011,0.06026495137453097,0.12748748234689952,0.061909157462520285,0.41640250345444213,0.6522267669355384,0.2324605786315868,0.3735904101879008,0.46616421179643375,0.4659788742043572,0.2992639200709155,1
0.1494949494949495,0.5695340334862492,0.19510497361625687,0.6454339240273125,0.04129606099110546,0.051383399209486175,0.046724470134874754,0.044480171489817796,0.04687750842831915,0.049388351287201024,0.041084634346754315,0.0614406779661017,0.050339213025780184,0.03935982847078643,0.06143278983181412,0.0052837635674953054,0.7470129236771521,0.163119690326916,0.7622965188083155,0.23822386485656274,0.4385697144876739,0.42297234535123945,0.1781483261119902,1
0.7696969696969697,0.15081037654565352,0.0454147401941272,0.06647322302439927,0.1311944091486658,0.1699604743083004,0.11127167630057803,0.12004287245444802,0.11109327339861935,0.2788935548658025,0.2637633525061627,0.21648690292758085,0.1932157394843962,0.2599739643157975,0.21645910899987164,0.06391444122608778,0.4875233682841585,0.9253070014769672,0.4792275881851432,0.5024445154388404,0.5694375972211905,0.323788585450747,0.4150732766119612,1
0.3838383838383838,0.04105442097664349,0.0,0.1427107441822976,0.1397712833545108,0.20948616600790518,0.12668593448940269,0.12861736334405147,0.1268261358163429,0.20522183677195546,0.14626129827444534,0.2596302003081664,0.17856173677069195,0.13293514051611915,0.2595968673770703,0.031734411305980835,0.545964398927091,0.9062090946635527,0.8180282543046778,0.5152406827539486,0.5475227309052517,0.26445769947345654,0.44627900618853916,1
0.6767676767676768,0.7860885359662807,0.330132582136624,0.12759220237889626,0.05844980940279543,0.051383399209486175,0.04865125240847784,0.05144694533762058,0.04848290255257666,0.14442212890268397,0.11503697617091208,0.17796610169491525,0.12320217096336498,0.09112489470863006,0.1780074463987675,0.04545309864086323,0.48463789319678136,0.7239681647109883,0.0,0.4534793551852638,0.7630560601865296,0.6304947621479552,0.39003951717795987,1
0.18181818181818182,0.8668059986493724,0.29635730834787755,0.9197266457102722,0.04129606099110546,0.011857707509881427,0.04865125240847784,0.04823151125401929,0.04864344196500241,0.07285010041993793,0.06491372226787182,0.11171032357473035,0.061601085481682506,0.03170227429359062,0.1116959815123893,0.02148518318108031,0.5809558644233115,0.11314547308443441,0.31827924432085286,0.1183221047078144,0.2079469811061661,0.4419970389720391,0.10457761356010836,2
0.37373737373737376,0.12944484549286261,0.047458076895597966,0.2380335532603314,0.09339263024142312,0.13043478260869568,0.07610789980732176,0.1007502679528403,0.07593514207738,0.11365711155742195,0.09202958093672967,0.1596687211093991,0.0853459972862958,0.0702197718048855,0.15971241494415203,0.01129961485819779,0.7062911485003658,0.4034569894605687,0.9643514497661408,0.46537278476240906,0.5499494618645309,0.15775570451645735,0.3897971948602815,1
0.8727272727272727,0.3481941177840393,0.10989722077630465,0.40050318375994565,0.07115628970775094,0.09090909090909093,0.06551059730250482,0.0744908896034298,0.0655000802697062,0.04528026291765566,0.037797863599013964,0.052003081664098616,0.04151967435549525,0.04165709472394517,0.052060598279625114,0.015119202979278736,0.6194424124197351,0.33116027075395316,0.8129965020756473,0.4074847499156114,0.5281201389404776,0.6325202369534153,0.3069229622142875,1
0.6282828282828283,0.18480893277134808,0.04998520060830605,0.23138968530864626,0.032401524777636595,0.051383399209486175,0.023121387283236993,0.023043944265809222,0.023278214801733824,0.0062077779806463396,0.004108463434675423,0.0040446841294298945,0.0024423337856173625,0.014089899686040274,0.004108357940685582,0.013432218225801316,0.7286027798098026,0.5477960992204507,0.5759105360031235,0.3747858642082115,0.4270461191439358,0.30499388754143925,0.2879555452459261,1
0.25252525252525254,0.2387059590620125,0.07700174530757217,0.30587124483286704,0.10228716645489198,0.13043478260869568,0.046724470134874754,0.04876741693461951,0.04671696901589341,0.14095307650173453,0.11750205423171735,0.18124036979969183,0.0880597014925373,0.09403476529596447,0.18128129413275135,0.013336728522774292,0.6904007152726979,0.38222179704653264,0.8423384301570481,0.2039744326158621,0.5933829935234648,0.35608496584319005,0.21322707050958106,2
0.3111111111111111,0.1661854085648418,0.06073262092123661,0.24570221193593336,0.19695044472681067,0.24901185770750991,0.128131021194605,0.214898177920686,0.12827099052817467,0.15437283184224943,0.14790468364831552,0.18085516178736516,0.14314789687924018,0.10858411823263649,0.1809603286686353,0.02294935862749467,0.5755506786962531,0.6614362279242431,0.952766069336988,0.6306741351806823,0.577100484220621,0.1796035176442745,0.5833505927576694,1
0.40606060606060607,0.5393486714947722,0.20000612388621822,0.5182620009902473,0.07560355781448538,0.051383399209486175,0.07321772639691715,0.08145766345123258,0.07304543265371649,0.26456089099872193,0.2021364009860312,0.3181818181818182,0.2609226594301221,0.16525001914388546,0.31820516112466307,0.08648184104147436,0.31435422254734613,0.7629922931721194,0.611399727496554,0.4171225103521944,0.6970188127927891,0.7451367251101932,0.3228561723843687,1
0.30707070707070705,0.1285657732342873,0.05903834573420295,0.21816527916911355,0.1956797966963151,0.24901185770750991,0.13680154142581888,0.22615219721329047,0.13677957938673946,0.25205404418477273,0.20460147904683648,0.30373651771956856,0.23500678426051558,0.1595068535109886,0.30382590833226353,0.02877423051214311,0.5275542550597416,0.6654774710031476,0.9843669075639625,0.6375991623866629,0.5223189462855033,0.22227862134253437,0.6016676746170478,1
0.43232323232323233,0.4023589409216869,0.1247680578094859,0.48435179108086635,0.06385006353240152,0.051383399209486175,0.0640655105973025,0.05627009646302251,0.06389468614544871,0.2116121964579149,0.16269515201314702,0.2615562403697997,0.18168249660786973,0.14181790336166628,0.26158685325458986,0.03033389566158449,0.5385678289848006,0.44499172851806307,0.5233978470634169,0.3105989148705477,0.3922704792005745,0.4097487041054012,0.24931652679629185,1
0.6121212121212121,0.33090957781244906,0.1958908723475918,0.08728568632192248,0.17947903430749682,0.1699604743083004,0.16666666666666663,0.17684887459807075,0.16663991009792906,0.12853752054044185,0.12161051766639278,0.15023112480739598,0.12550881953867027,0.09380503867064857,0.15034022339196307,0.057580290925295215,0.4233113874664716,0.8888588154864543,0.6424706979116038,0.428625772086655,0.2739099408174797,0.1524422252552196,0.369027893991235,1
0.7676767676767676,0.23052069021726476,0.07472570092981008,0.2688463619929301,0.1388182973316391,0.1699604743083004,0.12186897880539499,0.12111468381564844,0.1216888746187189,0.20823443490962204,0.2087099424815119,0.17430662557781199,0.14654002713704206,0.18270924266789185,0.1742842470150212,0.08269408282140242,0.4555799398520687,0.9295209073664022,0.4047034732237479,0.4459499113443922,0.5130847622456491,0.3023874177665236,0.35643956025748297,1
0.997979797979798,0.642892904547889,0.6018065464343674,0.05427936486004121,0.18170266836086404,0.13043478260869568,0.14547206165703275,0.15969989281886388,0.14528816824530422,0.12251232426510865,0.12818405916187342,0.15600924499229582,0.10189959294436905,0.06654414579983152,0.15598921556040574,0.22783843142247828,0.42993578801918236,0.4541755234133104,0.27757902201540996,0.2206504014769246,0.4528847257771505,0.31822197744707426,0.16313676920145476,2
0.696969696969697,0.6082772512400159,0.2496177674352144,0.5948219282185914,0.9336086404066073,0.6047430830039526,0.8342967244701348,1.0,0.8343233263766255,1.0,1.0,1.0,1.0,1.0,1.0,0.6890536970430021,0.0,0.8616714226715605,0.773041281881708,1.0,1.0,0.7366687011870803,1.0,1
0.7737373737373737,0.15265002445101647,0.050283229737591494,0.1476447085103688,0.153430749682338,0.20948616600790518,0.14354527938342967,0.13290460878885313,0.14336169529619522,0.24685046558334856,0.23336072308956446,0.27137904468412943,0.1858887381275441,0.18163718508308443,0.2714083964565413,0.08409459846579877,0.42725351540274736,1.0,0.5788467207955188,0.44027692876797186,0.5323410299874611,0.43837182610366787,0.36447969049019524,1
0.6505050505050505,0.14593181659408985,0.06368637537381222,0.24376201826200103,0.08989834815756036,0.13043478260869568,0.07273603082851637,0.10235798499464095,0.07288489324129073,0.358316596677013,0.2843056696795398,0.37172573189522334,0.32605156037991856,0.2795773030094188,0.3716780074463989,0.0704395709329344,0.42965130455986356,0.9130829411476479,0.5333019927810491,0.6483634917888472,0.6613697297954387,0.45474867741344227,0.4451108883494743,1
0.509090909090909,0.6996833011200894,0.24121987813466428,0.7688463619929302,0.14008894536213468,0.09090909090909093,0.14450867052023122,0.13236870310825294,0.14464601059560123,0.07367171809384701,0.05751848808545603,0.09572419106317412,0.06621438263229308,0.04502641856191132,0.09571190139940944,0.024349874271891017,0.5675851418353248,0.19022541829899126,0.5505207046843503,0.27003610408549844,0.4009373754837141,0.48003219050228924,0.19023544616302288,1
0.18585858585858586,0.9029760380038655,0.3036773936740255,0.9612249127776435,0.013341804320203297,0.007905138339920952,0.0197495183044316,0.02411575562700964,0.019746347728367312,0.04245024648530217,0.03368940016433853,0.062018489984591675,0.04450474898236092,0.024044720116394823,0.06201052766722303,0.012381831492504058,0.6879216451272049,0.4240178636010463,0.24303403105901858,0.16400699843227742,0.19209894218842508,0.40368429107047193,0.09720024522190095,2
0.08282828282828283,0.3962927601704585,0.1781091480653623,0.44530035579812777,0.1905972045743329,0.1699604743083004,0.1464354527938343,0.1645230439442658,0.14641194413228448,0.27761548292861055,0.21610517666392765,0.2438366718027735,0.24477611940298508,0.27498277050310127,0.24393375272820647,0.10503867332972595,0.35405998536942207,0.9169421882911282,0.44539971156068,0.61662393442866,0.7516607799306197,0.6376660017403157,0.5748879518172102,1
0.692929292929293,0.6654111263768251,0.9463343437745594,0.6435570601172177,0.4634688691232528,0.28853754940711474,0.4099229287090559,0.4667738478027867,0.4096965805105154,0.5674639401132007,0.6146261298274445,0.5893682588597843,0.5013568521031208,0.43962018531281105,0.5894209783027348,0.24903714549447753,0.26611395594570436,0.39912408622874085,0.8024748412388546,0.555508065246622,0.5763080822747338,0.6614827916941741,0.4673175540772283,1
0.6060606060606061,0.2902510304356938,0.20694040438061995,0.10284753647218675,0.17026683608640406,0.1699604743083004,0.1628131021194605,0.16398713826366562,0.16278696419971103,0.32180025561438746,0.2925225965488907,0.41063174114021567,0.2709633649932157,0.191515429971667,0.41064321479008864,0.060572301620141954,0.4008778346744697,0.6566926671970994,0.6661115670541741,0.4603541198053934,0.3466600933323428,0.29679278320613117,0.38389032947550683,1
0.06060606060606061,0.28289243881424203,0.11782561213345993,0.3788271327737286,0.039707750952986016,0.051383399209486175,0.024084778420038536,0.03269024651661307,0.02424145127628833,0.027843710060251967,0.022185702547247325,0.03871340523882896,0.01994572591587517,0.03223830308599433,0.03877262806522019,0.016424228920648057,0.701536210680322,0.47605936800744786,0.2890926910113705,0.25634569666384804,0.32988008167142785,0.27492272677933044,0.1946303859759583,1
0.024242424242424242,0.04306289732901756,0.06108168243567371,0.15128904855665715,0.12166454891994917,0.20948616600790518,0.1083815028901734,0.12861736334405147,0.10852464279980736,0.1039802811758262,0.08709942481511913,0.11902927580893682,0.09592944369063772,0.07642239068841412,0.11901399409423549,0.0319890505140529,0.5434040477932213,0.8376036268523336,0.7940248440276328,0.4459097735959789,0.723730862479993,0.400034165707239,0.38736775829073705,1
0.24242424242424243,0.19709265770905618,0.054024924216908035,0.2895264085115203,0.11308767471410418,0.13043478260869568,0.04865125240847784,0.059485530546623804,0.04864344196500241,0.06016067190067554,0.04765817584223499,0.07704160246533127,0.027951153324287655,0.05467493682517804,0.0771600975735011,0.024636343380972085,0.5982687149475738,0.7537128337467132,0.6349529493318883,0.27582696869779955,0.5855625265916137,0.2921145725638693,0.185009982851036,2
0.6909090909090909,0.5838378781175045,0.23302815967012666,0.5786382949324674,0.4926937738246505,0.32806324110671947,0.4470134874759152,0.5010718113612004,0.4467811847808637,0.5627168157750593,0.5234182415776499,0.5814714946070878,0.5440976933514247,0.4674936825178037,0.5814610347926563,0.2547665276760989,0.1567503860846948,0.691351226489275,0.7559739607818141,0.8294518141810282,0.7408125271543992,0.8237040609146088,0.7748245752110482,1
0.0,0.1843082691009012,0.11259173071231003,0.05481478922703145,0.1956797966963151,0.24901185770750991,0.14547206165703275,0.24758842443729903,0.14528816824530422,0.31221471608544826,0.2801972062448644,0.3326271186440678,0.34735413839891455,0.17244812007044946,0.33258441391706256,0.06830696756533088,0.5117451028204504,0.369155422195571,0.960148362987339,0.569875209570575,0.5857651293618689,0.3906612843814673,0.4973096009344943,1
0.022222222222222223,0.11060591947465241,0.02387294977392655,0.22360588160788514,0.03875476493011435,0.09090909090909093,0.036608863198458574,0.04823151125401929,0.03644244662064536,0.05596129267847362,0.040262941659819224,0.07203389830508475,0.05101763907734056,0.04112106593154146,0.07208884324046734,0.008880542381513193,0.7498577582703407,0.8886301539265624,0.7528903691545221,0.3249676864005173,0.3994583752608511,0.2853397085593994,0.24691194379779136,1
0.8383838383838383,0.912005449083669,0.3471529032323913,1.0,0.08989834815756036,0.051383399209486175,0.10163776493256262,0.07770632368703109,0.1016214480655001,0.08608727405513969,0.07888249794576827,0.12114791987673344,0.07476255088195385,0.041044490389769504,0.12126075234304794,0.03132062259286374,0.531862147443713,0.6212174594767386,0.2889811398930704,0.11941594875241215,0.3710196997426945,0.2989276950425914,0.1070381170934577,2
0.00202020202020202,0.19832685187341362,0.09493044285903837,0.2783227975635313,0.25412960609911056,0.28853754940711474,0.19123314065510594,0.3236870310825295,0.19104190078664313,0.4728866167610005,0.4445357436318817,0.5159861325115562,0.5356852103120759,0.27942415192587483,0.5160482732058032,0.05933093548079065,0.432577420141429,0.47083048478583983,0.9770244535987189,0.7032769940370132,0.7413370432151709,0.473145220270941,0.6713260208604306,1
0.7292929292929293,0.17911533893766152,0.05367994529328314,0.13447211763215772,0.1664548919949174,0.20948616600790518,0.1565510597302505,0.1114683815648446,0.15652592711510677,0.15775059339054226,0.124075595727198,0.19818952234206472,0.11329715061058344,0.09947162876177348,0.19816407754525617,0.14469872998694974,0.5438917337234822,0.921902744172047,0.338840505804642,0.6736553357079693,0.38138170587030273,0.4572523831470531,0.42026560182922285,1
0.38585858585858585,0.07240411708543881,0.027663635342988675,0.11554227549598722,0.2763659466327827,0.3675889328063242,0.26685934489402696,0.2593783494105038,0.26665596403917163,0.1978272777067738,0.22678718159408376,0.25385208012326654,0.16458616010854815,0.1087372693161804,0.2539478752086276,0.06859343667441194,0.437251076973096,0.7882220630405922,0.8598798435097167,0.5516407389467964,0.5840024852606486,0.43380438709034513,0.4834205969827764,1
0.6888888888888889,0.5541473581258878,0.23407330291803177,0.5519131345930199,0.4123252858958068,0.28853754940711474,0.37620423892100185,0.3896034297963558,0.37598330390110773,0.4652181851378492,0.43796220213640097,0.4641756548536209,0.4791044776119402,0.43188605559384324,0.46418025420464765,0.1907247668459751,0.24083556856051375,0.5167144600437258,0.7756467972877144,0.6668613889866719,0.7866885477658543,0.7647588737416965,0.6038299352978701,1
0.026262626262626262,0.039139091353654835,0.03665758290210968,0.14824921989245457,0.11562897077509529,0.20948616600790518,0.09633911368015415,0.12861736334405147,0.09616310804302457,0.17199196640496622,0.13968775677896464,0.18990755007704158,0.15671641791044777,0.1320928095566276,0.19001155475670822,0.030461215265620525,0.5454360725026417,0.6777411971132645,0.8931300447001268,0.5339233582350094,0.7197395879059654,0.4490944308117736,0.469780128741498,1
0.14545454545454545,0.5348077684372308,0.20230053992263491,0.6331824933503748,0.036848792884371026,0.051383399209486175,0.0409441233140655,0.03965702036441587,0.040937550168566386,0.04473251780171627,0.037797863599013964,0.052195685670261935,0.042740841248303935,0.03606708017459224,0.05218898446527156,0.0052837635674953054,0.7435991221653255,0.3437249901418869,0.7646311243555932,0.273538032234228,0.46378025253309746,0.3764059989287626,0.2017074403307182,1
0.3696969696969697,0.13025405770439882,0.04177715178051994,0.2275898994783931,0.11054637865311306,0.1699604743083004,0.10067437379576107,0.10557341907824225,0.10065821159094557,0.11511776519992696,0.09942481511914542,0.1596687211093991,0.0880597014925373,0.07626923960487018,0.15964822185132885,0.012954769710666203,0.6809721206209869,0.48285854949239465,0.9280057050429071,0.449722136492572,0.6951526161645496,0.19520941621127222,0.3812641354685312,1
0.4161616161616162,0.455673800153692,0.2120150647600968,0.07228804679493822,0.1823379923761118,0.13043478260869568,0.15366088631984587,0.1934619506966774,0.15363621769144326,0.5190797882052218,0.45110928512736237,0.6153697996918336,0.503663500678426,0.3365495060877555,0.6152907947104893,0.27564694273800805,0.13423555230431602,0.9259393206885048,0.6329848688875961,0.6248471104346756,0.8620927965710607,0.8427091804323028,0.5331360235943234,1
0.34545454545454546,0.2831427706494655,0.13158598446574196,0.0030398286642025966,0.23983481575603557,0.24901185770750991,0.21146435452793833,0.19882100750267953,0.21126986675228768,0.19691436918020813,0.1832374691865242,0.22785053929121724,0.16132971506105837,0.14426832069836895,0.22788547952240346,0.08256676321736639,0.4689100219458669,0.563634412164795,0.616658565930695,0.4773878931894739,0.4488461772233966,0.38626422903835994,0.3763410572709122,1
0.4101010101010101,0.5120042847495517,0.25564367147391737,0.3462065471461306,0.11181702668360863,0.09090909090909093,0.10549132947976879,0.11789924973204714,0.10563493337614382,0.5073032682125251,0.40673788003286765,0.6194144838212635,0.48697421981004074,0.3035454475840416,0.6193349595583516,0.1514784989018684,0.2227505486466716,0.8080246207834693,0.6635498753017854,0.44294590823679036,0.6602036382955254,0.7621724229358663,0.36540755714250206,1
0.4909090909090909,0.38856740330205153,0.12572542535493023,0.45293447096618195,0.0,0.011857707509881427,0.0,0.0,0.0,0.010041993792222021,0.009860312243221031,0.01290446841294298,0.00841248303934871,0.016004288230339225,0.013031197843112087,0.005347423369513321,0.865845728684061,0.18106495621597782,0.4129303681983699,0.1778686240870244,0.40132457188909076,0.31435876127957685,0.12895482449236578,1
0.6747474747474748,0.664898819365205,0.28415852700123495,0.5681946411505292,0.027318932655654386,0.011857707509881427,0.015414258188824661,0.02197213290460879,0.0155723230052978,0.155924776337411,0.11750205423171735,0.19645608628659475,0.13405698778833106,0.09855272226051,0.19655925022467588,0.03132062259286374,0.4973990083719419,0.5621107795259239,0.22360820060078254,0.33128486175890487,0.4825165064979211,0.5130532575756227,0.23867298499672762,1
0.9919191919191919,0.4998195282118155,0.26298621104953207,0.1657224774603613,0.09243964421855147,0.09090909090909093,0.09393063583815028,0.0894962486602358,0.09407609568148982,0.2860142413730144,0.2629416598192276,0.3622881355932203,0.2616010854816825,0.15514204762998696,0.36230581589420985,0.08590890282331222,0.4501341136308218,0.4476843350498505,0.33312749496027994,0.25789371198778954,0.26040759175091566,0.5490486985890629,0.1833178688891282,2
0.4868686868686869,0.38230910742146557,0.11864417159129184,0.3635416306838464,0.004764930114358321,0.011857707509881427,0.0038535645472061652,0.004287245444801715,0.00401348531064376,0.0069381048018988525,0.007395234182415771,0.002696456086286585,0.0016282225237449043,0.011639482349337624,0.0026961098985749153,0.005665722379603399,0.8115093879541575,0.016528964186466457,0.46692509342406147,0.15429673692761445,0.3117966588552043,0.2856884834874645,0.10076880379762564,1
0.0707070707070707,0.4683242903383554,0.2654418894230279,0.05830368348935482,0.1747141041931385,0.13043478260869568,0.10404624277456648,0.15809217577706325,0.10419007866431208,0.21663319335402595,0.21610517666392765,0.18990755007704158,0.1795115332428765,0.2075962937437782,0.1898831685710618,0.09084253747970844,0.4850442981386655,0.8738814833135393,0.12404085958104594,0.9101350165152371,0.9636057890364887,0.7047460082175643,0.7999722468456676,1
0.6686868686868687,0.6971450527443355,0.30955632444349185,0.15156539661703922,0.18710292249047014,0.13043478260869568,0.17341040462427745,0.18006430868167203,0.1735431048322363,0.5268395106810299,0.39934264585045187,0.6858628659476117,0.46580732700135685,0.2867754039359828,0.6857748106303763,0.13282617691058982,0.2928960416158661,0.8161211066286187,0.3651825055974759,0.46188206625512823,0.6362694977027097,0.5524550373954341,0.3876825701906269,1
0.006060606060606061,0.1650036094357637,0.0729273196770671,0.2642002602277569,0.26334180432020327,0.32806324110671947,0.20905587668593448,0.32475884244372993,0.2088617755659014,0.41427788935548654,0.35497124075595726,0.47553929121725724,0.46607869742198105,0.23378512902978782,0.475478238541533,0.04099691249960213,0.4959359505811591,0.416255036970841,0.9758850386046549,0.6956274985522387,0.7380886454654124,0.43697717125738694,0.6719494312674492,1
0.00808080808080808,0.16114966350744006,0.08090878471478002,0.26010685458334776,0.35451080050825917,0.40711462450592895,0.28275529865125243,0.4372990353697749,0.28287044469417244,0.49945225488406064,0.41002465078060796,0.5845531587057011,0.5773405698778834,0.28685197947775476,0.5845423032481706,0.054174491517331384,0.4554986588636919,0.3751589547833432,0.9928129208066738,0.7624720369166038,0.5137983742253258,0.4043355748647163,0.7576114061322043,1
0.30303030303030304,0.11919288358987495,0.06636455494656912,0.21530968254516564,0.18837357052096568,0.24901185770750991,0.13535645472061655,0.21114683815648447,0.13517418526248196,0.16112835493883512,0.13968775677896464,0.19799691833590136,0.14097693351424695,0.10322383030859943,0.19809988445243293,0.030906833879746635,0.5115419003495083,0.6520097717817634,0.97507629299698,0.5994285252469149,0.44861656075044065,0.2507318045365653,0.5636810624073169,1
0.8303030303030303,0.8673707006962718,0.28897394286414163,0.9429226110285905,0.042884371029224905,0.011857707509881427,0.05057803468208092,0.03590568060021437,0.05056991491411142,0.026291765565090382,0.025472473294987672,0.04641756548536209,0.024016282225237447,0.012481813308829155,0.04653999229682886,0.01489639367221568,0.6599203446313908,0.2993553143979784,0.20887150107965555,0.1712050346477362,0.3827886695526306,0.19089866486822182,0.09747777676522489,2
