0.10953729933899907,0.2293388429752065,0.0009074410163338386,0.30686936936936937,0.034212401995723465,0.4697629666228921,0.3894633185622844,3
0.7903682719546743,0.7830578512396693,0.903811252268602,0.6486486486486488,0.9030648610121165,0.4640419196712999,0.6061053668143772,2
0.5901794145420208,0.6735537190082644,0.49183303085299396,0.6188063063063065,0.6086956521739129,0.508380033546139,0.6686361398325947,2
0.16147308781869696,0.19214876033057846,0.5471869328493641,0.19369369369369388,0.2451888809693515,0.6334629237150399,0.26784835056622336,3
0.9036827195467423,0.9545454545454548,0.593466424682396,0.9087837837837838,0.8146828225231646,0.1488642421563146,0.8202855736090594,2
0.3305004721435316,0.4132231404958678,0.40653357531760403,0.46058558558558543,0.3962936564504632,0.410212068808592,0.38404726735598244,1
0.03210576015108592,0.08057851239669434,0.28039927404718634,0.08277027027027041,0.06200997861724886,0.6023872368643461,0.25898572131954695,3
0.20207743153918797,0.27685950413223137,0.34210526315789447,0.2888513513513513,0.17961511047754822,0.35989286039345203,0.2698178237321517,1
0.5240793201133145,0.5330578512396694,0.8647912885662429,0.4273648648648651,0.6642908054169634,0.076701036289641,0.32299359921221066,1
0.20113314447592076,0.23966942148760334,0.5490018148820328,0.18412162162162163,0.2986457590876692,0.43387639938108685,0.1944854751354011,1
0.19924457034938617,0.2685950413223142,0.37205081669691414,0.2742117117117118,0.20028510334996438,0.3243963645347099,0.39241752831117666,3
0.16902738432483483,0.21280991735537177,0.4791288566243192,0.18018018018018037,0.2558802565930149,0.6120089976465694,0.25898572131954695,3
0.14069877242681778,0.16942148760330586,0.5290381125226854,0.11261261261261273,0.21810406272273694,0.08450246395090302,0.21762678483505674,1
0.6647780925401321,0.7128099173553718,0.6524500907441015,0.6385135135135138,0.6721311475409835,0.38771795238528656,0.6942392909896604,2
0.05571293673276675,0.13016528925619814,0.1678765880217783,0.18074324324324312,0.04490377761938713,0.3337580777282243,0.23732151649433791,3
0.4211520302171861,0.46900826446280985,0.6333938294010889,0.4577702702702702,0.49750534568781163,0.17733945311992097,0.4140817331363862,1
0.4409820585457979,0.5020661157024793,0.570780399274047,0.48648648648648646,0.48610121168923714,0.18930164220052273,0.3451501723289019,1
0.3163361661945231,0.3636363636363636,0.5871143375680581,0.38626126126126126,0.3706343549536706,0.17668933414814916,0.24273756770063984,1
0.06326723323890462,0.12396694214876026,0.248638838475499,0.16159909909909909,0.05702066999287245,0.5941957378200211,0.28212703101920217,3
0.7705382436260624,0.7789256198347106,0.8330308529945556,0.6824324324324323,0.8831076265146115,0.4450584456955623,0.725258493353028,2
0.019830028328611977,0.03305785123966945,0.4618874773139742,0.046171171171171095,0.13613684960798306,0.5211223653928668,0.26784835056622336,3
0.41548630783758267,0.4442148760330579,0.7277676950998182,0.3778153153153155,0.5324305060584459,0.2851291786396911,0.32299359921221066,1
0.22946175637393765,0.2789256198347107,0.5081669691470051,0.27927927927927904,0.2822523164647183,0.3390890532967534,0.15066469719350079,1
0.33238904627006605,0.34917355371900816,0.7531760435571687,0.29335585585585583,0.47897362794012827,0.2515830396962645,0.23682914820285572,1
0.30311614730878195,0.33677685950413205,0.6470054446460974,0.2685810810810813,0.37419814682822505,0.10335591413228623,0.21762678483505674,1
0.018885741265344598,0.10743801652892554,0.02359346642468182,0.23536036036036048,0.012829650748396459,0.6107087597030256,0.33234859675036926,3
0.15297450424929188,0.21900826446281002,0.33756805807622525,0.257882882882883,0.18745545260156793,0.11648831736207728,0.3244707040866568,3
0.07837582625118036,0.0929752066115701,0.5462794918330303,0.06137387387387387,0.15680684248039922,0.2515830396962645,0.04332840965041856,1
0.4523135033050048,0.48760330578512384,0.7041742286751363,0.4296171171171171,0.5623663578047041,0.1604363598538533,0.34613490891186627,1
0.33238904627006605,0.38223140495867763,0.5816696914700541,0.34966216216216195,0.38346400570206707,0.2500227541640121,0.34465780403742013,1
0.4173748819641171,0.48553719008264457,0.5226860254083485,0.501126126126126,0.4383464005702067,0.13339141062814497,0.23732151649433791,1
0.4702549575070822,0.566115702479339,0.40471869328493637,0.5748873873873874,0.42836778332145387,0.24378161203500245,0.6696208764155587,2
0.05571293673276675,0.06404958677685961,0.5435571687840288,0.06193693693693712,0.128296507483963,0.4272451858690141,0.15214180206794692,3
0.13408876298394712,0.2293388429752065,0.152450090744101,0.28490990990991005,0.10406272273699206,0.809645165065207,0.36976858690300324,3
0.8234183191690273,0.8636363636363636,0.6660617059891101,0.8119369369369371,0.8410548823948679,0.3526115279096075,0.8463810930576073,2
0.4409820585457979,0.5041322314049586,0.5580762250453722,0.4588963963963967,0.4362081254454739,0.4912168926913626,0.3914327917282127,1
0.3068932955618508,0.31611570247933873,0.7931034482758617,0.23930180180180172,0.5338560228082679,0.19424254638598865,0.14081733136386,1
0.07176581680830971,0.14669421487603287,0.19056261343012626,0.15596846846846857,0.027084818246614573,0.464431991054363,0.3018217626784833,3
0.3371104815864023,0.4111570247933885,0.45644283121597123,0.4273648648648651,0.35566642908054164,0.29995189119608895,0.32348596750369285,1
0.4815864022662889,0.4834710743801653,0.8865698729582581,0.3536036036036037,0.6300784034212399,0.10842684211210653,0.25947808961102914,1
0.40509915014164316,0.44628099173553726,0.6624319419237747,0.3688063063063065,0.5010691375623664,0.03288301759221938,0.21516494337764666,1
0.3871576959395656,0.4297520661157025,0.6515426497277677,0.3738738738738738,0.4483250178189592,0.3667841214942335,0.34465780403742013,1
0.5524079320113315,0.5867768595041322,0.7250453720508166,0.5546171171171174,0.6236635780470419,0.15653564602322226,0.4992614475627771,1
0.9556185080264401,0.9958677685950414,0.6188747731397455,0.9459459459459459,0.8439059158945116,0.4792547036107608,0.9512555391432791,2
0.06137865911237019,0.12190082644628096,0.25226860254083433,0.10754504504504496,0.06058446186742689,0.3583325748611996,0.2801575578532743,3
0.715769593956563,0.7954545454545457,0.5045372050816697,0.7725225225225225,0.6286528866714183,0.2714766802324826,0.863613983259478,2
0.38810198300283283,0.37190082644628114,0.9727767695099818,0.17229729729729734,0.5958660014255167,0.13027083956364016,0.06400787789266367,1
0.4268177525967894,0.440082644628099,0.8212341197822136,0.38288288288288275,0.5930149679258732,0.3072332236799335,0.32545544066962073,1
0.07271010387157692,0.1322314049586778,0.27313974591651463,0.15540540540540532,0.08909479686386312,0.426855114485951,0.36632200886262917,3
0.7799811142587348,0.7768595041322317,0.8847549909255894,0.7055180180180182,0.8382038488952244,0.2701764422889389,0.8276710979812901,2
0.09159584513692169,0.18595041322314057,0.10617059891107021,0.26126126126126153,0.03777619387027792,0.4286754476069122,0.3264401772525851,3
0.8829084041548633,0.9318181818181822,0.6088929219600723,1.0,0.8075552387740553,0.32335617417987494,1.0,2
0.4523135033050048,0.46487603305785125,0.82486388384755,0.3254504504504506,0.5951532430506056,0.36860445461519464,0.4529788281634663,2
0.6166194523135035,0.6487603305785126,0.7359346642468237,0.5354729729729728,0.667141838916607,0.2721267992042544,0.6041358936484493,2
0.1916902738432483,0.26033057851239666,0.36297640653357477,0.2877252252252253,0.20028510334996438,0.33037745907501076,0.3505662235352043,3
0.09065155807365448,0.1425619834710743,0.3393829401088929,0.1509009009009008,0.15324305060584478,0.7736285740290474,0.21516494337764666,3
0.19641170915958453,0.18801652892561987,0.8130671506352091,0.04786036036036034,0.3599429793300069,0.1995735219545177,0.11127523387493846,3
0.23418319169027388,0.3119834710743801,0.36206896551724094,0.3226351351351354,0.25944404846756963,0.5901650001950357,0.4313146233382568,3
0.20679886685552404,0.23966942148760334,0.576225045372051,0.20439189189189166,0.2822523164647183,0.053426777100209336,0.12949286065977347,1
0.8083097261567516,0.8347107438016528,0.7341197822141561,0.757882882882883,0.8446186742694224,0.30151217672834135,0.8202855736090594,2
0.35316336166194523,0.3863636363636362,0.6805807622504535,0.3406531531531529,0.4055595153243049,0.33323798255080683,0.3471196454948302,1
0.7884796978281399,0.8078512396694215,0.7813067150635207,0.7010135135135136,0.8517462580185317,0.27862798892197277,0.7040866568193008,2
0.07743153918791315,0.11157024793388412,0.43466424682395605,0.10754504504504496,0.10334996436208123,0.5450467435540703,0.15066469719350079,3
0.02266288951841362,0.11363636363636379,0.016333938294010104,0.21340090090090066,0.007840342124020041,0.574302097283803,0.3279172821270308,3
0.8111425873465533,0.8719008264462808,0.5771324863883849,0.8277027027027026,0.7491090520313612,0.3370086725870835,0.841949778434269,2
0.17941454202077436,0.21694214876033074,0.5235934664246823,0.20720720720720742,0.2401995723449751,0.4753539897801299,0.23781388478581966,3
0.30122757318224735,0.340909090909091,0.6152450090744102,0.3265765765765766,0.3749109052031362,0.30827341403476843,0.17380600689315598,1
0.12086874409820579,0.12603305785123955,0.6479128856624313,0.13119369369369352,0.23022095509622226,0.3682143832321315,0.3018217626784833,3
0.91123701605288,0.9297520661157025,0.740471869328494,0.7972972972972976,0.9493941553813257,0.6677892054245927,0.8217626784835056,2
0.20868744098205863,0.21900826446281002,0.7068965517241379,0.14695945945945954,0.35352815395580883,0.5341247448283036,0.1944854751354011,3
0.5288007554296508,0.5681818181818182,0.6969147005444647,0.525900900900901,0.5637918745545257,0.017930281241467193,0.3879862136878387,1
0.898016997167139,0.9462809917355368,0.6034482758620692,0.9470720720720724,0.8232359230220954,0.15471531290226115,0.9502708025603152,2
0.051935788479697896,0.07851239669421467,0.4328493647912884,0.06306306306306313,0.11689237348538851,0.7311107932751694,0.2609551944854753,3
0.5835694050991501,0.6632231404958676,0.5054446460980035,0.5788288288288287,0.5759087669280114,0.5402358631629588,0.6282619399310684,2
0.408876298394712,0.4173553719008264,0.8393829401088925,0.2730855855855858,0.5573770491803277,0.04900596809216086,0.2801575578532743,1
0.1850802644003778,0.23966942148760334,0.4328493647912884,0.24436936936936948,0.24091233071988594,0.47509394219142104,0.32348596750369285,3
0.05854579792256855,0.14876033057851254,0.07803992740471818,0.21396396396396392,0.04062722736992154,0.702635582311563,0.37223042836041376,3
0.25967894239848915,0.318181818181818,0.4891107078039924,0.275900900900901,0.3164647184604418,0.6800114420939032,0.3879862136878387,3
0.5297450424929178,0.5909090909090908,0.5925589836660611,0.5219594594594593,0.5944404846756948,0.26757596640185155,0.49630723781388486,1
0.05665722379603396,0.1322314049586778,0.15607985480943737,0.19763513513513514,0.03207412687099067,0.6563471115214085,0.34465780403742013,3
0.6298394711992448,0.6859504132231405,0.6188747731397455,0.6075450450450449,0.6870990734141124,0.49069679751394507,0.6262924667651405,2
0.021718602455146407,0.08677685950413222,0.1588021778584389,0.15822072072072058,0.0,0.5315242689412162,0.2806499261447565,3
0.040604343720491,0.12190082644628096,0.09800362976406465,0.23986486486486497,0.05060584461867438,0.7762290499161347,0.3170851797144265,3
0.8479697828139755,0.8946280991735533,0.6333938294010889,0.8361486486486489,0.8139700641482533,0.09191382022910193,0.863613983259478,2
0.1765816808309727,0.2066115702479339,0.5671506352087116,0.18975225225225212,0.27583749109052025,0.5489474573847014,0.30920728705071404,3
0.06043437204910298,0.09710743801652906,0.39019963702359295,0.13569819819819803,0.11760513186029935,0.46287170552211065,0.23830625307730186,3
0.368271954674221,0.4545454545454544,0.4147005444646096,0.45945945945945943,0.34426229508196715,0.4356967325020479,0.431806991629739,1
0.2625118035882908,0.28305785123966926,0.6969147005444647,0.23704954954954974,0.35495367070563083,0.5077299145743671,0.2816346627277204,3
0.4504249291784702,0.48553719008264457,0.7078039927404717,0.4515765765765764,0.5438346400570204,0.07826132182189341,0.3018217626784833,1
0.8300283286118979,0.8904958677685948,0.576225045372051,0.7905405405405406,0.8275124732715606,0.37874631057483527,0.7119645494830132,2
0.7403210576015109,0.7355371900826447,0.903811252268602,0.6086711711711714,0.8132573057733425,0.28850979729290466,0.6824224519940918,2
0.971671388101983,0.9586776859504134,0.8620689655172414,0.873310810810811,0.9992872416250889,0.552718147420978,0.8872476612506154,2
0.8064211520302171,0.8057851239669419,0.8656987295825768,0.7229729729729729,0.9066286528866713,0.17473897723283363,0.6917774495322504,2
0.2464589235127478,0.2582644628099174,0.7277676950998182,0.18975225225225212,0.429080541696365,0.9816666449960343,0.26440177252584934,3
0.5930122757318226,0.6694214876033059,0.514519056261343,0.6981981981981984,0.593727726300784,0.38108673887321387,0.7129492860659772,2
0.40321057601510857,0.4669421487603305,0.5399274047186934,0.4386261261261261,0.4476122594440484,0.17733945311992097,0.40965041851304773,1
0.08498583569405102,0.16735537190082656,0.16515426497277677,0.2280405405405407,0.04632929436920878,0.6010869989208025,0.3894633185622844,3
0.2049102927289896,0.200413223140496,0.8012704174228672,0.0979729729729732,0.37419814682822505,0.2682260853736234,0.1531265386509109,3
0.14353163361661941,0.21900826446281002,0.28221415607985406,0.1463963963963963,0.28652886671418387,0.09581453405973295,0.0,1
0.3493862134088762,0.3471074380165289,0.8793103448275864,0.22072072072072094,0.50392017106201,0.25145301590191005,0.15066469719350079,1
0.11803588290840415,0.16528925619834725,0.3992740471869323,0.15540540540540532,0.1468282252316464,0.3683444070264859,0.25849335302806475,3
0.24268177525967896,0.2913223140495868,0.5272232304900176,0.3124999999999999,0.24590163934426235,0.011702141491893013,0.26440177252584934,1
0.5609065155807367,0.6053719008264462,0.6733212341197818,0.5495495495495496,0.5965787598004276,0.6198104253078314,0.6701132447070408,2
0.789423984891407,0.8285123966942152,0.6787658802177858,0.7595720720720722,0.8018531717747681,0.3384389343249815,0.8020679468242244,2
0.03021718602455149,0.08057851239669434,0.26406533575317626,0.10641891891891896,0.03207412687099067,0.4438882315463731,0.21516494337764666,3
