0.30311614730878195,0.33677685950413205,0.6470054446460974,0.2685810810810813,0.37419814682822505,0.10335591413228623,0.21762678483505674,1
0.41548630783758267,0.4442148760330579,0.7277676950998182,0.3778153153153155,0.5324305060584459,0.2851291786396911,0.32299359921221066,1
0.14069877242681778,0.16942148760330586,0.5290381125226854,0.11261261261261273,0.21810406272273694,0.08450246395090302,0.21762678483505674,1
0.08498583569405102,0.16735537190082656,0.16515426497277677,0.2280405405405407,0.04632929436920878,0.6010869989208025,0.3894633185622844,3
0.7422096317280453,0.7665289256198349,0.762250453720508,0.6801801801801803,0.8118317890235209,0.19112197532148384,0.6277695716395862,2
0.3163361661945231,0.3636363636363636,0.5871143375680581,0.38626126126126126,0.3706343549536706,0.17668933414814916,0.24273756770063984,1
0.635505193578848,0.7231404958677686,0.4700544464609798,0.6559684684684686,0.5509622238061296,0.3977297845505728,0.690792712949286,2
0.3578847969782815,0.37190082644628114,0.7894736842105262,0.2742117117117118,0.48610121168923714,0.22063737663992516,0.21516494337764666,1
0.06137865911237019,0.12190082644628096,0.25226860254083433,0.10754504504504496,0.06058446186742689,0.3583325748611996,0.2801575578532743,3
0.15108593012275728,0.16322314049586759,0.6370235934664242,0.13400900900900878,0.2501781895937276,0.37263519224018,0.17282127031019204,3
0.4173748819641171,0.48553719008264457,0.5226860254083485,0.501126126126126,0.4383464005702067,0.13339141062814497,0.23732151649433791,1
0.7762039660056657,0.8016528925619832,0.7486388384754985,0.7730855855855858,0.7576621525302921,0.32140581726455947,0.7552929591334319,2
0.35410764872521244,0.40495867768595023,0.5852994555353904,0.4115990990990991,0.3991446899501068,0.0712400369267576,0.3106843919251602,1
0.9036827195467423,0.9545454545454548,0.593466424682396,0.9087837837837838,0.8146828225231646,0.1488642421563146,0.8202855736090594,2
0.7337110481586402,0.8491735537190082,0.3366606170598904,0.9949324324324328,0.6094084105488238,0.5419261724895655,0.9497784342688333,2
0.10009442870632677,0.1363636363636364,0.44827586206896564,0.11768018018017999,0.15680684248039922,0.5778127397313708,0.30329886755292945,3
0.4504249291784702,0.48553719008264457,0.7078039927404717,0.4515765765765764,0.5438346400570204,0.07826132182189341,0.3018217626784833,1
0.1765816808309727,0.2066115702479339,0.5671506352087116,0.18975225225225212,0.27583749109052025,0.5489474573847014,0.30920728705071404,3
0.408876298394712,0.4173553719008264,0.8393829401088925,0.2730855855855858,0.5573770491803277,0.04900596809216086,0.2801575578532743,1
0.7922568460812087,0.878099173553719,0.4618874773139742,0.9290540540540544,0.7412687099073412,0.380436619901442,0.9743968488429348,2
0.4523135033050048,0.46487603305785125,0.82486388384755,0.3254504504504506,0.5951532430506056,0.36860445461519464,0.4529788281634663,2
0.2483474976392824,0.2954545454545454,0.5435571687840288,0.27927927927927904,0.31361368496079817,0.441027708070577,0.2801575578532743,1
0.3654390934844194,0.4008264462809916,0.6687840290381126,0.2753378378378378,0.5324305060584459,0.2648454667204099,0.25849335302806475,1
0.8479697828139755,0.8946280991735533,0.6333938294010889,0.8361486486486489,0.8139700641482533,0.09191382022910193,0.863613983259478,2
0.3371104815864023,0.4111570247933885,0.45644283121597123,0.4273648648648651,0.35566642908054164,0.29995189119608895,0.32348596750369285,1
0.5221907459867801,0.5351239669421487,0.8339382940108894,0.4560810810810809,0.6094084105488238,0.1956728081238867,0.4549483013293942,1
0.06421152030217184,0.0929752066115701,0.4373865698729576,0.10810810810810821,0.12401995723449742,0.41866361544162584,0.23732151649433791,3
1.0,0.9917355371900828,0.8239564428312162,0.9425675675675679,1.0,0.6520563263077144,0.8429345150172329,2
0.1916902738432483,0.26033057851239666,0.36297640653357477,0.2877252252252253,0.20028510334996438,0.33037745907501076,0.3505662235352043,3
0.2049102927289896,0.200413223140496,0.8012704174228672,0.0979729729729732,0.37419814682822505,0.2682260853736234,0.1531265386509109,3
0.021718602455146407,0.08677685950413222,0.1588021778584389,0.15822072072072058,0.0,0.5315242689412162,0.2806499261447565,3
0.8111425873465533,0.8719008264462808,0.5771324863883849,0.8277027027027026,0.7491090520313612,0.3370086725870835,0.841949778434269,2
0.19641170915958453,0.18801652892561987,0.8130671506352091,0.04786036036036034,0.3599429793300069,0.1995735219545177,0.11127523387493846,3
0.20679886685552404,0.23966942148760334,0.576225045372051,0.20439189189189166,0.2822523164647183,0.053426777100209336,0.12949286065977347,1
0.20113314447592076,0.23966942148760334,0.5490018148820328,0.18412162162162163,0.2986457590876692,0.43387639938108685,0.1944854751354011,1
0.4268177525967894,0.440082644628099,0.8212341197822136,0.38288288288288275,0.5930149679258732,0.3072332236799335,0.32545544066962073,1
0.16713881019830024,0.1611570247933883,0.7640653357531758,0.09966216216216195,0.2936564504632928,0.31919541276053526,0.04234367306745461,1
0.8375826251180359,0.8450413223140496,0.8203266787658798,0.6835585585585588,0.8995010691375621,0.46066130101808633,0.7336287543082227,2
0.8234183191690273,0.8636363636363636,0.6660617059891101,0.8119369369369371,0.8410548823948679,0.3526115279096075,0.8463810930576073,2
0.32294617563739375,0.3884297520661155,0.4936479128856626,0.3997747747747748,0.37633642195295786,0.18878154702310526,0.3018217626784833,1
0.46931067044381497,0.5123966942148761,0.6733212341197818,0.49380630630630623,0.554526015680684,0.546997100469386,0.6538650910881342,2
0.3777148253068933,0.3863636363636362,0.8275862068965515,0.2545045045045045,0.5010691375623664,0.44466837431249917,0.12900049236829128,1
0.7799811142587348,0.7768595041322317,0.8847549909255894,0.7055180180180182,0.8382038488952244,0.2701764422889389,0.8276710979812901,2
0.2625118035882908,0.28305785123966926,0.6969147005444647,0.23704954954954974,0.35495367070563083,0.5077299145743671,0.2816346627277204,3
0.7837582625118037,0.7892561983471075,0.8411978221415611,0.747747747747748,0.8118317890235209,0.3736753825950149,0.7124569177744955,2
0.3068932955618508,0.31611570247933873,0.7931034482758617,0.23930180180180172,0.5338560228082679,0.19424254638598865,0.14081733136386,1
0.789423984891407,0.8285123966942152,0.6787658802177858,0.7595720720720722,0.8018531717747681,0.3384389343249815,0.8020679468242244,2
0.13786591123701614,0.2066115702479339,0.3039927404718692,0.20720720720720742,0.15466856735566645,0.5490774811790559,0.25947808961102914,3
0.15297450424929188,0.21900826446281002,0.33756805807622525,0.257882882882883,0.18745545260156793,0.11648831736207728,0.3244707040866568,3
0.6128423040604343,0.6136363636363638,0.9056261343012707,0.5253378378378378,0.7505345687811829,0.2848691310509824,0.4751354012801576,1
0.3966005665722379,0.4359504132231404,0.6696914700544465,0.36373873873873874,0.4711332858161082,0.25210313487368197,0.2914820285573608,1
0.1850802644003778,0.23966942148760334,0.4328493647912884,0.24436936936936948,0.24091233071988594,0.47509394219142104,0.32348596750369285,3
0.14353163361661941,0.21900826446281002,0.28221415607985406,0.1463963963963963,0.28652886671418387,0.09581453405973295,0.0,1
0.3975448536355053,0.4359504132231404,0.6733212341197818,0.4262387387387386,0.4689950106913754,0.3051528429702636,0.38897095027080264,1
0.5901794145420208,0.6735537190082644,0.49183303085299396,0.6188063063063065,0.6086956521739129,0.508380033546139,0.6686361398325947,2
0.2162417374881965,0.2252066115702479,0.7241379310344829,0.13513513513513528,0.34853884533143276,0.20633475926094477,0.04332840965041856,1
0.20774315391879125,0.2314049586776858,0.6397459165154268,0.18299549549549562,0.3022095509622237,0.6134392593844673,0.2161496799606106,3
0.06043437204910298,0.04545454545454559,0.688747731397459,0.0016891891891892535,0.17747683535281542,0.19554278432953234,0.09059576563269335,1
0.5297450424929178,0.5909090909090908,0.5925589836660611,0.5219594594594593,0.5944404846756948,0.26757596640185155,0.49630723781388486,1
0.09065155807365448,0.1425619834710743,0.3393829401088929,0.1509009009009008,0.15324305060584478,0.7736285740290474,0.21516494337764666,3
0.40509915014164316,0.44628099173553726,0.6624319419237747,0.3688063063063065,0.5010691375623664,0.03288301759221938,0.21516494337764666,1
0.715769593956563,0.7954545454545457,0.5045372050816697,0.7725225225225225,0.6286528866714183,0.2714766802324826,0.863613983259478,2
0.7705382436260624,0.7789256198347106,0.8330308529945556,0.6824324324324323,0.8831076265146115,0.4450584456955623,0.725258493353028,2
0.05571293673276675,0.06404958677685961,0.5435571687840288,0.06193693693693712,0.128296507483963,0.4272451858690141,0.15214180206794692,3
0.9556185080264401,0.9958677685950414,0.6188747731397455,0.9459459459459459,0.8439059158945116,0.4792547036107608,0.9512555391432791,2
0.27856468366383375,0.2975206611570247,0.7168784029038111,0.25281531531531526,0.3749109052031362,0.23689035093422103,0.3244707040866568,1
0.4627006610009443,0.5227272727272726,0.5834845735027218,0.48310810810810795,0.5281539558089806,0.34415998127657366,0.3490891186607581,1
0.5269121813031163,0.6136363636363638,0.46007259528130656,0.4859234234234232,0.5395580898075552,0.45780077754229026,0.582964057114722,2
0.7677053824362605,0.7809917355371904,0.8130671506352091,0.623310810810811,0.8745545260156806,0.592765476082123,0.6696208764155587,2
0.14730878186968843,0.21487603305785108,0.3284936479128859,0.2916666666666666,0.14754098360655754,0.3735453588006606,0.40324963072378145,3
0.7516525023607178,0.7871900826446279,0.7114337568058071,0.7060810810810809,0.7441197434069848,0.12650014952736352,0.6770064007877894,2
0.3569405099150141,0.40909090909090917,0.5852994555353904,0.37725225225225223,0.3727726300784034,0.09087362987426699,0.3845396356474642,1
0.6572237960339944,0.6714876033057852,0.8257713248638838,0.5022522522522525,0.7555238774055593,0.5982264754450064,0.5622845888724765,2
0.07176581680830971,0.14669421487603287,0.19056261343012626,0.15596846846846857,0.027084818246614573,0.464431991054363,0.3018217626784833,3
0.5240793201133145,0.5330578512396694,0.8647912885662429,0.4273648648648651,0.6642908054169634,0.076701036289641,0.32299359921221066,1
0.07743153918791315,0.11157024793388412,0.43466424682395605,0.10754504504504496,0.10334996436208123,0.5450467435540703,0.15066469719350079,3
0.4702549575070822,0.566115702479339,0.40471869328493637,0.5748873873873874,0.42836778332145387,0.24378161203500245,0.6696208764155587,2
0.06326723323890462,0.12396694214876026,0.248638838475499,0.16159909909909909,0.05702066999287245,0.5941957378200211,0.28212703101920217,3
0.07932011331444758,0.14876033057851254,0.2304900181488202,0.15596846846846857,0.06343549536707052,0.18930164220052273,0.3018217626784833,3
0.4409820585457979,0.5041322314049586,0.5580762250453722,0.4588963963963967,0.4362081254454739,0.4912168926913626,0.3914327917282127,1
0.014164305949008532,0.0661157024793389,0.22504537205081615,0.13851351351351326,0.008553100498930866,0.5118906759937069,0.21861152141802068,3
0.2171860245514637,0.28099173553719,0.41742286751361113,0.33558558558558566,0.2822523164647183,0.7047159630212328,0.39241752831117666,3
0.38810198300283283,0.37190082644628114,0.9727767695099818,0.17229729729729734,0.5958660014255167,0.13027083956364016,0.06400787789266367,1
0.25779036827195473,0.31611570247933873,0.4827586206896545,0.36148648648648674,0.31575196008553097,0.8152361882224448,0.4534711964549485,3
0.7903682719546743,0.7830578512396693,0.903811252268602,0.6486486486486488,0.9030648610121165,0.4640419196712999,0.6061053668143772,2
0.348441926345609,0.3636363636363636,0.7831215970961883,0.28040540540540554,0.4761225944404846,0.7697278601984163,0.23732151649433791,1
0.8073654390934845,0.8677685950413222,0.5816696914700541,0.765765765765766,0.789023521026372,0.7693377888153533,0.7552929591334319,2
0.7922568460812087,0.859504132231405,0.5499092558983667,0.8727477477477478,0.6571632216678545,0.1792898100352365,0.9522402757262435,2
0.2974504249291785,0.3388429752066117,0.6016333938294005,0.3282657657657659,0.344975053456878,0.2817485599864776,0.15066469719350079,1
0.7554296506137866,0.7520661157024795,0.8938294010889288,0.6407657657657658,0.8766928011404131,0.6807915848600294,0.6686361398325947,2
0.11614730878186973,0.20454545454545459,0.17513611615245,0.23367117117117123,0.1047754811119032,0.4818551794978482,0.3244707040866568,3
0.16147308781869696,0.19214876033057846,0.5471869328493641,0.19369369369369388,0.2451888809693515,0.6334629237150399,0.26784835056622336,3
0.13408876298394712,0.2293388429752065,0.152450090744101,0.28490990990991005,0.10406272273699206,0.809645165065207,0.36976858690300324,3
0.7884796978281399,0.8429752066115699,0.6070780399274045,0.8704954954954958,0.719173200285103,0.5589592895499876,0.9074347612013788,2
0.4211520302171861,0.46900826446280985,0.6333938294010889,0.4577702702702702,0.49750534568781163,0.17733945311992097,0.4140817331363862,1
0.06421152030217184,0.11570247933884308,0.3067150635208707,0.10641891891891896,0.09479686386315037,0.4607913248124408,0.23682914820285572,3
0.8064211520302171,0.8057851239669419,0.8656987295825768,0.7229729729729729,0.9066286528866713,0.17473897723283363,0.6917774495322504,2
0.5703493862134088,0.6301652892561985,0.6043557168784031,0.6497747747747749,0.5951532430506056,0.16576733542238234,0.6686361398325947,1
0.5495750708215298,0.5867768595041322,0.7123411978221419,0.4611486486486487,0.63791874554526,0.44882913573183897,0.5411127523387496,2
0.9074598677998111,0.9256198347107439,0.7377495462794914,0.7804054054054056,0.8795438346400567,0.5731318831346136,0.8212703101920238,2
0.3305004721435316,0.4132231404958678,0.40653357531760403,0.46058558558558543,0.3962936564504632,0.410212068808592,0.38404726735598244,1
0.19924457034938617,0.2066115702479339,0.7196007259528127,0.15990990990990983,0.3285816108339274,1.0,0.23682914820285572,3
0.16808309726156745,0.21900826446281002,0.4410163339382939,0.1717342342342341,0.2352102637205987,0.4100820450142377,0.23732151649433791,3
0.8083097261567516,0.8347107438016528,0.7341197822141561,0.757882882882883,0.8446186742694224,0.30151217672834135,0.8202855736090594,2
0.07271010387157692,0.1322314049586778,0.27313974591651463,0.15540540540540532,0.08909479686386312,0.426855114485951,0.36632200886262917,3
