0.7677053824362605,0.8119834710743802,0.6615245009074409,0.7432432432432435,0.751247327156094,0.18501085698682865,0.7769571639586413,2
0.8234183191690273,0.8636363636363636,0.6660617059891101,0.8119369369369371,0.8410548823948679,0.3526115279096075,0.8463810930576073,2
0.9556185080264401,0.9958677685950414,0.6188747731397455,0.9459459459459459,0.8439059158945116,0.4792547036107608,0.9512555391432791,2
0.13408876298394712,0.2293388429752065,0.152450090744101,0.28490990990991005,0.10406272273699206,0.809645165065207,0.36976858690300324,3
0.11709159584513694,0.16942148760330586,0.37658802177858436,0.20495495495495492,0.14967925873129,0.5759924066104097,0.3879862136878387,3
0.5524079320113315,0.5867768595041322,0.7250453720508166,0.5546171171171174,0.6236635780470419,0.15653564602322226,0.4992614475627771,1
0.19924457034938617,0.2685950413223142,0.37205081669691414,0.2742117117117118,0.20028510334996438,0.3243963645347099,0.39241752831117666,3
0.8423040604343722,0.8884297520661159,0.6343012704174227,0.8260135135135134,0.8346400570206699,0.2856492738171086,0.8202855736090594,2
0.4627006610009443,0.5227272727272726,0.5834845735027218,0.48310810810810795,0.5281539558089806,0.34415998127657366,0.3490891186607581,1
0.10009442870632677,0.1363636363636364,0.44827586206896564,0.11768018018017999,0.15680684248039922,0.5778127397313708,0.30329886755292945,3
0.5609065155807367,0.6053719008264462,0.6733212341197818,0.5495495495495496,0.5965787598004276,0.6198104253078314,0.6701132447070408,2
0.05571293673276675,0.13016528925619814,0.1678765880217783,0.18074324324324312,0.04490377761938713,0.3337580777282243,0.23732151649433791,3
0.38810198300283283,0.37190082644628114,0.9727767695099818,0.17229729729729734,0.5958660014255167,0.13027083956364016,0.06400787789266367,1
0.4409820585457979,0.5041322314049586,0.5580762250453722,0.4588963963963967,0.4362081254454739,0.4912168926913626,0.3914327917282127,1
0.05665722379603396,0.1322314049586778,0.15607985480943737,0.19763513513513514,0.03207412687099067,0.6563471115214085,0.34465780403742013,3
0.06421152030217184,0.0929752066115701,0.4373865698729576,0.10810810810810821,0.12401995723449742,0.41866361544162584,0.23732151649433791,3
0.7516525023607178,0.7871900826446279,0.7114337568058071,0.7060810810810809,0.7441197434069848,0.12650014952736352,0.6770064007877894,2
0.3248347497639282,0.3615702479338843,0.6488203266787662,0.30349099099099086,0.40698503207412684,0.12376964984592183,0.23732151649433791,1
0.2030217186024552,0.26033057851239666,0.43829401088929243,0.27927927927927904,0.23235923022095506,0.22609837600280855,0.17232890201870985,1
0.8083097261567516,0.8347107438016528,0.7341197822141561,0.757882882882883,0.8446186742694224,0.30151217672834135,0.8202855736090594,2
0.07271010387157692,0.1322314049586778,0.27313974591651463,0.15540540540540532,0.08909479686386312,0.426855114485951,0.36632200886262917,3
0.03210576015108592,0.08057851239669434,0.28039927404718634,0.08277027027027041,0.06200997861724886,0.6023872368643461,0.25898572131954695,3
0.898016997167139,0.9462809917355368,0.6034482758620692,0.9470720720720724,0.8232359230220954,0.15471531290226115,0.9502708025603152,2
0.05854579792256855,0.14876033057851254,0.07803992740471818,0.21396396396396392,0.04062722736992154,0.702635582311563,0.37223042836041376,3
0.7998111425873464,0.8347107438016528,0.7014519056261338,0.854166666666667,0.7761938702779755,0.19281228464809066,0.8094534711964552,2
0.06043437204910298,0.09710743801652906,0.39019963702359295,0.13569819819819803,0.11760513186029935,0.46287170552211065,0.23830625307730186,3
0.5221907459867801,0.5351239669421487,0.8339382940108894,0.4560810810810809,0.6094084105488238,0.1956728081238867,0.4549483013293942,1
0.7884796978281399,0.8078512396694215,0.7813067150635207,0.7010135135135136,0.8517462580185317,0.27862798892197277,0.7040866568193008,2
0.10953729933899907,0.2293388429752065,0.0009074410163338386,0.30686936936936937,0.034212401995723465,0.4697629666228921,0.3894633185622844,3
0.5703493862134088,0.6301652892561985,0.6043557168784031,0.6497747747747749,0.5951532430506056,0.16576733542238234,0.6686361398325947,1
0.1850802644003778,0.23966942148760334,0.4328493647912884,0.24436936936936948,0.24091233071988594,0.47509394219142104,0.32348596750369285,3
0.5495750708215298,0.5867768595041322,0.7123411978221419,0.4611486486486487,0.63791874554526,0.44882913573183897,0.5411127523387496,2
0.2974504249291785,0.3388429752066117,0.6016333938294005,0.3282657657657659,0.344975053456878,0.2817485599864776,0.15066469719350079,1
0.40509915014164316,0.44628099173553726,0.6624319419237747,0.3688063063063065,0.5010691375623664,0.03288301759221938,0.21516494337764666,1
0.24268177525967896,0.2913223140495868,0.5272232304900176,0.3124999999999999,0.24590163934426235,0.011702141491893013,0.26440177252584934,1
0.2483474976392824,0.2954545454545454,0.5435571687840288,0.27927927927927904,0.31361368496079817,0.441027708070577,0.2801575578532743,1
0.789423984891407,0.8285123966942152,0.6787658802177858,0.7595720720720722,0.8018531717747681,0.3384389343249815,0.8020679468242244,2
0.7280453257790369,0.7190082644628101,0.931941923774955,0.6081081081081082,0.8018531717747681,0.26939629952281274,0.7104874446085672,2
0.13786591123701614,0.2066115702479339,0.3039927404718692,0.20720720720720742,0.15466856735566645,0.5490774811790559,0.25947808961102914,3
0.018885741265344598,0.10743801652892554,0.02359346642468182,0.23536036036036048,0.012829650748396459,0.6107087597030256,0.33234859675036926,3
0.7677053824362605,0.7809917355371904,0.8130671506352091,0.623310810810811,0.8745545260156806,0.592765476082123,0.6696208764155587,2
0.051935788479697896,0.07851239669421467,0.4328493647912884,0.06306306306306313,0.11689237348538851,0.7311107932751694,0.2609551944854753,3
0.0,0.0,0.514519056261343,0.0,0.1119030648610121,0.547387171852449,0.13540128015755762,3
0.15297450424929188,0.21900826446281002,0.33756805807622525,0.257882882882883,0.18745545260156793,0.11648831736207728,0.3244707040866568,3
0.8073654390934845,0.8677685950413222,0.5816696914700541,0.765765765765766,0.789023521026372,0.7693377888153533,0.7552929591334319,2
0.06421152030217184,0.11570247933884308,0.3067150635208707,0.10641891891891896,0.09479686386315037,0.4607913248124408,0.23682914820285572,3
0.14353163361661941,0.17768595041322302,0.5063520871143373,0.18975225225225212,0.24590163934426235,0.43777711321171775,0.24273756770063984,3
0.3975448536355053,0.4359504132231404,0.6733212341197818,0.4262387387387386,0.4689950106913754,0.3051528429702636,0.38897095027080264,1
0.5259678942398489,0.6033057851239669,0.5108892921960065,0.5326576576576576,0.5452601568068424,0.455200301655203,0.6282619399310684,2
0.1425873465533522,0.15289256198347112,0.6460980036297637,0.11599099099099124,0.2216678545972914,0.1867011663134354,0.26440177252584934,3
0.17941454202077436,0.21694214876033074,0.5235934664246823,0.20720720720720742,0.2401995723449751,0.4753539897801299,0.23781388478581966,3
0.20113314447592076,0.23966942148760334,0.5490018148820328,0.18412162162162163,0.2986457590876692,0.43387639938108685,0.1944854751354011,1
0.3305004721435316,0.4132231404958678,0.40653357531760403,0.46058558558558543,0.3962936564504632,0.410212068808592,0.38404726735598244,1
0.15108593012275728,0.19628099173553704,0.451905626134301,0.19200450450450463,0.1988595866001424,0.5320443641186338,0.31462333825701644,3
0.0708215297450425,0.0950413223140494,0.4673321234119783,0.08671171171171167,0.15609408410548842,0.33570843464353983,0.23830625307730186,3
0.35410764872521244,0.40495867768595023,0.5852994555353904,0.4115990990990991,0.3991446899501068,0.0712400369267576,0.3106843919251602,1
0.2162417374881965,0.2252066115702479,0.7241379310344829,0.13513513513513528,0.34853884533143276,0.20633475926094477,0.04332840965041856,1
0.37110481586402266,0.45247933884297514,0.43194192377495455,0.474099099099099,0.34426229508196715,0.09308403437829126,0.4766125061546037,1
0.3578847969782815,0.37190082644628114,0.7894736842105262,0.2742117117117118,0.48610121168923714,0.22063737663992516,0.21516494337764666,1
0.7252124645892352,0.7603305785123966,0.7159709618874772,0.7173423423423424,0.7277263007840339,0.2181669245471922,0.826193993106844,2
0.5269121813031163,0.6136363636363638,0.46007259528130656,0.4859234234234232,0.5395580898075552,0.45780077754229026,0.582964057114722,2
0.7922568460812087,0.878099173553719,0.4618874773139742,0.9290540540540544,0.7412687099073412,0.380436619901442,0.9743968488429348,2
0.7129367327667612,0.7665289256198349,0.627041742286751,0.6531531531531533,0.6650035637918745,0.37107490670792764,0.7346134908911867,2
0.980169971671388,1.0,0.705989110707804,0.9369369369369369,0.9700641482537418,0.5086400811348477,0.8847858197932053,2
0.5835694050991501,0.6632231404958676,0.5054446460980035,0.5788288288288287,0.5759087669280114,0.5402358631629588,0.6282619399310684,2
0.25967894239848915,0.318181818181818,0.4891107078039924,0.275900900900901,0.3164647184604418,0.6800114420939032,0.3879862136878387,3
0.41548630783758267,0.4442148760330579,0.7277676950998182,0.3778153153153155,0.5324305060584459,0.2851291786396911,0.32299359921221066,1
0.27006610009442866,0.33264462809917344,0.47459165154265,0.34740990990990994,0.3100498930862437,0.35963281280474335,0.2845888724766127,1
0.06043437204910298,0.08471074380165293,0.4655172413793106,0.10698198198198221,0.13613684960798306,0.8788178236617301,0.2156573116691284,3
0.6647780925401321,0.7128099173553718,0.6524500907441015,0.6385135135135138,0.6721311475409835,0.38771795238528656,0.6942392909896604,2
0.4211520302171861,0.46900826446280985,0.6333938294010889,0.4577702702702702,0.49750534568781163,0.17733945311992097,0.4140817331363862,1
0.715769593956563,0.7954545454545457,0.5045372050816697,0.7725225225225225,0.6286528866714183,0.2714766802324826,0.863613983259478,2
0.20774315391879125,0.2314049586776858,0.6397459165154268,0.18299549549549562,0.3022095509622237,0.6134392593844673,0.2161496799606106,3
0.3626062322946176,0.4111570247933885,0.6079854809437384,0.38626126126126126,0.4575908766928009,0.4173633774980822,0.3077301821762679,1
0.6978281397544854,0.7107438016528925,0.8275862068965515,0.6081081081081082,0.7533856022808265,0.19398249879727994,0.6893156080748398,2
0.20207743153918797,0.27685950413223137,0.34210526315789447,0.2888513513513513,0.17961511047754822,0.35989286039345203,0.2698178237321517,1
0.9036827195467423,0.9545454545454548,0.593466424682396,0.9087837837837838,0.8146828225231646,0.1488642421563146,0.8202855736090594,2
0.8829084041548633,0.9318181818181822,0.6088929219600723,1.0,0.8075552387740553,0.32335617417987494,1.0,2
0.7705382436260624,0.7789256198347106,0.8330308529945556,0.6824324324324323,0.8831076265146115,0.4450584456955623,0.725258493353028,2
0.4523135033050048,0.48760330578512384,0.7041742286751363,0.4296171171171171,0.5623663578047041,0.1604363598538533,0.34613490891186627,1
0.3163361661945231,0.3636363636363636,0.5871143375680581,0.38626126126126126,0.3706343549536706,0.17668933414814916,0.24273756770063984,1
0.32294617563739375,0.3884297520661155,0.4936479128856626,0.3997747747747748,0.37633642195295786,0.18878154702310526,0.3018217626784833,1
0.3966005665722379,0.4359504132231404,0.6696914700544465,0.36373873873873874,0.4711332858161082,0.25210313487368197,0.2914820285573608,1
0.06043437204910298,0.04545454545454559,0.688747731397459,0.0016891891891892535,0.17747683535281542,0.19554278432953234,0.09059576563269335,1
0.06137865911237019,0.12190082644628096,0.25226860254083433,0.10754504504504496,0.06058446186742689,0.3583325748611996,0.2801575578532743,3
0.2747875354107649,0.2975206611570247,0.6996370235934661,0.2545045045045045,0.37633642195295786,0.192942308442445,0.32348596750369285,1
0.8914069877242683,0.9276859504132229,0.6624319419237747,0.8975225225225228,0.8745545260156806,0.2987816770468997,0.8867552929591337,2
0.16808309726156745,0.21900826446281002,0.4410163339382939,0.1717342342342341,0.2352102637205987,0.4100820450142377,0.23732151649433791,3
0.30122757318224735,0.340909090909091,0.6152450090744102,0.3265765765765766,0.3749109052031362,0.30827341403476843,0.17380600689315598,1
0.4730878186968838,0.5578512396694214,0.45281306715063485,0.5253378378378378,0.4675694939415538,0.25483363455512364,0.6070901033973412,2
0.8479697828139755,0.8946280991735533,0.6333938294010889,0.8361486486486489,0.8139700641482533,0.09191382022910193,0.863613983259478,2
0.15108593012275728,0.16322314049586759,0.6370235934664242,0.13400900900900878,0.2501781895937276,0.37263519224018,0.17282127031019204,3
0.1539187913125591,0.18801652892561987,0.5181488203266783,0.18299549549549562,0.2401995723449751,0.6116189262635063,0.3456425406203841,3
0.6298394711992448,0.6859504132231405,0.6188747731397455,0.6075450450450449,0.6870990734141124,0.49069679751394507,0.6262924667651405,2
0.4523135033050048,0.5144628099173554,0.5671506352087116,0.5546171171171174,0.4547398431931573,0.48068496534865884,0.6282619399310684,2
0.4173748819641171,0.48553719008264457,0.5226860254083485,0.501126126126126,0.4383464005702067,0.13339141062814497,0.23732151649433791,1
0.7799811142587348,0.7768595041322317,0.8847549909255894,0.7055180180180182,0.8382038488952244,0.2701764422889389,0.8276710979812901,2
0.35316336166194523,0.3863636363636362,0.6805807622504535,0.3406531531531529,0.4055595153243049,0.33323798255080683,0.3471196454948302,1
0.4192634560906515,0.48760330578512384,0.5235934664246823,0.45213963963963966,0.4148253741981469,0.15185478942646505,0.4529788281634663,1
0.5288007554296508,0.5681818181818182,0.6969147005444647,0.525900900900901,0.5637918745545257,0.017930281241467193,0.3879862136878387,1
0.08404154863078381,0.1322314049586778,0.35571687840290406,0.15822072072072058,0.09123307198859591,0.6645386105657336,0.23781388478581966,3
0.5325779036827196,0.5723140495867768,0.6978221415607985,0.5478603603603603,0.600142551674982,0.39057847586108263,0.690792712949286,2
0.23418319169027388,0.3119834710743801,0.36206896551724094,0.3226351351351354,0.25944404846756963,0.5901650001950357,0.4313146233382568,3
0.14069877242681778,0.16942148760330586,0.5290381125226854,0.11261261261261273,0.21810406272273694,0.08450246395090302,0.21762678483505674,1
0.1746931067044381,0.24380165289256192,0.3457350272232298,0.23648648648648649,0.19030648610121156,0.5407559583403764,0.36976858690300324,3
