0.5703493862134088,0.6301652892561985,0.6043557168784031,0.6497747747747749,0.5951532430506056,0.16576733542238234,0.6686361398325947,1
0.07932011331444758,0.14876033057851254,0.2304900181488202,0.15596846846846857,0.06343549536707052,0.18930164220052273,0.3018217626784833,3
0.25967894239848915,0.318181818181818,0.4891107078039924,0.275900900900901,0.3164647184604418,0.6800114420939032,0.3879862136878387,3
0.715769593956563,0.7954545454545457,0.5045372050816697,0.7725225225225225,0.6286528866714183,0.2714766802324826,0.863613983259478,2
0.5609065155807367,0.6053719008264462,0.6733212341197818,0.5495495495495496,0.5965787598004276,0.6198104253078314,0.6701132447070408,2
0.19924457034938617,0.2066115702479339,0.7196007259528127,0.15990990990990983,0.3285816108339274,1.0,0.23682914820285572,3
0.7799811142587348,0.7768595041322317,0.8847549909255894,0.7055180180180182,0.8382038488952244,0.2701764422889389,0.8276710979812901,2
0.9074598677998111,0.9256198347107439,0.7377495462794914,0.7804054054054056,0.8795438346400567,0.5731318831346136,0.8212703101920238,2
0.145420207743154,0.2727272727272728,0.0,0.2787162162162163,0.08196721311475422,0.527883602699294,0.3451501723289019,3
0.07176581680830971,0.14669421487603287,0.19056261343012626,0.15596846846846857,0.027084818246614573,0.464431991054363,0.3018217626784833,3
0.31161473087818703,0.33264462809917344,0.7250453720508166,0.3040540540540541,0.4055595153243049,0.4187936392359803,0.10782865583456443,1
0.20113314447592076,0.23966942148760334,0.5490018148820328,0.18412162162162163,0.2986457590876692,0.43387639938108685,0.1944854751354011,1
0.11803588290840415,0.16528925619834725,0.3992740471869323,0.15540540540540532,0.1468282252316464,0.3683444070264859,0.25849335302806475,3
0.7884796978281399,0.8078512396694215,0.7813067150635207,0.7010135135135136,0.8517462580185317,0.27862798892197277,0.7040866568193008,2
0.8300283286118979,0.8904958677685948,0.576225045372051,0.7905405405405406,0.8275124732715606,0.37874631057483527,0.7119645494830132,2
0.46931067044381497,0.5123966942148761,0.6733212341197818,0.49380630630630623,0.554526015680684,0.546997100469386,0.6538650910881342,2
0.7677053824362605,0.7809917355371904,0.8130671506352091,0.623310810810811,0.8745545260156806,0.592765476082123,0.6696208764155587,2
0.021718602455146407,0.08677685950413222,0.1588021778584389,0.15822072072072058,0.0,0.5315242689412162,0.2806499261447565,3
0.7762039660056657,0.8016528925619832,0.7486388384754985,0.7730855855855858,0.7576621525302921,0.32140581726455947,0.7552929591334319,2
0.8375826251180359,0.8450413223140496,0.8203266787658798,0.6835585585585588,0.8995010691375621,0.46066130101808633,0.7336287543082227,2
0.24268177525967896,0.23553719008264476,0.8421052631578949,0.13457207207207203,0.40698503207412684,0.22050735284557077,0.12998522895125567,1
0.4504249291784702,0.48553719008264457,0.7078039927404717,0.4515765765765764,0.5438346400570204,0.07826132182189341,0.3018217626784833,1
0.3068932955618508,0.31611570247933873,0.7931034482758617,0.23930180180180172,0.5338560228082679,0.19424254638598865,0.14081733136386,1
0.7922568460812087,0.878099173553719,0.4618874773139742,0.9290540540540544,0.7412687099073412,0.380436619901442,0.9743968488429348,2
0.6166194523135035,0.6487603305785126,0.7359346642468237,0.5354729729729728,0.667141838916607,0.2721267992042544,0.6041358936484493,2
0.789423984891407,0.8285123966942152,0.6787658802177858,0.7595720720720722,0.8018531717747681,0.3384389343249815,0.8020679468242244,2
0.3966005665722379,0.4359504132231404,0.6696914700544465,0.36373873873873874,0.4711332858161082,0.25210313487368197,0.2914820285573608,1
0.13786591123701614,0.2066115702479339,0.3039927404718692,0.20720720720720742,0.15466856735566645,0.5490774811790559,0.25947808961102914,3
0.7610953729933899,0.8264462809917356,0.5598911070780399,0.7804054054054056,0.6870990734141124,0.4714532759494988,0.7794190054160515,2
0.5297450424929178,0.5909090909090908,0.5925589836660611,0.5219594594594593,0.5944404846756948,0.26757596640185155,0.49630723781388486,1
0.5325779036827196,0.5723140495867768,0.6978221415607985,0.5478603603603603,0.600142551674982,0.39057847586108263,0.690792712949286,2
0.5259678942398489,0.6033057851239669,0.5108892921960065,0.5326576576576576,0.5452601568068424,0.455200301655203,0.6282619399310684,2
0.19924457034938617,0.2685950413223142,0.37205081669691414,0.2742117117117118,0.20028510334996438,0.3243963645347099,0.39241752831117666,3
0.14353163361661941,0.17768595041322302,0.5063520871143373,0.18975225225225212,0.24590163934426235,0.43777711321171775,0.24273756770063984,3
0.03210576015108592,0.08057851239669434,0.28039927404718634,0.08277027027027041,0.06200997861724886,0.6023872368643461,0.25898572131954695,3
0.8111425873465533,0.8719008264462808,0.5771324863883849,0.8277027027027026,0.7491090520313612,0.3370086725870835,0.841949778434269,2
0.08498583569405102,0.16735537190082656,0.16515426497277677,0.2280405405405407,0.04632929436920878,0.6010869989208025,0.3894633185622844,3
0.1765816808309727,0.2066115702479339,0.5671506352087116,0.18975225225225212,0.27583749109052025,0.5489474573847014,0.30920728705071404,3
0.7884796978281399,0.8429752066115699,0.6070780399274045,0.8704954954954958,0.719173200285103,0.5589592895499876,0.9074347612013788,2
0.0,0.0,0.514519056261343,0.0,0.1119030648610121,0.547387171852449,0.13540128015755762,3
0.15108593012275728,0.19628099173553704,0.451905626134301,0.19200450450450463,0.1988595866001424,0.5320443641186338,0.31462333825701644,3
0.5221907459867801,0.5351239669421487,0.8339382940108894,0.4560810810810809,0.6094084105488238,0.1956728081238867,0.4549483013293942,1
0.3871576959395656,0.4297520661157025,0.6515426497277677,0.3738738738738738,0.4483250178189592,0.3667841214942335,0.34465780403742013,1
0.09065155807365448,0.1425619834710743,0.3393829401088929,0.1509009009009008,0.15324305060584478,0.7736285740290474,0.21516494337764666,3
0.40321057601510857,0.4669421487603305,0.5399274047186934,0.4386261261261261,0.4476122594440484,0.17733945311992097,0.40965041851304773,1
0.08404154863078381,0.1322314049586778,0.35571687840290406,0.15822072072072058,0.09123307198859591,0.6645386105657336,0.23781388478581966,3
0.7828139754485363,0.7954545454545457,0.8058076225045374,0.6672297297297296,0.8082679971489661,0.11492803182982488,0.7828655834564254,2
0.6647780925401321,0.7128099173553718,0.6524500907441015,0.6385135135135138,0.6721311475409835,0.38771795238528656,0.6942392909896604,2
0.2171860245514637,0.28099173553719,0.41742286751361113,0.33558558558558566,0.2822523164647183,0.7047159630212328,0.39241752831117666,3
0.4815864022662889,0.4834710743801653,0.8865698729582581,0.3536036036036037,0.6300784034212399,0.10842684211210653,0.25947808961102914,1
0.2747875354107649,0.2975206611570247,0.6996370235934661,0.2545045045045045,0.37633642195295786,0.192942308442445,0.32348596750369285,1
0.4173748819641171,0.48553719008264457,0.5226860254083485,0.501126126126126,0.4383464005702067,0.13339141062814497,0.23732151649433791,1
0.3578847969782815,0.37190082644628114,0.7894736842105262,0.2742117117117118,0.48610121168923714,0.22063737663992516,0.21516494337764666,1
0.014164305949008532,0.0661157024793389,0.22504537205081615,0.13851351351351326,0.008553100498930866,0.5118906759937069,0.21861152141802068,3
0.7677053824362605,0.8119834710743802,0.6615245009074409,0.7432432432432435,0.751247327156094,0.18501085698682865,0.7769571639586413,2
0.41548630783758267,0.4442148760330579,0.7277676950998182,0.3778153153153155,0.5324305060584459,0.2851291786396911,0.32299359921221066,1
0.05571293673276675,0.13016528925619814,0.1678765880217783,0.18074324324324312,0.04490377761938713,0.3337580777282243,0.23732151649433791,3
0.6987724268177524,0.7128099173553718,0.8266787658802177,0.5579954954954953,0.7583749109052029,0.1694080016643046,0.6489414081733136,2
0.2162417374881965,0.2252066115702479,0.7241379310344829,0.13513513513513528,0.34853884533143276,0.20633475926094477,0.04332840965041856,1
0.10009442870632677,0.1363636363636364,0.44827586206896564,0.11768018018017999,0.15680684248039922,0.5778127397313708,0.30329886755292945,3
0.3777148253068933,0.3863636363636362,0.8275862068965515,0.2545045045045045,0.5010691375623664,0.44466837431249917,0.12900049236829128,1
0.635505193578848,0.7231404958677686,0.4700544464609798,0.6559684684684686,0.5509622238061296,0.3977297845505728,0.690792712949286,2
0.07743153918791315,0.11157024793388412,0.43466424682395605,0.10754504504504496,0.10334996436208123,0.5450467435540703,0.15066469719350079,3
0.25779036827195473,0.31611570247933873,0.4827586206896545,0.36148648648648674,0.31575196008553097,0.8152361882224448,0.4534711964549485,3
0.6572237960339944,0.6714876033057852,0.8257713248638838,0.5022522522522525,0.7555238774055593,0.5982264754450064,0.5622845888724765,2
0.07648725212464594,0.13842975206611569,0.26678765880217775,0.13344594594594603,0.09479686386315037,0.6270917577916759,0.2806499261447565,3
0.4192634560906515,0.48760330578512384,0.5235934664246823,0.45213963963963966,0.4148253741981469,0.15185478942646505,0.4529788281634663,1
0.09159584513692169,0.18595041322314057,0.10617059891107021,0.26126126126126153,0.03777619387027792,0.4286754476069122,0.3264401772525851,3
0.4211520302171861,0.46900826446280985,0.6333938294010889,0.4577702702702702,0.49750534568781163,0.17733945311992097,0.4140817331363862,1
0.19641170915958453,0.18801652892561987,0.8130671506352091,0.04786036036036034,0.3599429793300069,0.1995735219545177,0.11127523387493846,3
0.8829084041548633,0.9318181818181822,0.6088929219600723,1.0,0.8075552387740553,0.32335617417987494,1.0,2
0.06326723323890462,0.12396694214876026,0.248638838475499,0.16159909909909909,0.05702066999287245,0.5941957378200211,0.28212703101920217,3
0.10953729933899907,0.2293388429752065,0.0009074410163338386,0.30686936936936937,0.034212401995723465,0.4697629666228921,0.3894633185622844,3
0.06421152030217184,0.0929752066115701,0.4373865698729576,0.10810810810810821,0.12401995723449742,0.41866361544162584,0.23732151649433791,3
0.16808309726156745,0.21900826446281002,0.4410163339382939,0.1717342342342341,0.2352102637205987,0.4100820450142377,0.23732151649433791,3
0.348441926345609,0.3636363636363636,0.7831215970961883,0.28040540540540554,0.4761225944404846,0.7697278601984163,0.23732151649433791,1
0.06043437204910298,0.08471074380165293,0.4655172413793106,0.10698198198198221,0.13613684960798306,0.8788178236617301,0.2156573116691284,3
0.20868744098205863,0.21900826446281002,0.7068965517241379,0.14695945945945954,0.35352815395580883,0.5341247448283036,0.1944854751354011,3
0.3569405099150141,0.40909090909090917,0.5852994555353904,0.37725225225225223,0.3727726300784034,0.09087362987426699,0.3845396356474642,1
0.7837582625118037,0.7892561983471075,0.8411978221415611,0.747747747747748,0.8118317890235209,0.3736753825950149,0.7124569177744955,2
0.019830028328611977,0.03305785123966945,0.4618874773139742,0.046171171171171095,0.13613684960798306,0.5211223653928668,0.26784835056622336,3
0.3210576015108593,0.2933884297520661,1.0,0.12387387387387375,0.5367070563079115,0.5810633345902301,0.12900049236829128,1
0.7903682719546743,0.7830578512396693,0.903811252268602,0.6486486486486488,0.9030648610121165,0.4640419196712999,0.6061053668143772,2
0.980169971671388,1.0,0.705989110707804,0.9369369369369369,0.9700641482537418,0.5086400811348477,0.8847858197932053,2
0.15108593012275728,0.16322314049586759,0.6370235934664242,0.13400900900900878,0.2501781895937276,0.37263519224018,0.17282127031019204,3
0.7129367327667612,0.7665289256198349,0.627041742286751,0.6531531531531533,0.6650035637918745,0.37107490670792764,0.7346134908911867,2
0.12086874409820579,0.12603305785123955,0.6479128856624313,0.13119369369369352,0.23022095509622226,0.3682143832321315,0.3018217626784833,3
1.0,0.9917355371900828,0.8239564428312162,0.9425675675675679,1.0,0.6520563263077144,0.8429345150172329,2
0.5524079320113315,0.5867768595041322,0.7250453720508166,0.5546171171171174,0.6236635780470419,0.15653564602322226,0.4992614475627771,1
0.33238904627006605,0.38223140495867763,0.5816696914700541,0.34966216216216195,0.38346400570206707,0.2500227541640121,0.34465780403742013,1
0.5835694050991501,0.6632231404958676,0.5054446460980035,0.5788288288288287,0.5759087669280114,0.5402358631629588,0.6282619399310684,2
0.27006610009442866,0.33264462809917344,0.47459165154265,0.34740990990990994,0.3100498930862437,0.35963281280474335,0.2845888724766127,1
0.3975448536355053,0.4359504132231404,0.6733212341197818,0.4262387387387386,0.4689950106913754,0.3051528429702636,0.38897095027080264,1
0.7554296506137866,0.7520661157024795,0.8938294010889288,0.6407657657657658,0.8766928011404131,0.6807915848600294,0.6686361398325947,2
0.11614730878186973,0.20454545454545459,0.17513611615245,0.23367117117117123,0.1047754811119032,0.4818551794978482,0.3244707040866568,3
0.07837582625118036,0.0929752066115701,0.5462794918330303,0.06137387387387387,0.15680684248039922,0.2515830396962645,0.04332840965041856,1
0.3493862134088762,0.3471074380165289,0.8793103448275864,0.22072072072072094,0.50392017106201,0.25145301590191005,0.15066469719350079,1
0.7705382436260624,0.7789256198347106,0.8330308529945556,0.6824324324324323,0.8831076265146115,0.4450584456955623,0.725258493353028,2
0.490084985835694,0.5165289256198348,0.7640653357531758,0.4363738738738741,0.5730577334283677,0.6277418767634477,0.30379123584441164,1
0.14730878186968843,0.21487603305785108,0.3284936479128859,0.2916666666666666,0.14754098360655754,0.3735453588006606,0.40324963072378145,3
0.16902738432483483,0.21280991735537177,0.4791288566243192,0.18018018018018037,0.2558802565930149,0.6120089976465694,0.25898572131954695,3
0.7280453257790369,0.7190082644628101,0.931941923774955,0.6081081081081082,0.8018531717747681,0.26939629952281274,0.7104874446085672,2
0.06043437204910298,0.09710743801652906,0.39019963702359295,0.13569819819819803,0.11760513186029935,0.46287170552211065,0.23830625307730186,3
0.06421152030217184,0.11570247933884308,0.3067150635208707,0.10641891891891896,0.09479686386315037,0.4607913248124408,0.23682914820285572,3
0.7922568460812087,0.859504132231405,0.5499092558983667,0.8727477477477478,0.6571632216678545,0.1792898100352365,0.9522402757262435,2
