0.5240793201133145,0.5330578512396694,0.8647912885662429,0.4273648648648651,0.6642908054169634,0.076701036289641,0.32299359921221066,1
0.715769593956563,0.7954545454545457,0.5045372050816697,0.7725225225225225,0.6286528866714183,0.2714766802324826,0.863613983259478,2
0.41548630783758267,0.4442148760330579,0.7277676950998182,0.3778153153153155,0.5324305060584459,0.2851291786396911,0.32299359921221066,1
0.7998111425873464,0.8347107438016528,0.7014519056261338,0.854166666666667,0.7761938702779755,0.19281228464809066,0.8094534711964552,2
0.3654390934844194,0.4008264462809916,0.6687840290381126,0.2753378378378378,0.5324305060584459,0.2648454667204099,0.25849335302806475,1
0.6166194523135035,0.6487603305785126,0.7359346642468237,0.5354729729729728,0.667141838916607,0.2721267992042544,0.6041358936484493,2
0.4504249291784702,0.48553719008264457,0.7078039927404717,0.4515765765765764,0.5438346400570204,0.07826132182189341,0.3018217626784833,1
0.13408876298394712,0.2293388429752065,0.152450090744101,0.28490990990991005,0.10406272273699206,0.809645165065207,0.36976858690300324,3
0.7828139754485363,0.7954545454545457,0.8058076225045374,0.6672297297297296,0.8082679971489661,0.11492803182982488,0.7828655834564254,2
0.7129367327667612,0.7665289256198349,0.627041742286751,0.6531531531531533,0.6650035637918745,0.37107490670792764,0.7346134908911867,2
0.07932011331444758,0.14876033057851254,0.2304900181488202,0.15596846846846857,0.06343549536707052,0.18930164220052273,0.3018217626784833,3
0.9074598677998111,0.9256198347107439,0.7377495462794914,0.7804054054054056,0.8795438346400567,0.5731318831346136,0.8212703101920238,2
0.1850802644003778,0.23966942148760334,0.4328493647912884,0.24436936936936948,0.24091233071988594,0.47509394219142104,0.32348596750369285,3
0.06043437204910298,0.04545454545454559,0.688747731397459,0.0016891891891892535,0.17747683535281542,0.19554278432953234,0.09059576563269335,1
0.3966005665722379,0.4359504132231404,0.6696914700544465,0.36373873873873874,0.4711332858161082,0.25210313487368197,0.2914820285573608,1
0.014164305949008532,0.0661157024793389,0.22504537205081615,0.13851351351351326,0.008553100498930866,0.5118906759937069,0.21861152141802068,3
0.145420207743154,0.2727272727272728,0.0,0.2787162162162163,0.08196721311475422,0.527883602699294,0.3451501723289019,3
0.7799811142587348,0.7768595041322317,0.8847549909255894,0.7055180180180182,0.8382038488952244,0.2701764422889389,0.8276710979812901,2
0.5259678942398489,0.6033057851239669,0.5108892921960065,0.5326576576576576,0.5452601568068424,0.455200301655203,0.6282619399310684,2
0.4523135033050048,0.48760330578512384,0.7041742286751363,0.4296171171171171,0.5623663578047041,0.1604363598538533,0.34613490891186627,1
0.898016997167139,0.9462809917355368,0.6034482758620692,0.9470720720720724,0.8232359230220954,0.15471531290226115,0.9502708025603152,2
0.3493862134088762,0.3471074380165289,0.8793103448275864,0.22072072072072094,0.50392017106201,0.25145301590191005,0.15066469719350079,1
0.46931067044381497,0.5123966942148761,0.6733212341197818,0.49380630630630623,0.554526015680684,0.546997100469386,0.6538650910881342,2
0.4173748819641171,0.48553719008264457,0.5226860254083485,0.501126126126126,0.4383464005702067,0.13339141062814497,0.23732151649433791,1
0.408876298394712,0.4173553719008264,0.8393829401088925,0.2730855855855858,0.5573770491803277,0.04900596809216086,0.2801575578532743,1
0.3305004721435316,0.4132231404958678,0.40653357531760403,0.46058558558558543,0.3962936564504632,0.410212068808592,0.38404726735598244,1
0.7677053824362605,0.7809917355371904,0.8130671506352091,0.623310810810811,0.8745545260156806,0.592765476082123,0.6696208764155587,2
0.4409820585457979,0.5020661157024793,0.570780399274047,0.48648648648648646,0.48610121168923714,0.18930164220052273,0.3451501723289019,1
0.6128423040604343,0.6136363636363638,0.9056261343012707,0.5253378378378378,0.7505345687811829,0.2848691310509824,0.4751354012801576,1
1.0,0.9917355371900828,0.8239564428312162,0.9425675675675679,1.0,0.6520563263077144,0.8429345150172329,2
0.1916902738432483,0.26033057851239666,0.36297640653357477,0.2877252252252253,0.20028510334996438,0.33037745907501076,0.3505662235352043,3
0.6298394711992448,0.6859504132231405,0.6188747731397455,0.6075450450450449,0.6870990734141124,0.49069679751394507,0.6262924667651405,2
0.07648725212464594,0.13842975206611569,0.26678765880217775,0.13344594594594603,0.09479686386315037,0.6270917577916759,0.2806499261447565,3
0.9556185080264401,0.9958677685950414,0.6188747731397455,0.9459459459459459,0.8439059158945116,0.4792547036107608,0.9512555391432791,2
0.19924457034938617,0.2685950413223142,0.37205081669691414,0.2742117117117118,0.20028510334996438,0.3243963645347099,0.39241752831117666,3
0.2162417374881965,0.2252066115702479,0.7241379310344829,0.13513513513513528,0.34853884533143276,0.20633475926094477,0.04332840965041856,1
0.40321057601510857,0.4669421487603305,0.5399274047186934,0.4386261261261261,0.4476122594440484,0.17733945311992097,0.40965041851304773,1
0.7884796978281399,0.8078512396694215,0.7813067150635207,0.7010135135135136,0.8517462580185317,0.27862798892197277,0.7040866568193008,2
0.05571293673276675,0.06404958677685961,0.5435571687840288,0.06193693693693712,0.128296507483963,0.4272451858690141,0.15214180206794692,3
0.4211520302171861,0.46900826446280985,0.6333938294010889,0.4577702702702702,0.49750534568781163,0.17733945311992097,0.4140817331363862,1
0.2049102927289896,0.200413223140496,0.8012704174228672,0.0979729729729732,0.37419814682822505,0.2682260853736234,0.1531265386509109,3
0.7252124645892352,0.7603305785123966,0.7159709618874772,0.7173423423423424,0.7277263007840339,0.2181669245471922,0.826193993106844,2
0.8045325779036827,0.7954545454545457,0.9074410163339384,0.7066441441441441,0.9265858873841767,0.28226865516389504,0.7680945347119644,2
0.06421152030217184,0.11570247933884308,0.3067150635208707,0.10641891891891896,0.09479686386315037,0.4607913248124408,0.23682914820285572,3
0.1425873465533522,0.15289256198347112,0.6460980036297637,0.11599099099099124,0.2216678545972914,0.1867011663134354,0.26440177252584934,3
0.13786591123701614,0.2066115702479339,0.3039927404718692,0.20720720720720742,0.15466856735566645,0.5490774811790559,0.25947808961102914,3
0.7554296506137866,0.7520661157024795,0.8938294010889288,0.6407657657657658,0.8766928011404131,0.6807915848600294,0.6686361398325947,2
0.8064211520302171,0.8057851239669419,0.8656987295825768,0.7229729729729729,0.9066286528866713,0.17473897723283363,0.6917774495322504,2
0.3871576959395656,0.4297520661157025,0.6515426497277677,0.3738738738738738,0.4483250178189592,0.3667841214942335,0.34465780403742013,1
0.5882908404154864,0.640495867768595,0.6397459165154268,0.6295045045045048,0.6101211689237349,0.4211340675343588,0.6509108813392419,2
0.7714825306893297,0.7830578512396693,0.819419237749546,0.7167792792792792,0.8310762651461151,0.30619303332509856,0.7552929591334319,2
0.6987724268177524,0.7128099173553718,0.8266787658802177,0.5579954954954953,0.7583749109052029,0.1694080016643046,0.6489414081733136,2
0.4702549575070822,0.566115702479339,0.40471869328493637,0.5748873873873874,0.42836778332145387,0.24378161203500245,0.6696208764155587,2
0.33238904627006605,0.34917355371900816,0.7531760435571687,0.29335585585585583,0.47897362794012827,0.2515830396962645,0.23682914820285572,1
0.8083097261567516,0.8347107438016528,0.7341197822141561,0.757882882882883,0.8446186742694224,0.30151217672834135,0.8202855736090594,2
0.789423984891407,0.8285123966942152,0.6787658802177858,0.7595720720720722,0.8018531717747681,0.3384389343249815,0.8020679468242244,2
0.8914069877242683,0.9276859504132229,0.6624319419237747,0.8975225225225228,0.8745545260156806,0.2987816770468997,0.8867552929591337,2
0.14730878186968843,0.21487603305785108,0.3284936479128859,0.2916666666666666,0.14754098360655754,0.3735453588006606,0.40324963072378145,3
0.16902738432483483,0.21280991735537177,0.4791288566243192,0.18018018018018037,0.2558802565930149,0.6120089976465694,0.25898572131954695,3
0.07743153918791315,0.11157024793388412,0.43466424682395605,0.10754504504504496,0.10334996436208123,0.5450467435540703,0.15066469719350079,3
0.14069877242681778,0.16942148760330586,0.5290381125226854,0.11261261261261273,0.21810406272273694,0.08450246395090302,0.21762678483505674,1
0.03021718602455149,0.08057851239669434,0.26406533575317626,0.10641891891891896,0.03207412687099067,0.4438882315463731,0.21516494337764666,3
0.06137865911237019,0.12190082644628096,0.25226860254083433,0.10754504504504496,0.06058446186742689,0.3583325748611996,0.2801575578532743,3
0.2974504249291785,0.3388429752066117,0.6016333938294005,0.3282657657657659,0.344975053456878,0.2817485599864776,0.15066469719350079,1
0.11614730878186973,0.20454545454545459,0.17513611615245,0.23367117117117123,0.1047754811119032,0.4818551794978482,0.3244707040866568,3
0.11709159584513694,0.16942148760330586,0.37658802177858436,0.20495495495495492,0.14967925873129,0.5759924066104097,0.3879862136878387,3
0.5524079320113315,0.5867768595041322,0.7250453720508166,0.5546171171171174,0.6236635780470419,0.15653564602322226,0.4992614475627771,1
0.05665722379603396,0.1322314049586778,0.15607985480943737,0.19763513513513514,0.03207412687099067,0.6563471115214085,0.34465780403742013,3
0.5703493862134088,0.6301652892561985,0.6043557168784031,0.6497747747747749,0.5951532430506056,0.16576733542238234,0.6686361398325947,1
0.19924457034938617,0.2066115702479339,0.7196007259528127,0.15990990990990983,0.3285816108339274,1.0,0.23682914820285572,3
0.971671388101983,0.9586776859504134,0.8620689655172414,0.873310810810811,0.9992872416250889,0.552718147420978,0.8872476612506154,2
0.6647780925401321,0.7128099173553718,0.6524500907441015,0.6385135135135138,0.6721311475409835,0.38771795238528656,0.6942392909896604,2
0.11520302171860251,0.21487603305785108,0.10617059891107021,0.28941441441441457,0.06129722024233804,0.5373753396871628,0.4101427868045299,3
0.09065155807365448,0.1425619834710743,0.3393829401088929,0.1509009009009008,0.15324305060584478,0.7736285740290474,0.21516494337764666,3
0.7337110481586402,0.8491735537190082,0.3366606170598904,0.9949324324324328,0.6094084105488238,0.5419261724895655,0.9497784342688333,2
0.10953729933899907,0.2293388429752065,0.0009074410163338386,0.30686936936936937,0.034212401995723465,0.4697629666228921,0.3894633185622844,3
0.12086874409820579,0.12603305785123955,0.6479128856624313,0.13119369369369352,0.23022095509622226,0.3682143832321315,0.3018217626784833,3
0.20207743153918797,0.27685950413223137,0.34210526315789447,0.2888513513513513,0.17961511047754822,0.35989286039345203,0.2698178237321517,1
0.5297450424929178,0.5909090909090908,0.5925589836660611,0.5219594594594593,0.5944404846756948,0.26757596640185155,0.49630723781388486,1
0.10009442870632677,0.1363636363636364,0.44827586206896564,0.11768018018017999,0.15680684248039922,0.5778127397313708,0.30329886755292945,3
0.6647780925401321,0.737603305785124,0.5372050816696909,0.7274774774774775,0.6635780470420526,0.4304957807278732,0.7587395371738058,2
0.4523135033050048,0.5144628099173554,0.5671506352087116,0.5546171171171174,0.4547398431931573,0.48068496534865884,0.6282619399310684,2
0.7705382436260624,0.7789256198347106,0.8330308529945556,0.6824324324324323,0.8831076265146115,0.4450584456955623,0.725258493353028,2
0.5609065155807367,0.6053719008264462,0.6733212341197818,0.5495495495495496,0.5965787598004276,0.6198104253078314,0.6701132447070408,2
0.23418319169027388,0.3119834710743801,0.36206896551724094,0.3226351351351354,0.25944404846756963,0.5901650001950357,0.4313146233382568,3
0.0708215297450425,0.0950413223140494,0.4673321234119783,0.08671171171171167,0.15609408410548842,0.33570843464353983,0.23830625307730186,3
0.3975448536355053,0.4359504132231404,0.6733212341197818,0.4262387387387386,0.4689950106913754,0.3051528429702636,0.38897095027080264,1
0.35410764872521244,0.40495867768595023,0.5852994555353904,0.4115990990990991,0.3991446899501068,0.0712400369267576,0.3106843919251602,1
0.5835694050991501,0.6632231404958676,0.5054446460980035,0.5788288288288287,0.5759087669280114,0.5402358631629588,0.6282619399310684,2
0.18413597733711043,0.26033057851239666,0.31215970961887474,0.31081081081081063,0.17747683535281542,0.30125212913963256,0.4785819793205316,3
0.7677053824362605,0.8119834710743802,0.6615245009074409,0.7432432432432435,0.751247327156094,0.18501085698682865,0.7769571639586413,2
0.7837582625118037,0.7892561983471075,0.8411978221415611,0.747747747747748,0.8118317890235209,0.3736753825950149,0.7124569177744955,2
0.8375826251180359,0.8450413223140496,0.8203266787658798,0.6835585585585588,0.8995010691375621,0.46066130101808633,0.7336287543082227,2
0.05571293673276675,0.13016528925619814,0.1678765880217783,0.18074324324324312,0.04490377761938713,0.3337580777282243,0.23732151649433791,3
0.7780925401322001,0.8016528925619832,0.7586206896551727,0.6407657657657658,0.8239486813970063,0.23246954192617253,0.6696208764155587,2
0.37110481586402266,0.45247933884297514,0.43194192377495455,0.474099099099099,0.34426229508196715,0.09308403437829126,0.4766125061546037,1
0.7610953729933899,0.8264462809917356,0.5598911070780399,0.7804054054054056,0.6870990734141124,0.4714532759494988,0.7794190054160515,2
0.2464589235127478,0.2582644628099174,0.7277676950998182,0.18975225225225212,0.429080541696365,0.9816666449960343,0.26440177252584934,3
0.348441926345609,0.3636363636363636,0.7831215970961883,0.28040540540540554,0.4761225944404846,0.7697278601984163,0.23732151649433791,1
0.018885741265344598,0.10743801652892554,0.02359346642468182,0.23536036036036048,0.012829650748396459,0.6107087597030256,0.33234859675036926,3
0.40509915014164316,0.44628099173553726,0.6624319419237747,0.3688063063063065,0.5010691375623664,0.03288301759221938,0.21516494337764666,1
0.6978281397544854,0.7107438016528925,0.8275862068965515,0.6081081081081082,0.7533856022808265,0.19398249879727994,0.6893156080748398,2
0.3777148253068933,0.3863636363636362,0.8275862068965515,0.2545045045045045,0.5010691375623664,0.44466837431249917,0.12900049236829128,1
0.20774315391879125,0.2314049586776858,0.6397459165154268,0.18299549549549562,0.3022095509622237,0.6134392593844673,0.2161496799606106,3
0.7903682719546743,0.7830578512396693,0.903811252268602,0.6486486486486488,0.9030648610121165,0.4640419196712999,0.6061053668143772,2
