0.06043437204910298,0.08471074380165293,0.4655172413793106,0.10698198198198221,0.13613684960798306,0.8788178236617301,0.2156573116691284,3
0.9556185080264401,0.9958677685950414,0.6188747731397455,0.9459459459459459,0.8439059158945116,0.4792547036107608,0.9512555391432791,2
0.715769593956563,0.7954545454545457,0.5045372050816697,0.7725225225225225,0.6286528866714183,0.2714766802324826,0.863613983259478,2
0.4409820585457979,0.5020661157024793,0.570780399274047,0.48648648648648646,0.48610121168923714,0.18930164220052273,0.3451501723289019,1
0.2974504249291785,0.3388429752066117,0.6016333938294005,0.3282657657657659,0.344975053456878,0.2817485599864776,0.15066469719350079,1
0.1916902738432483,0.26033057851239666,0.36297640653357477,0.2877252252252253,0.20028510334996438,0.33037745907501076,0.3505662235352043,3
0.27006610009442866,0.33264462809917344,0.47459165154265,0.34740990990990994,0.3100498930862437,0.35963281280474335,0.2845888724766127,1
0.898016997167139,0.9462809917355368,0.6034482758620692,0.9470720720720724,0.8232359230220954,0.15471531290226115,0.9502708025603152,2
0.05571293673276675,0.13016528925619814,0.1678765880217783,0.18074324324324312,0.04490377761938713,0.3337580777282243,0.23732151649433791,3
0.14069877242681778,0.16942148760330586,0.5290381125226854,0.11261261261261273,0.21810406272273694,0.08450246395090302,0.21762678483505674,1
0.3210576015108593,0.2933884297520661,1.0,0.12387387387387375,0.5367070563079115,0.5810633345902301,0.12900049236829128,1
0.368271954674221,0.4545454545454544,0.4147005444646096,0.45945945945945943,0.34426229508196715,0.4356967325020479,0.431806991629739,1
0.7677053824362605,0.7809917355371904,0.8130671506352091,0.623310810810811,0.8745545260156806,0.592765476082123,0.6696208764155587,2
0.040604343720491,0.12190082644628096,0.09800362976406465,0.23986486486486497,0.05060584461867438,0.7762290499161347,0.3170851797144265,3
0.2483474976392824,0.2954545454545454,0.5435571687840288,0.27927927927927904,0.31361368496079817,0.441027708070577,0.2801575578532743,1
0.9036827195467423,0.9545454545454548,0.593466424682396,0.9087837837837838,0.8146828225231646,0.1488642421563146,0.8202855736090594,2
0.6978281397544854,0.7107438016528925,0.8275862068965515,0.6081081081081082,0.7533856022808265,0.19398249879727994,0.6893156080748398,2
0.7922568460812087,0.878099173553719,0.4618874773139742,0.9290540540540544,0.7412687099073412,0.380436619901442,0.9743968488429348,2
0.06043437204910298,0.09710743801652906,0.39019963702359295,0.13569819819819803,0.11760513186029935,0.46287170552211065,0.23830625307730186,3
0.5901794145420208,0.6735537190082644,0.49183303085299396,0.6188063063063065,0.6086956521739129,0.508380033546139,0.6686361398325947,2
0.03021718602455149,0.08057851239669434,0.26406533575317626,0.10641891891891896,0.03207412687099067,0.4438882315463731,0.21516494337764666,3
0.06326723323890462,0.12396694214876026,0.248638838475499,0.16159909909909909,0.05702066999287245,0.5941957378200211,0.28212703101920217,3
0.4815864022662889,0.4834710743801653,0.8865698729582581,0.3536036036036037,0.6300784034212399,0.10842684211210653,0.25947808961102914,1
0.11803588290840415,0.16528925619834725,0.3992740471869323,0.15540540540540532,0.1468282252316464,0.3683444070264859,0.25849335302806475,3
0.2162417374881965,0.2252066115702479,0.7241379310344829,0.13513513513513528,0.34853884533143276,0.20633475926094477,0.04332840965041856,1
0.4627006610009443,0.5227272727272726,0.5834845735027218,0.48310810810810795,0.5281539558089806,0.34415998127657366,0.3490891186607581,1
0.08498583569405102,0.16735537190082656,0.16515426497277677,0.2280405405405407,0.04632929436920878,0.6010869989208025,0.3894633185622844,3
0.051935788479697896,0.07851239669421467,0.4328493647912884,0.06306306306306313,0.11689237348538851,0.7311107932751694,0.2609551944854753,3
0.8375826251180359,0.8450413223140496,0.8203266787658798,0.6835585585585588,0.8995010691375621,0.46066130101808633,0.7336287543082227,2
0.5882908404154864,0.640495867768595,0.6397459165154268,0.6295045045045048,0.6101211689237349,0.4211340675343588,0.6509108813392419,2
0.6298394711992448,0.6859504132231405,0.6188747731397455,0.6075450450450449,0.6870990734141124,0.49069679751394507,0.6262924667651405,2
0.3975448536355053,0.4359504132231404,0.6733212341197818,0.4262387387387386,0.4689950106913754,0.3051528429702636,0.38897095027080264,1
0.35316336166194523,0.3863636363636362,0.6805807622504535,0.3406531531531529,0.4055595153243049,0.33323798255080683,0.3471196454948302,1
0.7837582625118037,0.7892561983471075,0.8411978221415611,0.747747747747748,0.8118317890235209,0.3736753825950149,0.7124569177744955,2
0.14353163361661941,0.21900826446281002,0.28221415607985406,0.1463963963963963,0.28652886671418387,0.09581453405973295,0.0,1
0.06043437204910298,0.04545454545454559,0.688747731397459,0.0016891891891892535,0.17747683535281542,0.19554278432953234,0.09059576563269335,1
0.1746931067044381,0.24380165289256192,0.3457350272232298,0.23648648648648649,0.19030648610121156,0.5407559583403764,0.36976858690300324,3
0.4504249291784702,0.48553719008264457,0.7078039927404717,0.4515765765765764,0.5438346400570204,0.07826132182189341,0.3018217626784833,1
0.5524079320113315,0.5867768595041322,0.7250453720508166,0.5546171171171174,0.6236635780470419,0.15653564602322226,0.4992614475627771,1
0.8064211520302171,0.8057851239669419,0.8656987295825768,0.7229729729729729,0.9066286528866713,0.17473897723283363,0.6917774495322504,2
0.021718602455146407,0.08677685950413222,0.1588021778584389,0.15822072072072058,0.0,0.5315242689412162,0.2806499261447565,3
0.0708215297450425,0.0950413223140494,0.4673321234119783,0.08671171171171167,0.15609408410548842,0.33570843464353983,0.23830625307730186,3
0.3305004721435316,0.4132231404958678,0.40653357531760403,0.46058558558558543,0.3962936564504632,0.410212068808592,0.38404726735598244,1
0.4995278564683665,0.5144628099173554,0.8230490018148823,0.40484234234234256,0.6250890947968638,0.0,0.2816346627277204,1
0.22946175637393765,0.2789256198347107,0.5081669691470051,0.27927927927927904,0.2822523164647183,0.3390890532967534,0.15066469719350079,1
0.7998111425873464,0.8347107438016528,0.7014519056261338,0.854166666666667,0.7761938702779755,0.19281228464809066,0.8094534711964552,2
0.4636449480642115,0.5061983471074378,0.6705989110707803,0.5506756756756755,0.5459729151817532,0.5130608901428962,0.4967996061053666,1
0.7252124645892352,0.7603305785123966,0.7159709618874772,0.7173423423423424,0.7277263007840339,0.2181669245471922,0.826193993106844,2
0.019830028328611977,0.03305785123966945,0.4618874773139742,0.046171171171171095,0.13613684960798306,0.5211223653928668,0.26784835056622336,3
0.07837582625118036,0.0929752066115701,0.5462794918330303,0.06137387387387387,0.15680684248039922,0.2515830396962645,0.04332840965041856,1
0.91123701605288,0.9297520661157025,0.740471869328494,0.7972972972972976,0.9493941553813257,0.6677892054245927,0.8217626784835056,2
0.5609065155807367,0.6053719008264462,0.6733212341197818,0.5495495495495496,0.5965787598004276,0.6198104253078314,0.6701132447070408,2
0.2171860245514637,0.28099173553719,0.41742286751361113,0.33558558558558566,0.2822523164647183,0.7047159630212328,0.39241752831117666,3
0.7129367327667612,0.7665289256198349,0.627041742286751,0.6531531531531533,0.6650035637918745,0.37107490670792764,0.7346134908911867,2
0.4523135033050048,0.46487603305785125,0.82486388384755,0.3254504504504506,0.5951532430506056,0.36860445461519464,0.4529788281634663,2
0.7884796978281399,0.8429752066115699,0.6070780399274045,0.8704954954954958,0.719173200285103,0.5589592895499876,0.9074347612013788,2
0.8300283286118979,0.8904958677685948,0.576225045372051,0.7905405405405406,0.8275124732715606,0.37874631057483527,0.7119645494830132,2
0.16902738432483483,0.21280991735537177,0.4791288566243192,0.18018018018018037,0.2558802565930149,0.6120089976465694,0.25898572131954695,3
0.7780925401322001,0.8016528925619832,0.7586206896551727,0.6407657657657658,0.8239486813970063,0.23246954192617253,0.6696208764155587,2
0.7610953729933899,0.8264462809917356,0.5598911070780399,0.7804054054054056,0.6870990734141124,0.4714532759494988,0.7794190054160515,2
0.2747875354107649,0.2975206611570247,0.6996370235934661,0.2545045045045045,0.37633642195295786,0.192942308442445,0.32348596750369285,1
0.35410764872521244,0.40495867768595023,0.5852994555353904,0.4115990990990991,0.3991446899501068,0.0712400369267576,0.3106843919251602,1
0.018885741265344598,0.10743801652892554,0.02359346642468182,0.23536036036036048,0.012829650748396459,0.6107087597030256,0.33234859675036926,3
0.7516525023607178,0.7871900826446279,0.7114337568058071,0.7060810810810809,0.7441197434069848,0.12650014952736352,0.6770064007877894,2
0.12086874409820579,0.12603305785123955,0.6479128856624313,0.13119369369369352,0.23022095509622226,0.3682143832321315,0.3018217626784833,3
0.6166194523135035,0.6487603305785126,0.7359346642468237,0.5354729729729728,0.667141838916607,0.2721267992042544,0.6041358936484493,2
0.2030217186024552,0.26033057851239666,0.43829401088929243,0.27927927927927904,0.23235923022095506,0.22609837600280855,0.17232890201870985,1
0.15769593956562794,0.24586776859504123,0.22867513611615253,0.2865990990990993,0.1446899501069139,0.5189119608888427,0.4140817331363862,3
0.3493862134088762,0.3471074380165289,0.8793103448275864,0.22072072072072094,0.50392017106201,0.25145301590191005,0.15066469719350079,1
0.1539187913125591,0.18801652892561987,0.5181488203266783,0.18299549549549562,0.2401995723449751,0.6116189262635063,0.3456425406203841,3
0.8479697828139755,0.8946280991735533,0.6333938294010889,0.8361486486486489,0.8139700641482533,0.09191382022910193,0.863613983259478,2
0.6392823418319169,0.6921487603305785,0.6388384754990919,0.7015765765765763,0.6728439059158943,0.35898269383297143,0.7149187592319055,2
0.20774315391879125,0.2314049586776858,0.6397459165154268,0.18299549549549562,0.3022095509622237,0.6134392593844673,0.2161496799606106,3
0.24268177525967896,0.2913223140495868,0.5272232304900176,0.3124999999999999,0.24590163934426235,0.011702141491893013,0.26440177252584934,1
0.7705382436260624,0.7789256198347106,0.8330308529945556,0.6824324324324323,0.8831076265146115,0.4450584456955623,0.725258493353028,2
0.03210576015108592,0.08057851239669434,0.28039927404718634,0.08277027027027041,0.06200997861724886,0.6023872368643461,0.25898572131954695,3
0.17941454202077436,0.21694214876033074,0.5235934664246823,0.20720720720720742,0.2401995723449751,0.4753539897801299,0.23781388478581966,3
0.20207743153918797,0.27685950413223137,0.34210526315789447,0.2888513513513513,0.17961511047754822,0.35989286039345203,0.2698178237321517,1
0.5703493862134088,0.6301652892561985,0.6043557168784031,0.6497747747747749,0.5951532430506056,0.16576733542238234,0.6686361398325947,1
0.7554296506137866,0.7520661157024795,0.8938294010889288,0.6407657657657658,0.8766928011404131,0.6807915848600294,0.6686361398325947,2
0.490084985835694,0.5165289256198348,0.7640653357531758,0.4363738738738741,0.5730577334283677,0.6277418767634477,0.30379123584441164,1
0.3163361661945231,0.3636363636363636,0.5871143375680581,0.38626126126126126,0.3706343549536706,0.17668933414814916,0.24273756770063984,1
0.408876298394712,0.4173553719008264,0.8393829401088925,0.2730855855855858,0.5573770491803277,0.04900596809216086,0.2801575578532743,1
0.3626062322946176,0.4111570247933885,0.6079854809437384,0.38626126126126126,0.4575908766928009,0.4173633774980822,0.3077301821762679,1
0.20868744098205863,0.21900826446281002,0.7068965517241379,0.14695945945945954,0.35352815395580883,0.5341247448283036,0.1944854751354011,3
0.3871576959395656,0.4297520661157025,0.6515426497277677,0.3738738738738738,0.4483250178189592,0.3667841214942335,0.34465780403742013,1
0.05854579792256855,0.14876033057851254,0.07803992740471818,0.21396396396396392,0.04062722736992154,0.702635582311563,0.37223042836041376,3
0.8423040604343722,0.8884297520661159,0.6343012704174227,0.8260135135135134,0.8346400570206699,0.2856492738171086,0.8202855736090594,2
0.15108593012275728,0.16322314049586759,0.6370235934664242,0.13400900900900878,0.2501781895937276,0.37263519224018,0.17282127031019204,3
0.8829084041548633,0.9318181818181822,0.6088929219600723,1.0,0.8075552387740553,0.32335617417987494,1.0,2
0.0,0.0,0.514519056261343,0.0,0.1119030648610121,0.547387171852449,0.13540128015755762,3
0.1850802644003778,0.23966942148760334,0.4328493647912884,0.24436936936936948,0.24091233071988594,0.47509394219142104,0.32348596750369285,3
0.2625118035882908,0.28305785123966926,0.6969147005444647,0.23704954954954974,0.35495367070563083,0.5077299145743671,0.2816346627277204,3
0.41548630783758267,0.4442148760330579,0.7277676950998182,0.3778153153153155,0.5324305060584459,0.2851291786396911,0.32299359921221066,1
0.3966005665722379,0.4359504132231404,0.6696914700544465,0.36373873873873874,0.4711332858161082,0.25210313487368197,0.2914820285573608,1
0.11520302171860251,0.21487603305785108,0.10617059891107021,0.28941441441441457,0.06129722024233804,0.5373753396871628,0.4101427868045299,3
0.4523135033050048,0.5144628099173554,0.5671506352087116,0.5546171171171174,0.4547398431931573,0.48068496534865884,0.6282619399310684,2
0.145420207743154,0.2727272727272728,0.0,0.2787162162162163,0.08196721311475422,0.527883602699294,0.3451501723289019,3
0.07176581680830971,0.14669421487603287,0.19056261343012626,0.15596846846846857,0.027084818246614573,0.464431991054363,0.3018217626784833,3
0.24268177525967896,0.23553719008264476,0.8421052631578949,0.13457207207207203,0.40698503207412684,0.22050735284557077,0.12998522895125567,1
0.10953729933899907,0.2293388429752065,0.0009074410163338386,0.30686936936936937,0.034212401995723465,0.4697629666228921,0.3894633185622844,3
1.0,0.9917355371900828,0.8239564428312162,0.9425675675675679,1.0,0.6520563263077144,0.8429345150172329,2
0.7422096317280453,0.7665289256198349,0.762250453720508,0.6801801801801803,0.8118317890235209,0.19112197532148384,0.6277695716395862,2
0.6987724268177524,0.7128099173553718,0.8266787658802177,0.5579954954954953,0.7583749109052029,0.1694080016643046,0.6489414081733136,2
0.15108593012275728,0.19628099173553704,0.451905626134301,0.19200450450450463,0.1988595866001424,0.5320443641186338,0.31462333825701644,3
