0.1765816808309727,0.2066115702479339,0.5671506352087116,0.18975225225225212,0.27583749109052025,0.5489474573847014,0.30920728705071404,3
0.3871576959395656,0.4297520661157025,0.6515426497277677,0.3738738738738738,0.4483250178189592,0.3667841214942335,0.34465780403742013,1
0.40509915014164316,0.44628099173553726,0.6624319419237747,0.3688063063063065,0.5010691375623664,0.03288301759221938,0.21516494337764666,1
0.7998111425873464,0.8347107438016528,0.7014519056261338,0.854166666666667,0.7761938702779755,0.19281228464809066,0.8094534711964552,2
0.30311614730878195,0.33677685950413205,0.6470054446460974,0.2685810810810813,0.37419814682822505,0.10335591413228623,0.21762678483505674,1
0.35316336166194523,0.3863636363636362,0.6805807622504535,0.3406531531531529,0.4055595153243049,0.33323798255080683,0.3471196454948302,1
0.30122757318224735,0.340909090909091,0.6152450090744102,0.3265765765765766,0.3749109052031362,0.30827341403476843,0.17380600689315598,1
0.07932011331444758,0.14876033057851254,0.2304900181488202,0.15596846846846857,0.06343549536707052,0.18930164220052273,0.3018217626784833,3
0.5930122757318226,0.6694214876033059,0.514519056261343,0.6981981981981984,0.593727726300784,0.38108673887321387,0.7129492860659772,2
0.7403210576015109,0.7355371900826447,0.903811252268602,0.6086711711711714,0.8132573057733425,0.28850979729290466,0.6824224519940918,2
0.7799811142587348,0.7768595041322317,0.8847549909255894,0.7055180180180182,0.8382038488952244,0.2701764422889389,0.8276710979812901,2
0.971671388101983,0.9586776859504134,0.8620689655172414,0.873310810810811,0.9992872416250889,0.552718147420978,0.8872476612506154,2
1.0,0.9917355371900828,0.8239564428312162,0.9425675675675679,1.0,0.6520563263077144,0.8429345150172329,2
0.14730878186968843,0.21487603305785108,0.3284936479128859,0.2916666666666666,0.14754098360655754,0.3735453588006606,0.40324963072378145,3
0.9036827195467423,0.9545454545454548,0.593466424682396,0.9087837837837838,0.8146828225231646,0.1488642421563146,0.8202855736090594,2
0.19924457034938617,0.2685950413223142,0.37205081669691414,0.2742117117117118,0.20028510334996438,0.3243963645347099,0.39241752831117666,3
0.7922568460812087,0.878099173553719,0.4618874773139742,0.9290540540540544,0.7412687099073412,0.380436619901442,0.9743968488429348,2
0.22946175637393765,0.2789256198347107,0.5081669691470051,0.27927927927927904,0.2822523164647183,0.3390890532967534,0.15066469719350079,1
0.37110481586402266,0.45247933884297514,0.43194192377495455,0.474099099099099,0.34426229508196715,0.09308403437829126,0.4766125061546037,1
0.5703493862134088,0.6301652892561985,0.6043557168784031,0.6497747747747749,0.5951532430506056,0.16576733542238234,0.6686361398325947,1
0.3626062322946176,0.4111570247933885,0.6079854809437384,0.38626126126126126,0.4575908766928009,0.4173633774980822,0.3077301821762679,1
0.13408876298394712,0.2293388429752065,0.152450090744101,0.28490990990991005,0.10406272273699206,0.809645165065207,0.36976858690300324,3
0.09159584513692169,0.18595041322314057,0.10617059891107021,0.26126126126126153,0.03777619387027792,0.4286754476069122,0.3264401772525851,3
0.368271954674221,0.4545454545454544,0.4147005444646096,0.45945945945945943,0.34426229508196715,0.4356967325020479,0.431806991629739,1
0.1916902738432483,0.26033057851239666,0.36297640653357477,0.2877252252252253,0.20028510334996438,0.33037745907501076,0.3505662235352043,3
0.2030217186024552,0.26033057851239666,0.43829401088929243,0.27927927927927904,0.23235923022095506,0.22609837600280855,0.17232890201870985,1
0.3068932955618508,0.31611570247933873,0.7931034482758617,0.23930180180180172,0.5338560228082679,0.19424254638598865,0.14081733136386,1
0.7714825306893297,0.7830578512396693,0.819419237749546,0.7167792792792792,0.8310762651461151,0.30619303332509856,0.7552929591334319,2
0.13503305004721433,0.19008264462809915,0.38294010889292124,0.25394144144144126,0.128296507483963,0.4558504206269748,0.38847858197932045,3
0.20868744098205863,0.21900826446281002,0.7068965517241379,0.14695945945945954,0.35352815395580883,0.5341247448283036,0.1944854751354011,3
0.20113314447592076,0.23966942148760334,0.5490018148820328,0.18412162162162163,0.2986457590876692,0.43387639938108685,0.1944854751354011,1
0.4702549575070822,0.566115702479339,0.40471869328493637,0.5748873873873874,0.42836778332145387,0.24378161203500245,0.6696208764155587,2
0.14069877242681778,0.16942148760330586,0.5290381125226854,0.11261261261261273,0.21810406272273694,0.08450246395090302,0.21762678483505674,1
0.7762039660056657,0.8016528925619832,0.7486388384754985,0.7730855855855858,0.7576621525302921,0.32140581726455947,0.7552929591334319,2
0.7129367327667612,0.7665289256198349,0.627041742286751,0.6531531531531533,0.6650035637918745,0.37107490670792764,0.7346134908911867,2
0.5259678942398489,0.6033057851239669,0.5108892921960065,0.5326576576576576,0.5452601568068424,0.455200301655203,0.6282619399310684,2
0.635505193578848,0.7231404958677686,0.4700544464609798,0.6559684684684686,0.5509622238061296,0.3977297845505728,0.690792712949286,2
0.46931067044381497,0.5123966942148761,0.6733212341197818,0.49380630630630623,0.554526015680684,0.546997100469386,0.6538650910881342,2
0.06043437204910298,0.04545454545454559,0.688747731397459,0.0016891891891892535,0.17747683535281542,0.19554278432953234,0.09059576563269335,1
0.1425873465533522,0.15289256198347112,0.6460980036297637,0.11599099099099124,0.2216678545972914,0.1867011663134354,0.26440177252584934,3
0.3210576015108593,0.2933884297520661,1.0,0.12387387387387375,0.5367070563079115,0.5810633345902301,0.12900049236829128,1
0.07271010387157692,0.1322314049586778,0.27313974591651463,0.15540540540540532,0.08909479686386312,0.426855114485951,0.36632200886262917,3
0.7677053824362605,0.7809917355371904,0.8130671506352091,0.623310810810811,0.8745545260156806,0.592765476082123,0.6696208764155587,2
0.33238904627006605,0.3657024793388429,0.6705989110707803,0.36148648648648674,0.421240199572345,0.25860432459140026,0.25553914327917293,1
0.3371104815864023,0.4111570247933885,0.45644283121597123,0.4273648648648651,0.35566642908054164,0.29995189119608895,0.32348596750369285,1
0.12086874409820579,0.12603305785123955,0.6479128856624313,0.13119369369369352,0.23022095509622226,0.3682143832321315,0.3018217626784833,3
0.8914069877242683,0.9276859504132229,0.6624319419237747,0.8975225225225228,0.8745545260156806,0.2987816770468997,0.8867552929591337,2
0.3975448536355053,0.4359504132231404,0.6733212341197818,0.4262387387387386,0.4689950106913754,0.3051528429702636,0.38897095027080264,1
0.7252124645892352,0.7603305785123966,0.7159709618874772,0.7173423423423424,0.7277263007840339,0.2181669245471922,0.826193993106844,2
0.3777148253068933,0.3863636363636362,0.8275862068965515,0.2545045045045045,0.5010691375623664,0.44466837431249917,0.12900049236829128,1
0.4627006610009443,0.5227272727272726,0.5834845735027218,0.48310810810810795,0.5281539558089806,0.34415998127657366,0.3490891186607581,1
0.8375826251180359,0.8450413223140496,0.8203266787658798,0.6835585585585588,0.8995010691375621,0.46066130101808633,0.7336287543082227,2
0.4211520302171861,0.46900826446280985,0.6333938294010889,0.4577702702702702,0.49750534568781163,0.17733945311992097,0.4140817331363862,1
0.7554296506137866,0.7520661157024795,0.8938294010889288,0.6407657657657658,0.8766928011404131,0.6807915848600294,0.6686361398325947,2
0.9074598677998111,0.9256198347107439,0.7377495462794914,0.7804054054054056,0.8795438346400567,0.5731318831346136,0.8212703101920238,2
0.20679886685552404,0.23966942148760334,0.576225045372051,0.20439189189189166,0.2822523164647183,0.053426777100209336,0.12949286065977347,1
0.17941454202077436,0.21694214876033074,0.5235934664246823,0.20720720720720742,0.2401995723449751,0.4753539897801299,0.23781388478581966,3
0.8064211520302171,0.8057851239669419,0.8656987295825768,0.7229729729729729,0.9066286528866713,0.17473897723283363,0.6917774495322504,2
0.05571293673276675,0.06404958677685961,0.5435571687840288,0.06193693693693712,0.128296507483963,0.4272451858690141,0.15214180206794692,3
0.8073654390934845,0.8677685950413222,0.5816696914700541,0.765765765765766,0.789023521026372,0.7693377888153533,0.7552929591334319,2
0.5495750708215298,0.5867768595041322,0.7123411978221419,0.4611486486486487,0.63791874554526,0.44882913573183897,0.5411127523387496,2
0.348441926345609,0.3636363636363636,0.7831215970961883,0.28040540540540554,0.4761225944404846,0.7697278601984163,0.23732151649433791,1
0.8234183191690273,0.8636363636363636,0.6660617059891101,0.8119369369369371,0.8410548823948679,0.3526115279096075,0.8463810930576073,2
0.24268177525967896,0.23553719008264476,0.8421052631578949,0.13457207207207203,0.40698503207412684,0.22050735284557077,0.12998522895125567,1
0.0708215297450425,0.0950413223140494,0.4673321234119783,0.08671171171171167,0.15609408410548842,0.33570843464353983,0.23830625307730186,3
0.10009442870632677,0.1363636363636364,0.44827586206896564,0.11768018018017999,0.15680684248039922,0.5778127397313708,0.30329886755292945,3
0.4730878186968838,0.5578512396694214,0.45281306715063485,0.5253378378378378,0.4675694939415538,0.25483363455512364,0.6070901033973412,2
0.019830028328611977,0.03305785123966945,0.4618874773139742,0.046171171171171095,0.13613684960798306,0.5211223653928668,0.26784835056622336,3
0.11520302171860251,0.21487603305785108,0.10617059891107021,0.28941441441441457,0.06129722024233804,0.5373753396871628,0.4101427868045299,3
0.2162417374881965,0.2252066115702479,0.7241379310344829,0.13513513513513528,0.34853884533143276,0.20633475926094477,0.04332840965041856,1
0.03210576015108592,0.08057851239669434,0.28039927404718634,0.08277027027027041,0.06200997861724886,0.6023872368643461,0.25898572131954695,3
0.7780925401322001,0.8016528925619832,0.7586206896551727,0.6407657657657658,0.8239486813970063,0.23246954192617253,0.6696208764155587,2
0.91123701605288,0.9297520661157025,0.740471869328494,0.7972972972972976,0.9493941553813257,0.6677892054245927,0.8217626784835056,2
0.7903682719546743,0.7830578512396693,0.903811252268602,0.6486486486486488,0.9030648610121165,0.4640419196712999,0.6061053668143772,2
0.715769593956563,0.7954545454545457,0.5045372050816697,0.7725225225225225,0.6286528866714183,0.2714766802324826,0.863613983259478,2
0.490084985835694,0.5165289256198348,0.7640653357531758,0.4363738738738741,0.5730577334283677,0.6277418767634477,0.30379123584441164,1
0.7610953729933899,0.8264462809917356,0.5598911070780399,0.7804054054054056,0.6870990734141124,0.4714532759494988,0.7794190054160515,2
0.16713881019830024,0.1611570247933883,0.7640653357531758,0.09966216216216195,0.2936564504632928,0.31919541276053526,0.04234367306745461,1
0.898016997167139,0.9462809917355368,0.6034482758620692,0.9470720720720724,0.8232359230220954,0.15471531290226115,0.9502708025603152,2
0.18413597733711043,0.26033057851239666,0.31215970961887474,0.31081081081081063,0.17747683535281542,0.30125212913963256,0.4785819793205316,3
0.06043437204910298,0.08471074380165293,0.4655172413793106,0.10698198198198221,0.13613684960798306,0.8788178236617301,0.2156573116691284,3
0.4409820585457979,0.5020661157024793,0.570780399274047,0.48648648648648646,0.48610121168923714,0.18930164220052273,0.3451501723289019,1
0.980169971671388,1.0,0.705989110707804,0.9369369369369369,0.9700641482537418,0.5086400811348477,0.8847858197932053,2
0.8300283286118979,0.8904958677685948,0.576225045372051,0.7905405405405406,0.8275124732715606,0.37874631057483527,0.7119645494830132,2
0.5901794145420208,0.6735537190082644,0.49183303085299396,0.6188063063063065,0.6086956521739129,0.508380033546139,0.6686361398325947,2
0.32294617563739375,0.3884297520661155,0.4936479128856626,0.3997747747747748,0.37633642195295786,0.18878154702310526,0.3018217626784833,1
0.2464589235127478,0.2582644628099174,0.7277676950998182,0.18975225225225212,0.429080541696365,0.9816666449960343,0.26440177252584934,3
0.5297450424929178,0.5909090909090908,0.5925589836660611,0.5219594594594593,0.5944404846756948,0.26757596640185155,0.49630723781388486,1
0.4504249291784702,0.48553719008264457,0.7078039927404717,0.4515765765765764,0.5438346400570204,0.07826132182189341,0.3018217626784833,1
0.4409820585457979,0.5041322314049586,0.5580762250453722,0.4588963963963967,0.4362081254454739,0.4912168926913626,0.3914327917282127,1
0.6647780925401321,0.737603305785124,0.5372050816696909,0.7274774774774775,0.6635780470420526,0.4304957807278732,0.7587395371738058,2
0.9556185080264401,0.9958677685950414,0.6188747731397455,0.9459459459459459,0.8439059158945116,0.4792547036107608,0.9512555391432791,2
0.07176581680830971,0.14669421487603287,0.19056261343012626,0.15596846846846857,0.027084818246614573,0.464431991054363,0.3018217626784833,3
0.014164305949008532,0.0661157024793389,0.22504537205081615,0.13851351351351326,0.008553100498930866,0.5118906759937069,0.21861152141802068,3
0.06137865911237019,0.12190082644628096,0.25226860254083433,0.10754504504504496,0.06058446186742689,0.3583325748611996,0.2801575578532743,3
0.08498583569405102,0.16735537190082656,0.16515426497277677,0.2280405405405407,0.04632929436920878,0.6010869989208025,0.3894633185622844,3
0.06421152030217184,0.11570247933884308,0.3067150635208707,0.10641891891891896,0.09479686386315037,0.4607913248124408,0.23682914820285572,3
0.1539187913125591,0.18801652892561987,0.5181488203266783,0.18299549549549562,0.2401995723449751,0.6116189262635063,0.3456425406203841,3
0.5524079320113315,0.5867768595041322,0.7250453720508166,0.5546171171171174,0.6236635780470419,0.15653564602322226,0.4992614475627771,1
0.8479697828139755,0.8946280991735533,0.6333938294010889,0.8361486486486489,0.8139700641482533,0.09191382022910193,0.863613983259478,2
0.8423040604343722,0.8884297520661159,0.6343012704174227,0.8260135135135134,0.8346400570206699,0.2856492738171086,0.8202855736090594,2
0.5240793201133145,0.5330578512396694,0.8647912885662429,0.4273648648648651,0.6642908054169634,0.076701036289641,0.32299359921221066,1
0.13786591123701614,0.2066115702479339,0.3039927404718692,0.20720720720720742,0.15466856735566645,0.5490774811790559,0.25947808961102914,3
0.35410764872521244,0.40495867768595023,0.5852994555353904,0.4115990990990991,0.3991446899501068,0.0712400369267576,0.3106843919251602,1
0.41548630783758267,0.4442148760330579,0.7277676950998182,0.3778153153153155,0.5324305060584459,0.2851291786396911,0.32299359921221066,1
