0.3068932955618508,0.31611570247933873,0.7931034482758617,0.23930180180180172,0.5338560228082679,0.19424254638598865,0.14081733136386,1
0.4211520302171861,0.46900826446280985,0.6333938294010889,0.4577702702702702,0.49750534568781163,0.17733945311992097,0.4140817331363862,1
0.0,0.0,0.514519056261343,0.0,0.1119030648610121,0.547387171852449,0.13540128015755762,3
0.4627006610009443,0.5227272727272726,0.5834845735027218,0.48310810810810795,0.5281539558089806,0.34415998127657366,0.3490891186607581,1
0.15108593012275728,0.19628099173553704,0.451905626134301,0.19200450450450463,0.1988595866001424,0.5320443641186338,0.31462333825701644,3
0.27856468366383375,0.2975206611570247,0.7168784029038111,0.25281531531531526,0.3749109052031362,0.23689035093422103,0.3244707040866568,1
0.25779036827195473,0.31611570247933873,0.4827586206896545,0.36148648648648674,0.31575196008553097,0.8152361882224448,0.4534711964549485,3
0.5703493862134088,0.6301652892561985,0.6043557168784031,0.6497747747747749,0.5951532430506056,0.16576733542238234,0.6686361398325947,1
0.06137865911237019,0.12190082644628096,0.25226860254083433,0.10754504504504496,0.06058446186742689,0.3583325748611996,0.2801575578532743,3
0.6647780925401321,0.7128099173553718,0.6524500907441015,0.6385135135135138,0.6721311475409835,0.38771795238528656,0.6942392909896604,2
0.5835694050991501,0.6632231404958676,0.5054446460980035,0.5788288288288287,0.5759087669280114,0.5402358631629588,0.6282619399310684,2
0.14353163361661941,0.17768595041322302,0.5063520871143373,0.18975225225225212,0.24590163934426235,0.43777711321171775,0.24273756770063984,3
0.22946175637393765,0.2789256198347107,0.5081669691470051,0.27927927927927904,0.2822523164647183,0.3390890532967534,0.15066469719350079,1
0.2464589235127478,0.2582644628099174,0.7277676950998182,0.18975225225225212,0.429080541696365,0.9816666449960343,0.26440177252584934,3
0.02266288951841362,0.11363636363636379,0.016333938294010104,0.21340090090090066,0.007840342124020041,0.574302097283803,0.3279172821270308,3
0.19924457034938617,0.2685950413223142,0.37205081669691414,0.2742117117117118,0.20028510334996438,0.3243963645347099,0.39241752831117666,3
0.7828139754485363,0.7954545454545457,0.8058076225045374,0.6672297297297296,0.8082679971489661,0.11492803182982488,0.7828655834564254,2
0.3654390934844194,0.4008264462809916,0.6687840290381126,0.2753378378378378,0.5324305060584459,0.2648454667204099,0.25849335302806475,1
0.7780925401322001,0.8016528925619832,0.7586206896551727,0.6407657657657658,0.8239486813970063,0.23246954192617253,0.6696208764155587,2
0.3578847969782815,0.37190082644628114,0.7894736842105262,0.2742117117117118,0.48610121168923714,0.22063737663992516,0.21516494337764666,1
0.051935788479697896,0.07851239669421467,0.4328493647912884,0.06306306306306313,0.11689237348538851,0.7311107932751694,0.2609551944854753,3
0.10953729933899907,0.2293388429752065,0.0009074410163338386,0.30686936936936937,0.034212401995723465,0.4697629666228921,0.3894633185622844,3
0.41548630783758267,0.4442148760330579,0.7277676950998182,0.3778153153153155,0.5324305060584459,0.2851291786396911,0.32299359921221066,1
0.05571293673276675,0.06404958677685961,0.5435571687840288,0.06193693693693712,0.128296507483963,0.4272451858690141,0.15214180206794692,3
0.9074598677998111,0.9256198347107439,0.7377495462794914,0.7804054054054056,0.8795438346400567,0.5731318831346136,0.8212703101920238,2
0.3493862134088762,0.3471074380165289,0.8793103448275864,0.22072072072072094,0.50392017106201,0.25145301590191005,0.15066469719350079,1
0.06043437204910298,0.04545454545454559,0.688747731397459,0.0016891891891892535,0.17747683535281542,0.19554278432953234,0.09059576563269335,1
0.348441926345609,0.3636363636363636,0.7831215970961883,0.28040540540540554,0.4761225944404846,0.7697278601984163,0.23732151649433791,1
0.5269121813031163,0.6136363636363638,0.46007259528130656,0.4859234234234232,0.5395580898075552,0.45780077754229026,0.582964057114722,2
0.33238904627006605,0.38223140495867763,0.5816696914700541,0.34966216216216195,0.38346400570206707,0.2500227541640121,0.34465780403742013,1
0.6392823418319169,0.6921487603305785,0.6388384754990919,0.7015765765765763,0.6728439059158943,0.35898269383297143,0.7149187592319055,2
0.898016997167139,0.9462809917355368,0.6034482758620692,0.9470720720720724,0.8232359230220954,0.15471531290226115,0.9502708025603152,2
0.7799811142587348,0.7768595041322317,0.8847549909255894,0.7055180180180182,0.8382038488952244,0.2701764422889389,0.8276710979812901,2
0.05854579792256855,0.14876033057851254,0.07803992740471818,0.21396396396396392,0.04062722736992154,0.702635582311563,0.37223042836041376,3
0.15108593012275728,0.16322314049586759,0.6370235934664242,0.13400900900900878,0.2501781895937276,0.37263519224018,0.17282127031019204,3
0.13408876298394712,0.2293388429752065,0.152450090744101,0.28490990990991005,0.10406272273699206,0.809645165065207,0.36976858690300324,3
0.4995278564683665,0.5144628099173554,0.8230490018148823,0.40484234234234256,0.6250890947968638,0.0,0.2816346627277204,1
0.019830028328611977,0.03305785123966945,0.4618874773139742,0.046171171171171095,0.13613684960798306,0.5211223653928668,0.26784835056622336,3
0.03021718602455149,0.08057851239669434,0.26406533575317626,0.10641891891891896,0.03207412687099067,0.4438882315463731,0.21516494337764666,3
0.18413597733711043,0.26033057851239666,0.31215970961887474,0.31081081081081063,0.17747683535281542,0.30125212913963256,0.4785819793205316,3
0.38810198300283283,0.37190082644628114,0.9727767695099818,0.17229729729729734,0.5958660014255167,0.13027083956364016,0.06400787789266367,1
0.30122757318224735,0.340909090909091,0.6152450090744102,0.3265765765765766,0.3749109052031362,0.30827341403476843,0.17380600689315598,1
0.14353163361661941,0.21900826446281002,0.28221415607985406,0.1463963963963963,0.28652886671418387,0.09581453405973295,0.0,1
0.19641170915958453,0.18801652892561987,0.8130671506352091,0.04786036036036034,0.3599429793300069,0.1995735219545177,0.11127523387493846,3
0.35410764872521244,0.40495867768595023,0.5852994555353904,0.4115990990990991,0.3991446899501068,0.0712400369267576,0.3106843919251602,1
0.14069877242681778,0.16942148760330586,0.5290381125226854,0.11261261261261273,0.21810406272273694,0.08450246395090302,0.21762678483505674,1
0.368271954674221,0.4545454545454544,0.4147005444646096,0.45945945945945943,0.34426229508196715,0.4356967325020479,0.431806991629739,1
0.3163361661945231,0.3636363636363636,0.5871143375680581,0.38626126126126126,0.3706343549536706,0.17668933414814916,0.24273756770063984,1
0.40509915014164316,0.44628099173553726,0.6624319419237747,0.3688063063063065,0.5010691375623664,0.03288301759221938,0.21516494337764666,1
0.07932011331444758,0.14876033057851254,0.2304900181488202,0.15596846846846857,0.06343549536707052,0.18930164220052273,0.3018217626784833,3
0.7837582625118037,0.7892561983471075,0.8411978221415611,0.747747747747748,0.8118317890235209,0.3736753825950149,0.7124569177744955,2
0.8083097261567516,0.8347107438016528,0.7341197822141561,0.757882882882883,0.8446186742694224,0.30151217672834135,0.8202855736090594,2
0.509915014164306,0.5123966942148761,0.8920145190562611,0.26126126126126153,0.6785459729151815,0.33427817290564177,0.3077301821762679,2
0.11803588290840415,0.16528925619834725,0.3992740471869323,0.15540540540540532,0.1468282252316464,0.3683444070264859,0.25849335302806475,3
0.021718602455146407,0.08677685950413222,0.1588021778584389,0.15822072072072058,0.0,0.5315242689412162,0.2806499261447565,3
0.4523135033050048,0.5144628099173554,0.5671506352087116,0.5546171171171174,0.4547398431931573,0.48068496534865884,0.6282619399310684,2
0.7252124645892352,0.7603305785123966,0.7159709618874772,0.7173423423423424,0.7277263007840339,0.2181669245471922,0.826193993106844,2
0.490084985835694,0.5165289256198348,0.7640653357531758,0.4363738738738741,0.5730577334283677,0.6277418767634477,0.30379123584441164,1
0.3777148253068933,0.3863636363636362,0.8275862068965515,0.2545045045045045,0.5010691375623664,0.44466837431249917,0.12900049236829128,1
0.5901794145420208,0.6735537190082644,0.49183303085299396,0.6188063063063065,0.6086956521739129,0.508380033546139,0.6686361398325947,2
0.2030217186024552,0.26033057851239666,0.43829401088929243,0.27927927927927904,0.23235923022095506,0.22609837600280855,0.17232890201870985,1
0.07648725212464594,0.13842975206611569,0.26678765880217775,0.13344594594594603,0.09479686386315037,0.6270917577916759,0.2806499261447565,3
0.014164305949008532,0.0661157024793389,0.22504537205081615,0.13851351351351326,0.008553100498930866,0.5118906759937069,0.21861152141802068,3
0.7422096317280453,0.7665289256198349,0.762250453720508,0.6801801801801803,0.8118317890235209,0.19112197532148384,0.6277695716395862,2
0.13786591123701614,0.2066115702479339,0.3039927404718692,0.20720720720720742,0.15466856735566645,0.5490774811790559,0.25947808961102914,3
0.1539187913125591,0.18801652892561987,0.5181488203266783,0.18299549549549562,0.2401995723449751,0.6116189262635063,0.3456425406203841,3
0.4173748819641171,0.48553719008264457,0.5226860254083485,0.501126126126126,0.4383464005702067,0.13339141062814497,0.23732151649433791,1
0.971671388101983,0.9586776859504134,0.8620689655172414,0.873310810810811,0.9992872416250889,0.552718147420978,0.8872476612506154,2
0.6298394711992448,0.6859504132231405,0.6188747731397455,0.6075450450450449,0.6870990734141124,0.49069679751394507,0.6262924667651405,2
0.06326723323890462,0.12396694214876026,0.248638838475499,0.16159909909909909,0.05702066999287245,0.5941957378200211,0.28212703101920217,3
0.2625118035882908,0.28305785123966926,0.6969147005444647,0.23704954954954974,0.35495367070563083,0.5077299145743671,0.2816346627277204,3
0.11614730878186973,0.20454545454545459,0.17513611615245,0.23367117117117123,0.1047754811119032,0.4818551794978482,0.3244707040866568,3
0.7762039660056657,0.8016528925619832,0.7486388384754985,0.7730855855855858,0.7576621525302921,0.32140581726455947,0.7552929591334319,2
0.3626062322946176,0.4111570247933885,0.6079854809437384,0.38626126126126126,0.4575908766928009,0.4173633774980822,0.3077301821762679,1
0.7705382436260624,0.7789256198347106,0.8330308529945556,0.6824324324324323,0.8831076265146115,0.4450584456955623,0.725258493353028,2
0.05571293673276675,0.13016528925619814,0.1678765880217783,0.18074324324324312,0.04490377761938713,0.3337580777282243,0.23732151649433791,3
0.7922568460812087,0.878099173553719,0.4618874773139742,0.9290540540540544,0.7412687099073412,0.380436619901442,0.9743968488429348,2
0.145420207743154,0.2727272727272728,0.0,0.2787162162162163,0.08196721311475422,0.527883602699294,0.3451501723289019,3
0.7903682719546743,0.7830578512396693,0.903811252268602,0.6486486486486488,0.9030648610121165,0.4640419196712999,0.6061053668143772,2
0.16713881019830024,0.1611570247933883,0.7640653357531758,0.09966216216216195,0.2936564504632928,0.31919541276053526,0.04234367306745461,1
0.06421152030217184,0.0929752066115701,0.4373865698729576,0.10810810810810821,0.12401995723449742,0.41866361544162584,0.23732151649433791,3
0.6128423040604343,0.6136363636363638,0.9056261343012707,0.5253378378378378,0.7505345687811829,0.2848691310509824,0.4751354012801576,1
0.07837582625118036,0.0929752066115701,0.5462794918330303,0.06137387387387387,0.15680684248039922,0.2515830396962645,0.04332840965041856,1
0.7337110481586402,0.8491735537190082,0.3366606170598904,0.9949324324324328,0.6094084105488238,0.5419261724895655,0.9497784342688333,2
0.2974504249291785,0.3388429752066117,0.6016333938294005,0.3282657657657659,0.344975053456878,0.2817485599864776,0.15066469719350079,1
0.20679886685552404,0.23966942148760334,0.576225045372051,0.20439189189189166,0.2822523164647183,0.053426777100209336,0.12949286065977347,1
0.33238904627006605,0.3657024793388429,0.6705989110707803,0.36148648648648674,0.421240199572345,0.25860432459140026,0.25553914327917293,1
0.8479697828139755,0.8946280991735533,0.6333938294010889,0.8361486486486489,0.8139700641482533,0.09191382022910193,0.863613983259478,2
0.2171860245514637,0.28099173553719,0.41742286751361113,0.33558558558558566,0.2822523164647183,0.7047159630212328,0.39241752831117666,3
0.6987724268177524,0.7128099173553718,0.8266787658802177,0.5579954954954953,0.7583749109052029,0.1694080016643046,0.6489414081733136,2
0.09065155807365448,0.1425619834710743,0.3393829401088929,0.1509009009009008,0.15324305060584478,0.7736285740290474,0.21516494337764666,3
0.7884796978281399,0.8429752066115699,0.6070780399274045,0.8704954954954958,0.719173200285103,0.5589592895499876,0.9074347612013788,2
0.19924457034938617,0.2066115702479339,0.7196007259528127,0.15990990990990983,0.3285816108339274,1.0,0.23682914820285572,3
0.8300283286118979,0.8904958677685948,0.576225045372051,0.7905405405405406,0.8275124732715606,0.37874631057483527,0.7119645494830132,2
0.8423040604343722,0.8884297520661159,0.6343012704174227,0.8260135135135134,0.8346400570206699,0.2856492738171086,0.8202855736090594,2
0.03210576015108592,0.08057851239669434,0.28039927404718634,0.08277027027027041,0.06200997861724886,0.6023872368643461,0.25898572131954695,3
0.13503305004721433,0.19008264462809915,0.38294010889292124,0.25394144144144126,0.128296507483963,0.4558504206269748,0.38847858197932045,3
0.8829084041548633,0.9318181818181822,0.6088929219600723,1.0,0.8075552387740553,0.32335617417987494,1.0,2
0.4192634560906515,0.48760330578512384,0.5235934664246823,0.45213963963963966,0.4148253741981469,0.15185478942646505,0.4529788281634663,1
0.11709159584513694,0.16942148760330586,0.37658802177858436,0.20495495495495492,0.14967925873129,0.5759924066104097,0.3879862136878387,3
0.5240793201133145,0.5330578512396694,0.8647912885662429,0.4273648648648651,0.6642908054169634,0.076701036289641,0.32299359921221066,1
0.20113314447592076,0.23966942148760334,0.5490018148820328,0.18412162162162163,0.2986457590876692,0.43387639938108685,0.1944854751354011,1
0.5325779036827196,0.5723140495867768,0.6978221415607985,0.5478603603603603,0.600142551674982,0.39057847586108263,0.690792712949286,2
0.7280453257790369,0.7190082644628101,0.931941923774955,0.6081081081081082,0.8018531717747681,0.26939629952281274,0.7104874446085672,2
0.980169971671388,1.0,0.705989110707804,0.9369369369369369,0.9700641482537418,0.5086400811348477,0.8847858197932053,2
