0.8045325779036827,0.7954545454545457,0.9074410163339384,0.7066441441441441,0.9265858873841767,0.28226865516389504,0.7680945347119644,2
0.5325779036827196,0.5723140495867768,0.6978221415607985,0.5478603603603603,0.600142551674982,0.39057847586108263,0.690792712949286,2
0.09065155807365448,0.1425619834710743,0.3393829401088929,0.1509009009009008,0.15324305060584478,0.7736285740290474,0.21516494337764666,3
0.9556185080264401,0.9958677685950414,0.6188747731397455,0.9459459459459459,0.8439059158945116,0.4792547036107608,0.9512555391432791,2
0.6298394711992448,0.6859504132231405,0.6188747731397455,0.6075450450450449,0.6870990734141124,0.49069679751394507,0.6262924667651405,2
0.8083097261567516,0.8347107438016528,0.7341197822141561,0.757882882882883,0.8446186742694224,0.30151217672834135,0.8202855736090594,2
0.15297450424929188,0.21900826446281002,0.33756805807622525,0.257882882882883,0.18745545260156793,0.11648831736207728,0.3244707040866568,3
0.31161473087818703,0.33264462809917344,0.7250453720508166,0.3040540540540541,0.4055595153243049,0.4187936392359803,0.10782865583456443,1
0.3975448536355053,0.4359504132231404,0.6733212341197818,0.4262387387387386,0.4689950106913754,0.3051528429702636,0.38897095027080264,1
0.2049102927289896,0.200413223140496,0.8012704174228672,0.0979729729729732,0.37419814682822505,0.2682260853736234,0.1531265386509109,3
0.0,0.0,0.514519056261343,0.0,0.1119030648610121,0.547387171852449,0.13540128015755762,3
0.13408876298394712,0.2293388429752065,0.152450090744101,0.28490990990991005,0.10406272273699206,0.809645165065207,0.36976858690300324,3
0.4173748819641171,0.48553719008264457,0.5226860254083485,0.501126126126126,0.4383464005702067,0.13339141062814497,0.23732151649433791,1
0.30122757318224735,0.340909090909091,0.6152450090744102,0.3265765765765766,0.3749109052031362,0.30827341403476843,0.17380600689315598,1
0.5221907459867801,0.5351239669421487,0.8339382940108894,0.4560810810810809,0.6094084105488238,0.1956728081238867,0.4549483013293942,1
0.3305004721435316,0.4132231404958678,0.40653357531760403,0.46058558558558543,0.3962936564504632,0.410212068808592,0.38404726735598244,1
0.20679886685552404,0.23966942148760334,0.576225045372051,0.20439189189189166,0.2822523164647183,0.053426777100209336,0.12949286065977347,1
0.7714825306893297,0.7830578512396693,0.819419237749546,0.7167792792792792,0.8310762651461151,0.30619303332509856,0.7552929591334319,2
0.6647780925401321,0.737603305785124,0.5372050816696909,0.7274774774774775,0.6635780470420526,0.4304957807278732,0.7587395371738058,2
0.6647780925401321,0.7128099173553718,0.6524500907441015,0.6385135135135138,0.6721311475409835,0.38771795238528656,0.6942392909896604,2
0.37110481586402266,0.45247933884297514,0.43194192377495455,0.474099099099099,0.34426229508196715,0.09308403437829126,0.4766125061546037,1
0.7677053824362605,0.7809917355371904,0.8130671506352091,0.623310810810811,0.8745545260156806,0.592765476082123,0.6696208764155587,2
0.8064211520302171,0.8057851239669419,0.8656987295825768,0.7229729729729729,0.9066286528866713,0.17473897723283363,0.6917774495322504,2
0.16808309726156745,0.21900826446281002,0.4410163339382939,0.1717342342342341,0.2352102637205987,0.4100820450142377,0.23732151649433791,3
0.7252124645892352,0.7603305785123966,0.7159709618874772,0.7173423423423424,0.7277263007840339,0.2181669245471922,0.826193993106844,2
0.789423984891407,0.8285123966942152,0.6787658802177858,0.7595720720720722,0.8018531717747681,0.3384389343249815,0.8020679468242244,2
0.6572237960339944,0.6714876033057852,0.8257713248638838,0.5022522522522525,0.7555238774055593,0.5982264754450064,0.5622845888724765,2
0.27856468366383375,0.2975206611570247,0.7168784029038111,0.25281531531531526,0.3749109052031362,0.23689035093422103,0.3244707040866568,1
0.06043437204910298,0.04545454545454559,0.688747731397459,0.0016891891891892535,0.17747683535281542,0.19554278432953234,0.09059576563269335,1
0.7884796978281399,0.8078512396694215,0.7813067150635207,0.7010135135135136,0.8517462580185317,0.27862798892197277,0.7040866568193008,2
0.4730878186968838,0.5578512396694214,0.45281306715063485,0.5253378378378378,0.4675694939415538,0.25483363455512364,0.6070901033973412,2
0.15108593012275728,0.19628099173553704,0.451905626134301,0.19200450450450463,0.1988595866001424,0.5320443641186338,0.31462333825701644,3
0.11614730878186973,0.20454545454545459,0.17513611615245,0.23367117117117123,0.1047754811119032,0.4818551794978482,0.3244707040866568,3
0.5835694050991501,0.6632231404958676,0.5054446460980035,0.5788288288288287,0.5759087669280114,0.5402358631629588,0.6282619399310684,2
0.05571293673276675,0.06404958677685961,0.5435571687840288,0.06193693693693712,0.128296507483963,0.4272451858690141,0.15214180206794692,3
0.03021718602455149,0.08057851239669434,0.26406533575317626,0.10641891891891896,0.03207412687099067,0.4438882315463731,0.21516494337764666,3
0.7403210576015109,0.7355371900826447,0.903811252268602,0.6086711711711714,0.8132573057733425,0.28850979729290466,0.6824224519940918,2
0.0708215297450425,0.0950413223140494,0.4673321234119783,0.08671171171171167,0.15609408410548842,0.33570843464353983,0.23830625307730186,3
0.05571293673276675,0.13016528925619814,0.1678765880217783,0.18074324324324312,0.04490377761938713,0.3337580777282243,0.23732151649433791,3
0.5259678942398489,0.6033057851239669,0.5108892921960065,0.5326576576576576,0.5452601568068424,0.455200301655203,0.6282619399310684,2
0.6978281397544854,0.7107438016528925,0.8275862068965515,0.6081081081081082,0.7533856022808265,0.19398249879727994,0.6893156080748398,2
0.38810198300283283,0.37190082644628114,0.9727767695099818,0.17229729729729734,0.5958660014255167,0.13027083956364016,0.06400787789266367,1
0.41548630783758267,0.4442148760330579,0.7277676950998182,0.3778153153153155,0.5324305060584459,0.2851291786396911,0.32299359921221066,1
0.15769593956562794,0.24586776859504123,0.22867513611615253,0.2865990990990993,0.1446899501069139,0.5189119608888427,0.4140817331363862,3
0.8111425873465533,0.8719008264462808,0.5771324863883849,0.8277027027027026,0.7491090520313612,0.3370086725870835,0.841949778434269,2
0.3871576959395656,0.4297520661157025,0.6515426497277677,0.3738738738738738,0.4483250178189592,0.3667841214942335,0.34465780403742013,1
0.25779036827195473,0.31611570247933873,0.4827586206896545,0.36148648648648674,0.31575196008553097,0.8152361882224448,0.4534711964549485,3
0.3626062322946176,0.4111570247933885,0.6079854809437384,0.38626126126126126,0.4575908766928009,0.4173633774980822,0.3077301821762679,1
0.03210576015108592,0.08057851239669434,0.28039927404718634,0.08277027027027041,0.06200997861724886,0.6023872368643461,0.25898572131954695,3
0.7884796978281399,0.8429752066115699,0.6070780399274045,0.8704954954954958,0.719173200285103,0.5589592895499876,0.9074347612013788,2
0.2030217186024552,0.26033057851239666,0.43829401088929243,0.27927927927927904,0.23235923022095506,0.22609837600280855,0.17232890201870985,1
0.3068932955618508,0.31611570247933873,0.7931034482758617,0.23930180180180172,0.5338560228082679,0.19424254638598865,0.14081733136386,1
0.3777148253068933,0.3863636363636362,0.8275862068965515,0.2545045045045045,0.5010691375623664,0.44466837431249917,0.12900049236829128,1
0.3493862134088762,0.3471074380165289,0.8793103448275864,0.22072072072072094,0.50392017106201,0.25145301590191005,0.15066469719350079,1
0.6128423040604343,0.6136363636363638,0.9056261343012707,0.5253378378378378,0.7505345687811829,0.2848691310509824,0.4751354012801576,1
0.3248347497639282,0.3615702479338843,0.6488203266787662,0.30349099099099086,0.40698503207412684,0.12376964984592183,0.23732151649433791,1
0.24268177525967896,0.2913223140495868,0.5272232304900176,0.3124999999999999,0.24590163934426235,0.011702141491893013,0.26440177252584934,1
0.23418319169027388,0.3119834710743801,0.36206896551724094,0.3226351351351354,0.25944404846756963,0.5901650001950357,0.4313146233382568,3
0.06421152030217184,0.11570247933884308,0.3067150635208707,0.10641891891891896,0.09479686386315037,0.4607913248124408,0.23682914820285572,3
0.7903682719546743,0.7830578512396693,0.903811252268602,0.6486486486486488,0.9030648610121165,0.4640419196712999,0.6061053668143772,2
0.368271954674221,0.4545454545454544,0.4147005444646096,0.45945945945945943,0.34426229508196715,0.4356967325020479,0.431806991629739,1
0.32294617563739375,0.3884297520661155,0.4936479128856626,0.3997747747747748,0.37633642195295786,0.18878154702310526,0.3018217626784833,1
0.33238904627006605,0.38223140495867763,0.5816696914700541,0.34966216216216195,0.38346400570206707,0.2500227541640121,0.34465780403742013,1
0.8234183191690273,0.8636363636363636,0.6660617059891101,0.8119369369369371,0.8410548823948679,0.3526115279096075,0.8463810930576073,2
0.040604343720491,0.12190082644628096,0.09800362976406465,0.23986486486486497,0.05060584461867438,0.7762290499161347,0.3170851797144265,3
0.14353163361661941,0.21900826446281002,0.28221415607985406,0.1463963963963963,0.28652886671418387,0.09581453405973295,0.0,1
0.980169971671388,1.0,0.705989110707804,0.9369369369369369,0.9700641482537418,0.5086400811348477,0.8847858197932053,2
0.4636449480642115,0.5061983471074378,0.6705989110707803,0.5506756756756755,0.5459729151817532,0.5130608901428962,0.4967996061053666,1
0.4702549575070822,0.566115702479339,0.40471869328493637,0.5748873873873874,0.42836778332145387,0.24378161203500245,0.6696208764155587,2
0.10953729933899907,0.2293388429752065,0.0009074410163338386,0.30686936936936937,0.034212401995723465,0.4697629666228921,0.3894633185622844,3
0.09159584513692169,0.18595041322314057,0.10617059891107021,0.26126126126126153,0.03777619387027792,0.4286754476069122,0.3264401772525851,3
0.5703493862134088,0.6301652892561985,0.6043557168784031,0.6497747747747749,0.5951532430506056,0.16576733542238234,0.6686361398325947,1
0.07743153918791315,0.11157024793388412,0.43466424682395605,0.10754504504504496,0.10334996436208123,0.5450467435540703,0.15066469719350079,3
0.07932011331444758,0.14876033057851254,0.2304900181488202,0.15596846846846857,0.06343549536707052,0.18930164220052273,0.3018217626784833,3
0.509915014164306,0.5123966942148761,0.8920145190562611,0.26126126126126153,0.6785459729151815,0.33427817290564177,0.3077301821762679,2
0.06421152030217184,0.0929752066115701,0.4373865698729576,0.10810810810810821,0.12401995723449742,0.41866361544162584,0.23732151649433791,3
0.2974504249291785,0.3388429752066117,0.6016333938294005,0.3282657657657659,0.344975053456878,0.2817485599864776,0.15066469719350079,1
0.19924457034938617,0.2066115702479339,0.7196007259528127,0.15990990990990983,0.3285816108339274,1.0,0.23682914820285572,3
0.7610953729933899,0.8264462809917356,0.5598911070780399,0.7804054054054056,0.6870990734141124,0.4714532759494988,0.7794190054160515,2
0.7677053824362605,0.8119834710743802,0.6615245009074409,0.7432432432432435,0.751247327156094,0.18501085698682865,0.7769571639586413,2
0.3371104815864023,0.4111570247933885,0.45644283121597123,0.4273648648648651,0.35566642908054164,0.29995189119608895,0.32348596750369285,1
0.4504249291784702,0.48553719008264457,0.7078039927404717,0.4515765765765764,0.5438346400570204,0.07826132182189341,0.3018217626784833,1
0.10009442870632677,0.1363636363636364,0.44827586206896564,0.11768018018017999,0.15680684248039922,0.5778127397313708,0.30329886755292945,3
0.3654390934844194,0.4008264462809916,0.6687840290381126,0.2753378378378378,0.5324305060584459,0.2648454667204099,0.25849335302806475,1
0.4192634560906515,0.48760330578512384,0.5235934664246823,0.45213963963963966,0.4148253741981469,0.15185478942646505,0.4529788281634663,1
0.7762039660056657,0.8016528925619832,0.7486388384754985,0.7730855855855858,0.7576621525302921,0.32140581726455947,0.7552929591334319,2
0.1916902738432483,0.26033057851239666,0.36297640653357477,0.2877252252252253,0.20028510334996438,0.33037745907501076,0.3505662235352043,3
0.19641170915958453,0.18801652892561987,0.8130671506352091,0.04786036036036034,0.3599429793300069,0.1995735219545177,0.11127523387493846,3
0.06043437204910298,0.08471074380165293,0.4655172413793106,0.10698198198198221,0.13613684960798306,0.8788178236617301,0.2156573116691284,3
0.14069877242681778,0.16942148760330586,0.5290381125226854,0.11261261261261273,0.21810406272273694,0.08450246395090302,0.21762678483505674,1
0.971671388101983,0.9586776859504134,0.8620689655172414,0.873310810810811,0.9992872416250889,0.552718147420978,0.8872476612506154,2
0.1425873465533522,0.15289256198347112,0.6460980036297637,0.11599099099099124,0.2216678545972914,0.1867011663134354,0.26440177252584934,3
1.0,0.9917355371900828,0.8239564428312162,0.9425675675675679,1.0,0.6520563263077144,0.8429345150172329,2
0.4268177525967894,0.440082644628099,0.8212341197822136,0.38288288288288275,0.5930149679258732,0.3072332236799335,0.32545544066962073,1
0.635505193578848,0.7231404958677686,0.4700544464609798,0.6559684684684686,0.5509622238061296,0.3977297845505728,0.690792712949286,2
0.3578847969782815,0.37190082644628114,0.7894736842105262,0.2742117117117118,0.48610121168923714,0.22063737663992516,0.21516494337764666,1
0.20774315391879125,0.2314049586776858,0.6397459165154268,0.18299549549549562,0.3022095509622237,0.6134392593844673,0.2161496799606106,3
0.14730878186968843,0.21487603305785108,0.3284936479128859,0.2916666666666666,0.14754098360655754,0.3735453588006606,0.40324963072378145,3
0.14353163361661941,0.17768595041322302,0.5063520871143373,0.18975225225225212,0.24590163934426235,0.43777711321171775,0.24273756770063984,3
0.5240793201133145,0.5330578512396694,0.8647912885662429,0.4273648648648651,0.6642908054169634,0.076701036289641,0.32299359921221066,1
0.8300283286118979,0.8904958677685948,0.576225045372051,0.7905405405405406,0.8275124732715606,0.37874631057483527,0.7119645494830132,2
0.2162417374881965,0.2252066115702479,0.7241379310344829,0.13513513513513528,0.34853884533143276,0.20633475926094477,0.04332840965041856,1
0.4523135033050048,0.46487603305785125,0.82486388384755,0.3254504504504506,0.5951532430506056,0.36860445461519464,0.4529788281634663,2
0.11520302171860251,0.21487603305785108,0.10617059891107021,0.28941441441441457,0.06129722024233804,0.5373753396871628,0.4101427868045299,3
0.408876298394712,0.4173553719008264,0.8393829401088925,0.2730855855855858,0.5573770491803277,0.04900596809216086,0.2801575578532743,1
