0.7403210576015109,0.7355371900826447,0.903811252268602,0.6086711711711714,0.8132573057733425,0.28850979729290466,0.6824224519940918,2
0.040604343720491,0.12190082644628096,0.09800362976406465,0.23986486486486497,0.05060584461867438,0.7762290499161347,0.3170851797144265,3
0.35316336166194523,0.3863636363636362,0.6805807622504535,0.3406531531531529,0.4055595153243049,0.33323798255080683,0.3471196454948302,1
0.15108593012275728,0.19628099173553704,0.451905626134301,0.19200450450450463,0.1988595866001424,0.5320443641186338,0.31462333825701644,3
0.9556185080264401,0.9958677685950414,0.6188747731397455,0.9459459459459459,0.8439059158945116,0.4792547036107608,0.9512555391432791,2
0.18413597733711043,0.26033057851239666,0.31215970961887474,0.31081081081081063,0.17747683535281542,0.30125212913963256,0.4785819793205316,3
0.7705382436260624,0.7789256198347106,0.8330308529945556,0.6824324324324323,0.8831076265146115,0.4450584456955623,0.725258493353028,2
0.3493862134088762,0.3471074380165289,0.8793103448275864,0.22072072072072094,0.50392017106201,0.25145301590191005,0.15066469719350079,1
0.971671388101983,0.9586776859504134,0.8620689655172414,0.873310810810811,0.9992872416250889,0.552718147420978,0.8872476612506154,2
0.2747875354107649,0.2975206611570247,0.6996370235934661,0.2545045045045045,0.37633642195295786,0.192942308442445,0.32348596750369285,1
0.7799811142587348,0.7768595041322317,0.8847549909255894,0.7055180180180182,0.8382038488952244,0.2701764422889389,0.8276710979812901,2
0.8829084041548633,0.9318181818181822,0.6088929219600723,1.0,0.8075552387740553,0.32335617417987494,1.0,2
0.5882908404154864,0.640495867768595,0.6397459165154268,0.6295045045045048,0.6101211689237349,0.4211340675343588,0.6509108813392419,2
0.5221907459867801,0.5351239669421487,0.8339382940108894,0.4560810810810809,0.6094084105488238,0.1956728081238867,0.4549483013293942,1
0.7129367327667612,0.7665289256198349,0.627041742286751,0.6531531531531533,0.6650035637918745,0.37107490670792764,0.7346134908911867,2
0.6647780925401321,0.7128099173553718,0.6524500907441015,0.6385135135135138,0.6721311475409835,0.38771795238528656,0.6942392909896604,2
0.5609065155807367,0.6053719008264462,0.6733212341197818,0.5495495495495496,0.5965787598004276,0.6198104253078314,0.6701132447070408,2
0.08404154863078381,0.1322314049586778,0.35571687840290406,0.15822072072072058,0.09123307198859591,0.6645386105657336,0.23781388478581966,3
0.5297450424929178,0.5909090909090908,0.5925589836660611,0.5219594594594593,0.5944404846756948,0.26757596640185155,0.49630723781388486,1
0.23418319169027388,0.3119834710743801,0.36206896551724094,0.3226351351351354,0.25944404846756963,0.5901650001950357,0.4313146233382568,3
0.06043437204910298,0.08471074380165293,0.4655172413793106,0.10698198198198221,0.13613684960798306,0.8788178236617301,0.2156573116691284,3
0.06137865911237019,0.12190082644628096,0.25226860254083433,0.10754504504504496,0.06058446186742689,0.3583325748611996,0.2801575578532743,3
0.6392823418319169,0.6921487603305785,0.6388384754990919,0.7015765765765763,0.6728439059158943,0.35898269383297143,0.7149187592319055,2
0.2974504249291785,0.3388429752066117,0.6016333938294005,0.3282657657657659,0.344975053456878,0.2817485599864776,0.15066469719350079,1
0.5930122757318226,0.6694214876033059,0.514519056261343,0.6981981981981984,0.593727726300784,0.38108673887321387,0.7129492860659772,2
0.1746931067044381,0.24380165289256192,0.3457350272232298,0.23648648648648649,0.19030648610121156,0.5407559583403764,0.36976858690300324,3
0.490084985835694,0.5165289256198348,0.7640653357531758,0.4363738738738741,0.5730577334283677,0.6277418767634477,0.30379123584441164,1
0.05571293673276675,0.13016528925619814,0.1678765880217783,0.18074324324324312,0.04490377761938713,0.3337580777282243,0.23732151649433791,3
0.021718602455146407,0.08677685950413222,0.1588021778584389,0.15822072072072058,0.0,0.5315242689412162,0.2806499261447565,3
0.7884796978281399,0.8429752066115699,0.6070780399274045,0.8704954954954958,0.719173200285103,0.5589592895499876,0.9074347612013788,2
0.3654390934844194,0.4008264462809916,0.6687840290381126,0.2753378378378378,0.5324305060584459,0.2648454667204099,0.25849335302806475,1
0.15769593956562794,0.24586776859504123,0.22867513611615253,0.2865990990990993,0.1446899501069139,0.5189119608888427,0.4140817331363862,3
0.30122757318224735,0.340909090909091,0.6152450090744102,0.3265765765765766,0.3749109052031362,0.30827341403476843,0.17380600689315598,1
0.10009442870632677,0.1363636363636364,0.44827586206896564,0.11768018018017999,0.15680684248039922,0.5778127397313708,0.30329886755292945,3
0.09065155807365448,0.1425619834710743,0.3393829401088929,0.1509009009009008,0.15324305060584478,0.7736285740290474,0.21516494337764666,3
0.8914069877242683,0.9276859504132229,0.6624319419237747,0.8975225225225228,0.8745545260156806,0.2987816770468997,0.8867552929591337,2
0.4192634560906515,0.48760330578512384,0.5235934664246823,0.45213963963963966,0.4148253741981469,0.15185478942646505,0.4529788281634663,1
0.368271954674221,0.4545454545454544,0.4147005444646096,0.45945945945945943,0.34426229508196715,0.4356967325020479,0.431806991629739,1
0.07271010387157692,0.1322314049586778,0.27313974591651463,0.15540540540540532,0.08909479686386312,0.426855114485951,0.36632200886262917,3
0.40321057601510857,0.4669421487603305,0.5399274047186934,0.4386261261261261,0.4476122594440484,0.17733945311992097,0.40965041851304773,1
0.8300283286118979,0.8904958677685948,0.576225045372051,0.7905405405405406,0.8275124732715606,0.37874631057483527,0.7119645494830132,2
0.4636449480642115,0.5061983471074378,0.6705989110707803,0.5506756756756755,0.5459729151817532,0.5130608901428962,0.4967996061053666,1
0.7837582625118037,0.7892561983471075,0.8411978221415611,0.747747747747748,0.8118317890235209,0.3736753825950149,0.7124569177744955,2
0.3626062322946176,0.4111570247933885,0.6079854809437384,0.38626126126126126,0.4575908766928009,0.4173633774980822,0.3077301821762679,1
0.6978281397544854,0.7107438016528925,0.8275862068965515,0.6081081081081082,0.7533856022808265,0.19398249879727994,0.6893156080748398,2
0.5325779036827196,0.5723140495867768,0.6978221415607985,0.5478603603603603,0.600142551674982,0.39057847586108263,0.690792712949286,2
0.33238904627006605,0.38223140495867763,0.5816696914700541,0.34966216216216195,0.38346400570206707,0.2500227541640121,0.34465780403742013,1
0.4523135033050048,0.5144628099173554,0.5671506352087116,0.5546171171171174,0.4547398431931573,0.48068496534865884,0.6282619399310684,2
0.9074598677998111,0.9256198347107439,0.7377495462794914,0.7804054054054056,0.8795438346400567,0.5731318831346136,0.8212703101920238,2
0.24268177525967896,0.2913223140495868,0.5272232304900176,0.3124999999999999,0.24590163934426235,0.011702141491893013,0.26440177252584934,1
0.8045325779036827,0.7954545454545457,0.9074410163339384,0.7066441441441441,0.9265858873841767,0.28226865516389504,0.7680945347119644,2
0.898016997167139,0.9462809917355368,0.6034482758620692,0.9470720720720724,0.8232359230220954,0.15471531290226115,0.9502708025603152,2
0.7516525023607178,0.7871900826446279,0.7114337568058071,0.7060810810810809,0.7441197434069848,0.12650014952736352,0.6770064007877894,2
0.16713881019830024,0.1611570247933883,0.7640653357531758,0.09966216216216195,0.2936564504632928,0.31919541276053526,0.04234367306745461,1
0.06043437204910298,0.04545454545454559,0.688747731397459,0.0016891891891892535,0.17747683535281542,0.19554278432953234,0.09059576563269335,1
0.980169971671388,1.0,0.705989110707804,0.9369369369369369,0.9700641482537418,0.5086400811348477,0.8847858197932053,2
0.4523135033050048,0.48760330578512384,0.7041742286751363,0.4296171171171171,0.5623663578047041,0.1604363598538533,0.34613490891186627,1
0.27856468366383375,0.2975206611570247,0.7168784029038111,0.25281531531531526,0.3749109052031362,0.23689035093422103,0.3244707040866568,1
0.25967894239848915,0.318181818181818,0.4891107078039924,0.275900900900901,0.3164647184604418,0.6800114420939032,0.3879862136878387,3
0.7252124645892352,0.7603305785123966,0.7159709618874772,0.7173423423423424,0.7277263007840339,0.2181669245471922,0.826193993106844,2
0.19924457034938617,0.2066115702479339,0.7196007259528127,0.15990990990990983,0.3285816108339274,1.0,0.23682914820285572,3
0.24268177525967896,0.23553719008264476,0.8421052631578949,0.13457207207207203,0.40698503207412684,0.22050735284557077,0.12998522895125567,1
0.7922568460812087,0.878099173553719,0.4618874773139742,0.9290540540540544,0.7412687099073412,0.380436619901442,0.9743968488429348,2
0.7828139754485363,0.7954545454545457,0.8058076225045374,0.6672297297297296,0.8082679971489661,0.11492803182982488,0.7828655834564254,2
0.789423984891407,0.8285123966942152,0.6787658802177858,0.7595720720720722,0.8018531717747681,0.3384389343249815,0.8020679468242244,2
0.05854579792256855,0.14876033057851254,0.07803992740471818,0.21396396396396392,0.04062722736992154,0.702635582311563,0.37223042836041376,3
0.051935788479697896,0.07851239669421467,0.4328493647912884,0.06306306306306313,0.11689237348538851,0.7311107932751694,0.2609551944854753,3
0.6298394711992448,0.6859504132231405,0.6188747731397455,0.6075450450450449,0.6870990734141124,0.49069679751394507,0.6262924667651405,2
0.7922568460812087,0.859504132231405,0.5499092558983667,0.8727477477477478,0.6571632216678545,0.1792898100352365,0.9522402757262435,2
0.03210576015108592,0.08057851239669434,0.28039927404718634,0.08277027027027041,0.06200997861724886,0.6023872368643461,0.25898572131954695,3
0.91123701605288,0.9297520661157025,0.740471869328494,0.7972972972972976,0.9493941553813257,0.6677892054245927,0.8217626784835056,2
0.4268177525967894,0.440082644628099,0.8212341197822136,0.38288288288288275,0.5930149679258732,0.3072332236799335,0.32545544066962073,1
0.20113314447592076,0.23966942148760334,0.5490018148820328,0.18412162162162163,0.2986457590876692,0.43387639938108685,0.1944854751354011,1
0.7337110481586402,0.8491735537190082,0.3366606170598904,0.9949324324324328,0.6094084105488238,0.5419261724895655,0.9497784342688333,2
0.2625118035882908,0.28305785123966926,0.6969147005444647,0.23704954954954974,0.35495367070563083,0.5077299145743671,0.2816346627277204,3
0.014164305949008532,0.0661157024793389,0.22504537205081615,0.13851351351351326,0.008553100498930866,0.5118906759937069,0.21861152141802068,3
0.31161473087818703,0.33264462809917344,0.7250453720508166,0.3040540540540541,0.4055595153243049,0.4187936392359803,0.10782865583456443,1
0.5703493862134088,0.6301652892561985,0.6043557168784031,0.6497747747747749,0.5951532430506056,0.16576733542238234,0.6686361398325947,1
0.3966005665722379,0.4359504132231404,0.6696914700544465,0.36373873873873874,0.4711332858161082,0.25210313487368197,0.2914820285573608,1
0.12086874409820579,0.12603305785123955,0.6479128856624313,0.13119369369369352,0.23022095509622226,0.3682143832321315,0.3018217626784833,3
0.4409820585457979,0.5020661157024793,0.570780399274047,0.48648648648648646,0.48610121168923714,0.18930164220052273,0.3451501723289019,1
0.4702549575070822,0.566115702479339,0.40471869328493637,0.5748873873873874,0.42836778332145387,0.24378161203500245,0.6696208764155587,2
0.33238904627006605,0.34917355371900816,0.7531760435571687,0.29335585585585583,0.47897362794012827,0.2515830396962645,0.23682914820285572,1
0.25779036827195473,0.31611570247933873,0.4827586206896545,0.36148648648648674,0.31575196008553097,0.8152361882224448,0.4534711964549485,3
0.40509915014164316,0.44628099173553726,0.6624319419237747,0.3688063063063065,0.5010691375623664,0.03288301759221938,0.21516494337764666,1
0.06421152030217184,0.11570247933884308,0.3067150635208707,0.10641891891891896,0.09479686386315037,0.4607913248124408,0.23682914820285572,3
0.1916902738432483,0.26033057851239666,0.36297640653357477,0.2877252252252253,0.20028510334996438,0.33037745907501076,0.3505662235352043,3
0.6166194523135035,0.6487603305785126,0.7359346642468237,0.5354729729729728,0.667141838916607,0.2721267992042544,0.6041358936484493,2
0.145420207743154,0.2727272727272728,0.0,0.2787162162162163,0.08196721311475422,0.527883602699294,0.3451501723289019,3
0.5524079320113315,0.5867768595041322,0.7250453720508166,0.5546171171171174,0.6236635780470419,0.15653564602322226,0.4992614475627771,1
0.3975448536355053,0.4359504132231404,0.6733212341197818,0.4262387387387386,0.4689950106913754,0.3051528429702636,0.38897095027080264,1
0.5835694050991501,0.6632231404958676,0.5054446460980035,0.5788288288288287,0.5759087669280114,0.5402358631629588,0.6282619399310684,2
0.19924457034938617,0.2685950413223142,0.37205081669691414,0.2742117117117118,0.20028510334996438,0.3243963645347099,0.39241752831117666,3
0.32294617563739375,0.3884297520661155,0.4936479128856626,0.3997747747747748,0.37633642195295786,0.18878154702310526,0.3018217626784833,1
0.07743153918791315,0.11157024793388412,0.43466424682395605,0.10754504504504496,0.10334996436208123,0.5450467435540703,0.15066469719350079,3
0.05665722379603396,0.1322314049586778,0.15607985480943737,0.19763513513513514,0.03207412687099067,0.6563471115214085,0.34465780403742013,3
0.7610953729933899,0.8264462809917356,0.5598911070780399,0.7804054054054056,0.6870990734141124,0.4714532759494988,0.7794190054160515,2
0.5495750708215298,0.5867768595041322,0.7123411978221419,0.4611486486486487,0.63791874554526,0.44882913573183897,0.5411127523387496,2
0.15108593012275728,0.16322314049586759,0.6370235934664242,0.13400900900900878,0.2501781895937276,0.37263519224018,0.17282127031019204,3
0.5259678942398489,0.6033057851239669,0.5108892921960065,0.5326576576576576,0.5452601568068424,0.455200301655203,0.6282619399310684,2
0.4815864022662889,0.4834710743801653,0.8865698729582581,0.3536036036036037,0.6300784034212399,0.10842684211210653,0.25947808961102914,1
0.11803588290840415,0.16528925619834725,0.3992740471869323,0.15540540540540532,0.1468282252316464,0.3683444070264859,0.25849335302806475,3
0.3068932955618508,0.31611570247933873,0.7931034482758617,0.23930180180180172,0.5338560228082679,0.19424254638598865,0.14081733136386,1
0.5240793201133145,0.5330578512396694,0.8647912885662429,0.4273648648648651,0.6642908054169634,0.076701036289641,0.32299359921221066,1
0.37110481586402266,0.45247933884297514,0.43194192377495455,0.474099099099099,0.34426229508196715,0.09308403437829126,0.4766125061546037,1
