0.3333333333333333,0.07352941176470588,0.5,0.024324324324324326,0.0627819962583911,0.0,0.5,0.3333333333333333,1.0,0.0,0.0,0.0,0.14285714285714285,0.0,0.5,0.0,0.6666666666666666,0.0,1.0,0.0,1
0.0,0.11764705882352941,0.5,0.002702702702702703,0.17255419830527127,0.0,1.0,0.6666666666666666,0.6666666666666666,0.0,1.0,1.0,0.2857142857142857,1.0,1.0,0.0,0.6666666666666666,0.0,1.0,0.0,2
0.3333333333333333,0.6029411764705882,1.0,0.008108108108108109,0.24738637614174094,0.0,0.25,1.0,0.6666666666666666,0.0,0.3333333333333333,0.3333333333333333,0.10714285714285714,1.0,0.5,0.3333333333333333,0.3333333333333333,0.0,0.0,0.0,2
0.0,0.20588235294117646,0.5,0.008108108108108109,0.08979861340376362,0.0,0.5,1.0,0.3333333333333333,0.0,1.0,0.6666666666666666,0.10714285714285714,0.0,0.0,0.3333333333333333,0.6666666666666666,0.0,0.0,0.0,2
0.0,0.29411764705882354,0.5,0.005405405405405406,0.1510949708374601,1.0,0.5,0.3333333333333333,1.0,0.0,1.0,0.6666666666666666,0.017857142857142856,1.0,0.5,0.0,0.6666666666666666,0.0,0.0,0.0,2
1.0,0.20588235294117646,0.5,0.008108108108108109,0.23902277979531197,0.0,0.25,0.6666666666666666,0.6666666666666666,0.0,0.3333333333333333,0.6666666666666666,0.23214285714285715,1.0,0.5,0.0,0.6666666666666666,0.0,1.0,0.0,1
1.0,0.29411764705882354,0.5,0.008108108108108109,0.16424562561901618,0.5,1.0,0.6666666666666666,0.0,0.0,0.3333333333333333,0.6666666666666666,0.125,1.0,0.5,0.0,1.0,0.0,1.0,0.0,1
1.0,0.11764705882352941,1.0,0.008108108108108109,0.030097942115109497,1.0,1.0,1.0,0.3333333333333333,0.0,0.6666666666666666,0.3333333333333333,0.25,0.0,0.5,0.0,0.3333333333333333,1.0,0.0,0.0,2
1.0,0.20588235294117646,1.0,0.002702702702702703,0.16391548365797293,1.0,0.0,0.3333333333333333,0.6666666666666666,0.0,1.0,1.0,0.3392857142857143,1.0,0.5,0.0,1.0,0.0,1.0,0.0,1
0.3333333333333333,0.29411764705882354,0.75,0.005405405405405406,0.11461428414218114,1.0,0.25,1.0,0.6666666666666666,0.0,0.3333333333333333,0.3333333333333333,0.17857142857142858,0.0,0.5,0.0,0.3333333333333333,0.0,0.0,0.0,1
1.0,0.4264705882352941,0.75,0.024324324324324326,0.13832948167712117,0.0,0.5,0.3333333333333333,0.3333333333333333,0.0,0.3333333333333333,0.6666666666666666,0.125,1.0,0.5,0.3333333333333333,0.6666666666666666,0.0,1.0,0.0,1
0.0,0.38235294117647056,0.5,0.005405405405405406,0.118631011334874,0.0,0.75,1.0,0.3333333333333333,0.0,1.0,0.0,0.07142857142857142,1.0,0.0,0.0,0.6666666666666666,0.0,0.0,0.0,2
1.0,0.08823529411764706,0.5,0.005405405405405406,0.10784637394079453,0.0,0.5,0.3333333333333333,0.6666666666666666,0.0,0.3333333333333333,0.0,0.10714285714285714,0.0,0.0,0.0,0.3333333333333333,0.0,0.0,0.0,2
1.0,0.29411764705882354,1.0,0.0,0.05705953560030813,0.75,1.0,1.0,0.3333333333333333,0.0,1.0,0.0,0.32142857142857145,1.0,0.5,0.3333333333333333,0.6666666666666666,0.0,1.0,0.0,1
1.0,0.6470588235294118,0.75,0.008108108108108109,0.6877407285132607,0.5,0.75,1.0,0.6666666666666666,0.0,0.0,0.6666666666666666,0.32142857142857145,1.0,0.5,0.0,1.0,0.0,1.0,0.0,1
1.0,0.16176470588235295,1.0,0.016216216216216217,0.07054033234290745,0.25,0.5,1.0,0.3333333333333333,0.0,0.6666666666666666,0.6666666666666666,0.21428571428571427,1.0,0.5,0.0,0.6666666666666666,0.0,0.0,0.0,1
1.0,0.0,0.5,0.005405405405405406,0.019313304721030045,0.0,0.25,0.0,0.3333333333333333,0.0,0.6666666666666666,0.0,0.07142857142857142,1.0,0.0,0.0,0.3333333333333333,1.0,0.0,0.0,1
0.3333333333333333,0.20588235294117646,1.0,0.008108108108108109,0.08501155496863651,0.0,1.0,0.6666666666666666,0.3333333333333333,1.0,1.0,0.0,0.5178571428571429,0.0,0.0,0.3333333333333333,0.3333333333333333,0.0,1.0,0.0,1
1.0,0.47058823529411764,1.0,0.005405405405405406,0.37839771101573677,0.0,0.25,0.3333333333333333,0.3333333333333333,0.0,1.0,0.3333333333333333,0.07142857142857142,1.0,0.0,0.3333333333333333,0.6666666666666666,0.0,1.0,0.0,2
1.0,0.6470588235294118,1.0,0.002702702702702703,0.6239683063717398,0.25,0.5,0.3333333333333333,0.3333333333333333,0.0,1.0,0.6666666666666666,0.08928571428571429,0.0,0.0,0.3333333333333333,0.3333333333333333,0.0,0.0,0.0,2
0.6666666666666666,0.11764705882352941,0.5,0.008108108108108109,0.1521954440409376,0.0,0.5,0.6666666666666666,1.0,0.0,0.0,0.6666666666666666,0.08928571428571429,1.0,0.5,0.0,0.6666666666666666,0.0,0.0,0.0,1
0.3333333333333333,0.20588235294117646,0.5,0.005405405405405406,0.09210960713106636,1.0,0.25,1.0,0.3333333333333333,0.0,0.6666666666666666,0.0,0.14285714285714285,1.0,0.0,0.0,0.6666666666666666,0.0,0.0,0.0,2
0.0,0.11764705882352941,0.25,0.021621621621621623,0.004897105755474854,0.0,1.0,1.0,1.0,0.0,0.0,0.6666666666666666,0.4642857142857143,0.0,0.5,0.0,0.3333333333333333,0.0,0.0,0.0,1
0.3333333333333333,0.20588235294117646,0.5,0.0,0.04357873885770881,1.0,0.5,1.0,0.3333333333333333,0.0,0.3333333333333333,0.3333333333333333,0.25,1.0,0.5,0.0,0.6666666666666666,0.0,0.0,0.0,2
0.0,0.6470588235294118,0.0,0.005405405405405406,0.37795752173434577,0.0,0.5,0.6666666666666666,0.6666666666666666,0.0,1.0,1.0,0.6071428571428571,1.0,1.0,0.3333333333333333,0.6666666666666666,1.0,0.0,0.0,2
1.0,0.20588235294117646,1.0,0.016216216216216217,0.08880818752063387,0.25,0.5,1.0,0.3333333333333333,0.0,0.3333333333333333,0.0,0.19642857142857142,1.0,0.5,0.3333333333333333,0.6666666666666666,0.0,0.0,0.0,2
0.3333333333333333,0.47058823529411764,0.75,0.0,0.14372180037416088,0.25,1.0,1.0,0.6666666666666666,0.0,0.6666666666666666,1.0,0.19642857142857142,1.0,1.0,0.0,0.6666666666666666,0.0,0.0,0.0,1
1.0,0.29411764705882354,1.0,0.002702702702702703,0.10713106635853417,1.0,0.75,1.0,0.6666666666666666,0.0,1.0,0.6666666666666666,0.42857142857142855,1.0,0.5,0.3333333333333333,0.6666666666666666,1.0,1.0,0.0,1
1.0,0.029411764705882353,0.5,0.005405405405405406,0.15010454495433037,0.5,0.5,0.0,0.6666666666666666,0.0,0.3333333333333333,0.6666666666666666,0.23214285714285715,1.0,0.5,0.0,0.6666666666666666,0.0,1.0,0.0,1
1.0,0.29411764705882354,0.5,0.005405405405405406,0.03736106525806097,1.0,0.75,1.0,0.6666666666666666,0.0,0.3333333333333333,0.6666666666666666,0.21428571428571427,0.5,0.5,0.0,0.6666666666666666,0.0,1.0,0.0,1
0.0,0.11764705882352941,0.5,0.0,0.09040387366567625,0.0,0.5,1.0,0.3333333333333333,1.0,1.0,0.3333333333333333,0.17857142857142858,1.0,0.5,0.0,0.6666666666666666,0.0,1.0,0.0,1
0.3333333333333333,0.029411764705882353,0.5,0.008108108108108109,0.01870804445911742,0.0,0.25,0.6666666666666666,1.0,0.0,0.6666666666666666,0.0,0.125,1.0,0.5,0.0,0.3333333333333333,0.0,0.0,1.0,1
0.3333333333333333,0.16176470588235295,0.75,0.013513513513513514,0.06943985913942996,0.75,0.5,0.6666666666666666,1.0,0.0,0.6666666666666666,0.3333333333333333,0.75,0.5,0.5,0.3333333333333333,0.6666666666666666,0.0,0.0,0.0,2
1.0,0.29411764705882354,0.75,0.024324324324324326,0.15010454495433037,1.0,0.5,1.0,0.6666666666666666,0.0,1.0,0.0,0.23214285714285715,1.0,0.5,0.3333333333333333,0.6666666666666666,1.0,1.0,0.0,1
1.0,0.25,0.75,0.005405405405405406,0.07378672829316606,0.25,0.75,1.0,0.6666666666666666,0.0,0.6666666666666666,0.0,0.26785714285714285,1.0,0.5,0.3333333333333333,1.0,0.0,0.0,0.0,1
1.0,0.38235294117647056,0.5,0.008108108108108109,0.11461428414218114,0.5,1.0,1.0,0.6666666666666666,0.0,0.3333333333333333,0.6666666666666666,0.19642857142857142,0.0,0.5,0.0,1.0,0.0,0.0,0.0,1
0.3333333333333333,0.20588235294117646,1.0,0.024324324324324326,0.090073731704633,1.0,0.5,1.0,1.0,0.0,1.0,0.0,0.16071428571428573,0.0,0.5,0.3333333333333333,0.6666666666666666,0.0,0.0,0.0,1
1.0,0.29411764705882354,1.0,0.008108108108108109,0.11962143721800374,1.0,1.0,1.0,0.6666666666666666,0.0,1.0,0.3333333333333333,0.6071428571428571,1.0,0.5,0.3333333333333333,0.6666666666666666,0.0,0.0,0.0,1
0.0,0.25,0.5,0.008108108108108109,0.0872125013755915,0.0,0.5,0.6666666666666666,0.3333333333333333,0.0,0.3333333333333333,0.0,0.10714285714285714,1.0,0.5,0.3333333333333333,0.6666666666666666,0.0,1.0,0.0,2
0.3333333333333333,0.07352941176470588,0.5,0.008108108108108109,0.045779685264663805,0.0,1.0,1.0,0.6666666666666666,0.0,1.0,0.6666666666666666,0.14285714285714285,1.0,0.5,0.3333333333333333,0.3333333333333333,0.0,0.0,0.0,1
0.3333333333333333,0.47058823529411764,1.0,0.0,0.14141080664685815,0.0,0.25,1.0,0.0,0.0,1.0,0.6666666666666666,0.14285714285714285,1.0,0.5,0.3333333333333333,0.6666666666666666,0.0,0.0,0.0,2
0.6666666666666666,0.11764705882352941,0.5,0.008108108108108109,0.08974358974358974,0.0,0.5,0.3333333333333333,0.3333333333333333,0.0,0.3333333333333333,0.6666666666666666,0.44642857142857145,1.0,0.0,0.0,0.3333333333333333,0.0,1.0,0.0,1
1.0,0.29411764705882354,0.5,0.002702702702702703,0.4161989655551887,0.0,0.75,0.6666666666666666,0.6666666666666666,0.0,0.6666666666666666,0.6666666666666666,0.3392857142857143,1.0,0.5,0.0,1.0,0.0,1.0,0.0,1
0.0,0.29411764705882354,0.5,0.008108108108108109,0.11742049081104874,0.0,1.0,1.0,0.6666666666666666,0.0,1.0,0.0,0.8035714285714286,0.0,0.0,0.0,0.3333333333333333,0.0,0.0,0.0,1
0.3333333333333333,0.6470588235294118,0.0,0.024324324324324326,0.1977550346649059,0.25,0.75,1.0,0.6666666666666666,0.0,1.0,1.0,0.26785714285714285,1.0,1.0,0.0,0.3333333333333333,1.0,0.0,0.0,2
0.3333333333333333,0.11764705882352941,1.0,0.008108108108108109,0.18284362275778585,0.0,0.5,0.0,0.3333333333333333,0.0,0.0,0.0,0.07142857142857142,1.0,0.5,0.0,0.3333333333333333,0.0,0.0,0.0,1
1.0,0.029411764705882353,0.75,0.024324324324324326,0.08215032463959503,0.25,0.5,0.0,0.6666666666666666,0.0,0.3333333333333333,0.0,0.26785714285714285,1.0,0.5,0.3333333333333333,0.3333333333333333,0.0,0.0,0.0,1
0.0,0.29411764705882354,0.5,0.005405405405405406,0.4110817651590184,1.0,0.25,0.0,0.3333333333333333,0.0,0.3333333333333333,0.3333333333333333,0.19642857142857142,1.0,0.5,0.0,0.6666666666666666,0.0,1.0,1.0,1
1.0,0.029411764705882353,0.0,0.0,0.05249257180587653,0.25,0.5,1.0,0.6666666666666666,0.0,0.0,1.0,0.2857142857142857,0.0,0.0,0.0,0.6666666666666666,0.0,0.0,1.0,1
1.0,0.29411764705882354,1.0,0.008108108108108109,0.14427203697589963,0.25,1.0,0.6666666666666666,0.6666666666666666,0.0,1.0,0.0,0.30357142857142855,1.0,0.5,0.0,0.6666666666666666,1.0,1.0,0.0,1
1.0,0.029411764705882353,1.0,0.008108108108108109,0.09067899196654561,1.0,0.5,0.0,0.6666666666666666,0.0,0.3333333333333333,0.0,0.26785714285714285,1.0,0.5,0.3333333333333333,0.3333333333333333,1.0,0.0,0.0,1
0.0,0.20588235294117646,0.5,0.0,0.22724771651810277,0.25,0.5,0.6666666666666666,0.6666666666666666,0.0,1.0,0.6666666666666666,0.2857142857142857,1.0,0.5,0.0,0.3333333333333333,1.0,1.0,0.0,1
0.6666666666666666,0.47058823529411764,0.5,0.008108108108108109,0.21789369428854408,0.0,0.5,1.0,0.6666666666666666,0.0,0.3333333333333333,0.6666666666666666,0.125,1.0,0.5,0.0,0.6666666666666666,0.0,0.0,0.0,2
1.0,0.11764705882352941,1.0,0.008108108108108109,0.025696049301199515,0.0,1.0,1.0,0.6666666666666666,0.0,1.0,0.0,0.5892857142857143,1.0,0.5,0.6666666666666666,0.6666666666666666,0.0,0.0,0.0,1
1.0,0.29411764705882354,1.0,0.024324324324324326,0.2352811709034885,0.0,0.5,0.6666666666666666,0.6666666666666666,0.0,0.3333333333333333,0.0,0.9821428571428571,1.0,0.5,0.0,1.0,0.0,1.0,0.0,1
1.0,0.08823529411764706,0.5,0.0,0.06426763508308572,0.25,0.5,0.6666666666666666,0.6666666666666666,0.0,0.3333333333333333,0.0,0.2857142857142857,1.0,0.0,0.0,0.3333333333333333,0.0,0.0,1.0,1
1.0,0.6470588235294118,1.0,0.016216216216216217,0.32243864861890614,0.0,0.5,0.0,0.6666666666666666,0.0,0.6666666666666666,1.0,0.21428571428571427,0.0,1.0,0.0,0.6666666666666666,0.0,1.0,0.0,1
1.0,0.029411764705882353,0.5,0.016216216216216217,0.0708704743039507,0.0,0.25,0.0,0.3333333333333333,0.0,0.3333333333333333,1.0,0.6607142857142857,1.0,0.5,0.0,0.6666666666666666,0.0,0.0,0.0,1
0.3333333333333333,0.11764705882352941,0.5,0.008108108108108109,0.020633872565203038,0.0,0.25,1.0,1.0,1.0,0.0,0.0,0.125,0.0,0.5,0.0,0.3333333333333333,0.0,0.0,0.0,1
1.0,0.20588235294117646,1.0,0.008108108108108109,0.10938703642566304,0.0,0.5,0.3333333333333333,0.3333333333333333,0.0,0.0,0.6666666666666666,0.10714285714285714,1.0,0.5,0.3333333333333333,0.6666666666666666,0.0,0.0,0.0,1
0.3333333333333333,0.11764705882352941,0.5,0.008108108108108109,0.049796412457356665,0.0,1.0,0.6666666666666666,1.0,1.0,0.6666666666666666,0.0,0.375,0.0,0.5,0.3333333333333333,0.3333333333333333,0.0,0.0,0.0,1
1.0,0.07352941176470588,1.0,0.016216216216216217,0.05469351821283152,1.0,1.0,1.0,0.3333333333333333,0.0,1.0,0.3333333333333333,0.39285714285714285,1.0,0.0,0.3333333333333333,0.3333333333333333,0.0,0.0,0.0,1
0.3333333333333333,0.07352941176470588,0.5,0.0,0.1620446792120612,1.0,0.5,0.0,0.3333333333333333,0.0,0.3333333333333333,0.0,0.25,1.0,0.5,0.0,0.3333333333333333,0.0,0.0,0.0,1
1.0,0.47058823529411764,1.0,0.008108108108108109,0.5126004181798173,0.0,0.5,0.3333333333333333,0.3333333333333333,0.0,0.3333333333333333,0.6666666666666666,0.21428571428571427,0.5,0.5,0.3333333333333333,0.6666666666666666,0.0,0.0,0.0,1
1.0,0.07352941176470588,0.5,0.005405405405405406,0.06261692527786948,0.0,0.5,1.0,0.3333333333333333,0.0,0.3333333333333333,0.0,0.125,1.0,0.0,0.0,0.6666666666666666,0.0,0.0,0.0,1
0.3333333333333333,0.04411764705882353,0.5,0.008108108108108109,0.11912622427643887,0.0,0.5,0.6666666666666666,0.6666666666666666,1.0,0.3333333333333333,0.0,0.26785714285714285,1.0,0.5,0.0,0.6666666666666666,0.0,0.0,0.0,1
1.0,0.11764705882352941,0.75,0.002702702702702703,0.06894464619786508,0.0,0.5,1.0,1.0,0.0,1.0,0.0,0.39285714285714285,1.0,0.0,0.0,0.6666666666666666,0.0,0.0,0.0,1
1.0,0.29411764705882354,1.0,0.0,0.09298998569384835,0.75,1.0,1.0,0.6666666666666666,0.0,1.0,0.0,0.7321428571428571,1.0,0.5,0.0,0.6666666666666666,0.0,1.0,0.0,1
1.0,0.25,0.5,0.0,0.1393199075602509,0.5,0.75,0.0,0.3333333333333333,0.0,0.3333333333333333,0.6666666666666666,0.21428571428571427,0.0,0.5,0.0,1.0,0.0,0.0,0.0,1
0.0,0.6470588235294118,0.5,0.010810810810810811,0.15412127214702323,0.0,0.5,0.6666666666666666,0.6666666666666666,0.0,1.0,0.6666666666666666,0.625,1.0,0.5,0.0,0.6666666666666666,0.0,0.0,0.0,2
1.0,0.11764705882352941,1.0,0.0,0.0237702211951139,0.25,0.75,1.0,0.3333333333333333,0.0,0.6666666666666666,0.6666666666666666,0.5714285714285714,1.0,0.5,0.3333333333333333,0.6666666666666666,0.0,1.0,0.0,1
0.0,0.07352941176470588,1.0,0.013513513513513514,0.057114559260482006,0.25,1.0,0.6666666666666666,0.6666666666666666,1.0,1.0,0.0,0.5178571428571429,1.0,0.5,0.3333333333333333,0.6666666666666666,1.0,0.0,1.0,1
0.6666666666666666,0.38235294117647056,1.0,0.008108108108108109,0.18741058655221746,1.0,1.0,1.0,0.6666666666666666,0.0,1.0,0.3333333333333333,0.5357142857142857,0.5,0.5,0.3333333333333333,0.3333333333333333,0.0,0.0,0.0,1
0.6666666666666666,0.16176470588235295,0.5,0.024324324324324326,0.1340926598437328,0.0,0.75,0.3333333333333333,0.6666666666666666,0.0,1.0,0.3333333333333333,0.125,1.0,0.0,0.0,0.6666666666666666,0.0,1.0,0.0,1
0.0,0.29411764705882354,1.0,0.008108108108108109,0.05397821063057114,0.75,1.0,1.0,0.3333333333333333,0.0,1.0,0.3333333333333333,0.6785714285714286,1.0,0.0,0.3333333333333333,1.0,0.0,1.0,0.0,1
1.0,0.38235294117647056,1.0,0.008108108108108109,0.3138549576317817,0.0,0.75,0.6666666666666666,0.6666666666666666,0.5,0.3333333333333333,0.6666666666666666,0.3392857142857143,1.0,0.5,0.0,0.6666666666666666,0.0,0.0,0.0,1
0.3333333333333333,0.029411764705882353,0.5,0.013513513513513514,0.011224826675470452,0.0,0.25,0.6666666666666666,1.0,0.0,0.0,0.3333333333333333,0.05357142857142857,1.0,0.5,0.0,0.3333333333333333,0.0,0.0,0.0,1
1.0,0.11764705882352941,0.5,0.005405405405405406,0.0817651590183779,0.0,0.75,0.6666666666666666,0.3333333333333333,0.0,1.0,0.0,0.21428571428571427,1.0,0.5,0.0,0.3333333333333333,0.0,0.0,0.0,1
1.0,0.38235294117647056,0.5,0.008108108108108109,0.08897325850115549,1.0,1.0,1.0,0.6666666666666666,0.0,1.0,0.6666666666666666,0.6964285714285714,1.0,0.5,0.0,0.6666666666666666,0.0,1.0,0.0,1
0.3333333333333333,0.6470588235294118,0.25,0.0,0.6558270056124134,1.0,0.0,1.0,0.6666666666666666,0.5,1.0,1.0,0.30357142857142855,1.0,1.0,0.0,1.0,0.0,1.0,0.0,1
0.0,0.11764705882352941,0.5,0.0,0.061736546715087486,0.0,0.75,0.3333333333333333,0.0,0.0,0.6666666666666666,0.6666666666666666,0.30357142857142855,1.0,0.5,0.0,0.6666666666666666,0.0,0.0,0.0,2
0.6666666666666666,0.08823529411764706,0.5,0.0,0.20353251898316277,0.0,0.25,0.0,0.6666666666666666,1.0,0.0,0.3333333333333333,0.32142857142857145,1.0,0.5,0.0,0.3333333333333333,1.0,0.0,0.0,1
0.0,0.11764705882352941,0.5,0.005405405405405406,0.025200836359634642,0.0,0.5,0.3333333333333333,0.6666666666666666,1.0,0.6666666666666666,0.3333333333333333,0.3392857142857143,1.0,0.5,0.0,0.3333333333333333,1.0,0.0,0.0,1
0.0,0.11764705882352941,0.5,0.021621621621621623,0.035875426433366345,0.0,0.75,1.0,1.0,0.0,1.0,0.3333333333333333,0.03571428571428571,1.0,0.0,0.0,0.6666666666666666,0.0,0.0,0.0,2
0.0,0.20588235294117646,0.75,0.016216216216216217,0.45234951028942444,1.0,0.5,0.0,0.3333333333333333,0.0,0.3333333333333333,0.6666666666666666,0.07142857142857142,1.0,0.0,0.3333333333333333,0.6666666666666666,0.0,1.0,0.0,1
1.0,0.07352941176470588,0.5,0.008108108108108109,0.13464289644547156,0.0,0.5,0.0,0.6666666666666666,0.0,0.3333333333333333,0.0,0.23214285714285715,1.0,0.5,0.0,0.6666666666666666,1.0,0.0,0.0,1
0.3333333333333333,0.38235294117647056,1.0,0.0,0.22003961703532518,0.0,0.0,1.0,1.0,0.0,0.3333333333333333,0.6666666666666666,0.16071428571428573,1.0,0.5,0.3333333333333333,1.0,0.0,0.0,0.0,2
1.0,0.29411764705882354,1.0,0.005405405405405406,0.07345658633212282,0.0,0.75,1.0,0.6666666666666666,0.0,0.6666666666666666,0.3333333333333333,0.375,1.0,0.5,0.3333333333333333,0.6666666666666666,0.0,0.0,0.0,1
1.0,0.29411764705882354,0.75,0.024324324324324326,0.19880048420820953,0.0,0.5,0.0,0.6666666666666666,0.0,0.3333333333333333,1.0,0.23214285714285715,1.0,1.0,0.0,0.6666666666666666,0.0,0.0,0.0,1
1.0,0.08823529411764706,0.5,0.0,0.05827005612413338,1.0,0.5,1.0,0.6666666666666666,1.0,1.0,0.3333333333333333,0.14285714285714285,1.0,0.5,0.0,0.3333333333333333,0.0,0.0,0.0,2
0.3333333333333333,0.20588235294117646,0.75,0.024324324324324326,0.11978650819852536,1.0,1.0,1.0,0.6666666666666666,0.0,0.3333333333333333,0.3333333333333333,0.4107142857142857,1.0,0.5,0.3333333333333333,0.6666666666666666,0.0,0.0,0.0,1
0.0,0.20588235294117646,0.5,0.005405405405405406,0.1870804445911742,0.0,0.25,0.0,0.3333333333333333,0.0,1.0,0.6666666666666666,0.05357142857142857,1.0,0.0,0.0,0.6666666666666666,0.0,0.0,0.0,1
0.0,0.20588235294117646,1.0,0.0,0.27797953119841534,0.0,1.0,0.3333333333333333,0.6666666666666666,0.0,1.0,1.0,0.30357142857142855,1.0,1.0,0.6666666666666666,1.0,0.0,1.0,0.0,1
0.3333333333333333,0.20588235294117646,0.5,0.002702702702702703,0.1391548365797293,0.0,0.5,0.0,1.0,0.0,0.6666666666666666,0.6666666666666666,0.03571428571428571,1.0,0.0,0.0,0.6666666666666666,0.0,1.0,0.0,1
0.6666666666666666,0.11764705882352941,0.25,0.008108108108108109,0.008748761967646087,0.75,0.5,0.6666666666666666,0.3333333333333333,0.0,0.6666666666666666,0.0,0.4107142857142857,1.0,0.0,0.3333333333333333,0.6666666666666666,0.0,0.0,0.0,1
0.3333333333333333,0.8235294117647058,0.5,0.016216216216216217,0.3322328601298558,0.0,0.5,1.0,0.6666666666666666,0.0,1.0,1.0,0.4107142857142857,1.0,1.0,0.0,0.6666666666666666,0.0,0.0,0.0,2
0.0,0.058823529411764705,1.0,1.0,0.050291625398921534,0.0,1.0,0.6666666666666666,0.6666666666666666,0.0,1.0,1.0,0.5714285714285714,0.0,1.0,0.3333333333333333,1.0,1.0,1.0,0.0,1
0.3333333333333333,0.38235294117647056,0.25,0.005405405405405406,0.17860680092439749,0.75,0.5,1.0,0.6666666666666666,0.0,0.3333333333333333,0.6666666666666666,0.26785714285714285,0.5,0.5,0.0,0.6666666666666666,1.0,1.0,0.0,1
0.3333333333333333,0.29411764705882354,0.5,0.008108108108108109,0.09843732805106195,0.0,0.25,0.0,1.0,0.0,0.0,0.3333333333333333,0.05357142857142857,1.0,0.5,0.0,0.6666666666666666,0.0,1.0,0.0,2
0.6666666666666666,0.07352941176470588,0.5,0.008108108108108109,0.04820072631231429,0.25,1.0,0.3333333333333333,0.0,0.0,1.0,0.0,0.5357142857142857,1.0,0.5,0.0,0.6666666666666666,0.0,0.0,0.0,1
0.0,0.11764705882352941,0.5,0.005405405405405406,0.08847804555959063,0.0,0.25,1.0,0.3333333333333333,0.0,0.0,0.6666666666666666,0.05357142857142857,1.0,0.0,0.0,0.6666666666666666,0.0,0.0,0.0,1
1.0,0.20588235294117646,0.5,0.013513513513513514,0.09315505667436998,0.0,0.25,1.0,0.3333333333333333,0.0,1.0,0.0,0.07142857142857142,1.0,0.5,0.0,0.6666666666666666,0.0,0.0,0.0,2
0.0,0.029411764705882353,0.5,0.010810810810810811,0.005117200396170353,0.0,0.25,1.0,0.3333333333333333,0.0,0.0,0.0,0.14285714285714285,1.0,0.5,0.0,0.6666666666666666,0.0,0.0,0.0,1
0.3333333333333333,0.029411764705882353,0.25,0.016216216216216217,0.010069329811819083,0.75,0.25,1.0,0.3333333333333333,0.0,0.3333333333333333,0.3333333333333333,0.08928571428571429,0.0,0.0,0.0,0.6666666666666666,1.0,0.0,0.0,2
0.0,0.11764705882352941,1.0,0.002702702702702703,0.06377242214152086,0.0,1.0,1.0,0.6666666666666666,0.0,0.6666666666666666,0.0,0.625,1.0,0.5,0.0,0.6666666666666666,0.0,0.0,0.0,1
1.0,0.11764705882352941,1.0,0.005405405405405406,0.16952789699570817,0.0,1.0,0.3333333333333333,0.6666666666666666,0.0,1.0,0.3333333333333333,0.4107142857142857,0.5,0.5,0.0,0.6666666666666666,0.0,0.0,0.0,1
0.3333333333333333,0.16176470588235295,0.5,0.013513513513513514,0.0582150324639595,0.0,1.0,1.0,0.6666666666666666,0.0,1.0,0.6666666666666666,0.3392857142857143,1.0,0.5,0.3333333333333333,0.3333333333333333,0.0,0.0,0.0,1
0.3333333333333333,0.029411764705882353,0.75,0.0,0.0527676901067459,0.0,0.0,1.0,0.6666666666666666,0.0,1.0,0.3333333333333333,0.5,1.0,0.5,0.0,1.0,0.0,1.0,0.0,2
1.0,0.08823529411764706,0.5,0.0,0.07411687025420931,0.5,0.5,0.6666666666666666,0.6666666666666666,0.0,0.3333333333333333,1.0,0.375,1.0,0.0,0.0,0.3333333333333333,1.0,0.0,1.0,1
0.3333333333333333,0.16176470588235295,0.25,0.0,0.055793991416309016,0.25,0.5,0.3333333333333333,1.0,0.0,0.3333333333333333,0.3333333333333333,0.10714285714285714,1.0,0.0,0.0,0.6666666666666666,0.0,0.0,0.0,2
0.0,0.6029411764705882,0.5,0.008108108108108109,0.08776273797733025,0.0,0.5,1.0,0.6666666666666666,0.0,1.0,1.0,0.07142857142857142,1.0,1.0,0.0,0.6666666666666666,0.0,1.0,0.0,2
1.0,0.11764705882352941,0.5,0.008108108108108109,0.03048310773632662,0.0,1.0,1.0,0.6666666666666666,0.0,1.0,0.6666666666666666,0.3392857142857143,1.0,0.5,0.0,0.6666666666666666,0.0,0.0,0.0,1
1.0,0.29411764705882354,0.5,0.024324324324324326,0.23885770881479035,0.75,0.5,0.3333333333333333,0.6666666666666666,0.0,0.6666666666666666,0.3333333333333333,0.625,1.0,0.5,0.6666666666666666,1.0,0.0,1.0,0.0,2
1.0,0.20588235294117646,0.5,0.0,0.3582590513920986,1.0,0.5,0.3333333333333333,0.6666666666666666,0.0,1.0,0.6666666666666666,0.875,1.0,0.0,0.3333333333333333,0.6666666666666666,0.0,0.0,0.0,2
0.0,0.14705882352941177,0.5,0.0,0.48024650599757895,0.0,1.0,0.0,0.0,0.0,1.0,0.3333333333333333,0.4642857142857143,1.0,0.5,0.0,1.0,0.0,1.0,1.0,2
1.0,0.11764705882352941,0.5,0.016216216216216217,0.06289204357873886,0.0,1.0,1.0,0.6666666666666666,0.0,1.0,0.3333333333333333,0.5,0.0,0.5,0.6666666666666666,0.6666666666666666,1.0,1.0,0.0,1
1.0,0.20588235294117646,0.5,0.024324324324324326,0.0935402222955871,0.0,0.75,1.0,0.6666666666666666,0.0,0.0,0.6666666666666666,0.26785714285714285,0.5,0.5,0.3333333333333333,0.6666666666666666,0.0,1.0,0.0,1
1.0,0.38235294117647056,1.0,0.008108108108108109,0.235501265544184,0.0,0.75,1.0,0.3333333333333333,0.0,1.0,0.6666666666666666,0.125,1.0,0.0,0.0,1.0,0.0,1.0,0.0,1
0.3333333333333333,0.29411764705882354,1.0,0.002702702702702703,0.41311764058545175,0.75,1.0,0.3333333333333333,0.3333333333333333,0.0,1.0,1.0,0.17857142857142858,1.0,0.0,0.0,0.6666666666666666,0.0,0.0,0.0,1
1.0,0.16176470588235295,0.5,0.002702702702702703,0.24248927038626608,0.0,0.5,0.6666666666666666,0.6666666666666666,0.0,0.3333333333333333,0.6666666666666666,0.19642857142857142,1.0,0.5,0.0,0.6666666666666666,0.0,1.0,0.0,1
0.0,0.11764705882352941,0.5,0.008108108108108109,0.0233300319137229,0.25,0.75,1.0,1.0,0.0,0.0,0.3333333333333333,0.017857142857142856,1.0,0.5,0.0,0.6666666666666666,0.0,0.0,0.0,2
1.0,0.20588235294117646,1.0,0.005405405405405406,0.19423352041377792,0.0,0.25,0.6666666666666666,0.0,0.0,0.3333333333333333,0.6666666666666666,0.2857142857142857,1.0,0.5,0.3333333333333333,1.0,0.0,1.0,0.0,1
0.6666666666666666,0.29411764705882354,0.5,0.008108108108108109,0.055463849455265765,0.5,0.5,0.6666666666666666,0.3333333333333333,0.0,0.6666666666666666,0.6666666666666666,0.6785714285714286,1.0,0.5,0.0,0.3333333333333333,0.0,0.0,0.0,1
1.0,0.11764705882352941,1.0,0.005405405405405406,0.06338725652030373,0.5,0.75,0.6666666666666666,0.3333333333333333,0.0,1.0,0.6666666666666666,0.32142857142857145,1.0,0.0,0.0,0.6666666666666666,0.0,1.0,0.0,1
0.3333333333333333,0.29411764705882354,0.5,0.005405405405405406,0.22565203037306042,1.0,0.5,0.0,0.3333333333333333,0.0,1.0,0.3333333333333333,0.5178571428571429,1.0,0.5,0.0,0.3333333333333333,0.0,1.0,0.0,1
1.0,0.11764705882352941,1.0,0.0,0.06850445691647408,0.0,1.0,1.0,0.6666666666666666,0.0,0.0,0.0,0.3392857142857143,1.0,0.5,0.3333333333333333,0.3333333333333333,1.0,0.0,0.0,1
0.3333333333333333,0.11764705882352941,0.5,0.005405405405405406,0.038571585781886214,0.25,0.25,1.0,0.3333333333333333,0.0,1.0,0.6666666666666666,0.14285714285714285,0.0,0.0,1.0,0.6666666666666666,0.0,0.0,0.0,2
0.3333333333333333,0.029411764705882353,0.75,0.005405405405405406,0.044018928139099814,0.0,0.0,1.0,0.6666666666666666,0.0,0.0,0.3333333333333333,0.2857142857142857,0.5,0.5,0.3333333333333333,1.0,0.0,1.0,0.0,1
1.0,0.47058823529411764,0.5,0.008108108108108109,0.1840541432816111,0.0,1.0,1.0,0.6666666666666666,0.0,0.3333333333333333,0.6666666666666666,0.16071428571428573,1.0,0.5,0.0,0.6666666666666666,0.0,0.0,0.0,1
1.0,0.08823529411764706,1.0,0.005405405405405406,0.10432485968966655,0.0,0.25,0.0,0.3333333333333333,0.0,0.6666666666666666,0.0,0.07142857142857142,1.0,0.0,0.3333333333333333,0.6666666666666666,0.0,0.0,0.0,1
1.0,0.47058823529411764,0.5,0.005405405405405406,0.1705183228788379,0.0,0.5,1.0,0.3333333333333333,0.0,0.3333333333333333,0.6666666666666666,0.16071428571428573,1.0,0.5,0.0,1.0,0.0,1.0,0.0,2
1.0,0.47058823529411764,0.0,0.013513513513513514,0.13002090899086607,0.0,0.5,1.0,0.6666666666666666,0.0,0.3333333333333333,0.6666666666666666,0.14285714285714285,1.0,0.5,0.3333333333333333,0.6666666666666666,0.0,0.0,0.0,1
0.6666666666666666,0.029411764705882353,0.5,0.0,0.025255860019808517,0.75,0.25,0.3333333333333333,1.0,0.0,0.3333333333333333,0.0,0.14285714285714285,1.0,0.5,0.0,0.0,0.0,0.0,1.0,1
0.3333333333333333,0.11764705882352941,1.0,0.005405405405405406,0.18526466380543632,0.0,1.0,0.0,0.6666666666666666,0.0,1.0,0.6666666666666666,0.16071428571428573,1.0,0.0,0.6666666666666666,0.6666666666666666,0.0,1.0,0.0,1
0.3333333333333333,0.11764705882352941,0.5,0.0,0.32067789149334214,0.0,0.75,0.3333333333333333,0.6666666666666666,0.0,0.3333333333333333,0.6666666666666666,0.23214285714285715,1.0,0.5,0.0,0.6666666666666666,0.0,0.0,0.0,1
0.0,0.11764705882352941,0.5,0.010810810810810811,0.02701661714537251,0.25,0.0,1.0,0.3333333333333333,0.0,0.6666666666666666,0.3333333333333333,0.05357142857142857,1.0,0.5,0.0,0.6666666666666666,0.0,0.0,0.0,2
0.0,0.29411764705882354,0.75,0.0,0.059590623968306375,0.0,0.0,1.0,0.6666666666666666,0.0,0.3333333333333333,0.0,0.42857142857142855,1.0,1.0,0.3333333333333333,0.6666666666666666,1.0,0.0,0.0,2
1.0,0.07352941176470588,0.5,0.024324324324324326,0.06597336854847584,0.0,0.75,0.6666666666666666,0.3333333333333333,0.0,0.3333333333333333,0.6666666666666666,0.14285714285714285,1.0,0.5,0.3333333333333333,0.6666666666666666,0.0,0.0,0.0,1
0.0,0.4264705882352941,1.0,0.005405405405405406,0.22180037416088919,0.5,0.5,0.0,0.3333333333333333,0.0,1.0,0.6666666666666666,0.07142857142857142,1.0,0.5,0.3333333333333333,0.6666666666666666,0.0,0.0,0.0,2
0.0,0.29411764705882354,1.0,0.002702702702702703,0.148949048090679,0.0,1.0,1.0,0.6666666666666666,0.0,1.0,0.3333333333333333,0.7857142857142857,1.0,0.5,0.3333333333333333,0.6666666666666666,0.0,1.0,0.0,1
1.0,0.16176470588235295,1.0,0.005405405405405406,0.17018818091779464,0.0,0.5,1.0,0.6666666666666666,0.0,0.3333333333333333,1.0,0.16071428571428573,1.0,1.0,0.0,0.6666666666666666,0.0,1.0,0.0,1
0.3333333333333333,0.14705882352941177,0.5,0.024324324324324326,0.06382744580169473,0.5,1.0,0.0,1.0,0.0,0.3333333333333333,0.0,0.2857142857142857,1.0,0.5,0.0,0.6666666666666666,0.0,1.0,0.0,1
1.0,0.20588235294117646,0.75,0.024324324324324326,0.10559040387366568,0.0,0.5,1.0,1.0,0.0,0.3333333333333333,0.6666666666666666,0.16071428571428573,1.0,0.5,0.0,0.6666666666666666,0.0,1.0,0.0,2
0.3333333333333333,0.3382352941176471,0.0,0.024324324324324326,0.4439308902828216,0.0,1.0,0.3333333333333333,0.3333333333333333,0.0,1.0,1.0,0.4107142857142857,1.0,1.0,0.3333333333333333,1.0,0.0,1.0,0.0,2
0.0,0.29411764705882354,0.5,0.008108108108108109,0.09557609772202047,0.0,0.5,0.3333333333333333,0.6666666666666666,0.0,1.0,0.0,0.03571428571428571,1.0,0.0,0.0,0.3333333333333333,1.0,0.0,0.0,2
1.0,0.29411764705882354,0.5,0.008108108108108109,0.09084406294706723,0.25,0.5,1.0,0.6666666666666666,0.0,1.0,0.6666666666666666,0.17857142857142858,1.0,0.0,0.0,1.0,0.0,1.0,0.0,1
0.3333333333333333,0.6470588235294118,1.0,0.005405405405405406,0.2666446572025971,0.0,0.5,0.3333333333333333,0.3333333333333333,0.0,0.6666666666666666,0.6666666666666666,0.19642857142857142,1.0,0.5,0.0,1.0,0.0,1.0,0.0,2
0.0,0.029411764705882353,0.5,0.005405405405405406,0.061846594035435236,0.0,0.5,0.0,0.6666666666666666,0.0,0.3333333333333333,0.0,0.30357142857142855,0.0,0.5,0.0,0.3333333333333333,0.0,1.0,0.0,1
0.0,0.5588235294117647,0.5,0.005405405405405406,0.4199405744470122,0.0,0.75,0.3333333333333333,0.6666666666666666,1.0,1.0,0.3333333333333333,0.4642857142857143,1.0,1.0,0.0,0.6666666666666666,1.0,0.0,0.0,1
1.0,0.29411764705882354,0.5,0.008108108108108109,0.11191812479366127,0.0,0.75,1.0,0.6666666666666666,0.0,0.3333333333333333,0.6666666666666666,0.16071428571428573,1.0,0.5,0.0,0.6666666666666666,0.0,1.0,0.0,1
0.6666666666666666,0.0,0.5,0.0,0.06844943325630021,1.0,0.25,0.0,0.6666666666666666,0.0,0.3333333333333333,0.0,0.17857142857142858,1.0,0.5,0.0,0.3333333333333333,1.0,0.0,1.0,1
1.0,0.11764705882352941,0.5,0.0,0.117750632772092,1.0,1.0,1.0,0.6666666666666666,0.0,0.6666666666666666,0.6666666666666666,0.5535714285714286,1.0,0.5,0.0,0.6666666666666666,0.0,1.0,0.0,1
1.0,0.29411764705882354,0.5,0.005405405405405406,0.20479806316716187,0.0,0.75,0.3333333333333333,0.3333333333333333,0.0,1.0,0.3333333333333333,0.10714285714285714,1.0,0.0,0.0,0.6666666666666666,0.0,1.0,0.0,1
0.3333333333333333,0.7352941176470589,0.0,0.024324324324324326,0.8635963464289644,0.0,0.25,0.6666666666666666,0.6666666666666666,0.0,1.0,1.0,0.6964285714285714,1.0,0.0,0.0,0.6666666666666666,0.0,1.0,0.0,2
1.0,0.11764705882352941,1.0,0.016216216216216217,0.10157367668097282,0.0,0.75,0.3333333333333333,0.6666666666666666,0.0,0.6666666666666666,0.0,0.5357142857142857,1.0,0.5,0.0,0.3333333333333333,1.0,0.0,0.0,1
0.3333333333333333,0.07352941176470588,0.5,0.0,0.001430615164520744,0.0,0.5,1.0,1.0,0.0,1.0,0.0,0.05357142857142857,1.0,0.0,0.0,0.3333333333333333,0.0,0.0,0.0,1
0.0,0.29411764705882354,0.5,0.005405405405405406,0.1641906019588423,0.0,0.25,1.0,0.3333333333333333,0.0,1.0,0.0,0.07142857142857142,1.0,0.0,0.0,0.3333333333333333,0.0,1.0,0.0,2
0.0,0.20588235294117646,0.0,0.024324324324324326,0.1570375261362386,0.0,0.75,0.6666666666666666,0.6666666666666666,0.0,0.0,0.3333333333333333,0.21428571428571427,0.0,0.5,0.0,0.6666666666666666,0.0,1.0,0.0,1
1.0,0.11764705882352941,1.0,0.005405405405405406,0.07384175195333993,0.75,0.75,0.6666666666666666,0.3333333333333333,0.0,0.3333333333333333,0.3333333333333333,0.2857142857142857,1.0,0.5,0.0,0.6666666666666666,0.0,0.0,1.0,1
0.0,0.25,0.25,0.0,0.07686805326290305,1.0,0.5,1.0,0.6666666666666666,0.0,0.3333333333333333,0.3333333333333333,0.375,1.0,0.5,0.3333333333333333,0.3333333333333333,1.0,0.0,0.0,2
0.0,0.29411764705882354,0.25,0.005405405405405406,0.18168812589413447,0.0,0.75,0.6666666666666666,0.6666666666666666,0.0,1.0,0.6666666666666666,0.14285714285714285,0.0,0.5,0.0,0.6666666666666666,0.0,0.0,0.0,2
1.0,0.11764705882352941,0.5,0.008108108108108109,0.15456146142841423,0.75,0.75,0.3333333333333333,0.0,0.0,1.0,0.0,0.75,1.0,0.5,0.0,0.3333333333333333,0.0,0.0,0.0,1
0.0,0.11764705882352941,0.5,0.008108108108108109,0.06866952789699571,0.0,0.5,1.0,0.3333333333333333,0.0,0.0,0.6666666666666666,0.07142857142857142,0.0,0.5,0.0,0.6666666666666666,0.0,0.0,0.0,1
0.3333333333333333,0.07352941176470588,0.5,0.008108108108108109,0.029712776493892375,0.5,0.5,1.0,0.3333333333333333,0.0,0.6666666666666666,0.0,0.8392857142857143,1.0,0.5,0.0,0.3333333333333333,0.0,0.0,0.0,1
1.0,0.11764705882352941,0.75,0.013513513513513514,0.07180587652690656,0.75,1.0,1.0,0.6666666666666666,0.0,1.0,1.0,0.6428571428571429,1.0,1.0,0.3333333333333333,0.6666666666666666,1.0,0.0,0.0,2
0.3333333333333333,0.07352941176470588,0.5,0.005405405405405406,0.09794211510949709,1.0,0.75,0.3333333333333333,0.6666666666666666,0.0,0.0,0.6666666666666666,0.08928571428571429,1.0,0.5,0.0,0.6666666666666666,0.0,1.0,0.0,1
1.0,0.20588235294117646,0.5,0.008108108108108109,0.09909761197314845,0.0,0.25,1.0,0.6666666666666666,0.0,0.0,0.0,0.25,1.0,0.5,0.0,0.6666666666666666,0.0,0.0,0.0,1
1.0,0.07352941176470588,0.5,0.008108108108108109,0.13772422141520854,0.25,1.0,0.6666666666666666,0.6666666666666666,0.5,1.0,0.6666666666666666,0.2857142857142857,1.0,0.5,0.0,0.6666666666666666,0.0,1.0,0.0,1
1.0,0.11764705882352941,1.0,0.008108108108108109,0.11450423682183339,1.0,1.0,0.0,0.6666666666666666,0.5,1.0,0.0,0.5357142857142857,1.0,0.5,0.0,0.6666666666666666,0.0,1.0,0.0,1
0.0,0.20588235294117646,0.5,0.005405405405405406,0.1223175965665236,0.0,0.0,1.0,0.6666666666666666,0.0,0.0,0.6666666666666666,0.10714285714285714,1.0,0.5,0.0,0.0,0.0,0.0,0.0,2
0.3333333333333333,0.029411764705882353,1.0,0.021621621621621623,0.03752613623858259,1.0,0.75,0.0,0.3333333333333333,0.0,0.6666666666666666,0.3333333333333333,0.35714285714285715,1.0,0.5,0.3333333333333333,0.3333333333333333,0.0,0.0,0.0,1
0.3333333333333333,0.20588235294117646,0.5,0.005405405405405406,0.15137008913832947,0.0,0.75,0.3333333333333333,0.3333333333333333,0.0,1.0,0.0,0.375,1.0,0.0,0.0,0.6666666666666666,0.0,0.0,0.0,1
0.0,0.29411764705882354,0.5,0.002702702702702703,0.1463629360625069,0.0,0.75,0.3333333333333333,0.6666666666666666,0.0,0.0,1.0,0.26785714285714285,1.0,1.0,0.0,1.0,0.0,1.0,0.0,1
0.0,0.20588235294117646,0.5,0.0,0.10999229668757565,0.25,0.75,1.0,0.6666666666666666,0.0,0.6666666666666666,0.6666666666666666,0.19642857142857142,1.0,0.5,0.0,1.0,1.0,1.0,0.0,1
0.3333333333333333,0.11764705882352941,0.5,0.0,0.05876526906569825,0.75,1.0,1.0,0.6666666666666666,0.0,1.0,0.0,0.625,1.0,0.5,0.0,0.6666666666666666,0.0,1.0,0.0,1
0.6666666666666666,0.11764705882352941,1.0,0.0,0.06767910201386597,0.5,0.0,0.3333333333333333,0.6666666666666666,0.0,1.0,1.0,0.8392857142857143,0.0,1.0,0.6666666666666666,0.0,0.0,0.0,0.0,1
0.6666666666666666,0.11764705882352941,0.5,0.005405405405405406,0.1101023440079234,0.0,0.5,0.0,0.3333333333333333,0.0,0.3333333333333333,0.6666666666666666,0.48214285714285715,1.0,0.5,0.0,0.3333333333333333,0.0,0.0,0.0,1
0.3333333333333333,0.20588235294117646,0.75,0.0,0.14575767580059426,1.0,1.0,1.0,0.6666666666666666,0.0,1.0,0.6666666666666666,0.42857142857142855,1.0,0.5,0.0,0.6666666666666666,1.0,0.0,0.0,1
0.0,0.47058823529411764,0.75,0.024324324324324326,0.10426983602949268,0.0,0.75,0.3333333333333333,0.6666666666666666,0.0,0.0,0.6666666666666666,0.08928571428571429,1.0,0.5,0.3333333333333333,0.6666666666666666,0.0,1.0,0.0,2
0.3333333333333333,0.29411764705882354,0.5,0.005405405405405406,0.20947507428194123,0.0,0.75,0.6666666666666666,0.0,0.0,0.6666666666666666,0.6666666666666666,0.42857142857142855,1.0,0.5,0.0,0.6666666666666666,0.0,1.0,0.0,2
1.0,0.1323529411764706,0.5,0.008108108108108109,0.06377242214152086,0.25,0.0,0.3333333333333333,0.3333333333333333,0.0,1.0,0.0,0.8035714285714286,1.0,0.5,0.0,0.6666666666666666,0.0,0.0,0.0,1
1.0,0.29411764705882354,0.5,0.008108108108108109,0.06399251678221635,0.0,0.5,1.0,1.0,0.0,0.3333333333333333,0.3333333333333333,0.16071428571428573,1.0,0.5,0.0,0.6666666666666666,0.0,0.0,0.0,1
1.0,0.29411764705882354,0.5,0.002702702702702703,0.3336084516342027,1.0,1.0,0.6666666666666666,0.6666666666666666,0.0,1.0,0.6666666666666666,0.39285714285714285,1.0,0.5,0.0,1.0,1.0,1.0,0.0,1
1.0,0.29411764705882354,1.0,0.005405405405405406,0.26961593485198637,0.0,1.0,1.0,0.6666666666666666,0.0,1.0,0.6666666666666666,0.25,1.0,0.5,0.0,0.6666666666666666,0.0,1.0,0.0,1
0.3333333333333333,0.11764705882352941,1.0,0.0,0.1581379993397161,0.0,0.25,0.0,0.6666666666666666,0.0,0.6666666666666666,0.0,0.5357142857142857,0.0,0.5,0.3333333333333333,0.3333333333333333,1.0,0.0,0.0,1
1.0,0.29411764705882354,0.5,0.002702702702702703,0.17816661164300648,0.25,0.75,0.6666666666666666,0.3333333333333333,0.0,1.0,0.6666666666666666,0.07142857142857142,1.0,0.5,0.0,0.6666666666666666,0.0,0.0,0.0,1
0.6666666666666666,0.20588235294117646,0.25,0.008108108108108109,0.06575327390778035,1.0,0.75,1.0,0.6666666666666666,0.0,1.0,0.6666666666666666,0.5357142857142857,0.0,0.5,0.0,0.3333333333333333,0.0,0.0,0.0,1
1.0,0.11764705882352941,1.0,0.0,0.05529877847474414,0.0,1.0,1.0,0.6666666666666666,0.0,1.0,0.0,0.75,1.0,0.5,0.3333333333333333,0.3333333333333333,0.0,0.0,0.0,1
0.3333333333333333,0.08823529411764706,0.25,0.008108108108108109,0.043908880818752064,0.0,0.5,1.0,0.6666666666666666,0.0,1.0,0.0,0.07142857142857142,0.5,0.5,0.0,0.3333333333333333,0.0,0.0,0.0,1
0.3333333333333333,0.29411764705882354,1.0,1.0,0.6431165401122483,0.0,0.5,0.3333333333333333,0.6666666666666666,0.5,0.6666666666666666,0.6666666666666666,0.35714285714285715,1.0,0.5,0.3333333333333333,1.0,1.0,1.0,0.0,2
1.0,0.07352941176470588,0.5,0.005405405405405406,0.11285352701661715,0.25,0.25,0.3333333333333333,0.3333333333333333,0.0,1.0,0.3333333333333333,0.05357142857142857,1.0,0.0,0.0,0.6666666666666666,0.0,0.0,0.0,1
0.0,0.29411764705882354,0.75,0.008108108108108109,0.042588312974579066,0.0,0.25,1.0,1.0,0.0,1.0,0.0,0.5178571428571429,0.5,0.5,0.0,0.6666666666666666,0.0,0.0,0.0,2
0.6666666666666666,0.11764705882352941,0.75,0.0,0.1098822493672279,0.0,0.5,0.3333333333333333,0.3333333333333333,0.0,0.3333333333333333,0.6666666666666666,0.30357142857142855,0.5,0.5,0.3333333333333333,0.6666666666666666,0.0,1.0,0.0,1
0.0,0.20588235294117646,0.5,0.008108108108108109,0.17932210850665786,0.0,0.75,1.0,0.3333333333333333,1.0,0.0,0.0,0.10714285714285714,1.0,0.5,0.0,0.6666666666666666,0.0,0.0,0.0,1
0.0,0.29411764705882354,0.25,1.0,0.06096621547265324,1.0,1.0,1.0,0.6666666666666666,0.0,0.6666666666666666,0.6666666666666666,0.375,0.5,0.5,0.0,1.0,0.0,1.0,0.0,2
0.0,0.07352941176470588,0.5,0.008108108108108109,0.06129635743369649,0.0,0.75,0.6666666666666666,0.6666666666666666,0.0,1.0,0.0,0.7142857142857143,1.0,0.5,0.0,0.6666666666666666,0.0,0.0,0.0,1
0.6666666666666666,0.029411764705882353,0.5,0.005405405405405406,0.10267414988445031,0.0,0.5,0.3333333333333333,0.6666666666666666,0.0,0.3333333333333333,0.0,0.39285714285714285,1.0,0.5,0.0,0.6666666666666666,0.0,1.0,0.0,1
1.0,0.11764705882352941,1.0,0.016216216216216217,0.13744910311433917,0.0,1.0,0.3333333333333333,0.3333333333333333,0.0,1.0,1.0,0.6785714285714286,0.0,1.0,0.6666666666666666,0.3333333333333333,0.0,0.0,0.0,1
1.0,0.47058823529411764,0.75,0.024324324324324326,0.4253328931440519,1.0,0.25,1.0,0.6666666666666666,0.0,1.0,0.6666666666666666,0.14285714285714285,1.0,0.0,0.3333333333333333,0.6666666666666666,0.0,1.0,0.0,2
0.0,0.11764705882352941,1.0,0.0,0.10294926818531969,0.0,0.5,1.0,0.6666666666666666,0.0,0.3333333333333333,0.3333333333333333,0.19642857142857142,1.0,0.5,0.3333333333333333,0.6666666666666666,0.0,0.0,0.0,1
0.0,0.029411764705882353,0.5,0.002702702702702703,0.06063607351160999,0.5,0.0,0.0,0.3333333333333333,0.0,0.3333333333333333,0.3333333333333333,0.07142857142857142,1.0,0.0,0.0,0.0,0.0,1.0,0.0,1
0.0,0.16176470588235295,0.5,0.005405405405405406,0.08776273797733025,0.0,0.25,1.0,0.3333333333333333,1.0,0.0,0.3333333333333333,0.48214285714285715,1.0,0.0,0.0,0.6666666666666666,0.0,0.0,0.0,1
1.0,0.20588235294117646,1.0,0.0,0.04280840761527457,0.0,0.5,1.0,0.3333333333333333,0.0,0.6666666666666666,0.0,0.30357142857142855,1.0,0.5,0.3333333333333333,0.6666666666666666,0.0,0.0,0.0,1
0.0,0.5588235294117647,0.5,0.008108108108108109,0.3809838230439089,1.0,0.75,1.0,0.3333333333333333,0.0,0.6666666666666666,0.6666666666666666,0.19642857142857142,1.0,0.5,0.0,1.0,0.0,1.0,0.0,2
0.3333333333333333,0.29411764705882354,0.75,0.005405405405405406,0.09981291955540883,0.0,0.0,0.6666666666666666,0.3333333333333333,0.0,0.3333333333333333,0.3333333333333333,0.26785714285714285,1.0,0.5,0.0,1.0,0.0,1.0,0.0,2
0.0,0.029411764705882353,0.5,0.0,0.061846594035435236,1.0,0.0,1.0,0.3333333333333333,0.0,0.6666666666666666,0.3333333333333333,1.0,1.0,0.5,0.0,1.0,0.0,1.0,0.0,1
0.3333333333333333,0.29411764705882354,0.5,0.002702702702702703,0.6223175965665236,0.0,0.5,0.0,0.3333333333333333,0.0,1.0,0.6666666666666666,0.07142857142857142,1.0,0.0,0.3333333333333333,1.0,0.0,0.0,0.0,2
1.0,0.29411764705882354,1.0,0.005405405405405406,0.1940684494332563,0.75,0.5,1.0,0.6666666666666666,0.0,1.0,0.0,0.5535714285714286,1.0,0.5,0.0,0.6666666666666666,0.0,1.0,0.0,1
1.0,0.11764705882352941,1.0,0.024324324324324326,0.11235831407505227,0.0,0.0,1.0,0.6666666666666666,0.0,0.3333333333333333,0.6666666666666666,0.4107142857142857,0.5,0.5,0.3333333333333333,1.0,0.0,1.0,0.0,2
1.0,0.20588235294117646,1.0,0.0,0.1389347419390338,0.0,0.75,0.3333333333333333,0.6666666666666666,0.0,0.3333333333333333,0.3333333333333333,0.21428571428571427,0.0,0.5,0.3333333333333333,0.6666666666666666,0.0,0.0,0.0,2
0.0,0.11764705882352941,0.5,0.0,0.053813139650049524,0.0,0.5,1.0,0.3333333333333333,0.0,0.3333333333333333,0.0,0.08928571428571429,1.0,0.5,0.0,0.3333333333333333,0.0,0.0,0.0,2
0.6666666666666666,0.47058823529411764,0.5,0.008108108108108109,0.23236491691427313,0.0,1.0,1.0,0.6666666666666666,0.0,0.3333333333333333,0.6666666666666666,0.21428571428571427,1.0,0.5,0.0,0.6666666666666666,0.0,0.0,0.0,1
0.0,0.10294117647058823,1.0,0.0,0.20111147793551226,0.0,0.5,0.3333333333333333,0.6666666666666666,0.0,0.3333333333333333,0.0,0.30357142857142855,1.0,0.0,0.3333333333333333,0.6666666666666666,1.0,0.0,0.0,1
0.3333333333333333,0.47058823529411764,0.5,0.013513513513513514,0.11742049081104874,0.0,0.25,1.0,0.6666666666666666,0.0,0.0,1.0,0.25,1.0,0.0,0.0,0.3333333333333333,0.0,0.0,0.0,2
0.0,0.11764705882352941,0.5,0.0,0.0357653791130186,1.0,0.5,1.0,1.0,0.0,0.3333333333333333,0.6666666666666666,0.07142857142857142,1.0,0.5,0.0,0.6666666666666666,0.0,0.0,0.0,2
0.0,0.29411764705882354,0.5,0.008108108108108109,0.12044679212061186,0.0,0.25,1.0,0.3333333333333333,0.0,1.0,0.0,0.2857142857142857,1.0,0.5,0.0,0.6666666666666666,0.0,1.0,0.0,2
0.0,0.029411764705882353,1.0,0.005405405405405406,0.08924837680202487,0.0,0.0,1.0,0.6666666666666666,0.0,1.0,1.0,0.30357142857142855,1.0,1.0,0.6666666666666666,1.0,0.0,1.0,0.0,1
1.0,0.29411764705882354,0.5,0.005405405405405406,0.14223616154946628,0.5,1.0,0.6666666666666666,0.6666666666666666,0.0,1.0,0.3333333333333333,0.6071428571428571,1.0,0.5,0.0,0.6666666666666666,0.0,0.0,0.0,1
1.0,0.20588235294117646,0.5,0.0,0.08638714647298339,0.0,0.5,0.3333333333333333,1.0,0.0,0.3333333333333333,0.3333333333333333,0.19642857142857142,1.0,0.5,0.0,1.0,0.0,1.0,0.0,1
1.0,0.10294117647058823,1.0,0.008108108108108109,0.04974138879718279,0.25,0.0,1.0,0.3333333333333333,0.0,1.0,0.0,0.6785714285714286,1.0,0.5,0.6666666666666666,0.3333333333333333,0.0,0.0,0.0,1
1.0,0.6470588235294118,0.5,0.008108108108108109,0.5486959392538792,1.0,0.75,1.0,0.6666666666666666,0.0,0.6666666666666666,0.6666666666666666,0.32142857142857145,0.5,0.5,0.0,0.6666666666666666,0.0,1.0,0.0,1
0.3333333333333333,0.20588235294117646,1.0,0.005405405405405406,0.33624958732254867,0.0,1.0,0.3333333333333333,0.6666666666666666,0.0,0.0,1.0,0.39285714285714285,1.0,0.5,0.0,0.6666666666666666,0.0,1.0,0.0,1
0.0,0.38235294117647056,0.5,0.005405405405405406,0.33564432706063607,1.0,1.0,1.0,0.6666666666666666,0.0,1.0,0.3333333333333333,0.21428571428571427,1.0,0.5,0.0,0.6666666666666666,0.0,0.0,0.0,2
0.3333333333333333,0.23529411764705882,0.0,0.002702702702702703,0.32452954770551334,0.25,1.0,0.6666666666666666,1.0,0.0,1.0,0.6666666666666666,0.21428571428571427,0.0,0.5,0.3333333333333333,0.6666666666666666,0.0,1.0,0.0,1
0.0,0.29411764705882354,0.75,0.0,0.25420931000330144,0.0,0.5,0.6666666666666666,0.6666666666666666,0.0,1.0,1.0,0.6071428571428571,1.0,1.0,0.3333333333333333,0.6666666666666666,1.0,0.0,0.0,2
1.0,0.16176470588235295,0.75,0.005405405405405406,0.039066798723451084,0.75,0.75,0.6666666666666666,0.3333333333333333,0.0,0.3333333333333333,0.3333333333333333,0.19642857142857142,1.0,0.5,0.3333333333333333,0.6666666666666666,0.0,0.0,0.0,1
1.0,0.29411764705882354,0.75,0.024324324324324326,0.11692527786948388,0.5,0.5,1.0,0.6666666666666666,0.0,0.3333333333333333,0.6666666666666666,0.44642857142857145,1.0,0.5,0.3333333333333333,0.6666666666666666,1.0,1.0,0.0,1
0.0,0.8235294117647058,0.75,0.024324324324324326,0.36238582590513924,0.0,1.0,0.6666666666666666,0.6666666666666666,0.0,1.0,1.0,0.7857142857142857,1.0,0.5,0.3333333333333333,0.6666666666666666,0.0,1.0,0.0,2
0.6666666666666666,0.29411764705882354,0.5,0.005405405405405406,0.14537251017937713,0.0,1.0,0.6666666666666666,0.0,0.0,1.0,1.0,0.5714285714285714,1.0,1.0,0.0,0.6666666666666666,0.0,0.0,0.0,1
0.0,0.47058823529411764,0.5,0.002702702702702703,0.43903378452734676,0.0,0.5,0.3333333333333333,0.6666666666666666,0.0,0.3333333333333333,0.3333333333333333,0.125,1.0,0.5,0.0,0.6666666666666666,1.0,0.0,0.0,2
0.3333333333333333,0.20588235294117646,1.0,0.005405405405405406,0.39198855507868385,0.0,0.0,1.0,0.6666666666666666,0.0,1.0,0.3333333333333333,0.375,0.5,0.5,0.3333333333333333,1.0,0.0,1.0,0.0,1
0.3333333333333333,0.3382352941176471,0.5,0.024324324324324326,0.1253438978760867,0.0,0.25,1.0,0.3333333333333333,0.0,0.0,0.3333333333333333,0.23214285714285715,1.0,0.5,0.0,0.6666666666666666,1.0,1.0,0.0,1
0.0,0.6470588235294118,0.25,0.024324324324324326,0.4091009133927589,0.0,0.75,0.3333333333333333,0.3333333333333333,1.0,1.0,0.6666666666666666,0.32142857142857145,1.0,0.0,0.0,0.6666666666666666,0.0,0.0,0.0,2
0.0,0.29411764705882354,0.25,0.005405405405405406,0.14185099592824915,0.5,0.5,1.0,0.6666666666666666,0.0,1.0,0.0,0.05357142857142857,0.5,0.5,0.0,0.6666666666666666,0.0,1.0,0.0,1
0.0,0.11764705882352941,0.5,0.0,0.05634422801804776,0.0,0.25,0.6666666666666666,0.3333333333333333,0.0,0.0,0.0,0.32142857142857145,1.0,0.5,0.0,0.3333333333333333,0.0,0.0,0.0,2
1.0,0.47058823529411764,1.0,0.0,0.350170573346539,0.0,1.0,1.0,0.6666666666666666,0.0,1.0,0.6666666666666666,0.26785714285714285,1.0,0.5,0.3333333333333333,1.0,0.0,1.0,0.0,1
0.0,0.20588235294117646,0.5,0.008108108108108109,0.09276989105315285,1.0,0.75,0.3333333333333333,1.0,0.0,1.0,0.6666666666666666,0.07142857142857142,1.0,0.0,0.3333333333333333,0.3333333333333333,0.0,0.0,0.0,1
0.3333333333333333,0.3382352941176471,0.5,0.024324324324324326,0.201661714537251,0.0,0.5,1.0,0.6666666666666666,0.0,0.3333333333333333,0.6666666666666666,0.30357142857142855,1.0,0.5,0.0,0.6666666666666666,1.0,1.0,0.0,2
0.3333333333333333,0.16176470588235295,0.5,0.008108108108108109,0.06569825024760648,1.0,0.25,1.0,0.6666666666666666,0.0,0.0,0.3333333333333333,0.07142857142857142,1.0,0.5,0.0,0.6666666666666666,0.0,0.0,0.0,1
0.0,0.029411764705882353,0.5,0.016216216216216217,0.010894684714427203,0.0,0.25,1.0,0.3333333333333333,0.0,1.0,0.3333333333333333,0.07142857142857142,1.0,0.5,0.0,0.6666666666666666,0.0,0.0,0.0,2
0.0,0.29411764705882354,0.5,0.0,0.06558820292725873,0.0,0.75,1.0,0.3333333333333333,0.0,1.0,0.6666666666666666,0.07142857142857142,1.0,0.0,0.3333333333333333,0.6666666666666666,0.0,0.0,0.0,2
0.3333333333333333,0.20588235294117646,0.5,0.024324324324324326,0.13051612193243095,0.25,0.5,1.0,0.6666666666666666,0.0,1.0,0.6666666666666666,0.26785714285714285,1.0,0.5,0.0,0.6666666666666666,0.0,0.0,0.0,1
0.0,0.11764705882352941,0.5,0.016216216216216217,0.02388026851546165,0.0,0.5,1.0,0.6666666666666666,0.0,1.0,0.6666666666666666,0.375,1.0,0.0,0.0,0.3333333333333333,1.0,0.0,0.0,2
1.0,0.20588235294117646,0.5,0.002702702702702703,0.17211400902388027,1.0,0.5,0.3333333333333333,0.6666666666666666,0.0,0.0,0.3333333333333333,0.21428571428571427,1.0,0.5,0.0,0.6666666666666666,0.0,1.0,0.0,1
0.0,0.11764705882352941,0.5,0.0,0.18713546825134808,0.75,0.5,0.0,0.6666666666666666,0.0,0.6666666666666666,0.3333333333333333,0.21428571428571427,1.0,0.5,0.0,0.6666666666666666,1.0,0.0,0.0,1
0.6666666666666666,0.11764705882352941,0.25,0.024324324324324326,0.019753494002421042,0.0,0.25,1.0,0.3333333333333333,0.0,0.0,0.0,0.125,1.0,0.5,0.0,0.0,0.0,0.0,0.0,2
1.0,0.16176470588235295,0.5,0.0,0.27919005172224054,0.5,1.0,0.0,0.3333333333333333,0.0,1.0,1.0,0.2857142857142857,1.0,1.0,0.0,0.6666666666666666,0.0,0.0,0.0,1
1.0,0.029411764705882353,0.5,0.005405405405405406,0.23995818201826785,0.0,0.25,0.0,0.3333333333333333,0.0,1.0,0.3333333333333333,0.23214285714285715,1.0,0.5,0.0,0.6666666666666666,0.0,0.0,0.0,2
1.0,0.11764705882352941,0.5,0.005405405405405406,0.07285132607021019,0.0,0.5,1.0,0.6666666666666666,0.0,0.3333333333333333,0.0,0.5535714285714286,1.0,0.5,0.0,0.6666666666666666,0.0,0.0,0.0,1
1.0,0.29411764705882354,0.5,0.0,0.05496863651370089,0.0,0.25,1.0,1.0,0.0,0.3333333333333333,0.0,0.16071428571428573,1.0,0.5,0.0,0.6666666666666666,0.0,0.0,0.0,1
1.0,0.029411764705882353,0.0,0.008108108108108109,0.009684164190601958,0.0,1.0,1.0,1.0,0.0,1.0,0.6666666666666666,0.35714285714285715,1.0,0.5,0.0,0.3333333333333333,0.0,0.0,0.0,1
1.0,0.11764705882352941,0.5,0.008108108108108109,0.10404974138879718,0.25,0.75,0.6666666666666666,0.6666666666666666,0.0,0.0,1.0,0.2857142857142857,1.0,0.5,0.0,0.6666666666666666,0.0,0.0,0.0,1
1.0,0.38235294117647056,0.75,0.024324324324324326,0.2213051612193243,0.25,0.5,0.3333333333333333,0.6666666666666666,0.0,0.3333333333333333,0.3333333333333333,0.125,1.0,0.5,0.3333333333333333,0.3333333333333333,0.0,0.0,0.0,1
0.0,0.11764705882352941,0.0,0.013513513513513514,0.04721030042918455,0.0,0.75,1.0,0.6666666666666666,0.0,0.6666666666666666,0.0,0.16071428571428573,1.0,0.5,0.3333333333333333,0.6666666666666666,0.0,0.0,0.0,2
0.0,0.6470588235294118,0.5,0.002702702702702703,0.5528227137669198,0.0,0.75,1.0,0.6666666666666666,0.0,1.0,1.0,0.35714285714285715,0.5,1.0,0.6666666666666666,0.6666666666666666,1.0,1.0,0.0,2
1.0,0.29411764705882354,1.0,0.016216216216216217,0.07411687025420931,0.0,1.0,1.0,0.6666666666666666,0.0,1.0,1.0,0.625,1.0,1.0,0.3333333333333333,0.6666666666666666,1.0,0.0,0.0,1
0.3333333333333333,0.20588235294117646,0.5,0.013513513513513514,0.1992956971497744,0.0,0.0,0.3333333333333333,0.3333333333333333,0.0,1.0,0.6666666666666666,0.8571428571428571,1.0,0.5,0.0,0.6666666666666666,0.0,1.0,0.0,1
0.0,0.11764705882352941,0.5,0.008108108108108109,0.025255860019808517,0.0,1.0,1.0,0.6666666666666666,0.0,1.0,0.0,0.6785714285714286,0.5,0.5,0.0,0.3333333333333333,0.0,0.0,0.0,2
1.0,0.029411764705882353,1.0,0.008108108108108109,0.07175085286673269,0.0,0.75,0.0,0.3333333333333333,0.0,0.3333333333333333,0.6666666666666666,0.08928571428571429,1.0,0.0,0.3333333333333333,0.6666666666666666,0.0,1.0,0.0,1
0.3333333333333333,0.29411764705882354,0.5,0.002702702702702703,0.13810938703642567,1.0,1.0,1.0,0.6666666666666666,0.0,1.0,1.0,0.30357142857142855,0.0,1.0,0.0,0.6666666666666666,0.0,1.0,0.0,1
1.0,0.20588235294117646,1.0,0.008108108108108109,0.32023770221195114,0.0,1.0,0.6666666666666666,0.6666666666666666,0.0,1.0,0.6666666666666666,0.25,1.0,0.5,0.3333333333333333,0.6666666666666666,0.0,1.0,0.0,1
1.0,0.16176470588235295,0.5,0.002702702702702703,0.19599427753934193,0.25,0.25,0.0,0.3333333333333333,0.0,1.0,0.6666666666666666,0.07142857142857142,1.0,0.5,0.0,0.6666666666666666,0.0,1.0,0.0,1
0.0,0.11764705882352941,0.5,0.008108108108108109,0.02481567073841752,0.0,0.5,1.0,1.0,0.0,0.3333333333333333,0.0,0.375,1.0,0.5,0.0,0.3333333333333333,0.0,0.0,0.0,1
0.0,0.23529411764705882,0.5,0.005405405405405406,0.10795642126114229,1.0,0.75,1.0,0.6666666666666666,0.0,1.0,0.6666666666666666,0.35714285714285715,1.0,0.5,0.0,0.6666666666666666,0.0,1.0,0.0,1
0.6666666666666666,0.29411764705882354,0.5,0.008108108108108109,0.2697259821723341,0.0,0.75,1.0,0.6666666666666666,0.0,0.3333333333333333,0.6666666666666666,0.10714285714285714,0.0,0.5,0.0,0.6666666666666666,0.0,0.0,0.0,1
0.0,0.14705882352941177,0.5,0.0,0.20485308682733575,0.0,0.0,0.0,0.6666666666666666,0.0,1.0,1.0,0.05357142857142857,1.0,1.0,0.0,0.6666666666666666,0.0,0.0,0.0,1
1.0,0.25,1.0,0.002702702702702703,0.16644657202597116,0.0,1.0,0.0,0.6666666666666666,0.0,1.0,0.6666666666666666,0.30357142857142855,1.0,0.5,0.0,1.0,0.0,1.0,0.0,1
1.0,0.47058823529411764,0.5,0.008108108108108109,0.19725982172334103,1.0,1.0,0.3333333333333333,0.3333333333333333,0.0,1.0,0.0,0.4642857142857143,1.0,0.5,0.0,0.3333333333333333,0.0,1.0,0.0,1
0.3333333333333333,0.11764705882352941,1.0,0.002702702702702703,0.08858809287993838,0.0,0.0,1.0,0.6666666666666666,0.0,0.3333333333333333,0.6666666666666666,0.26785714285714285,1.0,0.5,0.3333333333333333,1.0,0.0,1.0,0.0,1
0.3333333333333333,0.6470588235294118,0.25,0.024324324324324326,0.18245845713656872,0.25,0.75,1.0,0.6666666666666666,0.0,0.3333333333333333,0.6666666666666666,0.19642857142857142,1.0,0.5,0.0,0.6666666666666666,0.0,0.0,0.0,1
0.0,0.08823529411764706,1.0,0.0,0.04335864421701332,0.0,0.75,1.0,0.6666666666666666,0.5,0.6666666666666666,0.3333333333333333,0.5357142857142857,1.0,0.5,0.3333333333333333,0.6666666666666666,0.0,1.0,0.0,1
0.0,0.11764705882352941,0.5,0.016216216216216217,0.029987894794761747,0.0,0.25,1.0,0.3333333333333333,0.0,1.0,0.3333333333333333,0.6071428571428571,1.0,0.5,0.0,0.6666666666666666,0.0,0.0,0.0,2
0.3333333333333333,0.38235294117647056,0.5,0.005405405405405406,0.17558049961483438,0.25,0.5,0.3333333333333333,0.3333333333333333,0.5,1.0,0.6666666666666666,0.03571428571428571,1.0,0.0,0.0,0.6666666666666666,0.0,0.0,0.0,2
0.3333333333333333,0.38235294117647056,0.5,0.008108108108108109,0.08060966215472654,1.0,0.5,1.0,0.3333333333333333,0.0,0.0,0.6666666666666666,0.125,1.0,0.5,0.0,0.6666666666666666,0.0,0.0,0.0,1
1.0,0.20588235294117646,1.0,0.008108108108108109,0.08528667326950588,0.0,0.5,1.0,0.6666666666666666,0.0,0.3333333333333333,0.6666666666666666,0.08928571428571429,1.0,0.5,0.3333333333333333,0.6666666666666666,0.0,0.0,0.0,1
0.3333333333333333,0.47058823529411764,0.5,0.002702702702702703,0.3685484758446132,0.0,0.5,0.3333333333333333,0.6666666666666666,0.0,0.3333333333333333,0.6666666666666666,0.2857142857142857,1.0,0.0,0.0,1.0,0.0,1.0,0.0,1
1.0,0.029411764705882353,1.0,0.0,0.0,0.75,0.5,0.3333333333333333,0.3333333333333333,0.0,0.3333333333333333,0.0,0.39285714285714285,0.0,0.5,0.3333333333333333,0.3333333333333333,0.0,0.0,0.0,1
1.0,0.25,0.0,0.0,0.26152745680642675,1.0,0.5,0.0,0.3333333333333333,0.0,1.0,0.3333333333333333,0.17857142857142858,0.0,0.5,0.3333333333333333,0.6666666666666666,0.0,1.0,0.0,2
1.0,0.11764705882352941,1.0,0.008108108108108109,0.020248706943985915,0.0,1.0,1.0,0.6666666666666666,0.0,1.0,0.0,0.6607142857142857,1.0,0.5,0.0,0.6666666666666666,0.0,0.0,0.0,1
0.3333333333333333,0.058823529411764705,0.5,0.008108108108108109,0.06404754044239022,0.0,0.5,1.0,0.6666666666666666,1.0,0.3333333333333333,0.0,0.25,1.0,0.5,0.0,0.6666666666666666,0.0,0.0,1.0,1
0.0,0.16176470588235295,0.5,0.0,0.12440849565313085,0.0,0.0,0.0,0.3333333333333333,0.0,1.0,0.6666666666666666,0.07142857142857142,1.0,0.0,0.0,0.6666666666666666,0.0,0.0,0.0,1
0.0,0.3382352941176471,1.0,0.024324324324324326,0.12061186310113349,0.0,1.0,1.0,0.6666666666666666,0.0,1.0,0.6666666666666666,0.42857142857142855,0.5,0.5,1.0,1.0,1.0,1.0,0.0,1
0.3333333333333333,0.38235294117647056,0.75,0.024324324324324326,0.12396830637173985,0.25,1.0,1.0,0.6666666666666666,0.0,0.3333333333333333,0.3333333333333333,0.39285714285714285,0.5,0.5,0.3333333333333333,0.6666666666666666,0.0,0.0,0.0,1
1.0,0.38235294117647056,1.0,0.002702702702702703,0.40420380763728403,1.0,1.0,0.0,0.6666666666666666,0.0,1.0,0.6666666666666666,0.7857142857142857,1.0,0.5,0.3333333333333333,0.6666666666666666,0.0,0.0,0.0,1
1.0,0.16176470588235295,0.5,0.005405405405405406,0.10652580609662154,1.0,0.75,0.0,0.3333333333333333,0.0,1.0,0.0,0.25,0.0,0.0,0.0,0.3333333333333333,0.0,0.0,0.0,1
1.0,0.07352941176470588,0.5,0.005405405405405406,0.09519093210080334,0.0,0.25,0.3333333333333333,0.3333333333333333,0.5,0.3333333333333333,0.6666666666666666,0.0,1.0,0.0,0.3333333333333333,0.6666666666666666,0.0,0.0,0.0,2
0.6666666666666666,0.11764705882352941,0.5,0.005405405405405406,0.06734896005282272,0.0,0.25,1.0,0.3333333333333333,0.0,0.0,0.3333333333333333,0.25,0.0,0.5,0.0,1.0,0.0,1.0,0.0,1
0.0,0.029411764705882353,1.0,0.0,0.022889842632331903,0.75,0.75,0.6666666666666666,0.3333333333333333,0.0,1.0,0.0,0.35714285714285715,1.0,0.5,0.3333333333333333,0.3333333333333333,0.0,1.0,0.0,1
0.3333333333333333,0.47058823529411764,1.0,0.002702702702702703,0.30538131396500495,0.0,0.5,0.6666666666666666,0.6666666666666666,0.0,1.0,0.6666666666666666,0.26785714285714285,1.0,0.5,0.3333333333333333,0.6666666666666666,0.0,1.0,0.0,1
0.3333333333333333,0.6470588235294118,0.0,1.0,1.0,0.0,0.5,0.0,0.3333333333333333,0.0,0.3333333333333333,0.3333333333333333,0.23214285714285715,0.0,0.5,0.0,1.0,0.0,1.0,1.0,2
1.0,0.47058823529411764,0.5,0.005405405405405406,0.590073731704633,0.0,0.0,1.0,0.3333333333333333,0.0,0.3333333333333333,0.6666666666666666,0.125,1.0,0.5,0.3333333333333333,1.0,0.0,1.0,0.0,2
0.0,0.07352941176470588,0.5,0.008108108108108109,0.06140640475404424,0.0,0.25,0.6666666666666666,0.3333333333333333,0.0,1.0,0.3333333333333333,0.05357142857142857,1.0,0.0,0.0,0.6666666666666666,0.0,0.0,0.0,2
0.0,0.20588235294117646,0.5,0.005405405405405406,0.1325519973588643,0.75,0.5,1.0,0.6666666666666666,0.0,0.3333333333333333,0.6666666666666666,0.16071428571428573,1.0,0.5,0.0,0.6666666666666666,0.0,0.0,0.0,1
0.0,0.29411764705882354,1.0,0.002702702702702703,0.33944095961263343,0.0,1.0,0.3333333333333333,0.3333333333333333,0.0,1.0,1.0,0.44642857142857145,1.0,1.0,0.3333333333333333,1.0,1.0,1.0,0.0,1
1.0,0.6470588235294118,1.0,0.008108108108108109,0.18311874105865522,1.0,1.0,1.0,0.6666666666666666,0.0,0.0,0.0,0.5,1.0,0.5,0.0,0.6666666666666666,0.0,1.0,0.0,1
1.0,0.4264705882352941,1.0,0.002702702702702703,0.385330692197645,0.0,0.75,0.6666666666666666,0.6666666666666666,0.0,0.3333333333333333,0.6666666666666666,0.2857142857142857,1.0,0.5,0.3333333333333333,1.0,0.0,1.0,0.0,1
0.6666666666666666,0.25,1.0,0.016216216216216217,0.11384395289974689,0.0,0.25,0.3333333333333333,0.0,0.0,0.0,0.6666666666666666,0.25,1.0,0.0,0.0,0.6666666666666666,0.0,0.0,0.0,2
0.0,0.20588235294117646,0.5,0.002702702702702703,0.39952679652250467,1.0,1.0,0.0,0.6666666666666666,0.0,1.0,0.3333333333333333,0.5714285714285714,1.0,1.0,0.0,0.6666666666666666,1.0,1.0,0.0,2
1.0,0.47058823529411764,0.5,0.0,0.1556619346318917,1.0,0.5,1.0,0.6666666666666666,0.0,1.0,0.0,0.30357142857142855,1.0,0.5,0.0,0.6666666666666666,0.0,0.0,0.0,1
1.0,0.20588235294117646,0.75,0.008108108108108109,0.11389897655992076,0.0,0.0,0.3333333333333333,1.0,0.0,0.6666666666666666,0.0,0.26785714285714285,1.0,0.5,0.3333333333333333,0.6666666666666666,0.0,0.0,0.0,1
0.0,0.20588235294117646,0.5,0.008108108108108109,0.11769560911191812,0.0,0.25,1.0,0.3333333333333333,0.0,0.0,0.6666666666666666,0.14285714285714285,0.5,0.5,0.0,0.6666666666666666,0.0,0.0,0.0,1
1.0,0.20588235294117646,1.0,0.008108108108108109,0.0732915153516012,0.75,1.0,1.0,0.6666666666666666,0.0,1.0,0.6666666666666666,0.48214285714285715,1.0,0.5,0.3333333333333333,0.6666666666666666,0.0,0.0,0.0,1
1.0,0.29411764705882354,1.0,0.008108108108108109,0.0880928799383735,0.0,0.75,1.0,1.0,1.0,0.3333333333333333,0.6666666666666666,0.25,1.0,0.5,0.3333333333333333,0.6666666666666666,0.0,1.0,0.0,1
0.3333333333333333,0.6470588235294118,0.5,0.008108108108108109,0.205183228788379,1.0,0.75,1.0,0.6666666666666666,0.0,0.0,0.6666666666666666,0.39285714285714285,1.0,0.5,0.3333333333333333,0.6666666666666666,1.0,1.0,0.0,1
1.0,0.20588235294117646,0.5,0.008108108108108109,0.06619346318917134,0.0,0.25,0.6666666666666666,0.3333333333333333,0.0,0.0,0.0,0.125,1.0,0.5,0.0,0.6666666666666666,0.0,0.0,0.0,1
0.3333333333333333,0.11764705882352941,0.5,0.0,0.39738087377572356,1.0,0.0,0.0,0.3333333333333333,0.0,0.3333333333333333,0.0,0.08928571428571429,1.0,0.0,0.0,0.0,0.0,0.0,0.0,1
0.3333333333333333,0.23529411764705882,0.75,1.0,0.13090128755364808,0.0,0.5,0.3333333333333333,0.6666666666666666,0.0,0.6666666666666666,0.6666666666666666,0.17857142857142858,0.0,0.5,0.3333333333333333,0.6666666666666666,0.0,1.0,0.0,1
0.6666666666666666,0.29411764705882354,0.5,0.0,0.03835149114119071,0.0,0.75,1.0,0.6666666666666666,0.0,0.6666666666666666,1.0,0.3392857142857143,0.0,1.0,0.0,0.6666666666666666,1.0,0.0,0.0,2
0.0,0.29411764705882354,0.5,0.0,0.05265764278639815,0.0,0.25,1.0,0.3333333333333333,0.0,1.0,0.3333333333333333,0.08928571428571429,1.0,0.0,0.0,0.6666666666666666,0.0,0.0,0.0,2
0.3333333333333333,0.6470588235294118,0.25,0.024324324324324326,0.33927588863211183,0.0,1.0,1.0,0.3333333333333333,0.0,0.6666666666666666,1.0,0.7142857142857143,1.0,0.0,0.0,0.6666666666666666,0.0,0.0,0.0,2
1.0,0.29411764705882354,1.0,0.0,0.09750192582810609,0.0,0.5,1.0,0.3333333333333333,0.0,1.0,0.6666666666666666,0.32142857142857145,1.0,0.5,0.0,0.6666666666666666,0.0,1.0,0.0,1
1.0,0.029411764705882353,0.5,0.005405405405405406,0.07114559260482008,0.75,0.5,1.0,0.0,0.0,0.3333333333333333,0.0,0.25,1.0,0.5,0.0,0.6666666666666666,0.0,0.0,0.0,1
0.3333333333333333,0.20588235294117646,0.5,0.0,0.3090128755364807,0.25,0.5,0.3333333333333333,0.6666666666666666,0.0,0.3333333333333333,0.6666666666666666,0.19642857142857142,1.0,0.5,0.3333333333333333,0.6666666666666666,0.0,1.0,0.0,1
1.0,0.35294117647058826,0.25,0.002702702702702703,0.41674920215692746,1.0,0.25,0.6666666666666666,0.6666666666666666,1.0,1.0,0.0,0.375,0.0,0.0,0.3333333333333333,0.6666666666666666,1.0,1.0,0.0,1
1.0,0.29411764705882354,0.5,0.008108108108108109,0.0412127214702322,1.0,1.0,1.0,0.6666666666666666,0.0,0.3333333333333333,0.6666666666666666,0.10714285714285714,1.0,0.5,0.3333333333333333,0.6666666666666666,0.0,0.0,0.0,1
1.0,0.3382352941176471,1.0,0.005405405405405406,0.2352811709034885,0.75,0.25,1.0,0.6666666666666666,0.0,0.3333333333333333,0.0,0.23214285714285715,0.5,0.5,0.3333333333333333,0.3333333333333333,1.0,1.0,0.0,1
0.0,0.20588235294117646,0.25,0.008108108108108109,0.09298998569384835,0.0,0.25,0.6666666666666666,0.6666666666666666,0.5,1.0,1.0,0.30357142857142855,0.0,1.0,0.0,1.0,0.0,1.0,0.0,1
1.0,0.11764705882352941,0.5,0.008108108108108109,0.09425552987784748,0.0,0.75,1.0,0.6666666666666666,0.0,0.3333333333333333,0.6666666666666666,0.21428571428571427,1.0,0.0,0.3333333333333333,1.0,1.0,1.0,0.0,1
0.0,0.029411764705882353,0.25,0.016216216216216217,0.052162429844833276,0.0,1.0,1.0,0.3333333333333333,0.0,1.0,1.0,0.2857142857142857,1.0,1.0,0.0,0.6666666666666666,0.0,0.0,0.0,2
0.3333333333333333,0.16176470588235295,0.0,0.0,0.08407615274568064,0.0,0.25,0.3333333333333333,0.3333333333333333,0.0,0.0,0.0,0.125,1.0,0.0,0.3333333333333333,0.0,0.0,0.0,0.0,2
0.3333333333333333,0.11764705882352941,0.5,0.005405405405405406,0.15225046770111147,0.0,0.25,0.6666666666666666,0.3333333333333333,0.0,0.0,0.0,0.26785714285714285,1.0,0.0,0.0,1.0,0.0,0.0,0.0,1
1.0,0.5147058823529411,0.5,0.002702702702702703,0.1275998679432156,0.5,0.5,1.0,0.6666666666666666,0.0,1.0,0.6666666666666666,0.08928571428571429,1.0,0.5,0.0,0.6666666666666666,0.0,0.0,0.0,1
1.0,0.16176470588235295,0.5,0.008108108108108109,0.18256850445691647,0.0,1.0,1.0,0.3333333333333333,0.0,0.3333333333333333,0.6666666666666666,0.625,0.0,0.0,0.0,1.0,0.0,1.0,0.0,1
0.0,0.11764705882352941,0.75,0.0,0.060195884230218995,0.0,0.5,1.0,0.6666666666666666,0.0,0.3333333333333333,0.0,0.42857142857142855,1.0,0.5,0.3333333333333333,0.3333333333333333,1.0,0.0,0.0,1
0.0,0.47058823529411764,0.5,0.0,0.08759766699680863,0.0,0.25,1.0,0.3333333333333333,0.0,1.0,0.6666666666666666,0.26785714285714285,1.0,0.5,0.0,0.6666666666666666,0.0,1.0,0.0,2
0.0,0.5147058823529411,1.0,0.005405405405405406,0.7664245625619016,1.0,0.75,1.0,0.6666666666666666,0.0,1.0,0.3333333333333333,0.19642857142857142,1.0,0.5,0.3333333333333333,1.0,0.0,1.0,0.0,1
0.3333333333333333,0.6029411764705882,0.5,0.008108108108108109,0.15302079894354573,0.25,0.5,1.0,0.6666666666666666,1.0,1.0,0.3333333333333333,0.03571428571428571,1.0,0.0,0.0,0.6666666666666666,0.0,0.0,0.0,2
0.3333333333333333,0.3382352941176471,1.0,0.008108108108108109,0.12490370859469573,0.5,0.5,1.0,0.6666666666666666,0.0,0.3333333333333333,0.3333333333333333,0.07142857142857142,1.0,0.5,0.3333333333333333,0.3333333333333333,0.0,0.0,0.0,2
0.0,0.29411764705882354,0.5,0.005405405405405406,0.11604489930670188,0.25,0.0,0.0,0.0,0.0,0.0,0.3333333333333333,0.25,1.0,0.5,0.0,0.6666666666666666,0.0,0.0,0.0,2
0.0,0.38235294117647056,0.5,0.005405405405405406,0.1572576207769341,0.0,0.25,0.3333333333333333,0.0,0.0,1.0,0.3333333333333333,0.21428571428571427,1.0,0.5,0.0,0.3333333333333333,0.0,0.0,0.0,2
0.3333333333333333,0.6470588235294118,0.5,0.024324324324324326,0.8485748872014967,0.0,0.5,0.3333333333333333,0.6666666666666666,0.0,0.3333333333333333,0.6666666666666666,0.07142857142857142,1.0,0.5,0.0,0.6666666666666666,0.0,1.0,0.0,2
1.0,0.07352941176470588,0.5,0.010810810810810811,0.05425332893144052,0.0,0.25,0.0,0.3333333333333333,0.0,1.0,0.0,0.07142857142857142,1.0,0.0,0.0,0.6666666666666666,0.0,1.0,0.0,1
1.0,0.38235294117647056,1.0,0.008108108108108109,0.35721360184879497,1.0,0.75,0.3333333333333333,0.6666666666666666,0.0,0.6666666666666666,0.3333333333333333,0.30357142857142855,1.0,0.5,0.3333333333333333,0.6666666666666666,0.0,0.0,0.0,1
0.3333333333333333,0.10294117647058823,0.75,0.008108108108108109,0.24876196764608782,0.0,0.75,0.3333333333333333,0.6666666666666666,0.0,1.0,0.3333333333333333,0.5714285714285714,1.0,0.5,0.0,0.6666666666666666,0.0,0.0,0.0,1
0.3333333333333333,0.11764705882352941,0.5,0.008108108108108109,0.3421371189611533,1.0,0.0,0.3333333333333333,0.6666666666666666,0.0,0.0,1.0,0.5892857142857143,1.0,0.5,0.0,1.0,0.0,1.0,0.0,2
0.0,0.11764705882352941,0.5,0.005405405405405406,0.12804005722460657,0.0,0.5,0.3333333333333333,0.0,0.0,0.0,0.6666666666666666,0.4107142857142857,1.0,0.5,0.0,0.6666666666666666,0.0,0.0,0.0,1
1.0,0.08823529411764706,0.5,0.021621621621621623,0.03543523715197535,1.0,0.75,1.0,0.3333333333333333,0.0,0.6666666666666666,0.3333333333333333,0.375,1.0,0.5,0.0,0.6666666666666666,0.0,1.0,0.0,1
0.0,0.11764705882352941,1.0,0.005405405405405406,0.10982722570705403,0.0,1.0,0.6666666666666666,0.6666666666666666,0.0,0.6666666666666666,0.3333333333333333,0.7321428571428571,1.0,0.5,0.3333333333333333,0.6666666666666666,0.0,0.0,0.0,2
0.3333333333333333,0.058823529411764705,0.5,0.008108108108108109,0.02806206668867613,0.0,0.75,1.0,0.3333333333333333,1.0,0.3333333333333333,0.0,0.44642857142857145,1.0,0.5,0.0,0.3333333333333333,0.0,0.0,0.0,1
1.0,0.029411764705882353,0.5,0.008108108108108109,0.07400682293386156,0.0,0.75,0.6666666666666666,0.6666666666666666,0.0,0.3333333333333333,0.3333333333333333,0.5714285714285714,1.0,0.5,0.0,0.6666666666666666,1.0,0.0,0.0,1
1.0,0.29411764705882354,1.0,0.008108108108108109,0.12809508088478044,0.75,1.0,0.3333333333333333,0.6666666666666666,0.0,0.3333333333333333,0.6666666666666666,0.26785714285714285,1.0,0.5,0.0,0.6666666666666666,0.0,0.0,0.0,1
0.3333333333333333,0.29411764705882354,0.5,0.002702702702702703,0.678386706283702,0.0,1.0,1.0,0.3333333333333333,0.0,0.3333333333333333,1.0,0.44642857142857145,1.0,1.0,0.0,1.0,0.0,1.0,0.0,2
0.3333333333333333,0.029411764705882353,0.5,0.008108108108108109,0.006492791900517223,1.0,1.0,1.0,0.6666666666666666,0.0,1.0,0.3333333333333333,0.3392857142857143,1.0,0.5,0.0,0.6666666666666666,0.0,0.0,0.0,1
1.0,0.08823529411764706,1.0,0.0,0.05397821063057114,0.0,1.0,0.6666666666666666,0.6666666666666666,0.0,1.0,0.0,0.23214285714285715,1.0,0.5,0.3333333333333333,0.3333333333333333,1.0,0.0,1.0,1
0.3333333333333333,0.07352941176470588,0.5,0.008108108108108109,0.10278419720479806,0.0,0.5,0.3333333333333333,0.6666666666666666,0.0,0.3333333333333333,0.0,0.32142857142857145,1.0,0.5,0.0,0.3333333333333333,1.0,0.0,0.0,1
0.0,0.29411764705882354,1.0,0.002702702702702703,0.3502255970067129,0.0,0.0,0.3333333333333333,0.6666666666666666,0.0,1.0,1.0,1.0,1.0,1.0,0.3333333333333333,1.0,0.0,1.0,0.0,1
1.0,0.029411764705882353,0.5,0.008108108108108109,0.014746340926598437,0.0,0.5,0.6666666666666666,0.3333333333333333,0.0,0.0,0.0,0.17857142857142858,1.0,0.5,0.0,0.6666666666666666,0.0,0.0,0.0,1
1.0,0.29411764705882354,1.0,0.008108108108108109,0.06965995378012545,0.75,0.5,1.0,0.3333333333333333,0.0,0.0,0.0,0.42857142857142855,1.0,0.5,0.3333333333333333,0.3333333333333333,0.0,0.0,0.0,1
1.0,0.47058823529411764,1.0,0.024324324324324326,0.3331132386926378,1.0,1.0,1.0,0.6666666666666666,0.0,1.0,0.0,0.30357142857142855,1.0,0.5,0.3333333333333333,0.6666666666666666,0.0,0.0,0.0,1
0.0,0.11764705882352941,1.0,0.0,0.10570045119401343,0.0,0.5,1.0,0.6666666666666666,0.0,1.0,0.3333333333333333,0.3392857142857143,0.0,0.5,0.3333333333333333,0.3333333333333333,0.0,0.0,1.0,1
1.0,0.16176470588235295,0.5,0.002702702702702703,0.15291075162319798,0.0,0.75,0.3333333333333333,0.6666666666666666,0.0,0.3333333333333333,0.6666666666666666,0.25,1.0,0.5,0.0,0.6666666666666666,0.0,0.0,0.0,1
0.0,0.11764705882352941,0.5,0.005405405405405406,0.022119511389897657,0.0,1.0,1.0,0.3333333333333333,0.0,1.0,0.3333333333333333,0.08928571428571429,1.0,0.0,0.0,0.6666666666666666,0.0,0.0,0.0,1
0.0,0.20588235294117646,1.0,0.008108108108108109,0.08968856608341587,0.0,0.75,1.0,1.0,0.0,0.0,0.3333333333333333,0.23214285714285715,1.0,0.5,0.3333333333333333,1.0,0.0,1.0,0.0,1
0.0,0.29411764705882354,0.5,0.0,0.05694948827996038,1.0,0.75,1.0,0.3333333333333333,0.0,1.0,1.0,0.23214285714285715,1.0,0.0,0.0,0.6666666666666666,0.0,0.0,0.0,2
0.0,0.6470588235294118,0.5,0.024324324324324326,0.2232860129855838,0.0,0.25,0.6666666666666666,0.3333333333333333,0.0,1.0,0.3333333333333333,0.08928571428571429,1.0,0.0,0.0,0.6666666666666666,0.0,0.0,0.0,2
0.3333333333333333,0.38235294117647056,1.0,0.0,0.27423792230659183,0.0,0.0,1.0,1.0,0.0,0.3333333333333333,0.6666666666666666,0.16071428571428573,1.0,0.5,0.3333333333333333,1.0,0.0,0.0,0.0,2
0.0,0.29411764705882354,0.25,0.005405405405405406,0.3643666776713987,0.0,0.25,0.3333333333333333,0.0,0.0,0.0,0.3333333333333333,0.6428571428571429,0.0,0.5,0.0,0.6666666666666666,0.0,1.0,0.0,2
0.3333333333333333,0.20588235294117646,0.5,0.008108108108108109,0.057829866842742376,0.0,1.0,1.0,1.0,1.0,0.3333333333333333,0.0,0.23214285714285715,1.0,0.5,0.0,0.3333333333333333,0.0,0.0,0.0,1
1.0,0.16176470588235295,0.75,0.008108108108108109,0.06756905469351822,0.0,0.5,1.0,1.0,0.0,0.6666666666666666,0.0,0.25,0.0,0.5,0.3333333333333333,0.6666666666666666,0.0,0.0,0.0,1
1.0,0.47058823529411764,0.5,0.0,0.03626059205458347,0.5,1.0,1.0,0.6666666666666666,0.0,1.0,0.3333333333333333,0.30357142857142855,1.0,0.5,0.0,0.6666666666666666,0.0,0.0,0.0,1
0.6666666666666666,0.08823529411764706,0.5,0.0,0.05447342357213602,0.25,1.0,0.0,0.3333333333333333,0.0,1.0,1.0,0.5178571428571429,1.0,1.0,0.0,0.3333333333333333,1.0,0.0,0.0,2
0.3333333333333333,0.029411764705882353,0.75,0.024324324324324326,0.06597336854847584,0.25,1.0,0.0,0.0,0.0,0.3333333333333333,0.6666666666666666,0.21428571428571427,0.0,0.5,0.3333333333333333,0.6666666666666666,1.0,0.0,0.0,1
1.0,0.25,0.5,0.024324324324324326,0.07274127874986244,0.75,1.0,1.0,0.3333333333333333,0.0,1.0,0.0,0.30357142857142855,0.0,0.5,0.0,0.3333333333333333,0.0,0.0,0.0,1
0.3333333333333333,0.11764705882352941,0.0,0.021621621621621623,0.06382744580169473,0.0,0.5,0.3333333333333333,0.6666666666666666,0.0,0.3333333333333333,0.0,0.21428571428571427,1.0,0.5,0.0,0.3333333333333333,0.0,1.0,0.0,1
1.0,0.2647058823529412,0.5,0.008108108108108109,0.1334323759216463,0.5,1.0,0.6666666666666666,0.6666666666666666,0.0,1.0,0.6666666666666666,0.375,1.0,0.5,0.0,0.6666666666666666,0.0,0.0,0.0,1
0.3333333333333333,0.11764705882352941,0.5,0.008108108108108109,0.04632992186640255,0.0,0.5,1.0,0.3333333333333333,1.0,1.0,0.0,0.5357142857142857,1.0,0.5,0.3333333333333333,0.6666666666666666,0.0,1.0,0.0,1
1.0,0.5588235294117647,0.5,0.008108108108108109,0.3805436337625179,1.0,0.75,0.3333333333333333,1.0,0.0,1.0,0.3333333333333333,0.17857142857142858,1.0,0.0,0.0,0.6666666666666666,0.0,1.0,0.0,1
0.0,0.47058823529411764,0.5,0.002702702702702703,0.44486629250577747,1.0,1.0,0.6666666666666666,0.6666666666666666,0.0,1.0,1.0,0.5,1.0,1.0,0.0,0.6666666666666666,0.0,0.0,0.0,2
0.3333333333333333,0.11764705882352941,0.5,0.008108108108108109,0.06789919665456146,1.0,0.5,0.3333333333333333,1.0,0.0,0.0,0.0,0.10714285714285714,1.0,0.5,0.0,0.6666666666666666,0.0,1.0,0.0,2
1.0,0.11764705882352941,0.5,0.0,0.06250687795752173,0.5,0.5,0.3333333333333333,0.3333333333333333,0.0,0.3333333333333333,0.3333333333333333,0.125,1.0,0.5,0.0,0.6666666666666666,0.0,0.0,0.0,2
1.0,0.11764705882352941,1.0,0.008108108108108109,0.05447342357213602,1.0,1.0,1.0,0.3333333333333333,0.0,0.3333333333333333,0.0,0.3392857142857143,1.0,0.5,0.3333333333333333,0.6666666666666666,0.0,1.0,0.0,1
1.0,0.029411764705882353,1.0,0.0,0.3582590513920986,0.0,0.75,0.0,0.6666666666666666,0.0,0.6666666666666666,1.0,0.4642857142857143,1.0,0.5,0.3333333333333333,1.0,1.0,1.0,0.0,1
1.0,0.29411764705882354,0.25,0.024324324324324326,0.07202597116760207,0.0,0.75,1.0,0.6666666666666666,0.0,1.0,0.6666666666666666,0.5535714285714286,0.0,0.5,0.0,0.6666666666666666,0.0,1.0,0.0,1
0.0,0.16176470588235295,0.5,0.024324324324324326,0.03059315505667437,0.0,0.5,1.0,0.3333333333333333,0.0,1.0,0.3333333333333333,0.05357142857142857,1.0,0.5,0.0,0.3333333333333333,0.0,0.0,0.0,1
1.0,0.20588235294117646,0.75,0.005405405405405406,0.08572686255089688,0.0,0.75,1.0,0.3333333333333333,0.0,0.0,0.0,0.05357142857142857,1.0,0.5,0.0,0.6666666666666666,0.0,0.0,0.0,2
1.0,0.11764705882352941,0.5,0.0,0.02145922746781116,0.0,0.5,1.0,0.0,0.0,0.3333333333333333,0.0,0.5357142857142857,1.0,0.5,0.0,0.3333333333333333,0.0,0.0,0.0,1
0.0,0.11764705882352941,1.0,0.0,0.02426543413667877,0.0,1.0,1.0,0.6666666666666666,0.0,0.6666666666666666,0.3333333333333333,0.2857142857142857,1.0,0.5,0.3333333333333333,0.6666666666666666,0.0,0.0,0.0,2
0.3333333333333333,0.20588235294117646,1.0,0.0,0.044349070100143065,0.0,1.0,0.6666666666666666,0.6666666666666666,1.0,0.6666666666666666,0.0,0.19642857142857142,0.0,0.5,0.3333333333333333,0.6666666666666666,0.0,0.0,0.0,2
0.3333333333333333,0.20588235294117646,0.5,0.016216216216216217,0.054418399911962144,1.0,0.5,1.0,0.6666666666666666,0.0,1.0,1.0,0.75,1.0,1.0,0.0,0.6666666666666666,0.0,0.0,0.0,1
1.0,0.11764705882352941,1.0,0.005405405405405406,0.09271486739297898,0.0,1.0,1.0,0.6666666666666666,0.0,1.0,0.0,0.42857142857142855,1.0,0.5,0.6666666666666666,0.6666666666666666,0.0,1.0,0.0,1
0.0,0.029411764705882353,1.0,0.0,0.18851105975569496,0.0,0.5,0.0,0.6666666666666666,0.0,0.6666666666666666,0.0,0.32142857142857145,1.0,0.0,0.6666666666666666,0.6666666666666666,1.0,0.0,0.0,1
0.6666666666666666,0.20588235294117646,0.5,0.0,0.09414548255749973,0.0,1.0,0.6666666666666666,0.3333333333333333,0.0,0.3333333333333333,0.6666666666666666,0.07142857142857142,1.0,0.5,0.0,1.0,0.0,0.0,0.0,1
1.0,0.29411764705882354,0.5,0.008108108108108109,0.07164080554638494,0.0,0.75,0.6666666666666666,0.6666666666666666,0.0,0.0,0.6666666666666666,0.23214285714285715,0.0,0.5,0.0,0.6666666666666666,1.0,0.0,0.0,1
0.3333333333333333,0.10294117647058823,1.0,0.0,0.05898536370639375,0.75,0.5,1.0,0.3333333333333333,0.0,1.0,0.6666666666666666,0.375,1.0,0.5,0.3333333333333333,0.6666666666666666,0.0,0.0,0.0,1
0.3333333333333333,0.11764705882352941,0.5,0.008108108108108109,0.04693518212831518,0.0,0.75,1.0,0.6666666666666666,1.0,0.6666666666666666,0.0,0.17857142857142858,1.0,0.5,0.3333333333333333,0.6666666666666666,0.0,0.0,1.0,1
0.3333333333333333,0.16176470588235295,0.5,0.013513513513513514,0.13101133487399583,0.25,0.5,0.6666666666666666,0.3333333333333333,0.0,0.3333333333333333,0.0,0.10714285714285714,1.0,0.5,0.0,0.3333333333333333,0.0,0.0,0.0,1
1.0,0.11764705882352941,1.0,0.0,0.05023660173874766,0.5,0.5,1.0,0.6666666666666666,0.0,1.0,0.0,0.44642857142857145,1.0,0.5,0.0,0.6666666666666666,0.0,1.0,0.0,1
1.0,0.029411764705882353,1.0,0.008108108108108109,0.024760647078243644,1.0,1.0,1.0,0.6666666666666666,0.0,1.0,1.0,0.30357142857142855,1.0,1.0,0.3333333333333333,0.6666666666666666,0.0,0.0,0.0,1
1.0,0.11764705882352941,0.5,0.024324324324324326,0.045449543303620554,0.0,0.5,0.3333333333333333,1.0,0.0,0.3333333333333333,0.0,0.125,1.0,0.5,0.0,0.6666666666666666,0.0,1.0,1.0,1
1.0,0.29411764705882354,1.0,0.008108108108108109,0.10856168152305491,0.25,1.0,1.0,0.6666666666666666,0.0,1.0,0.3333333333333333,0.5892857142857143,0.0,0.5,0.3333333333333333,0.6666666666666666,0.0,0.0,0.0,1
0.3333333333333333,0.29411764705882354,0.75,0.008108108108108109,0.07169582920655881,0.25,0.75,0.6666666666666666,0.3333333333333333,0.0,0.3333333333333333,0.3333333333333333,0.07142857142857142,1.0,0.0,0.3333333333333333,0.6666666666666666,0.0,1.0,0.0,1
0.0,0.029411764705882353,0.5,0.0,0.05243754814570265,0.25,1.0,0.6666666666666666,0.6666666666666666,0.0,0.3333333333333333,0.3333333333333333,0.42857142857142855,1.0,0.5,0.0,0.6666666666666666,0.0,1.0,0.0,1
0.3333333333333333,0.07352941176470588,0.25,0.0,0.06531308462638935,0.25,0.75,0.3333333333333333,0.6666666666666666,0.0,0.6666666666666666,1.0,0.17857142857142858,1.0,0.5,0.0,0.6666666666666666,0.0,0.0,0.0,2
0.0,0.20588235294117646,0.5,0.005405405405405406,0.09843732805106195,0.0,0.5,0.0,0.3333333333333333,0.0,1.0,0.0,0.017857142857142856,0.0,0.0,0.0,0.6666666666666666,0.0,0.0,0.0,2
0.0,0.38235294117647056,0.5,0.002702702702702703,0.19847034224716628,0.0,0.5,1.0,0.0,0.0,1.0,0.3333333333333333,0.375,1.0,0.5,0.0,1.0,0.0,1.0,0.0,1
0.6666666666666666,0.29411764705882354,1.0,0.0,0.060195884230218995,1.0,0.75,1.0,0.6666666666666666,0.0,0.3333333333333333,0.0,0.32142857142857145,0.0,0.5,0.3333333333333333,0.3333333333333333,1.0,0.0,0.0,2
1.0,0.29411764705882354,1.0,0.002702702702702703,0.30560140860570045,0.75,0.5,1.0,0.6666666666666666,0.0,0.3333333333333333,0.0,0.14285714285714285,1.0,0.5,0.3333333333333333,0.6666666666666666,0.0,0.0,0.0,1
1.0,0.20588235294117646,0.5,0.008108108108108109,0.06729393639264884,0.0,0.25,0.6666666666666666,1.0,0.0,1.0,0.0,0.35714285714285715,1.0,0.5,0.0,0.6666666666666666,0.0,1.0,0.0,1
0.0,0.29411764705882354,0.25,0.002702702702702703,0.18609001870804445,0.0,0.5,0.0,0.3333333333333333,1.0,1.0,0.6666666666666666,0.05357142857142857,0.0,0.0,0.0,0.6666666666666666,0.0,0.0,1.0,1
0.3333333333333333,0.47058823529411764,0.5,0.016216216216216217,0.11131286453174866,0.0,0.75,0.6666666666666666,0.6666666666666666,0.0,0.0,0.6666666666666666,0.23214285714285715,1.0,0.5,0.3333333333333333,0.6666666666666666,1.0,0.0,0.0,1
0.3333333333333333,0.07352941176470588,1.0,0.016216216216216217,0.06883459887751733,0.0,1.0,0.3333333333333333,0.3333333333333333,0.0,0.6666666666666666,0.6666666666666666,0.26785714285714285,1.0,0.5,0.3333333333333333,1.0,0.0,1.0,0.0,2
1.0,0.11764705882352941,1.0,0.024324324324324326,0.051447122262572906,0.0,0.5,0.6666666666666666,0.3333333333333333,0.0,0.3333333333333333,0.0,0.14285714285714285,1.0,0.5,0.3333333333333333,0.6666666666666666,0.0,0.0,0.0,1
1.0,0.0,1.0,0.008108108108108109,0.06894464619786508,0.0,0.75,0.3333333333333333,0.6666666666666666,0.0,0.0,0.0,0.4107142857142857,1.0,0.5,0.3333333333333333,0.3333333333333333,1.0,0.0,0.0,1
1.0,0.29411764705882354,1.0,0.002702702702702703,0.36271596786618243,1.0,0.5,0.3333333333333333,0.6666666666666666,0.0,1.0,0.3333333333333333,0.48214285714285715,1.0,0.5,0.3333333333333333,1.0,1.0,1.0,0.0,1
1.0,0.11764705882352941,1.0,0.024324324324324326,0.055793991416309016,1.0,1.0,1.0,0.6666666666666666,0.0,1.0,1.0,0.6785714285714286,1.0,0.0,0.0,0.3333333333333333,0.0,0.0,0.0,1
1.0,0.47058823529411764,0.5,0.002702702702702703,0.24408495653130846,0.0,0.5,0.3333333333333333,0.6666666666666666,0.0,0.3333333333333333,1.0,0.23214285714285715,1.0,1.0,0.0,1.0,0.0,1.0,0.0,1
0.0,0.29411764705882354,0.25,0.024324324324324326,0.16017387476614944,0.0,0.5,1.0,0.6666666666666666,0.0,0.3333333333333333,0.3333333333333333,0.21428571428571427,1.0,0.0,0.0,0.6666666666666666,0.0,1.0,0.0,2
1.0,0.16176470588235295,1.0,0.005405405405405406,0.13965004952129415,0.0,0.75,0.3333333333333333,0.3333333333333333,0.5,0.6666666666666666,0.6666666666666666,0.08928571428571429,0.0,0.5,0.3333333333333333,0.6666666666666666,0.0,0.0,0.0,1
0.3333333333333333,0.47058823529411764,0.5,0.0,0.7740728513260702,0.0,1.0,1.0,0.6666666666666666,0.0,0.3333333333333333,1.0,0.6785714285714286,1.0,1.0,0.0,1.0,0.0,1.0,0.0,2
1.0,0.029411764705882353,1.0,0.005405405405405406,0.0534279740288324,1.0,0.5,0.0,1.0,0.0,0.3333333333333333,0.3333333333333333,0.14285714285714285,1.0,0.5,0.3333333333333333,0.6666666666666666,0.0,0.0,0.0,1
0.3333333333333333,0.47058823529411764,0.75,0.0,0.39517992736876856,0.0,0.5,0.3333333333333333,0.3333333333333333,0.0,0.3333333333333333,0.3333333333333333,0.625,1.0,0.0,0.0,0.6666666666666666,0.0,0.0,0.0,1
0.0,0.38235294117647056,1.0,0.002702702702702703,0.570760426983603,0.0,1.0,0.6666666666666666,0.6666666666666666,0.0,1.0,1.0,0.3392857142857143,1.0,1.0,0.6666666666666666,1.0,1.0,1.0,0.0,1
0.0,0.6470588235294118,1.0,0.002702702702702703,0.33459887751733247,0.0,1.0,1.0,0.6666666666666666,0.0,1.0,1.0,0.48214285714285715,1.0,1.0,0.3333333333333333,0.6666666666666666,0.0,1.0,0.0,2
0.3333333333333333,0.29411764705882354,0.5,0.002702702702702703,0.2125563992516782,0.5,0.25,0.6666666666666666,0.3333333333333333,0.0,1.0,0.6666666666666666,0.16071428571428573,1.0,0.0,0.0,0.6666666666666666,0.0,0.0,0.0,2
1.0,0.25,0.5,0.005405405405405406,0.10955210740618467,0.0,1.0,1.0,0.6666666666666666,0.0,0.3333333333333333,0.0,0.5535714285714286,1.0,0.5,0.3333333333333333,0.6666666666666666,0.0,0.0,0.0,1
0.0,0.029411764705882353,1.0,0.0,0.019753494002421042,0.0,0.75,1.0,0.3333333333333333,0.0,0.6666666666666666,0.3333333333333333,0.32142857142857145,1.0,0.5,0.3333333333333333,0.6666666666666666,0.0,0.0,1.0,1
0.3333333333333333,0.6470588235294118,0.75,0.016216216216216217,0.32871134587872786,0.0,1.0,1.0,0.6666666666666666,0.0,1.0,1.0,0.5535714285714286,1.0,1.0,0.0,0.6666666666666666,0.0,0.0,0.0,2
0.3333333333333333,0.47058823529411764,1.0,0.008108108108108109,0.11483437878287664,0.0,1.0,1.0,0.6666666666666666,0.0,1.0,0.0,0.30357142857142855,1.0,0.5,0.0,0.6666666666666666,0.0,0.0,0.0,1
0.0,0.29411764705882354,0.5,0.005405405405405406,0.21563772422141522,0.0,0.5,1.0,0.6666666666666666,0.0,1.0,0.3333333333333333,0.16071428571428573,1.0,0.5,0.0,0.6666666666666666,0.0,0.0,0.0,1
0.3333333333333333,0.29411764705882354,0.5,1.0,0.6095521074061847,0.0,0.5,0.3333333333333333,0.6666666666666666,0.5,0.6666666666666666,0.6666666666666666,0.17857142857142858,0.0,0.5,0.3333333333333333,1.0,0.0,1.0,0.0,2
1.0,0.11764705882352941,1.0,0.008108108108108109,0.0926598437328051,0.0,1.0,0.3333333333333333,0.6666666666666666,0.0,0.3333333333333333,1.0,0.125,1.0,0.5,0.3333333333333333,0.6666666666666666,0.0,0.0,0.0,1
0.0,0.29411764705882354,0.5,0.005405405405405406,0.08237041928029053,0.0,0.25,1.0,0.6666666666666666,0.5,0.0,0.3333333333333333,0.08928571428571429,1.0,0.5,0.0,0.3333333333333333,0.0,0.0,1.0,1
1.0,0.16176470588235295,1.0,0.0,0.2638384505337295,1.0,1.0,0.0,0.3333333333333333,0.0,1.0,0.6666666666666666,0.7142857142857143,1.0,0.5,0.0,0.6666666666666666,0.0,1.0,0.0,1
0.6666666666666666,0.08823529411764706,1.0,0.0,0.0292175635523275,0.0,1.0,1.0,0.6666666666666666,0.0,1.0,1.0,0.7857142857142857,1.0,1.0,0.3333333333333333,0.6666666666666666,0.0,1.0,0.0,1
0.0,0.6029411764705882,0.0,0.024324324324324326,0.6364036535710356,0.0,1.0,0.3333333333333333,0.6666666666666666,0.0,1.0,0.6666666666666666,0.17857142857142858,1.0,0.0,0.3333333333333333,0.6666666666666666,0.0,0.0,0.0,2
0.0,0.11764705882352941,0.5,0.005405405405405406,0.056784417299438755,0.0,0.5,0.3333333333333333,0.3333333333333333,0.0,1.0,0.6666666666666666,0.017857142857142856,1.0,0.0,0.0,0.6666666666666666,0.0,0.0,0.0,2
0.3333333333333333,0.29411764705882354,1.0,0.024324324324324326,0.09271486739297898,0.0,1.0,1.0,0.0,0.0,1.0,0.0,0.21428571428571427,1.0,0.5,0.3333333333333333,0.6666666666666666,0.0,1.0,0.0,2
0.0,0.6470588235294118,0.5,0.008108108108108109,0.3713546825134808,0.0,0.75,0.0,1.0,1.0,0.0,0.0,0.26785714285714285,1.0,0.5,0.3333333333333333,0.6666666666666666,0.0,1.0,0.0,2
0.0,0.029411764705882353,0.5,0.008108108108108109,0.1318917134367778,0.5,0.5,0.3333333333333333,0.6666666666666666,0.0,0.6666666666666666,0.0,0.44642857142857145,1.0,0.0,0.0,0.6666666666666666,1.0,0.0,0.0,1
0.6666666666666666,0.29411764705882354,0.5,0.008108108108108109,0.06201166501595686,0.25,1.0,1.0,0.3333333333333333,0.0,0.3333333333333333,1.0,0.5,1.0,1.0,0.0,0.6666666666666666,0.0,1.0,0.0,1
0.3333333333333333,0.25,0.75,0.0,0.11571475734565863,0.0,0.5,0.0,0.0,0.0,1.0,0.3333333333333333,0.5,1.0,0.5,0.3333333333333333,0.6666666666666666,0.0,0.0,0.0,1
0.0,0.47058823529411764,0.25,0.005405405405405406,0.13733905579399142,0.0,1.0,1.0,0.6666666666666666,0.0,1.0,0.6666666666666666,0.21428571428571427,0.0,0.5,0.0,0.6666666666666666,0.0,0.0,0.0,2
0.3333333333333333,0.16176470588235295,1.0,0.008108108108108109,0.07081545064377683,1.0,1.0,1.0,0.6666666666666666,1.0,1.0,0.0,0.5535714285714286,1.0,0.5,0.3333333333333333,0.6666666666666666,0.0,1.0,0.0,1
0.0,0.25,1.0,0.0,0.07439198855507868,0.0,1.0,1.0,1.0,0.0,0.6666666666666666,0.6666666666666666,0.19642857142857142,1.0,0.5,0.3333333333333333,0.6666666666666666,0.0,1.0,0.0,1
0.3333333333333333,0.38235294117647056,0.0,0.024324324324324326,0.2184989545504567,0.0,0.5,0.3333333333333333,0.3333333333333333,0.0,0.0,0.6666666666666666,0.16071428571428573,1.0,0.5,0.3333333333333333,0.6666666666666666,0.0,0.0,0.0,1
0.0,0.47058823529411764,0.75,0.016216216216216217,0.36519203257400684,0.0,0.5,1.0,0.6666666666666666,0.0,0.6666666666666666,0.3333333333333333,0.17857142857142858,0.5,0.5,0.0,0.6666666666666666,0.0,1.0,0.0,2
0.6666666666666666,0.47058823529411764,0.5,0.008108108108108109,0.30802244965335096,0.0,0.5,1.0,0.6666666666666666,0.0,0.0,0.6666666666666666,0.08928571428571429,1.0,0.5,0.0,0.6666666666666666,0.0,0.0,0.0,1
1.0,0.08823529411764706,0.5,0.016216216216216217,0.026246285902938263,0.5,1.0,1.0,0.6666666666666666,0.0,1.0,1.0,0.48214285714285715,1.0,1.0,0.0,0.6666666666666666,0.0,1.0,0.0,1
0.0,0.20588235294117646,0.5,0.0,0.03994717728623308,0.0,0.25,0.0,0.3333333333333333,0.0,0.3333333333333333,0.6666666666666666,0.07142857142857142,1.0,0.5,0.0,0.3333333333333333,0.0,0.0,0.0,2
1.0,0.29411764705882354,0.75,0.0,0.09805216242984484,0.0,1.0,1.0,0.6666666666666666,0.0,1.0,1.0,0.7321428571428571,1.0,1.0,0.3333333333333333,0.6666666666666666,0.0,1.0,0.0,1
1.0,0.29411764705882354,0.5,0.002702702702702703,0.12947067238912732,0.75,0.5,0.3333333333333333,0.3333333333333333,0.0,1.0,0.6666666666666666,0.16071428571428573,1.0,0.0,0.0,0.6666666666666666,0.0,1.0,0.0,1
0.0,0.47058823529411764,1.0,0.002702702702702703,0.5160669087707714,0.0,0.75,1.0,0.6666666666666666,0.0,1.0,0.6666666666666666,0.08928571428571429,1.0,0.5,0.3333333333333333,0.6666666666666666,0.0,1.0,0.0,2
0.0,0.029411764705882353,0.5,0.005405405405405406,0.009794211510949708,0.0,1.0,0.3333333333333333,0.3333333333333333,0.0,0.0,0.3333333333333333,0.5357142857142857,0.0,0.5,0.0,0.6666666666666666,0.0,1.0,0.0,1
0.3333333333333333,0.29411764705882354,0.5,0.0,0.05480356553317927,0.0,0.25,1.0,0.6666666666666666,0.0,0.3333333333333333,0.0,0.07142857142857142,0.5,0.5,0.0,0.3333333333333333,0.0,0.0,0.0,2
0.3333333333333333,0.38235294117647056,0.5,0.005405405405405406,0.1970947507428194,0.0,0.25,0.3333333333333333,1.0,0.0,0.0,0.3333333333333333,0.05357142857142857,1.0,0.5,0.0,0.6666666666666666,0.0,0.0,0.0,1
1.0,0.47058823529411764,0.75,0.002702702702702703,0.47854077253218885,1.0,0.75,0.6666666666666666,0.6666666666666666,0.0,0.3333333333333333,0.6666666666666666,0.21428571428571427,0.5,0.5,0.0,1.0,1.0,1.0,0.0,1
0.3333333333333333,0.6470588235294118,0.0,0.024324324324324326,0.6577528337184989,1.0,0.5,0.3333333333333333,0.6666666666666666,0.0,0.3333333333333333,0.6666666666666666,0.5178571428571429,0.0,0.5,0.0,1.0,0.0,1.0,0.0,1
1.0,0.0,1.0,0.0,0.17222405634422802,0.0,0.75,0.0,0.3333333333333333,0.0,0.0,0.0,0.32142857142857145,1.0,0.5,0.0,0.6666666666666666,1.0,0.0,0.0,1
1.0,0.47058823529411764,0.75,0.008108108108108109,0.2313194673709695,0.0,0.5,1.0,0.3333333333333333,0.0,1.0,0.0,0.26785714285714285,1.0,0.5,0.3333333333333333,0.6666666666666666,0.0,0.0,0.0,1
0.3333333333333333,0.29411764705882354,0.5,0.0,0.060801144492131615,0.0,0.25,0.6666666666666666,0.3333333333333333,0.0,1.0,0.6666666666666666,0.10714285714285714,1.0,0.5,0.0,0.3333333333333333,0.0,1.0,0.0,2
0.3333333333333333,0.47058823529411764,0.25,0.010810810810810811,0.20578848905029162,1.0,0.25,0.6666666666666666,0.3333333333333333,0.0,0.3333333333333333,1.0,0.17857142857142858,0.0,0.5,0.0,0.0,0.0,0.0,0.0,1
0.6666666666666666,0.11764705882352941,0.5,0.0,0.05942555298778475,0.0,0.25,1.0,0.6666666666666666,0.0,0.0,0.0,0.125,1.0,0.5,0.0,0.6666666666666666,0.0,0.0,0.0,1
0.3333333333333333,0.11764705882352941,0.5,0.0,0.041652910751623196,0.75,0.5,1.0,1.0,0.0,0.0,0.0,0.05357142857142857,1.0,0.5,0.0,0.6666666666666666,0.0,0.0,0.0,1
0.6666666666666666,0.08823529411764706,0.5,0.005405405405405406,0.056399251678221636,0.0,0.25,1.0,0.3333333333333333,0.0,0.3333333333333333,0.3333333333333333,0.07142857142857142,1.0,0.5,0.0,0.6666666666666666,0.0,0.0,0.0,1
0.3333333333333333,0.47058823529411764,0.5,0.008108108108108109,0.1332122812809508,0.25,0.5,1.0,0.3333333333333333,0.5,1.0,1.0,0.5535714285714286,1.0,1.0,0.0,0.6666666666666666,0.0,0.0,0.0,2
1.0,0.08823529411764706,1.0,0.005405405405405406,0.1000880378562782,1.0,0.5,0.3333333333333333,1.0,0.0,0.0,0.6666666666666666,0.125,1.0,0.5,0.3333333333333333,0.6666666666666666,0.0,0.0,1.0,1
0.3333333333333333,0.07352941176470588,0.5,0.008108108108108109,0.011444921316165951,0.0,0.5,1.0,0.6666666666666666,0.0,0.6666666666666666,0.0,0.08928571428571429,1.0,0.5,0.0,0.6666666666666666,0.0,0.0,0.0,1
0.3333333333333333,0.07352941176470588,0.5,0.005405405405405406,0.03901177506327721,0.0,0.5,0.0,0.3333333333333333,0.0,0.3333333333333333,0.6666666666666666,0.17857142857142858,1.0,0.5,0.0,0.6666666666666666,0.0,0.0,1.0,2
1.0,0.11764705882352941,0.5,0.0,0.14355672939363925,1.0,0.0,1.0,0.6666666666666666,0.0,1.0,1.0,0.3392857142857143,1.0,0.5,0.0,1.0,0.0,1.0,0.0,1
1.0,0.29411764705882354,0.5,0.008108108108108109,0.05838010344448113,0.25,0.75,1.0,1.0,0.0,0.6666666666666666,0.3333333333333333,0.125,1.0,0.5,0.0,0.6666666666666666,0.0,1.0,0.0,1
0.3333333333333333,0.20588235294117646,0.0,0.0,0.11158798283261803,0.25,0.25,0.6666666666666666,0.3333333333333333,0.0,0.6666666666666666,0.6666666666666666,0.16071428571428573,1.0,0.5,0.3333333333333333,0.6666666666666666,0.0,0.0,0.0,2
0.0,0.29411764705882354,0.5,0.005405405405405406,0.1702982282381424,0.0,1.0,1.0,0.6666666666666666,0.0,0.3333333333333333,0.3333333333333333,0.35714285714285715,1.0,0.0,0.0,1.0,0.0,1.0,0.0,2
1.0,0.07352941176470588,1.0,0.0,0.10366457576758006,0.0,0.5,1.0,0.6666666666666666,0.0,1.0,0.6666666666666666,0.5178571428571429,1.0,0.5,0.6666666666666666,0.6666666666666666,0.0,1.0,0.0,1
1.0,0.029411764705882353,0.5,0.0,0.02321998459337515,0.0,0.0,0.0,0.3333333333333333,0.0,1.0,0.0,0.625,1.0,0.5,0.0,0.0,0.0,1.0,0.0,1
0.3333333333333333,0.04411764705882353,0.5,0.008108108108108109,0.1279850335644327,0.0,0.5,0.3333333333333333,0.6666666666666666,1.0,0.3333333333333333,0.0,0.2857142857142857,1.0,0.5,0.0,0.6666666666666666,0.0,0.0,0.0,1
0.3333333333333333,0.08823529411764706,0.5,0.005405405405405406,0.06993507208099482,0.0,0.5,1.0,0.0,0.0,0.3333333333333333,0.6666666666666666,0.21428571428571427,1.0,0.5,0.0,0.3333333333333333,0.0,0.0,0.0,1
0.3333333333333333,0.16176470588235295,0.5,0.013513513513513514,0.06954990645977771,0.25,0.5,1.0,0.6666666666666666,1.0,0.3333333333333333,0.0,0.05357142857142857,1.0,0.5,0.0,0.6666666666666666,0.0,0.0,0.0,1
0.3333333333333333,0.38235294117647056,1.0,0.005405405405405406,0.4476724991746451,0.0,0.75,0.3333333333333333,0.6666666666666666,0.0,0.3333333333333333,0.3333333333333333,0.5357142857142857,1.0,0.5,0.0,0.6666666666666666,0.0,0.0,0.0,2
1.0,0.11764705882352941,0.5,0.0,0.10360955210740619,1.0,1.0,1.0,0.3333333333333333,0.0,1.0,1.0,0.5892857142857143,1.0,1.0,0.0,1.0,0.0,1.0,0.0,1
0.6666666666666666,0.08823529411764706,1.0,0.008108108108108109,0.06036095521074062,1.0,0.75,1.0,0.6666666666666666,0.0,0.3333333333333333,0.3333333333333333,0.14285714285714285,1.0,0.5,0.3333333333333333,0.6666666666666666,0.0,1.0,0.0,1
0.3333333333333333,0.17647058823529413,1.0,0.0,0.05089688566083416,0.0,0.0,0.3333333333333333,0.6666666666666666,0.0,0.6666666666666666,0.6666666666666666,0.875,1.0,1.0,0.6666666666666666,0.0,0.0,1.0,0.0,1
0.0,0.20588235294117646,0.5,0.005405405405405406,0.04847584461318367,0.0,0.0,1.0,0.3333333333333333,0.0,0.3333333333333333,0.6666666666666666,0.25,1.0,0.5,0.0,0.6666666666666666,0.0,0.0,0.0,2
0.0,0.11764705882352941,0.5,0.0,0.028007043028502255,0.0,0.75,1.0,0.6666666666666666,0.0,0.3333333333333333,0.0,0.125,1.0,0.5,0.0,0.6666666666666666,0.0,0.0,0.0,2
0.0,0.20588235294117646,0.5,0.016216216216216217,0.027511830086937382,0.0,0.0,1.0,0.3333333333333333,0.0,0.0,0.0,0.14285714285714285,1.0,0.5,0.0,0.0,0.0,0.0,0.0,2
0.3333333333333333,0.38235294117647056,0.5,0.0,0.10454495433036205,0.0,0.5,1.0,0.3333333333333333,1.0,0.3333333333333333,1.0,0.08928571428571429,0.0,0.5,0.0,0.6666666666666666,0.0,0.0,0.0,2
0.3333333333333333,0.20588235294117646,0.5,0.0,0.33069219764498736,0.0,0.75,0.6666666666666666,0.6666666666666666,0.0,0.6666666666666666,0.0,0.16071428571428573,1.0,0.0,0.0,0.3333333333333333,0.0,0.0,0.0,1
1.0,0.11764705882352941,0.5,0.008108108108108109,0.15555188731154396,0.0,0.5,0.3333333333333333,0.6666666666666666,0.0,1.0,0.6666666666666666,0.5892857142857143,1.0,0.5,0.0,0.6666666666666666,0.0,1.0,0.0,1
0.6666666666666666,0.029411764705882353,1.0,0.0,0.06014086057004512,0.0,1.0,0.0,0.6666666666666666,0.0,1.0,0.0,0.48214285714285715,1.0,0.5,0.3333333333333333,0.6666666666666666,1.0,0.0,1.0,1
1.0,0.11764705882352941,0.5,0.008108108108108109,0.028942445251458126,0.0,0.5,1.0,1.0,0.0,0.3333333333333333,0.0,0.16071428571428573,1.0,0.5,0.0,0.6666666666666666,0.0,0.0,0.0,1
1.0,0.38235294117647056,1.0,0.008108108108108109,0.15555188731154396,1.0,1.0,0.6666666666666666,0.6666666666666666,0.0,0.3333333333333333,0.6666666666666666,0.375,1.0,0.5,0.3333333333333333,0.6666666666666666,1.0,1.0,0.0,1
0.3333333333333333,0.5588235294117647,1.0,0.024324324324324326,0.3138549576317817,0.0,0.75,0.3333333333333333,0.3333333333333333,0.0,0.0,0.0,0.39285714285714285,0.0,0.5,0.3333333333333333,0.3333333333333333,0.0,0.0,0.0,1
0.3333333333333333,0.3235294117647059,0.5,0.002702702702702703,0.4245625619016177,0.0,0.25,0.3333333333333333,0.6666666666666666,0.0,0.6666666666666666,0.6666666666666666,0.19642857142857142,1.0,0.5,0.3333333333333333,0.6666666666666666,0.0,0.0,0.0,1
0.6666666666666666,0.11764705882352941,1.0,0.0,0.03791130185979971,0.5,0.75,1.0,1.0,0.0,0.3333333333333333,0.0,0.16071428571428573,1.0,0.5,0.6666666666666666,0.6666666666666666,0.0,1.0,0.0,2
1.0,0.11764705882352941,0.5,0.008108108108108109,0.10570045119401343,0.0,0.25,0.3333333333333333,0.3333333333333333,0.0,0.3333333333333333,0.6666666666666666,0.17857142857142858,0.0,0.5,0.0,0.6666666666666666,0.0,0.0,0.0,1
0.3333333333333333,0.20588235294117646,0.75,0.005405405405405406,0.2226807527236712,0.0,1.0,1.0,0.0,0.0,0.6666666666666666,1.0,0.375,1.0,0.5,0.0,1.0,0.0,1.0,0.0,2
1.0,0.11764705882352941,1.0,0.0,0.03719599427753934,0.0,0.0,0.0,0.3333333333333333,0.0,0.3333333333333333,0.3333333333333333,0.3392857142857143,1.0,0.5,0.0,0.0,0.0,0.0,0.0,1
0.3333333333333333,0.47058823529411764,0.5,0.008108108108108109,0.2500825354902608,0.0,0.25,1.0,0.3333333333333333,0.0,0.0,1.0,0.19642857142857142,1.0,0.5,0.0,1.0,0.0,1.0,0.0,1
0.0,0.11764705882352941,0.25,0.008108108108108109,0.10448993067018818,0.0,0.5,1.0,0.0,0.0,0.0,1.0,0.17857142857142858,1.0,1.0,0.0,0.6666666666666666,0.0,0.0,0.0,2
1.0,0.47058823529411764,0.5,0.016216216216216217,0.4844833278309673,1.0,0.5,0.3333333333333333,0.6666666666666666,0.0,1.0,1.0,0.2857142857142857,1.0,1.0,0.0,0.3333333333333333,1.0,1.0,0.0,1
1.0,0.29411764705882354,0.5,0.008108108108108109,0.16127434796962695,0.0,0.25,1.0,0.3333333333333333,0.0,1.0,0.3333333333333333,0.125,1.0,0.5,0.0,0.6666666666666666,0.0,1.0,0.0,1
0.0,0.23529411764705882,1.0,0.0,0.10922196544514141,0.0,0.5,1.0,1.0,1.0,0.3333333333333333,0.3333333333333333,0.25,0.0,0.0,0.3333333333333333,0.6666666666666666,0.0,0.0,1.0,2
1.0,0.29411764705882354,0.5,0.0,0.06734896005282272,0.25,0.25,1.0,1.0,0.0,0.6666666666666666,0.0,0.25,1.0,0.5,0.0,0.6666666666666666,0.0,1.0,0.0,1
1.0,0.029411764705882353,0.5,0.008108108108108109,0.10223396060305931,0.0,0.75,0.3333333333333333,1.0,0.0,0.3333333333333333,0.0,0.17857142857142858,1.0,0.0,0.0,0.6666666666666666,0.0,0.0,0.0,1
1.0,0.29411764705882354,0.5,0.008108108108108109,0.11813579839330912,0.5,1.0,0.6666666666666666,0.6666666666666666,0.0,0.3333333333333333,0.6666666666666666,0.2857142857142857,0.0,0.5,0.3333333333333333,0.6666666666666666,0.0,1.0,0.0,2
0.0,0.16176470588235295,0.0,0.0,0.03851656212171234,0.0,1.0,1.0,0.6666666666666666,0.0,0.6666666666666666,0.6666666666666666,0.25,1.0,0.0,0.3333333333333333,0.6666666666666666,1.0,0.0,0.0,2
1.0,0.38235294117647056,1.0,0.008108108108108109,0.3037856278199626,0.0,0.75,1.0,0.3333333333333333,0.0,0.3333333333333333,0.6666666666666666,0.10714285714285714,1.0,0.5,0.3333333333333333,0.6666666666666666,0.0,0.0,0.0,1
1.0,0.014705882352941176,0.5,0.024324324324324326,0.1759656652360515,0.0,0.75,0.0,0.6666666666666666,0.0,1.0,0.0,0.9821428571428571,1.0,0.5,0.0,0.3333333333333333,0.0,0.0,0.0,1
0.0,0.20588235294117646,0.5,0.005405405405405406,0.12171233630461098,0.0,0.5,0.3333333333333333,0.6666666666666666,0.0,0.3333333333333333,0.6666666666666666,0.05357142857142857,1.0,0.5,0.0,0.6666666666666666,0.0,0.0,0.0,2
1.0,0.08823529411764706,0.5,0.008108108108108109,0.09210960713106636,0.0,0.5,0.0,0.6666666666666666,0.0,1.0,0.3333333333333333,0.3392857142857143,1.0,0.5,0.0,0.6666666666666666,0.0,1.0,1.0,1
1.0,0.47058823529411764,0.5,0.008108108108108109,0.1179707274127875,1.0,0.5,1.0,0.3333333333333333,0.0,1.0,0.6666666666666666,0.10714285714285714,1.0,0.5,0.0,0.6666666666666666,0.0,0.0,0.0,1
