1.0,0.47058823529411764,0.75,0.0,0.5846263893474194,0.0,1.0,0.3333333333333333,0.6666666666666666,0.0,0.3333333333333333,0.6666666666666666,0.4642857142857143,1.0,0.5,0.3333333333333333,0.6666666666666666,1.0,1.0,0.0,1
0.0,0.29411764705882354,0.75,0.0,0.059590623968306375,0.0,0.0,1.0,0.6666666666666666,0.0,0.3333333333333333,0.0,0.42857142857142855,1.0,1.0,0.3333333333333333,0.6666666666666666,1.0,0.0,0.0,2
0.3333333333333333,0.10294117647058823,1.0,0.0,0.05898536370639375,0.75,0.5,1.0,0.3333333333333333,0.0,1.0,0.6666666666666666,0.375,1.0,0.5,0.3333333333333333,0.6666666666666666,0.0,0.0,0.0,1
0.3333333333333333,0.20588235294117646,0.5,0.024324324324324326,0.13051612193243095,0.25,0.5,1.0,0.6666666666666666,0.0,1.0,0.6666666666666666,0.26785714285714285,1.0,0.5,0.0,0.6666666666666666,0.0,0.0,0.0,1
0.0,0.47058823529411764,0.25,0.005405405405405406,0.13733905579399142,0.0,1.0,1.0,0.6666666666666666,0.0,1.0,0.6666666666666666,0.21428571428571427,0.0,0.5,0.0,0.6666666666666666,0.0,0.0,0.0,2
0.3333333333333333,0.5147058823529411,1.0,0.008108108108108109,0.25767580059425554,0.0,0.75,0.3333333333333333,0.6666666666666666,1.0,0.3333333333333333,0.0,0.10714285714285714,1.0,0.5,0.3333333333333333,0.6666666666666666,0.0,0.0,0.0,2
0.3333333333333333,0.029411764705882353,1.0,0.021621621621621623,0.03752613623858259,1.0,0.75,0.0,0.3333333333333333,0.0,0.6666666666666666,0.3333333333333333,0.35714285714285715,1.0,0.5,0.3333333333333333,0.3333333333333333,0.0,0.0,0.0,1
0.6666666666666666,0.29411764705882354,1.0,0.024324324324324326,0.056399251678221636,0.75,0.5,0.3333333333333333,0.0,0.0,1.0,0.0,0.30357142857142855,1.0,0.5,0.3333333333333333,0.6666666666666666,0.0,1.0,0.0,1
0.0,0.11764705882352941,0.5,0.008108108108108109,0.04715527676901068,0.0,0.5,0.3333333333333333,0.6666666666666666,0.0,0.3333333333333333,0.0,0.017857142857142856,1.0,0.0,0.0,1.0,1.0,1.0,0.0,1
0.3333333333333333,0.23529411764705882,0.5,0.002702702702702703,0.3421371189611533,1.0,0.0,0.0,0.0,0.0,1.0,0.0,0.7321428571428571,1.0,0.5,0.0,1.0,0.0,1.0,0.0,1
0.3333333333333333,0.20588235294117646,0.5,0.0,0.04357873885770881,1.0,0.5,1.0,0.3333333333333333,0.0,0.3333333333333333,0.3333333333333333,0.25,1.0,0.5,0.0,0.6666666666666666,0.0,0.0,0.0,2
1.0,0.11764705882352941,1.0,0.024324324324324326,0.06393749312204247,0.0,0.5,1.0,0.3333333333333333,1.0,0.3333333333333333,0.0,0.17857142857142858,1.0,0.5,0.3333333333333333,1.0,0.0,1.0,0.0,1
0.3333333333333333,0.47058823529411764,0.5,0.016216216216216217,0.19043688786178056,1.0,0.5,0.3333333333333333,1.0,0.0,0.3333333333333333,0.6666666666666666,0.14285714285714285,1.0,0.5,0.0,0.6666666666666666,0.0,0.0,0.0,1
0.0,0.29411764705882354,1.0,0.024324324324324326,0.06228678331682624,0.25,0.75,1.0,0.6666666666666666,0.0,0.0,0.0,0.125,1.0,0.5,0.3333333333333333,0.6666666666666666,0.0,1.0,0.0,1
1.0,0.29411764705882354,1.0,0.005405405405405406,0.07345658633212282,0.0,0.75,1.0,0.6666666666666666,0.0,0.6666666666666666,0.3333333333333333,0.375,1.0,0.5,0.3333333333333333,0.6666666666666666,0.0,0.0,0.0,1
1.0,0.29411764705882354,0.5,0.008108108108108109,0.18548475844613183,0.25,1.0,0.3333333333333333,0.6666666666666666,0.0,1.0,0.6666666666666666,0.21428571428571427,1.0,0.5,0.3333333333333333,0.6666666666666666,0.0,0.0,0.0,2
0.3333333333333333,0.07352941176470588,0.5,0.008108108108108109,0.10278419720479806,0.0,0.5,0.3333333333333333,0.6666666666666666,0.0,0.3333333333333333,0.0,0.32142857142857145,1.0,0.5,0.0,0.3333333333333333,1.0,0.0,0.0,1
1.0,0.11764705882352941,1.0,0.008108108108108109,0.05727963024100363,0.0,0.5,1.0,0.3333333333333333,0.0,0.3333333333333333,0.3333333333333333,0.2857142857142857,1.0,0.5,0.3333333333333333,0.6666666666666666,0.0,0.0,0.0,1
0.3333333333333333,0.47058823529411764,0.5,0.0,0.6679322108506658,1.0,0.5,0.0,0.6666666666666666,0.0,1.0,1.0,0.32142857142857145,1.0,1.0,0.0,0.6666666666666666,0.0,1.0,0.0,2
0.0,0.29411764705882354,0.5,0.008108108108108109,0.0928799383735006,0.0,0.25,1.0,0.0,0.0,0.6666666666666666,0.3333333333333333,0.23214285714285715,1.0,0.5,0.0,0.6666666666666666,0.0,0.0,0.0,2
0.0,0.14705882352941177,0.5,0.0,0.20485308682733575,0.0,0.0,0.0,0.6666666666666666,0.0,1.0,1.0,0.05357142857142857,1.0,1.0,0.0,0.6666666666666666,0.0,0.0,0.0,1
1.0,0.29411764705882354,0.5,0.008108108108108109,0.07164080554638494,0.0,0.75,0.6666666666666666,0.6666666666666666,0.0,0.0,0.6666666666666666,0.23214285714285715,0.0,0.5,0.0,0.6666666666666666,1.0,0.0,0.0,1
0.0,0.5588235294117647,0.75,0.008108108108108109,0.22669747991636405,0.0,0.75,0.6666666666666666,0.6666666666666666,0.0,0.3333333333333333,0.3333333333333333,0.125,0.0,0.5,0.3333333333333333,0.6666666666666666,1.0,1.0,0.0,2
1.0,0.16176470588235295,1.0,0.005405405405405406,0.06988004842082095,1.0,1.0,1.0,0.6666666666666666,0.0,1.0,0.3333333333333333,0.7857142857142857,1.0,0.5,0.0,0.6666666666666666,0.0,0.0,0.0,1
1.0,0.29411764705882354,0.5,0.021621621621621623,0.03780125453945196,0.0,0.25,1.0,1.0,0.0,0.6666666666666666,0.6666666666666666,0.14285714285714285,1.0,0.5,0.3333333333333333,0.3333333333333333,0.0,0.0,0.0,1
1.0,0.11764705882352941,1.0,0.016216216216216217,0.09695168922636734,1.0,0.75,1.0,0.3333333333333333,0.0,0.3333333333333333,0.6666666666666666,0.75,1.0,0.5,0.0,0.6666666666666666,0.0,0.0,0.0,1
0.0,0.29411764705882354,0.5,0.008108108108108109,0.07444701221525256,0.0,1.0,1.0,0.3333333333333333,0.0,1.0,0.6666666666666666,0.6428571428571429,1.0,0.5,0.0,0.6666666666666666,0.0,0.0,0.0,1
0.3333333333333333,0.3382352941176471,0.5,0.024324324324324326,0.201661714537251,0.0,0.5,1.0,0.6666666666666666,0.0,0.3333333333333333,0.6666666666666666,0.30357142857142855,1.0,0.5,0.0,0.6666666666666666,1.0,1.0,0.0,2
0.0,0.20588235294117646,0.5,0.0,0.03994717728623308,0.0,0.25,0.0,0.3333333333333333,0.0,0.3333333333333333,0.6666666666666666,0.07142857142857142,1.0,0.5,0.0,0.3333333333333333,0.0,0.0,0.0,2
0.0,0.058823529411764705,1.0,0.0,0.026466380543633764,0.0,1.0,1.0,0.6666666666666666,0.0,1.0,0.0,0.5,1.0,0.5,0.3333333333333333,0.3333333333333333,0.0,0.0,0.0,1
1.0,0.3382352941176471,0.75,0.024324324324324326,0.26780015406624846,0.0,0.75,0.6666666666666666,0.6666666666666666,0.0,1.0,0.6666666666666666,0.125,1.0,0.5,0.3333333333333333,0.6666666666666666,0.0,0.0,0.0,1
0.0,0.11764705882352941,0.5,0.016216216216216217,0.052272477165181026,1.0,0.5,1.0,0.3333333333333333,0.0,1.0,0.3333333333333333,0.07142857142857142,0.0,0.0,0.0,0.6666666666666666,0.0,1.0,0.0,1
0.3333333333333333,0.38235294117647056,0.5,0.008108108108108109,0.15081985253659072,1.0,1.0,0.3333333333333333,0.3333333333333333,0.0,1.0,0.6666666666666666,0.10714285714285714,1.0,0.5,0.0,0.6666666666666666,0.0,0.0,0.0,1
0.3333333333333333,0.11764705882352941,0.5,0.0,0.05749972488169913,0.0,0.25,0.6666666666666666,0.3333333333333333,0.0,0.0,0.6666666666666666,0.10714285714285714,1.0,0.0,0.0,0.6666666666666666,0.0,0.0,0.0,2
0.3333333333333333,0.11764705882352941,0.5,0.008108108108108109,0.04693518212831518,0.0,0.75,1.0,0.6666666666666666,1.0,0.6666666666666666,0.0,0.17857142857142858,1.0,0.5,0.3333333333333333,0.6666666666666666,0.0,0.0,1.0,1
1.0,0.8235294117647058,0.5,0.0,0.3453835149114119,1.0,0.5,1.0,0.6666666666666666,0.0,1.0,1.0,0.26785714285714285,1.0,1.0,0.0,0.6666666666666666,1.0,1.0,0.0,1
0.0,0.10294117647058823,1.0,0.0,0.20111147793551226,0.0,0.5,0.3333333333333333,0.6666666666666666,0.0,0.3333333333333333,0.0,0.30357142857142855,1.0,0.0,0.3333333333333333,0.6666666666666666,1.0,0.0,0.0,1
1.0,0.29411764705882354,1.0,0.016216216216216217,0.09227467811158799,1.0,0.5,0.6666666666666666,0.3333333333333333,0.0,0.3333333333333333,0.6666666666666666,0.25,1.0,0.5,0.3333333333333333,0.6666666666666666,0.0,1.0,0.0,1
1.0,0.29411764705882354,0.5,0.0,0.1929679762297788,0.0,1.0,1.0,0.3333333333333333,0.5,1.0,1.0,0.7678571428571429,1.0,1.0,0.0,0.6666666666666666,0.0,1.0,0.0,1
0.3333333333333333,0.16176470588235295,0.25,0.0,0.36315615714757343,0.25,0.0,0.0,0.6666666666666666,0.0,0.3333333333333333,0.3333333333333333,0.26785714285714285,1.0,0.5,0.0,1.0,1.0,1.0,0.0,2
0.3333333333333333,0.07352941176470588,1.0,0.016216216216216217,0.04875096291405304,0.75,1.0,1.0,0.6666666666666666,0.0,0.6666666666666666,1.0,0.23214285714285715,1.0,1.0,0.3333333333333333,0.6666666666666666,1.0,0.0,0.0,2
1.0,0.29411764705882354,1.0,0.002702702702702703,0.10713106635853417,1.0,0.75,1.0,0.6666666666666666,0.0,1.0,0.6666666666666666,0.42857142857142855,1.0,0.5,0.3333333333333333,0.6666666666666666,1.0,1.0,0.0,1
0.3333333333333333,0.20588235294117646,1.0,0.005405405405405406,0.09232970177176186,0.0,0.25,0.3333333333333333,0.6666666666666666,0.0,0.3333333333333333,0.0,0.21428571428571427,1.0,0.5,0.3333333333333333,0.3333333333333333,0.0,0.0,0.0,2
1.0,0.16176470588235295,0.5,0.002702702702702703,0.0577748431825685,1.0,1.0,1.0,0.6666666666666666,0.0,1.0,1.0,0.4642857142857143,0.0,1.0,0.0,0.6666666666666666,1.0,0.0,0.0,1
1.0,0.11764705882352941,0.5,0.0,0.14355672939363925,1.0,0.0,1.0,0.6666666666666666,0.0,1.0,1.0,0.3392857142857143,1.0,0.5,0.0,1.0,0.0,1.0,0.0,1
1.0,0.07352941176470588,0.5,0.024324324324324326,0.06597336854847584,0.0,0.75,0.6666666666666666,0.3333333333333333,0.0,0.3333333333333333,0.6666666666666666,0.14285714285714285,1.0,0.5,0.3333333333333333,0.6666666666666666,0.0,0.0,0.0,1
1.0,0.07352941176470588,1.0,0.0,0.05359304500935402,0.0,0.5,0.6666666666666666,0.6666666666666666,0.0,0.0,0.0,0.19642857142857142,1.0,0.5,0.3333333333333333,0.6666666666666666,0.0,0.0,0.0,1
1.0,0.29411764705882354,1.0,0.024324324324324326,0.2352811709034885,0.0,0.5,0.6666666666666666,0.6666666666666666,0.0,0.3333333333333333,0.0,0.9821428571428571,1.0,0.5,0.0,1.0,0.0,1.0,0.0,1
0.0,0.11764705882352941,0.5,0.0,0.028007043028502255,0.0,0.75,1.0,0.6666666666666666,0.0,0.3333333333333333,0.0,0.125,1.0,0.5,0.0,0.6666666666666666,0.0,0.0,0.0,2
0.0,0.29411764705882354,0.25,0.024324324324324326,0.16017387476614944,0.0,0.5,1.0,0.6666666666666666,0.0,0.3333333333333333,0.3333333333333333,0.21428571428571427,1.0,0.0,0.0,0.6666666666666666,0.0,1.0,0.0,2
1.0,0.029411764705882353,0.5,0.0,0.17981732144822274,0.0,0.5,0.3333333333333333,0.6666666666666666,1.0,0.6666666666666666,0.3333333333333333,0.125,1.0,0.0,0.0,0.6666666666666666,0.0,0.0,0.0,1
0.3333333333333333,0.20588235294117646,0.5,0.008108108108108109,0.03389457466710685,0.0,0.5,1.0,1.0,1.0,0.3333333333333333,0.0,0.10714285714285714,1.0,0.5,0.0,0.3333333333333333,0.0,0.0,0.0,1
0.3333333333333333,0.25,0.5,0.024324324324324326,0.05161219324309453,0.0,1.0,0.3333333333333333,0.3333333333333333,0.0,1.0,0.3333333333333333,0.35714285714285715,1.0,0.5,0.0,0.6666666666666666,1.0,0.0,0.0,2
1.0,0.11764705882352941,1.0,0.0,0.05529877847474414,0.0,1.0,1.0,0.6666666666666666,0.0,1.0,0.0,0.75,1.0,0.5,0.3333333333333333,0.3333333333333333,0.0,0.0,0.0,1
0.3333333333333333,0.29411764705882354,0.5,0.005405405405405406,0.20947507428194123,0.0,0.75,0.6666666666666666,0.0,0.0,0.6666666666666666,0.6666666666666666,0.42857142857142855,1.0,0.5,0.0,0.6666666666666666,0.0,1.0,0.0,2
1.0,0.16176470588235295,0.5,0.016216216216216217,0.24061846594035435,0.25,0.5,0.6666666666666666,0.6666666666666666,0.0,0.3333333333333333,0.3333333333333333,0.375,1.0,0.5,0.0,1.0,0.0,1.0,0.0,2
0.0,0.25,0.5,0.008108108108108109,0.12963574336964895,0.0,0.25,1.0,0.3333333333333333,0.0,1.0,0.3333333333333333,0.16071428571428573,1.0,0.0,0.0,1.0,0.0,1.0,0.0,1
1.0,0.29411764705882354,1.0,0.008108108108108109,0.10856168152305491,0.25,1.0,1.0,0.6666666666666666,0.0,1.0,0.3333333333333333,0.5892857142857143,0.0,0.5,0.3333333333333333,0.6666666666666666,0.0,0.0,0.0,1
0.0,0.11764705882352941,0.5,0.016216216216216217,0.02388026851546165,0.0,0.5,1.0,0.6666666666666666,0.0,1.0,0.6666666666666666,0.375,1.0,0.0,0.0,0.3333333333333333,1.0,0.0,0.0,2
0.6666666666666666,0.29411764705882354,0.5,0.005405405405405406,0.19252778694838782,0.0,0.25,0.3333333333333333,0.3333333333333333,0.0,1.0,0.6666666666666666,0.125,1.0,0.5,0.0,0.6666666666666666,0.0,0.0,0.0,1
0.0,0.16176470588235295,0.75,0.005405405405405406,0.18669527896995708,0.0,1.0,0.0,0.3333333333333333,0.0,1.0,0.3333333333333333,0.14285714285714285,1.0,0.5,0.3333333333333333,0.3333333333333333,0.0,0.0,0.0,1
1.0,0.29411764705882354,1.0,0.002702702702702703,0.36271596786618243,1.0,0.5,0.3333333333333333,0.6666666666666666,0.0,1.0,0.3333333333333333,0.48214285714285715,1.0,0.5,0.3333333333333333,1.0,1.0,1.0,0.0,1
0.3333333333333333,0.029411764705882353,0.5,0.008108108108108109,0.01870804445911742,0.0,0.25,0.6666666666666666,1.0,0.0,0.6666666666666666,0.0,0.125,1.0,0.5,0.0,0.3333333333333333,0.0,0.0,1.0,1
0.3333333333333333,0.38235294117647056,0.5,0.005405405405405406,0.17558049961483438,0.25,0.5,0.3333333333333333,0.3333333333333333,0.5,1.0,0.6666666666666666,0.03571428571428571,1.0,0.0,0.0,0.6666666666666666,0.0,0.0,0.0,2
0.3333333333333333,0.29411764705882354,0.5,0.002702702702702703,0.13810938703642567,1.0,1.0,1.0,0.6666666666666666,0.0,1.0,1.0,0.30357142857142855,0.0,1.0,0.0,0.6666666666666666,0.0,1.0,0.0,1
0.0,0.16176470588235295,0.5,0.0,0.12440849565313085,0.0,0.0,0.0,0.3333333333333333,0.0,1.0,0.6666666666666666,0.07142857142857142,1.0,0.0,0.0,0.6666666666666666,0.0,0.0,0.0,1
1.0,0.20588235294117646,0.75,0.024324324324324326,0.10559040387366568,0.0,0.5,1.0,1.0,0.0,0.3333333333333333,0.6666666666666666,0.16071428571428573,1.0,0.5,0.0,0.6666666666666666,0.0,1.0,0.0,2
0.6666666666666666,0.029411764705882353,1.0,0.016216216216216217,0.04385385715857819,0.0,0.5,0.3333333333333333,0.3333333333333333,0.0,1.0,0.3333333333333333,0.5535714285714286,1.0,0.5,0.0,0.3333333333333333,0.0,0.0,0.0,1
1.0,0.38235294117647056,0.5,0.008108108108108109,0.08897325850115549,1.0,1.0,1.0,0.6666666666666666,0.0,1.0,0.6666666666666666,0.6964285714285714,1.0,0.5,0.0,0.6666666666666666,0.0,1.0,0.0,1
0.0,0.07352941176470588,1.0,0.013513513513513514,0.057114559260482006,0.25,1.0,0.6666666666666666,0.6666666666666666,1.0,1.0,0.0,0.5178571428571429,1.0,0.5,0.3333333333333333,0.6666666666666666,1.0,0.0,1.0,1
0.3333333333333333,0.029411764705882353,0.75,0.0,0.0527676901067459,0.0,0.0,1.0,0.6666666666666666,0.0,1.0,0.3333333333333333,0.5,1.0,0.5,0.0,1.0,0.0,1.0,0.0,2
0.0,0.16176470588235295,0.5,0.024324324324324326,0.03059315505667437,0.0,0.5,1.0,0.3333333333333333,0.0,1.0,0.3333333333333333,0.05357142857142857,1.0,0.5,0.0,0.3333333333333333,0.0,0.0,0.0,1
1.0,0.29411764705882354,0.5,0.002702702702702703,0.3336084516342027,1.0,1.0,0.6666666666666666,0.6666666666666666,0.0,1.0,0.6666666666666666,0.39285714285714285,1.0,0.5,0.0,1.0,1.0,1.0,0.0,1
1.0,0.20588235294117646,0.5,0.013513513513513514,0.09315505667436998,0.0,0.25,1.0,0.3333333333333333,0.0,1.0,0.0,0.07142857142857142,1.0,0.5,0.0,0.6666666666666666,0.0,0.0,0.0,2
1.0,0.20588235294117646,0.5,0.008108108108108109,0.09909761197314845,0.0,0.25,1.0,0.6666666666666666,0.0,0.0,0.0,0.25,1.0,0.5,0.0,0.6666666666666666,0.0,0.0,0.0,1
0.3333333333333333,0.5588235294117647,0.25,0.002702702702702703,0.49702872235061074,0.0,0.0,0.0,0.6666666666666666,0.0,0.3333333333333333,1.0,0.6428571428571429,0.0,1.0,0.0,1.0,0.0,1.0,0.0,1
0.3333333333333333,0.6029411764705882,1.0,0.008108108108108109,0.24738637614174094,0.0,0.25,1.0,0.6666666666666666,0.0,0.3333333333333333,0.3333333333333333,0.10714285714285714,1.0,0.5,0.3333333333333333,0.3333333333333333,0.0,0.0,0.0,2
0.0,0.29411764705882354,0.5,0.002702702702702703,0.3482447452404534,0.0,0.0,1.0,0.6666666666666666,0.0,0.3333333333333333,1.0,0.17857142857142858,1.0,1.0,0.0,1.0,0.0,1.0,0.0,1
0.3333333333333333,0.6470588235294118,0.0,0.024324324324324326,0.6577528337184989,1.0,0.5,0.3333333333333333,0.6666666666666666,0.0,0.3333333333333333,0.6666666666666666,0.5178571428571429,0.0,0.5,0.0,1.0,0.0,1.0,0.0,1
0.0,0.11764705882352941,0.5,0.0,0.053813139650049524,0.0,0.5,1.0,0.3333333333333333,0.0,0.3333333333333333,0.0,0.08928571428571429,1.0,0.5,0.0,0.3333333333333333,0.0,0.0,0.0,2
0.0,0.29411764705882354,0.5,0.008108108108108109,0.11742049081104874,0.0,1.0,1.0,0.6666666666666666,0.0,1.0,0.0,0.8035714285714286,0.0,0.0,0.0,0.3333333333333333,0.0,0.0,0.0,1
0.0,0.20588235294117646,0.25,0.005405405405405406,0.07169582920655881,0.0,0.5,1.0,0.6666666666666666,0.0,0.6666666666666666,0.6666666666666666,0.44642857142857145,0.0,0.5,0.0,0.6666666666666666,0.0,0.0,0.0,2
1.0,0.07352941176470588,0.5,0.005405405405405406,0.11285352701661715,0.25,0.25,0.3333333333333333,0.3333333333333333,0.0,1.0,0.3333333333333333,0.05357142857142857,1.0,0.0,0.0,0.6666666666666666,0.0,0.0,0.0,1
0.0,0.47058823529411764,1.0,0.016216216216216217,0.4300099042588313,0.0,0.5,0.6666666666666666,0.3333333333333333,0.0,0.3333333333333333,1.0,0.10714285714285714,1.0,0.5,0.3333333333333333,1.0,0.0,1.0,0.0,2
1.0,0.11764705882352941,0.5,0.008108108108108109,0.03499504787058435,1.0,0.5,1.0,0.3333333333333333,0.0,0.3333333333333333,0.6666666666666666,0.03571428571428571,1.0,0.5,0.0,0.6666666666666666,0.0,0.0,0.0,1
0.3333333333333333,0.20588235294117646,0.5,0.005405405405405406,0.15137008913832947,0.0,0.75,0.3333333333333333,0.3333333333333333,0.0,1.0,0.0,0.375,1.0,0.0,0.0,0.6666666666666666,0.0,0.0,0.0,1
0.0,0.47058823529411764,0.5,0.0,0.08759766699680863,0.0,0.25,1.0,0.3333333333333333,0.0,1.0,0.6666666666666666,0.26785714285714285,1.0,0.5,0.0,0.6666666666666666,0.0,1.0,0.0,2
0.0,0.11764705882352941,0.5,0.008108108108108109,0.0233300319137229,0.25,0.75,1.0,1.0,0.0,0.0,0.3333333333333333,0.017857142857142856,1.0,0.5,0.0,0.6666666666666666,0.0,0.0,0.0,2
0.3333333333333333,0.47058823529411764,0.5,0.008108108108108109,0.2500825354902608,0.0,0.25,1.0,0.3333333333333333,0.0,0.0,1.0,0.19642857142857142,1.0,0.5,0.0,1.0,0.0,1.0,0.0,1
0.3333333333333333,0.6470588235294118,0.75,0.016216216216216217,0.32871134587872786,0.0,1.0,1.0,0.6666666666666666,0.0,1.0,1.0,0.5535714285714286,1.0,1.0,0.0,0.6666666666666666,0.0,0.0,0.0,2
0.3333333333333333,0.29411764705882354,0.75,0.024324324324324326,0.24551557169582922,1.0,0.5,1.0,0.6666666666666666,0.0,0.3333333333333333,0.3333333333333333,0.32142857142857145,0.0,0.5,0.3333333333333333,1.0,0.0,1.0,0.0,1
1.0,0.25,0.5,0.002702702702702703,0.2750082535490261,1.0,0.5,0.0,0.6666666666666666,0.0,0.6666666666666666,0.6666666666666666,0.125,1.0,0.5,0.0,0.6666666666666666,0.0,0.0,0.0,1
1.0,0.029411764705882353,1.0,0.008108108108108109,0.06228678331682624,0.0,0.5,0.0,0.3333333333333333,0.0,0.0,0.6666666666666666,0.16071428571428573,1.0,0.5,0.3333333333333333,0.6666666666666666,0.0,1.0,0.0,1
0.3333333333333333,0.20588235294117646,0.5,0.008108108108108109,0.16303510509519092,0.5,0.25,0.0,1.0,0.0,0.6666666666666666,0.0,0.10714285714285714,1.0,0.0,0.0,0.6666666666666666,0.0,0.0,0.0,1
0.3333333333333333,0.20588235294117646,0.5,0.0,0.33069219764498736,0.0,0.75,0.6666666666666666,0.6666666666666666,0.0,0.6666666666666666,0.0,0.16071428571428573,1.0,0.0,0.0,0.3333333333333333,0.0,0.0,0.0,1
1.0,0.25,0.5,0.0,0.1393199075602509,0.5,0.75,0.0,0.3333333333333333,0.0,0.3333333333333333,0.6666666666666666,0.21428571428571427,0.0,0.5,0.0,1.0,0.0,0.0,0.0,1
1.0,0.0,0.5,0.005405405405405406,0.019313304721030045,0.0,0.25,0.0,0.3333333333333333,0.0,0.6666666666666666,0.0,0.07142857142857142,1.0,0.0,0.0,0.3333333333333333,1.0,0.0,0.0,1
1.0,0.16176470588235295,1.0,0.016216216216216217,0.07054033234290745,0.25,0.5,1.0,0.3333333333333333,0.0,0.6666666666666666,0.6666666666666666,0.21428571428571427,1.0,0.5,0.0,0.6666666666666666,0.0,0.0,0.0,1
0.3333333333333333,0.29411764705882354,0.5,1.0,0.6095521074061847,0.0,0.5,0.3333333333333333,0.6666666666666666,0.5,0.6666666666666666,0.6666666666666666,0.17857142857142858,0.0,0.5,0.3333333333333333,1.0,0.0,1.0,0.0,2
0.0,0.23529411764705882,1.0,0.0,0.10922196544514141,0.0,0.5,1.0,1.0,1.0,0.3333333333333333,0.3333333333333333,0.25,0.0,0.0,0.3333333333333333,0.6666666666666666,0.0,0.0,1.0,2
0.3333333333333333,0.38235294117647056,1.0,0.0,0.27423792230659183,0.0,0.0,1.0,1.0,0.0,0.3333333333333333,0.6666666666666666,0.16071428571428573,1.0,0.5,0.3333333333333333,1.0,0.0,0.0,0.0,2
0.3333333333333333,0.08823529411764706,0.5,0.0,0.3883569935072081,0.0,0.0,0.3333333333333333,0.6666666666666666,0.0,1.0,1.0,0.9107142857142857,0.0,1.0,0.0,1.0,0.0,1.0,0.0,1
1.0,0.29411764705882354,0.5,0.008108108108108109,0.313249697369869,1.0,0.25,0.0,0.3333333333333333,0.0,0.0,0.6666666666666666,0.44642857142857145,1.0,0.5,0.3333333333333333,0.6666666666666666,0.0,1.0,0.0,2
1.0,0.07352941176470588,0.5,0.005405405405405406,0.09519093210080334,0.0,0.25,0.3333333333333333,0.3333333333333333,0.5,0.3333333333333333,0.6666666666666666,0.0,1.0,0.0,0.3333333333333333,0.6666666666666666,0.0,0.0,0.0,2
0.3333333333333333,0.029411764705882353,0.5,0.008108108108108109,0.027676901067459007,0.0,0.5,0.3333333333333333,0.3333333333333333,1.0,0.6666666666666666,0.0,0.8035714285714286,1.0,0.5,0.0,0.6666666666666666,0.0,0.0,0.0,1
0.3333333333333333,0.07352941176470588,0.5,0.008108108108108109,0.029712776493892375,0.5,0.5,1.0,0.3333333333333333,0.0,0.6666666666666666,0.0,0.8392857142857143,1.0,0.5,0.0,0.3333333333333333,0.0,0.0,0.0,1
0.0,0.29411764705882354,0.5,0.005405405405405406,0.15951359084406294,0.0,0.25,1.0,0.6666666666666666,0.0,0.0,1.0,0.05357142857142857,0.0,1.0,0.0,0.6666666666666666,0.0,0.0,0.0,1
1.0,0.11764705882352941,1.0,0.0,0.0237702211951139,0.25,0.75,1.0,0.3333333333333333,0.0,0.6666666666666666,0.6666666666666666,0.5714285714285714,1.0,0.5,0.3333333333333333,0.6666666666666666,0.0,1.0,0.0,1
0.0,0.47058823529411764,1.0,0.005405405405405406,0.2817761637504127,0.0,0.5,0.6666666666666666,0.6666666666666666,1.0,0.3333333333333333,0.3333333333333333,0.16071428571428573,1.0,0.5,0.3333333333333333,0.6666666666666666,0.0,0.0,0.0,1
0.3333333333333333,0.07352941176470588,0.25,0.0,0.06531308462638935,0.25,0.75,0.3333333333333333,0.6666666666666666,0.0,0.6666666666666666,1.0,0.17857142857142858,1.0,0.5,0.0,0.6666666666666666,0.0,0.0,0.0,2
0.6666666666666666,0.08823529411764706,0.5,0.010810810810810811,0.0536480686695279,0.0,0.5,0.3333333333333333,0.6666666666666666,0.0,0.3333333333333333,0.6666666666666666,0.32142857142857145,1.0,0.5,0.0,0.6666666666666666,0.0,1.0,0.0,1
1.0,0.11764705882352941,0.5,0.008108108108108109,0.025145812699460767,0.0,0.5,1.0,0.6666666666666666,0.0,0.3333333333333333,0.0,0.19642857142857142,0.0,0.5,0.3333333333333333,0.6666666666666666,0.0,0.0,0.0,1
0.0,0.38235294117647056,0.5,0.005405405405405406,0.33564432706063607,1.0,1.0,1.0,0.6666666666666666,0.0,1.0,0.3333333333333333,0.21428571428571427,1.0,0.5,0.0,0.6666666666666666,0.0,0.0,0.0,2
0.0,0.3382352941176471,0.0,0.024324324324324326,0.27748431825685044,0.0,0.0,0.3333333333333333,0.6666666666666666,0.0,1.0,0.3333333333333333,0.5535714285714286,0.5,0.5,0.3333333333333333,0.6666666666666666,0.0,1.0,0.0,2
0.0,0.38235294117647056,0.5,0.005405405405405406,0.118631011334874,0.0,0.75,1.0,0.3333333333333333,0.0,1.0,0.0,0.07142857142857142,1.0,0.0,0.0,0.6666666666666666,0.0,0.0,0.0,2
1.0,0.11764705882352941,1.0,0.008108108108108109,0.07730824254429404,0.0,1.0,0.3333333333333333,0.6666666666666666,0.0,1.0,0.0,0.7857142857142857,1.0,0.5,0.3333333333333333,0.3333333333333333,0.0,1.0,0.0,1
0.3333333333333333,0.38235294117647056,1.0,0.005405405405405406,0.4476724991746451,0.0,0.75,0.3333333333333333,0.6666666666666666,0.0,0.3333333333333333,0.3333333333333333,0.5357142857142857,1.0,0.5,0.0,0.6666666666666666,0.0,0.0,0.0,2
0.3333333333333333,0.20588235294117646,1.0,0.0,0.044349070100143065,0.0,1.0,0.6666666666666666,0.6666666666666666,1.0,0.6666666666666666,0.0,0.19642857142857142,0.0,0.5,0.3333333333333333,0.6666666666666666,0.0,0.0,0.0,2
0.0,0.20588235294117646,0.5,0.008108108108108109,0.08979861340376362,0.0,0.5,1.0,0.3333333333333333,0.0,1.0,0.6666666666666666,0.10714285714285714,0.0,0.0,0.3333333333333333,0.6666666666666666,0.0,0.0,0.0,2
0.0,0.47058823529411764,0.5,0.005405405405405406,0.2712116209970287,0.0,0.75,1.0,0.6666666666666666,0.0,0.3333333333333333,0.3333333333333333,0.17857142857142858,1.0,0.5,0.0,0.6666666666666666,0.0,0.0,0.0,2
0.3333333333333333,0.29411764705882354,1.0,0.024324324324324326,0.14168592494772753,1.0,0.75,1.0,0.6666666666666666,0.0,0.6666666666666666,1.0,0.26785714285714285,1.0,0.5,0.3333333333333333,0.6666666666666666,1.0,1.0,0.0,1
0.0,0.5294117647058824,1.0,0.016216216216216217,0.3162759986794322,0.0,0.5,1.0,0.6666666666666666,0.0,0.6666666666666666,1.0,0.14285714285714285,0.0,0.5,0.0,0.6666666666666666,0.0,1.0,0.0,2
1.0,0.11764705882352941,1.0,0.008108108108108109,0.03741608891823484,1.0,1.0,1.0,0.6666666666666666,0.0,1.0,0.0,0.8214285714285714,1.0,0.5,1.0,0.6666666666666666,0.0,0.0,0.0,1
1.0,0.29411764705882354,1.0,0.0,0.09750192582810609,0.0,0.5,1.0,0.3333333333333333,0.0,1.0,0.6666666666666666,0.32142857142857145,1.0,0.5,0.0,0.6666666666666666,0.0,1.0,0.0,1
1.0,0.47058823529411764,1.0,0.002702702702702703,0.5627269725982172,1.0,1.0,0.3333333333333333,0.6666666666666666,0.0,1.0,1.0,0.4107142857142857,1.0,1.0,0.3333333333333333,0.6666666666666666,0.0,0.0,0.0,1
1.0,0.20588235294117646,0.5,0.005405405405405406,0.09541102674149884,0.0,0.5,1.0,0.6666666666666666,0.0,1.0,1.0,0.5,0.0,1.0,0.3333333333333333,0.6666666666666666,0.0,0.0,0.0,1
0.0,0.6470588235294118,0.25,0.024324324324324326,0.4091009133927589,0.0,0.75,0.3333333333333333,0.3333333333333333,1.0,1.0,0.6666666666666666,0.32142857142857145,1.0,0.0,0.0,0.6666666666666666,0.0,0.0,0.0,2
0.0,0.25,0.5,0.008108108108108109,0.1709585121602289,0.75,0.25,1.0,0.3333333333333333,0.0,0.3333333333333333,0.6666666666666666,0.17857142857142858,0.0,0.5,0.0,0.6666666666666666,0.0,0.0,0.0,1
0.0,0.20588235294117646,0.5,0.0,0.05315285572796302,0.0,0.25,1.0,0.3333333333333333,0.0,0.6666666666666666,0.6666666666666666,0.07142857142857142,1.0,0.0,0.0,0.6666666666666666,0.0,1.0,0.0,2
1.0,0.20588235294117646,1.0,0.0,0.1389347419390338,0.0,0.75,0.3333333333333333,0.6666666666666666,0.0,0.3333333333333333,0.3333333333333333,0.21428571428571427,0.0,0.5,0.3333333333333333,0.6666666666666666,0.0,0.0,0.0,2
0.0,0.20588235294117646,1.0,0.0,0.27797953119841534,0.0,1.0,0.3333333333333333,0.6666666666666666,0.0,1.0,1.0,0.30357142857142855,1.0,1.0,0.6666666666666666,1.0,0.0,1.0,0.0,1
0.0,0.16176470588235295,0.5,0.010810810810810811,0.056399251678221636,1.0,0.5,1.0,0.3333333333333333,0.0,0.3333333333333333,0.6666666666666666,0.08928571428571429,1.0,0.0,0.0,0.6666666666666666,0.0,0.0,0.0,2
0.3333333333333333,0.29411764705882354,0.25,0.016216216216216217,0.08732254869593925,0.0,0.75,1.0,0.3333333333333333,0.0,1.0,1.0,0.26785714285714285,0.0,1.0,0.0,0.3333333333333333,0.0,0.0,0.0,2
1.0,0.29411764705882354,0.75,0.024324324324324326,0.19880048420820953,0.0,0.5,0.0,0.6666666666666666,0.0,0.3333333333333333,1.0,0.23214285714285715,1.0,1.0,0.0,0.6666666666666666,0.0,0.0,0.0,1
0.0,0.25,0.5,0.005405405405405406,0.1842742379223066,0.0,0.75,0.0,0.3333333333333333,0.0,1.0,0.6666666666666666,0.125,1.0,0.0,0.0,0.3333333333333333,0.0,0.0,0.0,1
1.0,0.029411764705882353,1.0,0.008108108108108109,0.054308352591614394,0.25,0.5,0.0,0.3333333333333333,0.0,0.0,0.3333333333333333,0.14285714285714285,1.0,0.5,0.3333333333333333,0.6666666666666666,0.0,0.0,0.0,1
0.6666666666666666,0.08823529411764706,1.0,0.008108108108108109,0.06036095521074062,1.0,0.75,1.0,0.6666666666666666,0.0,0.3333333333333333,0.3333333333333333,0.14285714285714285,1.0,0.5,0.3333333333333333,0.6666666666666666,0.0,1.0,0.0,1
0.0,0.11764705882352941,0.5,0.005405405405405406,0.12809508088478044,0.0,0.0,0.6666666666666666,0.3333333333333333,0.0,1.0,1.0,0.6428571428571429,1.0,1.0,0.0,1.0,0.0,0.0,0.0,1
0.3333333333333333,0.16176470588235295,0.5,0.008108108108108109,0.03037306041597887,0.0,1.0,1.0,0.6666666666666666,0.0,0.6666666666666666,0.6666666666666666,0.32142857142857145,1.0,0.5,0.0,0.6666666666666666,1.0,0.0,0.0,2
1.0,0.029411764705882353,0.5,0.016216216216216217,0.0708704743039507,0.0,0.25,0.0,0.3333333333333333,0.0,0.3333333333333333,1.0,0.6607142857142857,1.0,0.5,0.0,0.6666666666666666,0.0,0.0,0.0,1
1.0,0.11764705882352941,1.0,0.016216216216216217,0.02481567073841752,0.0,0.5,1.0,0.6666666666666666,0.0,0.3333333333333333,0.6666666666666666,0.23214285714285715,1.0,0.5,0.3333333333333333,0.6666666666666666,0.0,0.0,0.0,1
0.0,0.6029411764705882,0.0,0.024324324324324326,0.6364036535710356,0.0,1.0,0.3333333333333333,0.6666666666666666,0.0,1.0,0.6666666666666666,0.17857142857142858,1.0,0.0,0.3333333333333333,0.6666666666666666,0.0,0.0,0.0,2
0.0,0.29411764705882354,0.5,0.0,0.15808297567954221,0.0,0.25,1.0,0.3333333333333333,0.0,0.0,0.3333333333333333,0.14285714285714285,1.0,0.5,0.0,0.6666666666666666,0.0,0.0,0.0,2
0.6666666666666666,0.29411764705882354,0.5,0.008108108108108109,0.055463849455265765,0.5,0.5,0.6666666666666666,0.3333333333333333,0.0,0.6666666666666666,0.6666666666666666,0.6785714285714286,1.0,0.5,0.0,0.3333333333333333,0.0,0.0,0.0,1
1.0,0.0,1.0,0.0,0.17222405634422802,0.0,0.75,0.0,0.3333333333333333,0.0,0.0,0.0,0.32142857142857145,1.0,0.5,0.0,0.6666666666666666,1.0,0.0,0.0,1
0.0,0.38235294117647056,1.0,0.002702702702702703,0.570760426983603,0.0,1.0,0.6666666666666666,0.6666666666666666,0.0,1.0,1.0,0.3392857142857143,1.0,1.0,0.6666666666666666,1.0,1.0,1.0,0.0,1
1.0,0.29411764705882354,0.5,0.008108108108108109,0.11813579839330912,0.5,1.0,0.6666666666666666,0.6666666666666666,0.0,0.3333333333333333,0.6666666666666666,0.2857142857142857,0.0,0.5,0.3333333333333333,0.6666666666666666,0.0,1.0,0.0,2
1.0,0.029411764705882353,0.0,0.008108108108108109,0.009684164190601958,0.0,1.0,1.0,1.0,0.0,1.0,0.6666666666666666,0.35714285714285715,1.0,0.5,0.0,0.3333333333333333,0.0,0.0,0.0,1
0.6666666666666666,0.029411764705882353,1.0,0.0,0.06014086057004512,0.0,1.0,0.0,0.6666666666666666,0.0,1.0,0.0,0.48214285714285715,1.0,0.5,0.3333333333333333,0.6666666666666666,1.0,0.0,1.0,1
0.3333333333333333,0.11764705882352941,0.5,0.0,0.0351050951909321,0.0,1.0,1.0,0.6666666666666666,0.0,1.0,0.6666666666666666,0.39285714285714285,0.0,0.5,0.0,0.3333333333333333,1.0,0.0,0.0,2
0.3333333333333333,0.38235294117647056,0.5,0.005405405405405406,0.1970947507428194,0.0,0.25,0.3333333333333333,1.0,0.0,0.0,0.3333333333333333,0.05357142857142857,1.0,0.5,0.0,0.6666666666666666,0.0,0.0,0.0,1
1.0,0.25,1.0,0.005405405405405406,0.11213821943435677,0.0,0.25,1.0,0.3333333333333333,0.0,1.0,0.3333333333333333,0.07142857142857142,1.0,0.5,0.0,0.6666666666666666,0.0,1.0,0.0,1
1.0,0.2647058823529412,0.5,0.008108108108108109,0.1334323759216463,0.5,1.0,0.6666666666666666,0.6666666666666666,0.0,1.0,0.6666666666666666,0.375,1.0,0.5,0.0,0.6666666666666666,0.0,0.0,0.0,1
0.0,0.20588235294117646,0.5,0.005405405405405406,0.09843732805106195,0.0,0.5,0.0,0.3333333333333333,0.0,1.0,0.0,0.017857142857142856,0.0,0.0,0.0,0.6666666666666666,0.0,0.0,0.0,2
0.3333333333333333,0.11764705882352941,0.5,0.0,0.32067789149334214,0.0,0.75,0.3333333333333333,0.6666666666666666,0.0,0.3333333333333333,0.6666666666666666,0.23214285714285715,1.0,0.5,0.0,0.6666666666666666,0.0,0.0,0.0,1
1.0,0.6470588235294118,1.0,0.002702702702702703,0.473643666776714,1.0,0.75,0.3333333333333333,0.6666666666666666,0.0,0.0,1.0,0.2857142857142857,1.0,1.0,0.3333333333333333,0.6666666666666666,0.0,1.0,0.0,1
1.0,0.08823529411764706,0.5,0.008108108108108109,0.09210960713106636,0.0,0.5,0.0,0.6666666666666666,0.0,1.0,0.3333333333333333,0.3392857142857143,1.0,0.5,0.0,0.6666666666666666,0.0,1.0,1.0,1
1.0,0.47058823529411764,0.5,0.0,0.03626059205458347,0.5,1.0,1.0,0.6666666666666666,0.0,1.0,0.3333333333333333,0.30357142857142855,1.0,0.5,0.0,0.6666666666666666,0.0,0.0,0.0,1
1.0,0.38235294117647056,0.75,0.024324324324324326,0.2213051612193243,0.25,0.5,0.3333333333333333,0.6666666666666666,0.0,0.3333333333333333,0.3333333333333333,0.125,1.0,0.5,0.3333333333333333,0.3333333333333333,0.0,0.0,0.0,1
1.0,0.6470588235294118,0.75,0.008108108108108109,0.3845053372950369,1.0,1.0,0.6666666666666666,0.6666666666666666,0.0,0.6666666666666666,0.6666666666666666,0.23214285714285715,0.0,0.5,0.3333333333333333,0.6666666666666666,1.0,0.0,0.0,1
1.0,0.3382352941176471,0.75,0.002702702702702703,0.46016287003411466,0.75,0.5,0.3333333333333333,0.6666666666666666,0.0,0.3333333333333333,0.6666666666666666,0.14285714285714285,1.0,0.5,0.3333333333333333,0.6666666666666666,0.0,0.0,0.0,1
1.0,0.29411764705882354,0.5,0.005405405405405406,0.03736106525806097,1.0,0.75,1.0,0.6666666666666666,0.0,0.3333333333333333,0.6666666666666666,0.21428571428571427,0.5,0.5,0.0,0.6666666666666666,0.0,1.0,0.0,1
1.0,0.20588235294117646,0.5,0.005405405405405406,0.07059535600308132,0.0,0.25,1.0,1.0,0.5,0.0,0.3333333333333333,0.42857142857142855,1.0,0.5,0.0,0.3333333333333333,1.0,0.0,0.0,2
1.0,0.29411764705882354,1.0,0.008108108108108109,0.13392758886321118,0.0,0.5,1.0,0.6666666666666666,0.0,0.3333333333333333,0.0,0.2857142857142857,1.0,0.5,0.3333333333333333,0.3333333333333333,0.0,0.0,0.0,1
0.3333333333333333,0.11764705882352941,0.5,0.005405405405405406,0.038571585781886214,0.25,0.25,1.0,0.3333333333333333,0.0,1.0,0.6666666666666666,0.14285714285714285,0.0,0.0,1.0,0.6666666666666666,0.0,0.0,0.0,2
1.0,0.47058823529411764,0.5,0.005405405405405406,0.1705183228788379,0.0,0.5,1.0,0.3333333333333333,0.0,0.3333333333333333,0.6666666666666666,0.16071428571428573,1.0,0.5,0.0,1.0,0.0,1.0,0.0,2
0.0,0.20588235294117646,0.5,0.005405405405405406,0.21475734565863322,0.0,0.5,0.3333333333333333,0.6666666666666666,0.5,0.6666666666666666,0.6666666666666666,0.4107142857142857,1.0,0.5,0.0,0.6666666666666666,0.0,0.0,0.0,2
0.0,0.6470588235294118,0.5,0.002702702702702703,0.5528227137669198,0.0,0.75,1.0,0.6666666666666666,0.0,1.0,1.0,0.35714285714285715,0.5,1.0,0.6666666666666666,0.6666666666666666,1.0,1.0,0.0,2
1.0,0.11764705882352941,0.25,0.021621621621621623,0.17591064157587763,0.5,0.5,1.0,0.3333333333333333,0.0,0.6666666666666666,0.0,0.2857142857142857,1.0,0.5,0.0,0.3333333333333333,1.0,0.0,0.0,1
0.0,0.29411764705882354,0.5,0.005405405405405406,0.15247056234180698,0.0,0.5,0.3333333333333333,0.0,0.0,0.3333333333333333,0.0,0.08928571428571429,1.0,0.0,0.0,0.3333333333333333,0.0,0.0,0.0,1
0.3333333333333333,0.11764705882352941,0.5,0.008108108108108109,0.049796412457356665,0.0,1.0,0.6666666666666666,1.0,1.0,0.6666666666666666,0.0,0.375,0.0,0.5,0.3333333333333333,0.3333333333333333,0.0,0.0,0.0,1
0.3333333333333333,0.11764705882352941,0.5,0.0,0.03224386486189061,0.25,0.25,1.0,0.3333333333333333,0.0,0.3333333333333333,0.3333333333333333,0.07142857142857142,0.0,0.5,0.0,0.3333333333333333,0.0,0.0,0.0,2
0.6666666666666666,0.29411764705882354,1.0,0.005405405405405406,0.18526466380543632,1.0,1.0,1.0,0.6666666666666666,0.5,1.0,1.0,0.017857142857142856,1.0,0.0,0.3333333333333333,0.6666666666666666,0.0,0.0,0.0,1
1.0,0.47058823529411764,0.5,0.024324324324324326,0.3021899416749202,0.25,0.75,0.3333333333333333,0.6666666666666666,0.0,0.3333333333333333,0.6666666666666666,0.21428571428571427,1.0,0.5,0.3333333333333333,0.6666666666666666,0.0,1.0,0.0,1
0.3333333333333333,0.29411764705882354,0.5,0.002702702702702703,0.678386706283702,0.0,1.0,1.0,0.3333333333333333,0.0,0.3333333333333333,1.0,0.44642857142857145,1.0,1.0,0.0,1.0,0.0,1.0,0.0,2
1.0,0.29411764705882354,1.0,0.013513513513513514,0.09948277759436558,0.0,0.5,1.0,0.0,0.0,0.3333333333333333,0.0,0.25,1.0,0.5,0.3333333333333333,0.6666666666666666,0.0,1.0,0.0,1
1.0,0.20588235294117646,1.0,0.002702702702702703,0.16391548365797293,1.0,0.0,0.3333333333333333,0.6666666666666666,0.0,1.0,1.0,0.3392857142857143,1.0,0.5,0.0,1.0,0.0,1.0,0.0,1
0.0,0.47058823529411764,0.5,0.005405405405405406,0.20408275558490152,0.0,0.0,1.0,0.6666666666666666,0.0,0.6666666666666666,0.3333333333333333,0.19642857142857142,1.0,0.5,0.0,1.0,0.0,1.0,0.0,1
1.0,0.11764705882352941,0.5,0.008108108108108109,0.06839440959612633,0.0,0.25,1.0,0.3333333333333333,0.0,0.6666666666666666,0.6666666666666666,0.26785714285714285,1.0,0.5,0.0,0.6666666666666666,1.0,0.0,0.0,1
0.0,0.3382352941176471,1.0,0.024324324324324326,0.12061186310113349,0.0,1.0,1.0,0.6666666666666666,0.0,1.0,0.6666666666666666,0.42857142857142855,0.5,0.5,1.0,1.0,1.0,1.0,0.0,1
0.3333333333333333,0.20588235294117646,0.0,0.0,0.11158798283261803,0.25,0.25,0.6666666666666666,0.3333333333333333,0.0,0.6666666666666666,0.6666666666666666,0.16071428571428573,1.0,0.5,0.3333333333333333,0.6666666666666666,0.0,0.0,0.0,2
0.3333333333333333,0.20588235294117646,1.0,0.005405405405405406,0.05749972488169913,0.0,0.25,1.0,0.3333333333333333,0.0,0.0,0.3333333333333333,0.14285714285714285,1.0,0.5,0.3333333333333333,0.6666666666666666,0.0,0.0,0.0,1
1.0,0.11764705882352941,0.75,0.002702702702702703,0.06894464619786508,0.0,0.5,1.0,1.0,0.0,1.0,0.0,0.39285714285714285,1.0,0.0,0.0,0.6666666666666666,0.0,0.0,0.0,1
0.3333333333333333,0.11764705882352941,1.0,0.002702702702702703,0.08550676791020138,0.25,0.25,0.6666666666666666,0.6666666666666666,0.0,1.0,0.3333333333333333,0.44642857142857145,1.0,0.5,0.0,0.6666666666666666,0.0,0.0,0.0,1
1.0,0.47058823529411764,0.5,0.005405405405405406,0.590073731704633,0.0,0.0,1.0,0.3333333333333333,0.0,0.3333333333333333,0.6666666666666666,0.125,1.0,0.5,0.3333333333333333,1.0,0.0,1.0,0.0,2
1.0,0.6470588235294118,0.5,0.024324324324324326,0.20160669087707714,1.0,0.5,1.0,0.0,0.0,0.3333333333333333,0.0,0.3392857142857143,0.0,0.5,0.0,0.6666666666666666,0.0,0.0,0.0,2
0.0,0.16176470588235295,0.5,0.0,0.08093980411576979,0.0,0.25,0.3333333333333333,0.6666666666666666,0.0,0.6666666666666666,0.0,0.30357142857142855,1.0,0.5,0.0,0.6666666666666666,0.0,0.0,0.0,1
1.0,0.29411764705882354,0.5,0.0,0.07015516672169032,0.75,0.75,1.0,0.3333333333333333,0.0,0.6666666666666666,0.6666666666666666,0.26785714285714285,1.0,0.5,0.0,0.6666666666666666,1.0,1.0,0.0,1
0.0,0.11764705882352941,0.5,0.0,0.061736546715087486,0.0,0.75,0.3333333333333333,0.0,0.0,0.6666666666666666,0.6666666666666666,0.30357142857142855,1.0,0.5,0.0,0.6666666666666666,0.0,0.0,0.0,2
0.3333333333333333,0.47058823529411764,0.5,0.008108108108108109,0.11406404754044239,0.0,0.75,1.0,0.6666666666666666,0.0,1.0,0.6666666666666666,0.08928571428571429,1.0,0.0,0.0,0.6666666666666666,0.0,0.0,0.0,1
1.0,0.029411764705882353,1.0,0.0,0.10069329811819082,0.5,0.5,0.0,1.0,0.0,0.3333333333333333,0.6666666666666666,0.08928571428571429,1.0,0.5,0.0,0.6666666666666666,0.0,0.0,0.0,1
0.0,0.029411764705882353,1.0,0.0,0.022889842632331903,0.75,0.75,0.6666666666666666,0.3333333333333333,0.0,1.0,0.0,0.35714285714285715,1.0,0.5,0.3333333333333333,0.3333333333333333,0.0,1.0,0.0,1
0.3333333333333333,0.6470588235294118,0.0,0.0,0.44613183668977663,0.5,0.25,0.0,0.3333333333333333,0.0,0.0,0.6666666666666666,0.19642857142857142,1.0,0.5,0.3333333333333333,0.6666666666666666,0.0,0.0,0.0,1
0.3333333333333333,0.20588235294117646,0.75,0.005405405405405406,0.2226807527236712,0.0,1.0,1.0,0.0,0.0,0.6666666666666666,1.0,0.375,1.0,0.5,0.0,1.0,0.0,1.0,0.0,2
0.0,0.20588235294117646,1.0,0.013513513513513514,0.05172224056344228,0.0,0.0,0.3333333333333333,0.3333333333333333,0.0,1.0,1.0,0.6428571428571429,1.0,1.0,0.6666666666666666,0.0,1.0,0.0,0.0,2
1.0,0.5588235294117647,1.0,0.005405405405405406,0.2086497193793331,0.5,0.5,1.0,0.6666666666666666,0.0,1.0,0.0,0.30357142857142855,1.0,0.5,0.3333333333333333,0.6666666666666666,0.0,1.0,0.0,1
0.3333333333333333,0.47058823529411764,0.5,0.008108108108108109,0.1332122812809508,0.25,0.5,1.0,0.3333333333333333,0.5,1.0,1.0,0.5535714285714286,1.0,1.0,0.0,0.6666666666666666,0.0,0.0,0.0,2
1.0,0.029411764705882353,0.75,0.008108108108108109,0.03752613623858259,0.0,0.5,0.6666666666666666,0.3333333333333333,0.0,0.3333333333333333,0.0,0.08928571428571429,1.0,0.5,0.0,0.6666666666666666,0.0,0.0,0.0,1
1.0,0.16176470588235295,0.5,0.008108108108108109,0.18256850445691647,0.0,1.0,1.0,0.3333333333333333,0.0,0.3333333333333333,0.6666666666666666,0.625,0.0,0.0,0.0,1.0,0.0,1.0,0.0,1
1.0,0.25,0.5,0.008108108108108109,0.16011885110597557,1.0,1.0,1.0,0.6666666666666666,0.0,0.6666666666666666,0.3333333333333333,0.39285714285714285,1.0,0.5,0.0,0.6666666666666666,0.0,1.0,0.0,1
1.0,0.29411764705882354,0.5,0.008108108108108109,0.11191812479366127,0.0,0.75,1.0,0.6666666666666666,0.0,0.3333333333333333,0.6666666666666666,0.16071428571428573,1.0,0.5,0.0,0.6666666666666666,0.0,1.0,0.0,1
0.0,0.20588235294117646,0.0,0.005405405405405406,0.15758776273797734,0.0,0.25,0.0,0.3333333333333333,0.0,1.0,0.3333333333333333,0.125,1.0,0.0,0.0,0.6666666666666666,0.0,0.0,0.0,2
1.0,0.16176470588235295,0.5,0.010810810810810811,0.055683944095961266,0.5,0.75,1.0,0.6666666666666666,0.0,0.6666666666666666,0.3333333333333333,0.30357142857142855,1.0,0.5,0.3333333333333333,0.6666666666666666,0.0,1.0,0.0,1
1.0,0.29411764705882354,1.0,0.005405405405405406,0.26961593485198637,0.0,1.0,1.0,0.6666666666666666,0.0,1.0,0.6666666666666666,0.25,1.0,0.5,0.0,0.6666666666666666,0.0,1.0,0.0,1
0.3333333333333333,0.20588235294117646,0.5,0.016216216216216217,0.054418399911962144,1.0,0.5,1.0,0.6666666666666666,0.0,1.0,1.0,0.75,1.0,1.0,0.0,0.6666666666666666,0.0,0.0,0.0,1
1.0,0.47058823529411764,1.0,0.002702702702702703,0.3076923076923077,0.0,1.0,0.3333333333333333,0.6666666666666666,0.0,0.3333333333333333,0.3333333333333333,0.2857142857142857,1.0,0.5,0.3333333333333333,0.6666666666666666,1.0,1.0,0.0,1
0.3333333333333333,0.08823529411764706,0.25,0.008108108108108109,0.043908880818752064,0.0,0.5,1.0,0.6666666666666666,0.0,1.0,0.0,0.07142857142857142,0.5,0.5,0.0,0.3333333333333333,0.0,0.0,0.0,1
0.3333333333333333,0.11764705882352941,0.5,0.008108108108108109,0.04996148343787829,0.5,0.5,0.6666666666666666,0.0,0.0,0.0,0.6666666666666666,0.125,1.0,0.5,0.0,0.6666666666666666,0.0,1.0,0.0,1
1.0,0.20588235294117646,0.5,0.008108108108108109,0.06619346318917134,0.0,0.25,0.6666666666666666,0.3333333333333333,0.0,0.0,0.0,0.125,1.0,0.5,0.0,0.6666666666666666,0.0,0.0,0.0,1
0.3333333333333333,0.11764705882352941,0.5,0.008108108108108109,0.07246616044899307,0.0,0.5,0.0,0.3333333333333333,0.0,0.0,0.6666666666666666,0.05357142857142857,1.0,0.5,0.0,0.6666666666666666,0.0,1.0,0.0,1
1.0,0.11764705882352941,1.0,0.005405405405405406,0.07384175195333993,0.75,0.75,0.6666666666666666,0.3333333333333333,0.0,0.3333333333333333,0.3333333333333333,0.2857142857142857,1.0,0.5,0.0,0.6666666666666666,0.0,0.0,1.0,1
0.0,0.38235294117647056,0.5,0.013513513513513514,0.6464179597226808,0.0,0.25,0.0,0.0,0.0,0.0,1.0,0.26785714285714285,1.0,0.5,0.0,0.3333333333333333,0.0,1.0,0.0,2
0.6666666666666666,0.16176470588235295,0.5,0.024324324324324326,0.1340926598437328,0.0,0.75,0.3333333333333333,0.6666666666666666,0.0,1.0,0.3333333333333333,0.125,1.0,0.0,0.0,0.6666666666666666,0.0,1.0,0.0,1
0.6666666666666666,0.20588235294117646,0.5,0.005405405405405406,0.15401122482667548,0.0,0.25,0.0,0.3333333333333333,0.0,0.0,0.3333333333333333,0.4642857142857143,0.5,0.5,0.0,0.3333333333333333,0.0,0.0,0.0,1
0.6666666666666666,0.29411764705882354,0.5,0.008108108108108109,0.2697259821723341,0.0,0.75,1.0,0.6666666666666666,0.0,0.3333333333333333,0.6666666666666666,0.10714285714285714,0.0,0.5,0.0,0.6666666666666666,0.0,0.0,0.0,1
0.6666666666666666,0.20588235294117646,0.5,0.0,0.09414548255749973,0.0,1.0,0.6666666666666666,0.3333333333333333,0.0,0.3333333333333333,0.6666666666666666,0.07142857142857142,1.0,0.5,0.0,1.0,0.0,0.0,0.0,1
0.3333333333333333,0.6470588235294118,0.5,0.0,0.3471992956971498,0.25,0.75,0.6666666666666666,0.6666666666666666,0.0,0.3333333333333333,0.3333333333333333,0.08928571428571429,1.0,0.5,0.0,0.6666666666666666,0.0,0.0,0.0,2
0.3333333333333333,0.29411764705882354,0.75,0.024324324324324326,0.3695939253879168,0.25,0.75,1.0,0.6666666666666666,0.0,1.0,0.6666666666666666,0.30357142857142855,1.0,0.0,0.0,1.0,0.0,1.0,0.0,1
1.0,0.16176470588235295,0.5,0.0,0.16154946627049632,0.75,0.75,0.3333333333333333,0.3333333333333333,0.0,0.6666666666666666,0.6666666666666666,0.017857142857142856,1.0,0.0,0.0,0.6666666666666666,0.0,0.0,0.0,1
0.3333333333333333,0.16176470588235295,0.5,0.013513513513513514,0.13101133487399583,0.25,0.5,0.6666666666666666,0.3333333333333333,0.0,0.3333333333333333,0.0,0.10714285714285714,1.0,0.5,0.0,0.3333333333333333,0.0,0.0,0.0,1
1.0,0.20588235294117646,0.5,0.008108108108108109,0.010069329811819083,0.0,0.0,0.6666666666666666,0.3333333333333333,0.5,1.0,0.0,0.05357142857142857,1.0,0.0,0.0,0.6666666666666666,0.0,0.0,0.0,2
1.0,0.11764705882352941,0.5,0.024324324324324326,0.045449543303620554,0.0,0.5,0.3333333333333333,1.0,0.0,0.3333333333333333,0.0,0.125,1.0,0.5,0.0,0.6666666666666666,0.0,1.0,1.0,1
0.3333333333333333,0.25,1.0,0.024324324324324326,0.18719049191152196,0.0,0.75,0.3333333333333333,0.6666666666666666,0.0,0.6666666666666666,0.3333333333333333,0.14285714285714285,1.0,0.5,0.3333333333333333,0.6666666666666666,0.0,0.0,0.0,1
0.0,0.11764705882352941,0.5,0.0,0.050511720039617035,0.0,0.5,1.0,1.0,0.0,0.6666666666666666,0.0,0.14285714285714285,1.0,0.5,0.0,0.3333333333333333,0.0,0.0,0.0,1
0.0,0.6470588235294118,0.5,0.024324324324324326,0.2232860129855838,0.0,0.25,0.6666666666666666,0.3333333333333333,0.0,1.0,0.3333333333333333,0.08928571428571429,1.0,0.0,0.0,0.6666666666666666,0.0,0.0,0.0,2
0.0,0.16176470588235295,0.5,0.0,0.06344228018047761,0.0,0.5,0.3333333333333333,0.3333333333333333,0.0,1.0,0.6666666666666666,0.16071428571428573,1.0,0.0,0.0,0.6666666666666666,0.0,0.0,0.0,1
0.6666666666666666,0.11764705882352941,0.5,0.008108108108108109,0.1521954440409376,0.0,0.5,0.6666666666666666,1.0,0.0,0.0,0.6666666666666666,0.08928571428571429,1.0,0.5,0.0,0.6666666666666666,0.0,0.0,0.0,1
0.6666666666666666,0.47058823529411764,0.5,0.008108108108108109,0.23236491691427313,0.0,1.0,1.0,0.6666666666666666,0.0,0.3333333333333333,0.6666666666666666,0.21428571428571427,1.0,0.5,0.0,0.6666666666666666,0.0,0.0,0.0,1
0.0,0.11764705882352941,0.5,0.005405405405405406,0.07741828986464179,0.0,0.5,0.3333333333333333,0.6666666666666666,0.0,0.3333333333333333,0.0,0.14285714285714285,1.0,0.5,0.0,0.6666666666666666,0.0,0.0,0.0,1
1.0,0.29411764705882354,0.75,0.0,0.12589413447782546,0.0,1.0,1.0,0.6666666666666666,0.0,1.0,0.6666666666666666,0.5,1.0,0.5,0.3333333333333333,0.3333333333333333,1.0,0.0,0.0,2
0.6666666666666666,0.11764705882352941,0.5,0.005405405405405406,0.06459777704412897,1.0,1.0,0.6666666666666666,0.3333333333333333,0.0,1.0,0.0,0.6428571428571429,1.0,0.5,0.0,1.0,0.0,1.0,0.0,1
1.0,0.07352941176470588,0.5,0.008108108108108109,0.13464289644547156,0.0,0.5,0.0,0.6666666666666666,0.0,0.3333333333333333,0.0,0.23214285714285715,1.0,0.5,0.0,0.6666666666666666,1.0,0.0,0.0,1
0.0,0.29411764705882354,0.5,0.008108108108108109,0.12044679212061186,0.0,0.25,1.0,0.3333333333333333,0.0,1.0,0.0,0.2857142857142857,1.0,0.5,0.0,0.6666666666666666,0.0,1.0,0.0,2
0.3333333333333333,0.6470588235294118,0.5,0.024324324324324326,0.8485748872014967,0.0,0.5,0.3333333333333333,0.6666666666666666,0.0,0.3333333333333333,0.6666666666666666,0.07142857142857142,1.0,0.5,0.0,0.6666666666666666,0.0,1.0,0.0,2
0.0,0.29411764705882354,0.5,0.0,0.2512930560140861,0.0,0.75,0.3333333333333333,0.6666666666666666,0.5,0.6666666666666666,0.3333333333333333,0.21428571428571427,1.0,0.5,0.0,0.6666666666666666,0.0,1.0,0.0,2
0.3333333333333333,0.11764705882352941,0.5,0.002702702702702703,0.09783206778914934,1.0,0.5,1.0,0.6666666666666666,0.0,0.3333333333333333,0.6666666666666666,0.19642857142857142,1.0,0.5,0.0,0.6666666666666666,0.0,0.0,0.0,1
0.6666666666666666,0.5588235294117647,1.0,0.002702702702702703,0.2501375591504347,0.0,1.0,1.0,0.6666666666666666,0.0,1.0,1.0,0.6607142857142857,1.0,1.0,0.0,0.6666666666666666,0.0,0.0,0.0,1
0.3333333333333333,0.04411764705882353,0.5,0.008108108108108109,0.1279850335644327,0.0,0.5,0.3333333333333333,0.6666666666666666,1.0,0.3333333333333333,0.0,0.2857142857142857,1.0,0.5,0.0,0.6666666666666666,0.0,0.0,0.0,1
1.0,0.10294117647058823,1.0,0.0,0.06289204357873886,0.0,0.25,1.0,0.3333333333333333,0.0,1.0,0.6666666666666666,0.2857142857142857,1.0,0.5,0.3333333333333333,1.0,0.0,0.0,0.0,1
0.0,0.07352941176470588,1.0,0.0,0.14025530978320677,0.0,0.5,0.3333333333333333,0.6666666666666666,0.0,0.3333333333333333,0.0,0.30357142857142855,1.0,0.0,0.3333333333333333,0.6666666666666666,1.0,0.0,0.0,1
0.3333333333333333,0.6029411764705882,0.5,0.008108108108108109,0.15302079894354573,0.25,0.5,1.0,0.6666666666666666,1.0,1.0,0.3333333333333333,0.03571428571428571,1.0,0.0,0.0,0.6666666666666666,0.0,0.0,0.0,2
0.3333333333333333,0.11764705882352941,0.5,0.0,0.041652910751623196,0.75,0.5,1.0,1.0,0.0,0.0,0.0,0.05357142857142857,1.0,0.5,0.0,0.6666666666666666,0.0,0.0,0.0,1
0.0,0.11764705882352941,0.5,0.005405405405405406,0.05716958292065588,0.0,0.5,1.0,0.6666666666666666,1.0,0.0,0.3333333333333333,0.03571428571428571,1.0,0.5,0.0,0.3333333333333333,0.0,0.0,0.0,1
1.0,0.29411764705882354,1.0,0.024324324324324326,0.21398701441619897,0.25,0.5,0.6666666666666666,0.6666666666666666,0.0,0.6666666666666666,0.3333333333333333,0.14285714285714285,1.0,0.5,0.3333333333333333,0.3333333333333333,0.0,1.0,0.0,1
0.0,0.6470588235294118,0.5,0.008108108108108109,0.3713546825134808,0.0,0.75,0.0,1.0,1.0,0.0,0.0,0.26785714285714285,1.0,0.5,0.3333333333333333,0.6666666666666666,0.0,1.0,0.0,2
1.0,0.16176470588235295,1.0,0.008108108108108109,0.08688235941454825,0.0,1.0,1.0,0.6666666666666666,0.0,1.0,0.6666666666666666,0.48214285714285715,1.0,0.5,0.3333333333333333,0.6666666666666666,0.0,1.0,0.0,1
0.3333333333333333,0.07352941176470588,0.5,0.005405405405405406,0.09794211510949709,1.0,0.75,0.3333333333333333,0.6666666666666666,0.0,0.0,0.6666666666666666,0.08928571428571429,1.0,0.5,0.0,0.6666666666666666,0.0,1.0,0.0,1
0.0,0.29411764705882354,0.5,0.008108108108108109,0.18763068119291296,0.0,0.5,0.3333333333333333,0.3333333333333333,0.0,1.0,0.6666666666666666,0.16071428571428573,1.0,0.5,0.0,0.6666666666666666,0.0,0.0,0.0,1
0.3333333333333333,0.47058823529411764,0.75,0.024324324324324326,0.5286123032904149,0.25,0.75,0.0,0.6666666666666666,0.0,0.6666666666666666,0.3333333333333333,0.21428571428571427,1.0,0.5,0.3333333333333333,0.3333333333333333,1.0,1.0,0.0,1
1.0,0.029411764705882353,0.5,0.0,0.02321998459337515,0.0,0.0,0.0,0.3333333333333333,0.0,1.0,0.0,0.625,1.0,0.5,0.0,0.0,0.0,1.0,0.0,1
0.3333333333333333,0.20588235294117646,1.0,0.0,0.0348850005502366,0.0,1.0,1.0,0.6666666666666666,0.0,1.0,0.6666666666666666,0.30357142857142855,0.0,0.5,0.0,0.6666666666666666,1.0,1.0,0.0,2
0.6666666666666666,0.25,1.0,0.016216216216216217,0.11384395289974689,0.0,0.25,0.3333333333333333,0.0,0.0,0.0,0.6666666666666666,0.25,1.0,0.0,0.0,0.6666666666666666,0.0,0.0,0.0,2
1.0,0.29411764705882354,1.0,0.008108108108108109,0.11962143721800374,1.0,1.0,1.0,0.6666666666666666,0.0,1.0,0.3333333333333333,0.6071428571428571,1.0,0.5,0.3333333333333333,0.6666666666666666,0.0,0.0,0.0,1
1.0,0.11764705882352941,1.0,0.024324324324324326,0.11235831407505227,0.0,0.0,1.0,0.6666666666666666,0.0,0.3333333333333333,0.6666666666666666,0.4107142857142857,0.5,0.5,0.3333333333333333,1.0,0.0,1.0,0.0,2
0.3333333333333333,0.6470588235294118,0.25,0.024324324324324326,0.18245845713656872,0.25,0.75,1.0,0.6666666666666666,0.0,0.3333333333333333,0.6666666666666666,0.19642857142857142,1.0,0.5,0.0,0.6666666666666666,0.0,0.0,0.0,1
0.0,0.6470588235294118,0.5,0.002702702702702703,0.2496973698690437,0.0,0.75,1.0,0.6666666666666666,0.0,0.6666666666666666,0.3333333333333333,0.125,1.0,0.5,0.0,0.6666666666666666,1.0,0.0,0.0,1
0.3333333333333333,0.029411764705882353,0.5,0.013513513513513514,0.011224826675470452,0.0,0.25,0.6666666666666666,1.0,0.0,0.0,0.3333333333333333,0.05357142857142857,1.0,0.5,0.0,0.3333333333333333,0.0,0.0,0.0,1
1.0,0.6470588235294118,1.0,0.008108108108108109,0.18311874105865522,1.0,1.0,1.0,0.6666666666666666,0.0,0.0,0.0,0.5,1.0,0.5,0.0,0.6666666666666666,0.0,1.0,0.0,1
0.0,0.16176470588235295,1.0,0.005405405405405406,0.039892153626059204,0.0,0.5,0.3333333333333333,0.0,0.0,0.6666666666666666,0.3333333333333333,0.10714285714285714,1.0,0.5,0.3333333333333333,0.6666666666666666,0.0,0.0,0.0,1
0.0,0.11764705882352941,0.25,0.008108108108108109,0.10448993067018818,0.0,0.5,1.0,0.0,0.0,0.0,1.0,0.17857142857142858,1.0,1.0,0.0,0.6666666666666666,0.0,0.0,0.0,2
1.0,0.029411764705882353,0.25,0.0,0.029327610872675252,1.0,0.5,0.0,0.6666666666666666,1.0,0.3333333333333333,0.0,0.125,0.5,0.5,0.0,0.3333333333333333,1.0,0.0,0.0,1
1.0,0.29411764705882354,0.5,0.024324324324324326,0.055463849455265765,0.0,0.75,1.0,0.6666666666666666,0.0,0.0,0.0,0.10714285714285714,1.0,0.5,0.0,0.6666666666666666,0.0,1.0,0.0,1
1.0,0.38235294117647056,1.0,0.008108108108108109,0.15555188731154396,1.0,1.0,0.6666666666666666,0.6666666666666666,0.0,0.3333333333333333,0.6666666666666666,0.375,1.0,0.5,0.3333333333333333,0.6666666666666666,1.0,1.0,0.0,1
1.0,0.10294117647058823,1.0,0.008108108108108109,0.04974138879718279,0.25,0.0,1.0,0.3333333333333333,0.0,1.0,0.0,0.6785714285714286,1.0,0.5,0.6666666666666666,0.3333333333333333,0.0,0.0,0.0,1
0.3333333333333333,0.47058823529411764,0.75,0.0,0.14372180037416088,0.25,1.0,1.0,0.6666666666666666,0.0,0.6666666666666666,1.0,0.19642857142857142,1.0,1.0,0.0,0.6666666666666666,0.0,0.0,0.0,1
1.0,0.029411764705882353,0.5,0.008108108108108109,0.014746340926598437,0.0,0.5,0.6666666666666666,0.3333333333333333,0.0,0.0,0.0,0.17857142857142858,1.0,0.5,0.0,0.6666666666666666,0.0,0.0,0.0,1
0.3333333333333333,0.3382352941176471,0.75,0.002702702702702703,0.31446021789369427,0.0,1.0,0.0,0.6666666666666666,0.0,0.3333333333333333,0.6666666666666666,0.19642857142857142,1.0,0.5,0.3333333333333333,1.0,0.0,1.0,0.0,1
0.0,0.47058823529411764,0.5,0.0,0.16501595686145043,0.0,0.75,0.3333333333333333,0.6666666666666666,0.0,1.0,1.0,0.35714285714285715,0.0,1.0,0.0,1.0,1.0,1.0,0.0,1
0.3333333333333333,0.029411764705882353,0.25,0.0,0.03747111257840872,0.25,0.25,0.0,0.3333333333333333,0.0,0.0,0.3333333333333333,0.23214285714285715,0.5,0.5,0.0,0.3333333333333333,0.0,0.0,0.0,2
0.0,0.20588235294117646,0.5,0.0,0.10999229668757565,0.25,0.75,1.0,0.6666666666666666,0.0,0.6666666666666666,0.6666666666666666,0.19642857142857142,1.0,0.5,0.0,1.0,1.0,1.0,0.0,1
1.0,0.07352941176470588,1.0,0.016216216216216217,0.037746230879278087,0.5,1.0,1.0,0.6666666666666666,0.0,0.3333333333333333,0.6666666666666666,0.5892857142857143,1.0,0.5,0.3333333333333333,0.6666666666666666,0.0,1.0,0.0,1
1.0,0.29411764705882354,0.5,0.008108108108108109,0.05656432265874326,0.0,1.0,1.0,0.6666666666666666,0.0,0.0,0.0,0.30357142857142855,1.0,0.5,0.0,1.0,0.0,1.0,0.0,1
0.0,0.11764705882352941,0.5,0.008108108108108109,0.025255860019808517,0.0,1.0,1.0,0.6666666666666666,0.0,1.0,0.0,0.6785714285714286,0.5,0.5,0.0,0.3333333333333333,0.0,0.0,0.0,2
0.3333333333333333,0.29411764705882354,0.5,0.0,0.060801144492131615,0.0,0.25,0.6666666666666666,0.3333333333333333,0.0,1.0,0.6666666666666666,0.10714285714285714,1.0,0.5,0.0,0.3333333333333333,0.0,1.0,0.0,2
0.6666666666666666,0.29411764705882354,1.0,0.008108108108108109,0.15945856718388907,1.0,0.5,0.6666666666666666,0.6666666666666666,0.0,0.3333333333333333,0.6666666666666666,0.21428571428571427,1.0,0.5,0.3333333333333333,0.6666666666666666,0.0,1.0,0.0,1
0.3333333333333333,0.20588235294117646,0.75,0.024324324324324326,0.11978650819852536,1.0,1.0,1.0,0.6666666666666666,0.0,0.3333333333333333,0.3333333333333333,0.4107142857142857,1.0,0.5,0.3333333333333333,0.6666666666666666,0.0,0.0,0.0,1
0.0,0.29411764705882354,0.25,0.0,0.05188731154396391,0.0,0.0,0.0,0.3333333333333333,0.5,1.0,1.0,0.17857142857142858,1.0,0.0,0.3333333333333333,0.0,0.0,0.0,0.0,2
1.0,0.29411764705882354,0.5,0.0,0.39303400462198745,0.0,0.5,0.0,0.6666666666666666,0.0,1.0,0.3333333333333333,0.42857142857142855,1.0,0.5,0.0,0.3333333333333333,1.0,0.0,0.0,1
1.0,0.07352941176470588,1.0,0.005405405405405406,0.118631011334874,0.0,0.0,0.3333333333333333,0.6666666666666666,0.0,0.6666666666666666,0.6666666666666666,0.21428571428571427,1.0,0.5,0.0,1.0,0.0,0.0,0.0,1
1.0,0.16176470588235295,0.5,0.002702702702702703,0.19599427753934193,0.25,0.25,0.0,0.3333333333333333,0.0,1.0,0.6666666666666666,0.07142857142857142,1.0,0.5,0.0,0.6666666666666666,0.0,1.0,0.0,1
0.3333333333333333,0.20588235294117646,1.0,0.008108108108108109,0.08501155496863651,0.0,1.0,0.6666666666666666,0.3333333333333333,1.0,1.0,0.0,0.5178571428571429,0.0,0.0,0.3333333333333333,0.3333333333333333,0.0,1.0,0.0,1
1.0,0.20588235294117646,0.25,0.0,0.34158688235941453,0.0,1.0,0.3333333333333333,0.6666666666666666,0.0,1.0,1.0,0.35714285714285715,0.0,0.5,0.3333333333333333,1.0,1.0,1.0,0.0,2
0.0,0.029411764705882353,0.5,0.002702702702702703,0.06063607351160999,0.5,0.0,0.0,0.3333333333333333,0.0,0.3333333333333333,0.3333333333333333,0.07142857142857142,1.0,0.0,0.0,0.0,0.0,1.0,0.0,1
0.3333333333333333,0.11764705882352941,0.5,0.005405405405405406,0.09199955981071861,0.0,0.5,1.0,0.6666666666666666,0.0,0.3333333333333333,0.3333333333333333,0.32142857142857145,1.0,0.5,0.0,0.3333333333333333,0.0,0.0,0.0,2
0.0,0.11764705882352941,1.0,0.002702702702702703,0.0702101903818642,0.0,1.0,1.0,0.6666666666666666,0.0,1.0,1.0,0.8392857142857143,1.0,1.0,0.3333333333333333,1.0,0.0,0.0,0.0,1
1.0,0.20588235294117646,0.5,0.008108108108108109,0.23902277979531197,0.0,0.25,0.6666666666666666,0.6666666666666666,0.0,0.3333333333333333,0.6666666666666666,0.23214285714285715,1.0,0.5,0.0,0.6666666666666666,0.0,1.0,0.0,1
0.3333333333333333,0.47058823529411764,0.0,0.024324324324324326,0.09370529327610873,0.0,1.0,1.0,0.6666666666666666,0.0,1.0,1.0,0.75,1.0,1.0,0.0,1.0,0.0,1.0,0.0,2
0.0,0.08823529411764706,1.0,0.0,0.10955210740618467,0.0,0.25,0.0,0.6666666666666666,0.0,0.6666666666666666,0.0,0.5178571428571429,1.0,0.0,0.3333333333333333,0.3333333333333333,1.0,0.0,1.0,1
0.3333333333333333,0.29411764705882354,0.5,0.005405405405405406,0.22565203037306042,1.0,0.5,0.0,0.3333333333333333,0.0,1.0,0.3333333333333333,0.5178571428571429,1.0,0.5,0.0,0.3333333333333333,0.0,1.0,0.0,1
1.0,0.3382352941176471,0.5,0.013513513513513514,0.2718168812589413,1.0,1.0,1.0,0.6666666666666666,0.0,1.0,0.3333333333333333,0.5178571428571429,1.0,0.5,1.0,0.6666666666666666,1.0,1.0,0.0,1
0.3333333333333333,0.25,0.5,0.024324324324324326,0.1384945526576428,0.25,1.0,1.0,0.0,0.0,0.3333333333333333,0.6666666666666666,0.75,0.0,0.0,0.3333333333333333,0.3333333333333333,0.0,0.0,0.0,2
0.0,0.6470588235294118,0.0,0.005405405405405406,0.37795752173434577,0.0,0.5,0.6666666666666666,0.6666666666666666,0.0,1.0,1.0,0.6071428571428571,1.0,1.0,0.3333333333333333,0.6666666666666666,1.0,0.0,0.0,2
1.0,0.29411764705882354,0.5,0.0,0.06289204357873886,0.0,0.5,0.3333333333333333,0.6666666666666666,1.0,0.3333333333333333,0.0,0.21428571428571427,1.0,0.5,0.0,0.6666666666666666,0.0,1.0,0.0,1
0.3333333333333333,0.029411764705882353,0.5,0.008108108108108109,0.006492791900517223,1.0,1.0,1.0,0.6666666666666666,0.0,1.0,0.3333333333333333,0.3392857142857143,1.0,0.5,0.0,0.6666666666666666,0.0,0.0,0.0,1
0.3333333333333333,0.029411764705882353,0.75,0.024324324324324326,0.06597336854847584,0.25,1.0,0.0,0.0,0.0,0.3333333333333333,0.6666666666666666,0.21428571428571427,0.0,0.5,0.3333333333333333,0.6666666666666666,1.0,0.0,0.0,1
1.0,0.20588235294117646,1.0,0.005405405405405406,0.19423352041377792,0.0,0.25,0.6666666666666666,0.0,0.0,0.3333333333333333,0.6666666666666666,0.2857142857142857,1.0,0.5,0.3333333333333333,1.0,0.0,1.0,0.0,1
0.6666666666666666,0.08823529411764706,0.5,0.0,0.20353251898316277,0.0,0.25,0.0,0.6666666666666666,1.0,0.0,0.3333333333333333,0.32142857142857145,1.0,0.5,0.0,0.3333333333333333,1.0,0.0,0.0,1
0.3333333333333333,0.16176470588235295,0.5,0.013513513513513514,0.06954990645977771,0.25,0.5,1.0,0.6666666666666666,1.0,0.3333333333333333,0.0,0.05357142857142857,1.0,0.5,0.0,0.6666666666666666,0.0,0.0,0.0,1
0.0,0.11764705882352941,0.5,0.008108108108108109,0.10806646858149004,0.0,0.5,1.0,0.6666666666666666,0.0,0.6666666666666666,0.3333333333333333,0.08928571428571429,1.0,0.5,0.0,0.3333333333333333,0.0,0.0,0.0,1
1.0,0.47058823529411764,0.0,0.013513513513513514,0.13002090899086607,0.0,0.5,1.0,0.6666666666666666,0.0,0.3333333333333333,0.6666666666666666,0.14285714285714285,1.0,0.5,0.3333333333333333,0.6666666666666666,0.0,0.0,0.0,1
1.0,0.029411764705882353,0.5,0.010810810810810811,0.059865742269175744,0.5,0.5,0.0,0.0,0.0,1.0,0.0,0.7678571428571429,1.0,0.5,0.0,0.6666666666666666,0.0,0.0,0.0,1
1.0,0.11764705882352941,1.0,0.0,0.03719599427753934,0.0,0.0,0.0,0.3333333333333333,0.0,0.3333333333333333,0.3333333333333333,0.3392857142857143,1.0,0.5,0.0,0.0,0.0,0.0,0.0,1
1.0,0.29411764705882354,1.0,0.008108108108108109,0.26702982282381427,0.0,0.25,0.6666666666666666,1.0,0.0,0.6666666666666666,1.0,0.5,1.0,1.0,0.6666666666666666,0.6666666666666666,0.0,1.0,0.0,1
0.6666666666666666,0.08823529411764706,0.5,0.0,0.05447342357213602,0.25,1.0,0.0,0.3333333333333333,0.0,1.0,1.0,0.5178571428571429,1.0,1.0,0.0,0.3333333333333333,1.0,0.0,0.0,2
0.0,0.20588235294117646,0.0,0.024324324324324326,0.1570375261362386,0.0,0.75,0.6666666666666666,0.6666666666666666,0.0,0.0,0.3333333333333333,0.21428571428571427,0.0,0.5,0.0,0.6666666666666666,0.0,1.0,0.0,1
0.3333333333333333,0.20588235294117646,0.75,0.013513513513513514,0.32761087267525035,0.0,0.5,0.3333333333333333,0.6666666666666666,0.0,1.0,0.0,0.44642857142857145,1.0,0.5,0.0,0.3333333333333333,1.0,1.0,0.0,1
1.0,0.35294117647058826,1.0,0.008108108108108109,0.1371739848134698,0.0,1.0,1.0,0.6666666666666666,0.0,0.3333333333333333,0.6666666666666666,0.17857142857142858,1.0,0.5,0.3333333333333333,0.6666666666666666,0.0,0.0,0.0,1
1.0,0.29411764705882354,1.0,0.002702702702702703,0.30560140860570045,0.75,0.5,1.0,0.6666666666666666,0.0,0.3333333333333333,0.0,0.14285714285714285,1.0,0.5,0.3333333333333333,0.6666666666666666,0.0,0.0,0.0,1
0.3333333333333333,0.16176470588235295,1.0,0.008108108108108109,0.13634862991086166,1.0,0.75,1.0,0.6666666666666666,1.0,0.3333333333333333,0.0,0.2857142857142857,0.0,0.5,0.6666666666666666,0.6666666666666666,0.0,1.0,0.0,1
0.6666666666666666,0.0,0.5,0.0,0.06844943325630021,1.0,0.25,0.0,0.6666666666666666,0.0,0.3333333333333333,0.0,0.17857142857142858,1.0,0.5,0.0,0.3333333333333333,1.0,0.0,1.0,1
1.0,0.11764705882352941,1.0,0.005405405405405406,0.055463849455265765,0.0,0.25,0.3333333333333333,0.3333333333333333,0.0,1.0,0.3333333333333333,0.05357142857142857,1.0,0.0,0.3333333333333333,0.3333333333333333,0.0,0.0,0.0,1
0.0,0.5588235294117647,0.5,0.005405405405405406,0.4199405744470122,0.0,0.75,0.3333333333333333,0.6666666666666666,1.0,1.0,0.3333333333333333,0.4642857142857143,1.0,1.0,0.0,0.6666666666666666,1.0,0.0,0.0,1
0.3333333333333333,0.6470588235294118,0.75,1.0,0.4034334763948498,0.25,0.0,0.3333333333333333,0.6666666666666666,0.0,1.0,1.0,0.21428571428571427,1.0,1.0,0.0,1.0,0.0,1.0,0.0,1
0.0,0.47058823529411764,0.5,0.002702702702702703,0.43903378452734676,0.0,0.5,0.3333333333333333,0.6666666666666666,0.0,0.3333333333333333,0.3333333333333333,0.125,1.0,0.5,0.0,0.6666666666666666,1.0,0.0,0.0,2
0.3333333333333333,0.11764705882352941,0.5,0.005405405405405406,0.15225046770111147,0.0,0.25,0.6666666666666666,0.3333333333333333,0.0,0.0,0.0,0.26785714285714285,1.0,0.0,0.0,1.0,0.0,0.0,0.0,1
1.0,0.11764705882352941,0.5,0.0,0.06250687795752173,0.5,0.5,0.3333333333333333,0.3333333333333333,0.0,0.3333333333333333,0.3333333333333333,0.125,1.0,0.5,0.0,0.6666666666666666,0.0,0.0,0.0,2
0.0,0.20588235294117646,0.5,0.008108108108108109,0.16176956091119182,0.0,0.5,0.3333333333333333,0.3333333333333333,0.0,0.3333333333333333,0.0,0.08928571428571429,1.0,0.5,0.0,0.6666666666666666,0.0,0.0,0.0,2
1.0,0.08823529411764706,0.5,0.0,0.05827005612413338,1.0,0.5,1.0,0.6666666666666666,1.0,1.0,0.3333333333333333,0.14285714285714285,1.0,0.5,0.0,0.3333333333333333,0.0,0.0,0.0,2
0.0,0.11764705882352941,0.5,0.002702702702702703,0.17255419830527127,0.0,1.0,0.6666666666666666,0.6666666666666666,0.0,1.0,1.0,0.2857142857142857,1.0,1.0,0.0,0.6666666666666666,0.0,1.0,0.0,2
0.3333333333333333,0.20588235294117646,1.0,0.024324324324324326,0.18377902498074172,0.0,0.0,0.6666666666666666,1.0,0.0,0.6666666666666666,0.6666666666666666,0.375,1.0,0.5,0.6666666666666666,0.0,1.0,1.0,0.0,1
1.0,0.16176470588235295,0.75,0.005405405405405406,0.039066798723451084,0.75,0.75,0.6666666666666666,0.3333333333333333,0.0,0.3333333333333333,0.3333333333333333,0.19642857142857142,1.0,0.5,0.3333333333333333,0.6666666666666666,0.0,0.0,0.0,1
1.0,0.6470588235294118,1.0,0.002702702702702703,0.6239683063717398,0.25,0.5,0.3333333333333333,0.3333333333333333,0.0,1.0,0.6666666666666666,0.08928571428571429,0.0,0.0,0.3333333333333333,0.3333333333333333,0.0,0.0,0.0,2
0.3333333333333333,0.29411764705882354,1.0,1.0,0.6431165401122483,0.0,0.5,0.3333333333333333,0.6666666666666666,0.5,0.6666666666666666,0.6666666666666666,0.35714285714285715,1.0,0.5,0.3333333333333333,1.0,1.0,1.0,0.0,2
0.0,0.11764705882352941,0.5,0.005405405405405406,0.025200836359634642,0.0,0.5,0.3333333333333333,0.6666666666666666,1.0,0.6666666666666666,0.3333333333333333,0.3392857142857143,1.0,0.5,0.0,0.3333333333333333,1.0,0.0,0.0,1
0.6666666666666666,0.029411764705882353,0.5,0.005405405405405406,0.10267414988445031,0.0,0.5,0.3333333333333333,0.6666666666666666,0.0,0.3333333333333333,0.0,0.39285714285714285,1.0,0.5,0.0,0.6666666666666666,0.0,1.0,0.0,1
1.0,0.47058823529411764,1.0,0.0,0.350170573346539,0.0,1.0,1.0,0.6666666666666666,0.0,1.0,0.6666666666666666,0.26785714285714285,1.0,0.5,0.3333333333333333,1.0,0.0,1.0,0.0,1
0.0,0.25,1.0,0.0,0.0176625949158138,0.0,1.0,1.0,0.6666666666666666,0.0,1.0,0.0,0.8214285714285714,1.0,0.5,0.3333333333333333,0.6666666666666666,0.0,0.0,0.0,1
0.3333333333333333,0.20588235294117646,1.0,0.005405405405405406,0.18498954550456698,0.0,1.0,0.6666666666666666,0.3333333333333333,0.0,1.0,0.3333333333333333,0.32142857142857145,1.0,0.5,0.0,0.6666666666666666,0.0,1.0,0.0,1
0.0,0.29411764705882354,0.25,0.005405405405405406,0.3643666776713987,0.0,0.25,0.3333333333333333,0.0,0.0,0.0,0.3333333333333333,0.6428571428571429,0.0,0.5,0.0,0.6666666666666666,0.0,1.0,0.0,2
0.3333333333333333,0.08823529411764706,0.5,0.005405405405405406,0.06993507208099482,0.0,0.5,1.0,0.0,0.0,0.3333333333333333,0.6666666666666666,0.21428571428571427,1.0,0.5,0.0,0.3333333333333333,0.0,0.0,0.0,1
1.0,0.11764705882352941,1.0,0.005405405405405406,0.09271486739297898,0.0,1.0,1.0,0.6666666666666666,0.0,1.0,0.0,0.42857142857142855,1.0,0.5,0.6666666666666666,0.6666666666666666,0.0,1.0,0.0,1
0.3333333333333333,0.058823529411764705,0.5,0.008108108108108109,0.02806206668867613,0.0,0.75,1.0,0.3333333333333333,1.0,0.3333333333333333,0.0,0.44642857142857145,1.0,0.5,0.0,0.3333333333333333,0.0,0.0,0.0,1
0.0,0.29411764705882354,0.25,0.005405405405405406,0.14185099592824915,0.5,0.5,1.0,0.6666666666666666,0.0,1.0,0.0,0.05357142857142857,0.5,0.5,0.0,0.6666666666666666,0.0,1.0,0.0,1
0.3333333333333333,0.47058823529411764,0.25,0.010810810810810811,0.20578848905029162,1.0,0.25,0.6666666666666666,0.3333333333333333,0.0,0.3333333333333333,1.0,0.17857142857142858,0.0,0.5,0.0,0.0,0.0,0.0,0.0,1
0.0,0.29411764705882354,0.5,0.0,0.06558820292725873,0.0,0.75,1.0,0.3333333333333333,0.0,1.0,0.6666666666666666,0.07142857142857142,1.0,0.0,0.3333333333333333,0.6666666666666666,0.0,0.0,0.0,2
0.0,0.11764705882352941,0.5,0.0,0.0357653791130186,1.0,0.5,1.0,1.0,0.0,0.3333333333333333,0.6666666666666666,0.07142857142857142,1.0,0.5,0.0,0.6666666666666666,0.0,0.0,0.0,2
1.0,0.029411764705882353,0.0,0.0,0.05249257180587653,0.25,0.5,1.0,0.6666666666666666,0.0,0.0,1.0,0.2857142857142857,0.0,0.0,0.0,0.6666666666666666,0.0,0.0,1.0,1
1.0,0.5147058823529411,0.5,0.002702702702702703,0.4587872785297678,0.25,1.0,1.0,0.6666666666666666,0.0,0.3333333333333333,0.6666666666666666,0.4642857142857143,1.0,0.5,0.0,1.0,0.0,1.0,0.0,1
0.3333333333333333,0.29411764705882354,1.0,0.005405405405405406,0.2468361395400022,0.0,0.25,0.3333333333333333,0.3333333333333333,0.0,1.0,0.6666666666666666,0.10714285714285714,0.0,0.5,0.0,0.3333333333333333,0.0,0.0,0.0,2
1.0,0.47058823529411764,0.5,0.008108108108108109,0.1179707274127875,1.0,0.5,1.0,0.3333333333333333,0.0,1.0,0.6666666666666666,0.10714285714285714,1.0,0.5,0.0,0.6666666666666666,0.0,0.0,0.0,1
1.0,0.16176470588235295,0.5,0.005405405405405406,0.1352481567073842,0.0,0.25,0.3333333333333333,0.6666666666666666,0.0,0.6666666666666666,0.3333333333333333,0.14285714285714285,0.0,0.5,0.3333333333333333,0.3333333333333333,0.0,0.0,0.0,1
0.3333333333333333,0.11764705882352941,0.0,0.021621621621621623,0.06382744580169473,0.0,0.5,0.3333333333333333,0.6666666666666666,0.0,0.3333333333333333,0.0,0.21428571428571427,1.0,0.5,0.0,0.3333333333333333,0.0,1.0,0.0,1
0.0,0.25,0.5,0.008108108108108109,0.0872125013755915,0.0,0.5,0.6666666666666666,0.3333333333333333,0.0,0.3333333333333333,0.0,0.10714285714285714,1.0,0.5,0.3333333333333333,0.6666666666666666,0.0,1.0,0.0,2
0.0,0.11764705882352941,0.25,0.0,0.02459557609772202,0.0,0.25,1.0,0.6666666666666666,0.0,0.3333333333333333,0.6666666666666666,0.48214285714285715,0.0,0.5,0.3333333333333333,0.6666666666666666,0.0,1.0,0.0,2
0.3333333333333333,0.11764705882352941,0.75,0.008108108108108109,0.018432926158248045,0.0,0.5,1.0,1.0,0.5,1.0,0.0,0.017857142857142856,1.0,0.0,0.3333333333333333,0.6666666666666666,0.0,0.0,0.0,1
1.0,0.08823529411764706,0.5,0.0,0.0713106635853417,0.0,0.5,0.6666666666666666,0.6666666666666666,0.0,0.3333333333333333,0.0,0.21428571428571427,1.0,0.5,0.0,0.3333333333333333,1.0,0.0,1.0,1
1.0,0.11764705882352941,1.0,0.0,0.06850445691647408,0.0,1.0,1.0,0.6666666666666666,0.0,0.0,0.0,0.3392857142857143,1.0,0.5,0.3333333333333333,0.3333333333333333,1.0,0.0,0.0,1
1.0,0.029411764705882353,0.75,0.024324324324324326,0.08215032463959503,0.25,0.5,0.0,0.6666666666666666,0.0,0.3333333333333333,0.0,0.26785714285714285,1.0,0.5,0.3333333333333333,0.3333333333333333,0.0,0.0,0.0,1
0.6666666666666666,0.11764705882352941,0.25,0.008108108108108109,0.008748761967646087,0.75,0.5,0.6666666666666666,0.3333333333333333,0.0,0.6666666666666666,0.0,0.4107142857142857,1.0,0.0,0.3333333333333333,0.6666666666666666,0.0,0.0,0.0,1
0.0,0.11764705882352941,0.75,0.0,0.060195884230218995,0.0,0.5,1.0,0.6666666666666666,0.0,0.3333333333333333,0.0,0.42857142857142855,1.0,0.5,0.3333333333333333,0.3333333333333333,1.0,0.0,0.0,1
1.0,0.16176470588235295,0.5,0.0,0.27919005172224054,0.5,1.0,0.0,0.3333333333333333,0.0,1.0,1.0,0.2857142857142857,1.0,1.0,0.0,0.6666666666666666,0.0,0.0,0.0,1
0.3333333333333333,0.14705882352941177,0.5,0.024324324324324326,0.06382744580169473,0.5,1.0,0.0,1.0,0.0,0.3333333333333333,0.0,0.2857142857142857,1.0,0.5,0.0,0.6666666666666666,0.0,1.0,0.0,1
0.0,0.08823529411764706,1.0,0.0,0.04335864421701332,0.0,0.75,1.0,0.6666666666666666,0.5,0.6666666666666666,0.3333333333333333,0.5357142857142857,1.0,0.5,0.3333333333333333,0.6666666666666666,0.0,1.0,0.0,1
0.0,0.6470588235294118,1.0,0.002702702702702703,0.324254429404644,0.0,1.0,1.0,0.3333333333333333,0.0,1.0,1.0,0.6964285714285714,0.5,1.0,0.3333333333333333,0.3333333333333333,0.0,0.0,0.0,2
0.0,0.6323529411764706,0.5,0.0,0.5762077693408165,0.0,0.25,0.0,0.3333333333333333,0.0,0.0,0.0,0.2857142857142857,1.0,0.5,0.0,0.3333333333333333,0.0,1.0,0.0,1
0.6666666666666666,0.07352941176470588,0.0,0.008108108108108109,0.05981071860900187,0.0,0.25,1.0,0.6666666666666666,0.0,0.3333333333333333,0.6666666666666666,0.26785714285714285,1.0,0.5,0.3333333333333333,1.0,0.0,1.0,0.0,2
0.0,0.6470588235294118,0.0,0.002702702702702703,0.2396280400572246,0.0,1.0,0.6666666666666666,0.6666666666666666,0.0,1.0,1.0,0.08928571428571429,1.0,1.0,0.3333333333333333,0.6666666666666666,1.0,0.0,0.0,2
0.3333333333333333,0.47058823529411764,0.5,0.005405405405405406,0.48332783096731596,0.25,0.25,1.0,0.6666666666666666,0.5,0.0,1.0,0.17857142857142858,1.0,0.0,0.0,1.0,0.0,1.0,0.0,2
1.0,0.08823529411764706,0.5,0.005405405405405406,0.10784637394079453,0.0,0.5,0.3333333333333333,0.6666666666666666,0.0,0.3333333333333333,0.0,0.10714285714285714,0.0,0.0,0.0,0.3333333333333333,0.0,0.0,0.0,2
1.0,0.11764705882352941,0.5,0.024324324324324326,0.0710905689446462,0.0,0.75,0.3333333333333333,0.6666666666666666,0.0,1.0,0.6666666666666666,0.30357142857142855,1.0,0.5,0.0,0.6666666666666666,0.0,1.0,0.0,1
1.0,0.29411764705882354,0.5,0.008108108108108109,0.0412127214702322,1.0,1.0,1.0,0.6666666666666666,0.0,0.3333333333333333,0.6666666666666666,0.10714285714285714,1.0,0.5,0.3333333333333333,0.6666666666666666,0.0,0.0,0.0,1
0.3333333333333333,0.29411764705882354,1.0,0.008108108108108109,0.08215032463959503,0.0,1.0,1.0,0.6666666666666666,0.0,0.3333333333333333,0.3333333333333333,0.5178571428571429,1.0,0.5,0.3333333333333333,0.3333333333333333,0.0,0.0,0.0,1
0.3333333333333333,0.29411764705882354,0.5,0.008108108108108109,0.09843732805106195,0.0,0.25,0.0,1.0,0.0,0.0,0.3333333333333333,0.05357142857142857,1.0,0.5,0.0,0.6666666666666666,0.0,1.0,0.0,2
1.0,0.29411764705882354,0.5,0.002702702702702703,0.17816661164300648,0.25,0.75,0.6666666666666666,0.3333333333333333,0.0,1.0,0.6666666666666666,0.07142857142857142,1.0,0.5,0.0,0.6666666666666666,0.0,0.0,0.0,1
0.3333333333333333,0.10294117647058823,0.75,0.008108108108108109,0.24876196764608782,0.0,0.75,0.3333333333333333,0.6666666666666666,0.0,1.0,0.3333333333333333,0.5714285714285714,1.0,0.5,0.0,0.6666666666666666,0.0,0.0,0.0,1
0.0,0.11764705882352941,0.5,0.005405405405405406,0.08847804555959063,0.0,0.25,1.0,0.3333333333333333,0.0,0.0,0.6666666666666666,0.05357142857142857,1.0,0.0,0.0,0.6666666666666666,0.0,0.0,0.0,1
0.6666666666666666,0.47058823529411764,0.5,0.008108108108108109,0.20155166721690326,0.0,0.5,0.3333333333333333,0.6666666666666666,0.0,0.3333333333333333,0.0,0.07142857142857142,1.0,0.5,0.0,0.6666666666666666,0.0,1.0,0.0,1
1.0,0.29411764705882354,0.75,0.024324324324324326,0.46208869814020026,0.0,0.25,0.3333333333333333,0.6666666666666666,0.0,0.3333333333333333,0.6666666666666666,0.14285714285714285,0.0,0.5,0.3333333333333333,0.6666666666666666,0.0,1.0,0.0,2
0.0,0.6470588235294118,0.5,0.010810810810810811,0.15412127214702323,0.0,0.5,0.6666666666666666,0.6666666666666666,0.0,1.0,0.6666666666666666,0.625,1.0,0.5,0.0,0.6666666666666666,0.0,0.0,0.0,2
0.3333333333333333,0.20588235294117646,1.0,0.005405405405405406,0.33624958732254867,0.0,1.0,0.3333333333333333,0.6666666666666666,0.0,0.0,1.0,0.39285714285714285,1.0,0.5,0.0,0.6666666666666666,0.0,1.0,0.0,1
1.0,0.16176470588235295,1.0,0.008108108108108109,0.06718388907230109,0.0,0.5,1.0,0.6666666666666666,0.0,1.0,1.0,0.2857142857142857,1.0,1.0,0.3333333333333333,0.6666666666666666,0.0,1.0,0.0,1
0.6666666666666666,0.08823529411764706,0.5,0.005405405405405406,0.056399251678221636,0.0,0.25,1.0,0.3333333333333333,0.0,0.3333333333333333,0.3333333333333333,0.07142857142857142,1.0,0.5,0.0,0.6666666666666666,0.0,0.0,0.0,1
1.0,0.20588235294117646,1.0,0.008108108108108109,0.11852096401452625,0.0,0.5,0.3333333333333333,0.3333333333333333,0.0,0.3333333333333333,0.6666666666666666,0.125,1.0,0.5,0.3333333333333333,0.6666666666666666,0.0,0.0,0.0,1
0.0,0.29411764705882354,0.75,0.008108108108108109,0.042588312974579066,0.0,0.25,1.0,1.0,0.0,1.0,0.0,0.5178571428571429,0.5,0.5,0.0,0.6666666666666666,0.0,0.0,0.0,2
1.0,0.29411764705882354,0.5,0.008108108108108109,0.05838010344448113,0.25,0.75,1.0,1.0,0.0,0.6666666666666666,0.3333333333333333,0.125,1.0,0.5,0.0,0.6666666666666666,0.0,1.0,0.0,1
0.3333333333333333,0.17647058823529413,1.0,0.0,0.05089688566083416,0.0,0.0,0.3333333333333333,0.6666666666666666,0.0,0.6666666666666666,0.6666666666666666,0.875,1.0,1.0,0.6666666666666666,0.0,0.0,1.0,0.0,1
1.0,0.04411764705882353,1.0,0.008108108108108109,0.02641135688345989,1.0,1.0,1.0,0.6666666666666666,0.0,0.3333333333333333,0.3333333333333333,0.48214285714285715,1.0,0.0,0.3333333333333333,0.3333333333333333,0.0,1.0,0.0,1
1.0,0.20588235294117646,1.0,0.0,0.0704302850225597,0.0,0.5,0.6666666666666666,0.6666666666666666,0.0,0.3333333333333333,0.3333333333333333,0.23214285714285715,0.0,0.5,0.3333333333333333,0.6666666666666666,0.0,0.0,0.0,2
0.0,0.6470588235294118,0.5,0.008108108108108109,0.358093980411577,0.0,0.5,0.6666666666666666,0.3333333333333333,0.0,0.3333333333333333,0.6666666666666666,0.21428571428571427,1.0,0.5,0.0,0.6666666666666666,0.0,1.0,0.0,2
1.0,0.29411764705882354,0.5,0.008108108108108109,0.061956641355782986,0.5,0.75,1.0,0.3333333333333333,0.0,0.0,0.6666666666666666,0.16071428571428573,1.0,0.5,0.0,0.6666666666666666,0.0,0.0,0.0,1
0.0,0.29411764705882354,0.5,0.005405405405405406,0.21563772422141522,0.0,0.5,1.0,0.6666666666666666,0.0,1.0,0.3333333333333333,0.16071428571428573,1.0,0.5,0.0,0.6666666666666666,0.0,0.0,0.0,1
1.0,0.29411764705882354,0.5,0.005405405405405406,0.14223616154946628,0.5,1.0,0.6666666666666666,0.6666666666666666,0.0,1.0,0.3333333333333333,0.6071428571428571,1.0,0.5,0.0,0.6666666666666666,0.0,0.0,0.0,1
1.0,0.07352941176470588,0.5,0.008108108108108109,0.13772422141520854,0.25,1.0,0.6666666666666666,0.6666666666666666,0.5,1.0,0.6666666666666666,0.2857142857142857,1.0,0.5,0.0,0.6666666666666666,0.0,1.0,0.0,1
0.0,0.47058823529411764,0.5,0.008108108108108109,0.11290855067679102,0.0,0.5,1.0,0.0,0.0,1.0,0.6666666666666666,0.21428571428571427,1.0,0.0,0.0,0.6666666666666666,0.0,0.0,0.0,2
0.3333333333333333,0.11764705882352941,1.0,0.002702702702702703,0.08858809287993838,0.0,0.0,1.0,0.6666666666666666,0.0,0.3333333333333333,0.6666666666666666,0.26785714285714285,1.0,0.5,0.3333333333333333,1.0,0.0,1.0,0.0,1
0.0,0.11764705882352941,0.0,0.008108108108108109,0.327335754374381,0.0,0.5,1.0,0.6666666666666666,0.0,0.3333333333333333,0.3333333333333333,0.16071428571428573,1.0,0.0,0.3333333333333333,0.6666666666666666,0.0,1.0,0.0,2
1.0,0.11764705882352941,0.5,0.008108108108108109,0.1116430064927919,1.0,0.5,1.0,0.6666666666666666,0.0,1.0,1.0,0.32142857142857145,1.0,1.0,0.0,0.6666666666666666,0.0,1.0,0.0,1
1.0,0.11764705882352941,1.0,0.008108108108108109,0.014966435567293936,0.5,1.0,1.0,0.6666666666666666,0.0,1.0,0.3333333333333333,0.4107142857142857,1.0,0.5,0.3333333333333333,0.6666666666666666,1.0,1.0,0.0,1
0.3333333333333333,0.38235294117647056,0.5,0.008108108108108109,0.08060966215472654,1.0,0.5,1.0,0.3333333333333333,0.0,0.0,0.6666666666666666,0.125,1.0,0.5,0.0,0.6666666666666666,0.0,0.0,0.0,1
1.0,0.29411764705882354,0.75,0.0,0.09805216242984484,0.0,1.0,1.0,0.6666666666666666,0.0,1.0,1.0,0.7321428571428571,1.0,1.0,0.3333333333333333,0.6666666666666666,0.0,1.0,0.0,1
1.0,0.08823529411764706,1.0,0.005405405405405406,0.1000880378562782,1.0,0.5,0.3333333333333333,1.0,0.0,0.0,0.6666666666666666,0.125,1.0,0.5,0.3333333333333333,0.6666666666666666,0.0,0.0,1.0,1
1.0,0.16176470588235295,0.5,0.008108108108108109,0.0529877847474414,0.5,1.0,1.0,0.6666666666666666,0.0,0.6666666666666666,0.3333333333333333,0.5,0.5,0.5,0.0,0.6666666666666666,0.0,1.0,0.0,1
0.0,0.29411764705882354,0.25,0.0,0.11417409486079014,0.25,0.75,0.3333333333333333,0.6666666666666666,0.0,0.6666666666666666,0.6666666666666666,0.23214285714285715,0.0,0.5,0.0,0.6666666666666666,0.0,0.0,0.0,1
0.0,0.47058823529411764,1.0,0.002702702702702703,0.5160669087707714,0.0,0.75,1.0,0.6666666666666666,0.0,1.0,0.6666666666666666,0.08928571428571429,1.0,0.5,0.3333333333333333,0.6666666666666666,0.0,1.0,0.0,2
1.0,0.11764705882352941,0.5,0.002702702702702703,0.06399251678221635,0.75,0.75,0.6666666666666666,0.6666666666666666,0.0,0.3333333333333333,0.3333333333333333,0.6428571428571429,1.0,0.5,0.0,0.6666666666666666,0.0,0.0,1.0,1
0.3333333333333333,0.47058823529411764,1.0,0.008108108108108109,0.11483437878287664,0.0,1.0,1.0,0.6666666666666666,0.0,1.0,0.0,0.30357142857142855,1.0,0.5,0.0,0.6666666666666666,0.0,0.0,0.0,1
0.3333333333333333,0.47058823529411764,0.5,0.016216216216216217,0.11131286453174866,0.0,0.75,0.6666666666666666,0.6666666666666666,0.0,0.0,0.6666666666666666,0.23214285714285715,1.0,0.5,0.3333333333333333,0.6666666666666666,1.0,0.0,0.0,1
1.0,0.25,0.0,0.0,0.26152745680642675,1.0,0.5,0.0,0.3333333333333333,0.0,1.0,0.3333333333333333,0.17857142857142858,0.0,0.5,0.3333333333333333,0.6666666666666666,0.0,1.0,0.0,2
0.0,0.029411764705882353,1.0,0.008108108108108109,0.004842082095300979,0.5,1.0,1.0,0.6666666666666666,0.0,1.0,0.6666666666666666,0.5892857142857143,1.0,0.5,0.3333333333333333,0.6666666666666666,0.0,0.0,0.0,1
1.0,0.029411764705882353,0.5,0.005405405405405406,0.08341586882359414,0.0,0.5,0.0,1.0,0.0,0.3333333333333333,0.3333333333333333,0.03571428571428571,1.0,0.0,0.0,0.6666666666666666,0.0,0.0,0.0,1
1.0,0.5147058823529411,0.5,0.002702702702702703,0.1275998679432156,0.5,0.5,1.0,0.6666666666666666,0.0,1.0,0.6666666666666666,0.08928571428571429,1.0,0.5,0.0,0.6666666666666666,0.0,0.0,0.0,1
0.0,0.058823529411764705,1.0,1.0,0.050291625398921534,0.0,1.0,0.6666666666666666,0.6666666666666666,0.0,1.0,1.0,0.5714285714285714,0.0,1.0,0.3333333333333333,1.0,1.0,1.0,0.0,1
0.3333333333333333,0.6470588235294118,0.0,1.0,1.0,0.0,0.5,0.0,0.3333333333333333,0.0,0.3333333333333333,0.3333333333333333,0.23214285714285715,0.0,0.5,0.0,1.0,0.0,1.0,1.0,2
1.0,0.16176470588235295,0.25,0.008108108108108109,0.07257620776934082,0.25,1.0,1.0,0.6666666666666666,0.0,1.0,0.6666666666666666,0.26785714285714285,0.0,0.5,0.0,0.3333333333333333,1.0,0.0,0.0,1
0.3333333333333333,0.47058823529411764,0.0,0.008108108108108109,0.19555408825795093,0.0,0.5,1.0,0.3333333333333333,0.0,0.0,0.6666666666666666,0.4107142857142857,1.0,0.5,0.0,0.6666666666666666,0.0,1.0,0.0,2
1.0,0.38235294117647056,0.25,0.002702702702702703,0.3980961813579839,1.0,0.0,1.0,0.3333333333333333,0.0,0.0,0.0,0.6071428571428571,0.0,0.5,0.0,1.0,0.0,1.0,0.0,2
1.0,0.29411764705882354,1.0,0.008108108108108109,0.06965995378012545,0.75,0.5,1.0,0.3333333333333333,0.0,0.0,0.0,0.42857142857142855,1.0,0.5,0.3333333333333333,0.3333333333333333,0.0,0.0,0.0,1
1.0,0.16176470588235295,1.0,0.0,0.2638384505337295,1.0,1.0,0.0,0.3333333333333333,0.0,1.0,0.6666666666666666,0.7142857142857143,1.0,0.5,0.0,0.6666666666666666,0.0,1.0,0.0,1
0.0,0.23529411764705882,1.0,0.005405405405405406,0.2213051612193243,0.0,1.0,0.0,0.3333333333333333,0.0,1.0,0.3333333333333333,0.08928571428571429,1.0,0.5,0.3333333333333333,0.6666666666666666,0.0,0.0,0.0,1
1.0,0.47058823529411764,0.5,0.008108108108108109,0.1127434796962694,0.5,1.0,1.0,0.6666666666666666,0.0,1.0,0.6666666666666666,0.35714285714285715,1.0,0.5,0.0,0.6666666666666666,0.0,0.0,0.0,1
1.0,0.11764705882352941,1.0,0.0,0.05023660173874766,0.5,0.5,1.0,0.6666666666666666,0.0,1.0,0.0,0.44642857142857145,1.0,0.5,0.0,0.6666666666666666,0.0,1.0,0.0,1
0.0,0.29411764705882354,0.5,0.005405405405405406,0.20743919885550788,0.0,0.5,0.3333333333333333,0.6666666666666666,0.0,0.3333333333333333,0.6666666666666666,0.14285714285714285,0.5,0.5,0.0,0.6666666666666666,0.0,0.0,0.0,1
1.0,0.29411764705882354,0.5,0.008108108108108109,0.09084406294706723,0.25,0.5,1.0,0.6666666666666666,0.0,1.0,0.6666666666666666,0.17857142857142858,1.0,0.0,0.0,1.0,0.0,1.0,0.0,1
0.0,0.20588235294117646,1.0,0.005405405405405406,0.04396390447892594,0.0,0.25,1.0,0.3333333333333333,0.0,1.0,0.3333333333333333,0.03571428571428571,1.0,0.0,0.0,0.6666666666666666,0.0,0.0,0.0,1
1.0,0.47058823529411764,0.5,0.016216216216216217,0.08633212281280951,0.0,0.5,1.0,0.6666666666666666,0.0,1.0,1.0,0.32142857142857145,0.5,1.0,0.0,0.6666666666666666,0.0,1.0,0.0,2
0.3333333333333333,0.38235294117647056,0.0,0.024324324324324326,0.2184989545504567,0.0,0.5,0.3333333333333333,0.3333333333333333,0.0,0.0,0.6666666666666666,0.16071428571428573,1.0,0.5,0.3333333333333333,0.6666666666666666,0.0,0.0,0.0,1
1.0,0.29411764705882354,1.0,0.005405405405405406,0.09783206778914934,0.0,0.75,0.3333333333333333,0.6666666666666666,0.0,0.3333333333333333,0.3333333333333333,0.19642857142857142,1.0,0.5,0.3333333333333333,0.3333333333333333,0.0,0.0,0.0,1
0.3333333333333333,0.47058823529411764,0.75,0.0,0.10867172884340266,0.0,1.0,1.0,0.6666666666666666,0.0,1.0,1.0,0.6785714285714286,0.0,1.0,0.3333333333333333,0.6666666666666666,0.0,1.0,0.0,2
1.0,0.29411764705882354,1.0,0.016216216216216217,0.07411687025420931,0.0,1.0,1.0,0.6666666666666666,0.0,1.0,1.0,0.625,1.0,1.0,0.3333333333333333,0.6666666666666666,1.0,0.0,0.0,1
1.0,0.47058823529411764,0.5,0.024324324324324326,0.39391438318476946,1.0,1.0,0.6666666666666666,0.6666666666666666,0.0,0.3333333333333333,0.3333333333333333,0.32142857142857145,1.0,0.5,0.3333333333333333,0.6666666666666666,0.0,0.0,0.0,1
1.0,0.20588235294117646,0.0,0.024324324324324326,0.21541762958071972,0.0,0.5,0.3333333333333333,0.6666666666666666,0.0,0.3333333333333333,0.6666666666666666,0.30357142857142855,0.5,0.5,0.3333333333333333,0.6666666666666666,1.0,0.0,0.0,2
1.0,0.25,0.5,0.024324324324324326,0.07274127874986244,0.75,1.0,1.0,0.3333333333333333,0.0,1.0,0.0,0.30357142857142855,0.0,0.5,0.0,0.3333333333333333,0.0,0.0,0.0,1
0.0,0.29411764705882354,1.0,0.002702702702702703,0.3502255970067129,0.0,0.0,0.3333333333333333,0.6666666666666666,0.0,1.0,1.0,1.0,1.0,1.0,0.3333333333333333,1.0,0.0,1.0,0.0,1
0.3333333333333333,0.25,0.5,0.005405405405405406,0.20501815780785737,1.0,0.75,0.3333333333333333,0.6666666666666666,0.0,0.6666666666666666,0.6666666666666666,0.2857142857142857,1.0,0.5,0.0,0.6666666666666666,0.0,1.0,0.0,1
0.6666666666666666,0.38235294117647056,0.75,0.024324324324324326,0.09122922856828436,0.0,1.0,1.0,0.6666666666666666,0.0,1.0,0.0,0.8392857142857143,1.0,0.5,0.0,1.0,0.0,1.0,0.0,2
0.3333333333333333,0.11764705882352941,1.0,0.010810810810810811,0.06459777704412897,0.0,0.75,1.0,0.6666666666666666,0.0,0.6666666666666666,0.3333333333333333,0.125,1.0,0.5,0.0,0.6666666666666666,0.0,0.0,0.0,1
1.0,0.47058823529411764,1.0,0.0,0.18075272367117862,0.0,0.75,1.0,0.6666666666666666,0.0,1.0,0.6666666666666666,0.32142857142857145,1.0,0.5,0.3333333333333333,0.6666666666666666,0.0,1.0,0.0,1
0.3333333333333333,0.47058823529411764,0.75,0.024324324324324326,0.23137449103114338,0.0,0.5,0.3333333333333333,0.0,0.0,0.3333333333333333,0.0,0.19642857142857142,0.5,0.5,0.3333333333333333,1.0,0.0,1.0,0.0,2
0.3333333333333333,0.6470588235294118,1.0,0.005405405405405406,0.2666446572025971,0.0,0.5,0.3333333333333333,0.3333333333333333,0.0,0.6666666666666666,0.6666666666666666,0.19642857142857142,1.0,0.5,0.0,1.0,0.0,1.0,0.0,2
0.0,0.11764705882352941,0.25,0.008108108108108109,0.020688896225376913,0.0,0.5,1.0,0.3333333333333333,0.0,1.0,0.0,0.08928571428571429,0.0,0.5,0.0,0.3333333333333333,0.0,0.0,0.0,2
1.0,0.29411764705882354,1.0,0.0,0.09298998569384835,0.75,1.0,1.0,0.6666666666666666,0.0,1.0,0.0,0.7321428571428571,1.0,0.5,0.0,0.6666666666666666,0.0,1.0,0.0,1
0.6666666666666666,0.29411764705882354,0.5,0.005405405405405406,0.09216463079124024,0.0,0.5,0.3333333333333333,0.6666666666666666,0.0,0.3333333333333333,0.0,0.125,1.0,0.5,0.0,0.6666666666666666,0.0,0.0,0.0,1
1.0,0.25,0.5,0.002702702702702703,0.12248266754704523,1.0,1.0,1.0,0.6666666666666666,0.0,1.0,0.0,0.48214285714285715,1.0,0.5,0.0,1.0,0.0,1.0,0.0,1
1.0,0.47058823529411764,1.0,0.0,0.4184549356223176,0.0,0.5,1.0,0.3333333333333333,0.0,0.3333333333333333,0.0,0.10714285714285714,0.5,0.5,0.3333333333333333,0.6666666666666666,0.0,1.0,0.0,2
0.0,0.029411764705882353,0.5,0.0,0.8058765269065699,0.0,1.0,0.0,0.6666666666666666,0.0,1.0,1.0,0.875,0.0,0.5,0.0,1.0,0.0,1.0,0.0,2
1.0,0.6470588235294118,0.5,0.024324324324324326,0.2527786948387807,0.0,0.0,0.6666666666666666,0.6666666666666666,0.0,0.3333333333333333,0.6666666666666666,0.25,0.0,0.0,0.0,1.0,0.0,1.0,0.0,2
0.3333333333333333,0.23529411764705882,0.75,1.0,0.13090128755364808,0.0,0.5,0.3333333333333333,0.6666666666666666,0.0,0.6666666666666666,0.6666666666666666,0.17857142857142858,0.0,0.5,0.3333333333333333,0.6666666666666666,0.0,1.0,0.0,1
0.6666666666666666,0.11764705882352941,0.5,0.005405405405405406,0.06734896005282272,0.0,0.25,1.0,0.3333333333333333,0.0,0.0,0.3333333333333333,0.25,0.0,0.5,0.0,1.0,0.0,1.0,0.0,1
0.0,0.29411764705882354,0.25,0.002702702702702703,0.18609001870804445,0.0,0.5,0.0,0.3333333333333333,1.0,1.0,0.6666666666666666,0.05357142857142857,0.0,0.0,0.0,0.6666666666666666,0.0,0.0,1.0,1
0.6666666666666666,0.11764705882352941,0.5,0.008108108108108109,0.17326950588753165,1.0,1.0,0.3333333333333333,0.6666666666666666,0.0,0.6666666666666666,0.6666666666666666,0.32142857142857145,1.0,0.5,0.0,1.0,0.0,0.0,0.0,1
1.0,0.3382352941176471,1.0,0.005405405405405406,0.2352811709034885,0.75,0.25,1.0,0.6666666666666666,0.0,0.3333333333333333,0.0,0.23214285714285715,0.5,0.5,0.3333333333333333,0.3333333333333333,1.0,1.0,0.0,1
1.0,0.11764705882352941,1.0,0.024324324324324326,0.055793991416309016,1.0,1.0,1.0,0.6666666666666666,0.0,1.0,1.0,0.6785714285714286,1.0,0.0,0.0,0.3333333333333333,0.0,0.0,0.0,1
1.0,0.8235294117647058,0.5,0.0,0.5566193463189172,0.0,1.0,0.3333333333333333,0.6666666666666666,0.0,1.0,0.3333333333333333,0.4107142857142857,1.0,0.5,0.0,1.0,0.0,1.0,0.0,1
1.0,0.20588235294117646,0.5,0.002702702702702703,0.17211400902388027,1.0,0.5,0.3333333333333333,0.6666666666666666,0.0,0.0,0.3333333333333333,0.21428571428571427,1.0,0.5,0.0,0.6666666666666666,0.0,1.0,0.0,1
0.3333333333333333,0.11764705882352941,1.0,0.0,0.09601628700341147,0.25,0.25,1.0,0.6666666666666666,0.0,0.0,0.6666666666666666,0.14285714285714285,1.0,0.5,0.0,0.6666666666666666,0.0,0.0,0.0,1
1.0,0.20588235294117646,0.5,0.008108108108108109,0.06729393639264884,0.0,0.25,0.6666666666666666,1.0,0.0,1.0,0.0,0.35714285714285715,1.0,0.5,0.0,0.6666666666666666,0.0,1.0,0.0,1
1.0,0.47058823529411764,0.75,0.008108108108108109,0.2313194673709695,0.0,0.5,1.0,0.3333333333333333,0.0,1.0,0.0,0.26785714285714285,1.0,0.5,0.3333333333333333,0.6666666666666666,0.0,0.0,0.0,1
0.6666666666666666,0.47058823529411764,0.5,0.008108108108108109,0.30802244965335096,0.0,0.5,1.0,0.6666666666666666,0.0,0.0,0.6666666666666666,0.08928571428571429,1.0,0.5,0.0,0.6666666666666666,0.0,0.0,0.0,1
0.0,0.20588235294117646,0.5,0.005405405405405406,0.1325519973588643,0.75,0.5,1.0,0.6666666666666666,0.0,0.3333333333333333,0.6666666666666666,0.16071428571428573,1.0,0.5,0.0,0.6666666666666666,0.0,0.0,0.0,1
0.0,0.6470588235294118,0.5,0.0,0.4133927588863211,0.0,1.0,1.0,0.6666666666666666,0.0,1.0,1.0,0.4107142857142857,0.0,1.0,0.0,1.0,0.0,0.0,0.0,2
0.0,0.029411764705882353,0.5,0.0,0.05243754814570265,0.25,1.0,0.6666666666666666,0.6666666666666666,0.0,0.3333333333333333,0.3333333333333333,0.42857142857142855,1.0,0.5,0.0,0.6666666666666666,0.0,1.0,0.0,1
0.0,0.25,1.0,0.0,0.07439198855507868,0.0,1.0,1.0,1.0,0.0,0.6666666666666666,0.6666666666666666,0.19642857142857142,1.0,0.5,0.3333333333333333,0.6666666666666666,0.0,1.0,0.0,1
0.3333333333333333,0.29411764705882354,1.0,0.002702702702702703,0.41311764058545175,0.75,1.0,0.3333333333333333,0.3333333333333333,0.0,1.0,1.0,0.17857142857142858,1.0,0.0,0.0,0.6666666666666666,0.0,0.0,0.0,1
1.0,0.29411764705882354,0.5,0.002702702702702703,0.12947067238912732,0.75,0.5,0.3333333333333333,0.3333333333333333,0.0,1.0,0.6666666666666666,0.16071428571428573,1.0,0.0,0.0,0.6666666666666666,0.0,1.0,0.0,1
1.0,0.47058823529411764,1.0,0.008108108108108109,0.5126004181798173,0.0,0.5,0.3333333333333333,0.3333333333333333,0.0,0.3333333333333333,0.6666666666666666,0.21428571428571427,0.5,0.5,0.3333333333333333,0.6666666666666666,0.0,0.0,0.0,1
1.0,0.029411764705882353,1.0,0.005405405405405406,0.0534279740288324,1.0,0.5,0.0,1.0,0.0,0.3333333333333333,0.3333333333333333,0.14285714285714285,1.0,0.5,0.3333333333333333,0.6666666666666666,0.0,0.0,0.0,1
0.3333333333333333,0.8235294117647058,0.75,0.008108108108108109,0.3944095961263343,1.0,0.5,0.0,0.6666666666666666,0.0,0.0,0.0,0.14285714285714285,1.0,0.5,0.0,0.3333333333333333,0.0,0.0,0.0,1
0.3333333333333333,0.029411764705882353,0.5,0.0,0.7871134587872786,1.0,0.0,0.0,0.6666666666666666,0.0,0.3333333333333333,0.3333333333333333,0.07142857142857142,1.0,0.5,0.0,0.0,0.0,1.0,0.0,2
0.0,0.07352941176470588,0.5,0.0,0.06448772972378122,0.0,0.25,0.6666666666666666,0.6666666666666666,0.0,0.3333333333333333,1.0,0.14285714285714285,1.0,1.0,0.0,1.0,0.0,1.0,0.0,2
0.0,0.38235294117647056,1.0,0.002702702702702703,0.3266754704522945,0.25,0.75,0.0,1.0,0.0,1.0,0.6666666666666666,0.08928571428571429,1.0,0.0,0.3333333333333333,0.6666666666666666,0.0,0.0,0.0,1
0.3333333333333333,0.16176470588235295,0.5,0.013513513513513514,0.0582150324639595,0.0,1.0,1.0,0.6666666666666666,0.0,1.0,0.6666666666666666,0.3392857142857143,1.0,0.5,0.3333333333333333,0.3333333333333333,0.0,0.0,0.0,1
1.0,0.25,1.0,0.002702702702702703,0.16644657202597116,0.0,1.0,0.0,0.6666666666666666,0.0,1.0,0.6666666666666666,0.30357142857142855,1.0,0.5,0.0,1.0,0.0,1.0,0.0,1
0.6666666666666666,0.16176470588235295,0.5,0.016216216216216217,0.09106415758776273,0.0,1.0,1.0,0.6666666666666666,0.0,1.0,0.6666666666666666,0.375,1.0,0.0,0.0,1.0,0.0,1.0,0.0,1
0.0,0.3382352941176471,0.5,0.008108108108108109,0.1742049081104875,0.0,0.5,0.6666666666666666,0.6666666666666666,0.0,0.3333333333333333,0.6666666666666666,0.14285714285714285,1.0,0.5,0.0,1.0,0.0,0.0,0.0,1
0.0,0.16176470588235295,0.5,0.005405405405405406,0.08776273797733025,0.0,0.25,1.0,0.3333333333333333,1.0,0.0,0.3333333333333333,0.48214285714285715,1.0,0.0,0.0,0.6666666666666666,0.0,0.0,0.0,1
0.3333333333333333,0.16176470588235295,1.0,0.024324324324324326,0.11422911852096401,0.5,0.5,0.3333333333333333,0.6666666666666666,0.0,1.0,0.6666666666666666,0.14285714285714285,0.0,0.5,0.0,0.6666666666666666,0.0,0.0,0.0,1
1.0,0.0,1.0,0.008108108108108109,0.06894464619786508,0.0,0.75,0.3333333333333333,0.6666666666666666,0.0,0.0,0.0,0.4107142857142857,1.0,0.5,0.3333333333333333,0.3333333333333333,1.0,0.0,0.0,1
0.3333333333333333,0.29411764705882354,1.0,0.024324324324324326,0.09271486739297898,0.0,1.0,1.0,0.0,0.0,1.0,0.0,0.21428571428571427,1.0,0.5,0.3333333333333333,0.6666666666666666,0.0,1.0,0.0,2
0.3333333333333333,0.47058823529411764,1.0,0.0,0.14141080664685815,0.0,0.25,1.0,0.0,0.0,1.0,0.6666666666666666,0.14285714285714285,1.0,0.5,0.3333333333333333,0.6666666666666666,0.0,0.0,0.0,2
1.0,0.029411764705882353,0.5,0.008108108108108109,0.07400682293386156,0.0,0.75,0.6666666666666666,0.6666666666666666,0.0,0.3333333333333333,0.3333333333333333,0.5714285714285714,1.0,0.5,0.0,0.6666666666666666,1.0,0.0,0.0,1
1.0,0.29411764705882354,0.25,0.024324324324324326,0.07202597116760207,0.0,0.75,1.0,0.6666666666666666,0.0,1.0,0.6666666666666666,0.5535714285714286,0.0,0.5,0.0,0.6666666666666666,0.0,1.0,0.0,1
0.3333333333333333,0.058823529411764705,0.5,0.024324324324324326,0.03615054473423572,0.0,0.25,0.6666666666666666,1.0,0.0,0.3333333333333333,0.0,0.125,1.0,0.5,0.0,0.6666666666666666,0.0,1.0,0.0,1
0.3333333333333333,0.6470588235294118,0.5,0.0,0.45322988885220644,1.0,0.75,0.0,0.3333333333333333,0.0,0.3333333333333333,0.6666666666666666,0.08928571428571429,1.0,0.5,0.0,0.6666666666666666,0.0,0.0,0.0,1
1.0,0.11764705882352941,0.5,0.016216216216216217,0.025806096621547266,0.0,1.0,1.0,0.6666666666666666,0.0,1.0,0.6666666666666666,0.39285714285714285,0.0,0.5,0.0,0.3333333333333333,1.0,0.0,0.0,2
0.0,0.11764705882352941,0.5,0.021621621621621623,0.035875426433366345,0.0,0.75,1.0,1.0,0.0,1.0,0.3333333333333333,0.03571428571428571,1.0,0.0,0.0,0.6666666666666666,0.0,0.0,0.0,2
0.3333333333333333,0.38235294117647056,0.75,0.008108108108108109,0.09183448883019699,0.25,0.25,1.0,0.6666666666666666,0.0,0.6666666666666666,1.0,0.19642857142857142,0.5,0.5,0.3333333333333333,1.0,0.0,0.0,0.0,2
1.0,0.11764705882352941,1.0,0.008108108108108109,0.11450423682183339,1.0,1.0,0.0,0.6666666666666666,0.5,1.0,0.0,0.5357142857142857,1.0,0.5,0.0,0.6666666666666666,0.0,1.0,0.0,1
1.0,0.20588235294117646,0.5,0.008108108108108109,0.04820072631231429,1.0,0.25,1.0,0.3333333333333333,0.0,0.3333333333333333,0.0,0.03571428571428571,1.0,0.0,0.0,0.6666666666666666,0.0,1.0,0.0,1
0.3333333333333333,0.29411764705882354,0.5,0.0,0.1357983933091229,0.0,0.5,0.6666666666666666,0.3333333333333333,0.0,1.0,0.3333333333333333,0.017857142857142856,1.0,0.0,0.0,0.3333333333333333,0.0,1.0,0.0,2
0.3333333333333333,0.3382352941176471,0.0,0.024324324324324326,0.4439308902828216,0.0,1.0,0.3333333333333333,0.3333333333333333,0.0,1.0,1.0,0.4107142857142857,1.0,1.0,0.3333333333333333,1.0,0.0,1.0,0.0,2
0.0,0.38235294117647056,0.0,0.024324324324324326,0.43039506988004844,1.0,0.25,0.3333333333333333,0.6666666666666666,0.0,0.6666666666666666,0.6666666666666666,0.10714285714285714,0.0,0.5,0.6666666666666666,0.6666666666666666,0.0,0.0,0.0,1
1.0,0.29411764705882354,1.0,0.008108108108108109,0.12809508088478044,0.75,1.0,0.3333333333333333,0.6666666666666666,0.0,0.3333333333333333,0.6666666666666666,0.26785714285714285,1.0,0.5,0.0,0.6666666666666666,0.0,0.0,0.0,1
1.0,0.08823529411764706,1.0,0.0,0.05397821063057114,0.0,1.0,0.6666666666666666,0.6666666666666666,0.0,1.0,0.0,0.23214285714285715,1.0,0.5,0.3333333333333333,0.3333333333333333,1.0,0.0,1.0,1
0.3333333333333333,0.20588235294117646,0.5,0.024324324324324326,0.09304500935402223,0.75,0.5,1.0,0.6666666666666666,0.0,0.3333333333333333,0.3333333333333333,0.2857142857142857,1.0,0.5,0.0,0.3333333333333333,0.0,1.0,0.0,1
0.3333333333333333,0.11764705882352941,0.5,0.005405405405405406,0.13821943435677342,1.0,1.0,0.0,0.3333333333333333,0.0,0.3333333333333333,0.3333333333333333,0.10714285714285714,0.0,0.5,0.0,0.6666666666666666,0.0,1.0,0.0,2
1.0,0.07352941176470588,0.5,0.016216216216216217,0.1970947507428194,1.0,1.0,0.0,0.6666666666666666,0.0,1.0,0.0,0.8035714285714286,1.0,0.5,0.0,0.3333333333333333,0.0,0.0,0.0,1
1.0,0.11764705882352941,0.5,0.0,0.046825134807967426,0.0,0.5,0.6666666666666666,1.0,0.0,0.3333333333333333,0.0,0.14285714285714285,1.0,0.5,0.3333333333333333,0.6666666666666666,0.0,1.0,0.0,1
1.0,0.11764705882352941,0.5,0.0,0.117750632772092,1.0,1.0,1.0,0.6666666666666666,0.0,0.6666666666666666,0.6666666666666666,0.5535714285714286,1.0,0.5,0.0,0.6666666666666666,0.0,1.0,0.0,1
0.0,0.17647058823529413,1.0,0.0,0.13068119291295258,0.0,1.0,0.3333333333333333,0.6666666666666666,1.0,1.0,0.3333333333333333,0.42857142857142855,0.0,0.0,0.0,0.6666666666666666,0.0,1.0,0.0,2
0.0,0.29411764705882354,0.5,0.005405405405405406,0.1702982282381424,0.0,1.0,1.0,0.6666666666666666,0.0,0.3333333333333333,0.3333333333333333,0.35714285714285715,1.0,0.0,0.0,1.0,0.0,1.0,0.0,2
1.0,0.11764705882352941,0.5,0.008108108108108109,0.028942445251458126,0.0,0.5,1.0,1.0,0.0,0.3333333333333333,0.0,0.16071428571428573,1.0,0.5,0.0,0.6666666666666666,0.0,0.0,0.0,1
1.0,0.7352941176470589,0.0,0.002702702702702703,0.5054473423572136,1.0,0.5,0.3333333333333333,0.6666666666666666,0.0,0.3333333333333333,0.3333333333333333,0.35714285714285715,1.0,0.5,0.0,0.3333333333333333,1.0,0.0,0.0,1
1.0,0.16176470588235295,1.0,0.002702702702702703,0.17156377242214152,0.75,1.0,0.6666666666666666,0.6666666666666666,0.0,1.0,1.0,0.07142857142857142,1.0,0.0,0.3333333333333333,0.6666666666666666,0.0,1.0,0.0,1
0.0,0.4264705882352941,1.0,0.005405405405405406,0.22180037416088919,0.5,0.5,0.0,0.3333333333333333,0.0,1.0,0.6666666666666666,0.07142857142857142,1.0,0.5,0.3333333333333333,0.6666666666666666,0.0,0.0,0.0,2
0.3333333333333333,0.20588235294117646,0.5,0.002702702702702703,0.1391548365797293,0.0,0.5,0.0,1.0,0.0,0.6666666666666666,0.6666666666666666,0.03571428571428571,1.0,0.0,0.0,0.6666666666666666,0.0,1.0,0.0,1
1.0,0.07352941176470588,0.5,0.0,0.12418840101243535,0.5,1.0,0.3333333333333333,0.6666666666666666,0.0,1.0,1.0,0.5714285714285714,1.0,1.0,0.0,0.3333333333333333,0.0,0.0,0.0,1
0.6666666666666666,0.5588235294117647,0.0,0.024324324324324326,0.3322878837900297,0.0,0.25,0.3333333333333333,0.0,0.0,0.0,0.3333333333333333,0.25,1.0,0.5,0.3333333333333333,0.6666666666666666,0.0,0.0,0.0,1
1.0,0.11764705882352941,1.0,0.008108108108108109,0.05447342357213602,1.0,1.0,1.0,0.3333333333333333,0.0,0.3333333333333333,0.0,0.3392857142857143,1.0,0.5,0.3333333333333333,0.6666666666666666,0.0,1.0,0.0,1
1.0,0.07352941176470588,0.5,0.005405405405405406,0.06261692527786948,0.0,0.5,1.0,0.3333333333333333,0.0,0.3333333333333333,0.0,0.125,1.0,0.0,0.0,0.6666666666666666,0.0,0.0,0.0,1
0.0,0.029411764705882353,0.5,0.010810810810810811,0.005117200396170353,0.0,0.25,1.0,0.3333333333333333,0.0,0.0,0.0,0.14285714285714285,1.0,0.5,0.0,0.6666666666666666,0.0,0.0,0.0,1
