1.0,0.20588235294117646,0.5,0.008108108108108109,0.010069329811819083,0.0,0.0,0.6666666666666666,0.3333333333333333,0.5,1.0,0.0,0.05357142857142857,1.0,0.0,0.0,0.6666666666666666,0.0,0.0,0.0,2
0.3333333333333333,0.16176470588235295,0.5,0.008108108108108109,0.03037306041597887,0.0,1.0,1.0,0.6666666666666666,0.0,0.6666666666666666,0.6666666666666666,0.32142857142857145,1.0,0.5,0.0,0.6666666666666666,1.0,0.0,0.0,2
1.0,0.47058823529411764,1.0,0.024324324324324326,0.3331132386926378,1.0,1.0,1.0,0.6666666666666666,0.0,1.0,0.0,0.30357142857142855,1.0,0.5,0.3333333333333333,0.6666666666666666,0.0,0.0,0.0,1
0.0,0.11764705882352941,0.5,0.008108108108108109,0.07868383404864092,0.5,1.0,0.6666666666666666,1.0,0.0,0.0,0.0,0.2857142857142857,1.0,0.5,0.0,0.6666666666666666,0.0,0.0,0.0,1
0.3333333333333333,0.29411764705882354,0.5,0.005405405405405406,0.20947507428194123,0.0,0.75,0.6666666666666666,0.0,0.0,0.6666666666666666,0.6666666666666666,0.42857142857142855,1.0,0.5,0.0,0.6666666666666666,0.0,1.0,0.0,2
0.3333333333333333,0.38235294117647056,1.0,0.0,0.27423792230659183,0.0,0.0,1.0,1.0,0.0,0.3333333333333333,0.6666666666666666,0.16071428571428573,1.0,0.5,0.3333333333333333,1.0,0.0,0.0,0.0,2
0.3333333333333333,0.11764705882352941,0.5,0.024324324324324326,0.03251898316275999,0.25,0.75,0.3333333333333333,0.3333333333333333,0.0,1.0,0.0,0.07142857142857142,1.0,0.0,0.0,0.3333333333333333,0.0,0.0,0.0,1
1.0,0.07352941176470588,1.0,0.0,0.10366457576758006,0.0,0.5,1.0,0.6666666666666666,0.0,1.0,0.6666666666666666,0.5178571428571429,1.0,0.5,0.6666666666666666,0.6666666666666666,0.0,1.0,0.0,1
0.3333333333333333,0.47058823529411764,0.0,0.024324324324324326,0.09370529327610873,0.0,1.0,1.0,0.6666666666666666,0.0,1.0,1.0,0.75,1.0,1.0,0.0,1.0,0.0,1.0,0.0,2
0.3333333333333333,0.6470588235294118,0.0,0.0,0.44613183668977663,0.5,0.25,0.0,0.3333333333333333,0.0,0.0,0.6666666666666666,0.19642857142857142,1.0,0.5,0.3333333333333333,0.6666666666666666,0.0,0.0,0.0,1
0.6666666666666666,0.08823529411764706,0.5,0.010810810810810811,0.0536480686695279,0.0,0.5,0.3333333333333333,0.6666666666666666,0.0,0.3333333333333333,0.6666666666666666,0.32142857142857145,1.0,0.5,0.0,0.6666666666666666,0.0,1.0,0.0,1
0.0,0.11764705882352941,0.5,0.0,0.18713546825134808,0.75,0.5,0.0,0.6666666666666666,0.0,0.6666666666666666,0.3333333333333333,0.21428571428571427,1.0,0.5,0.0,0.6666666666666666,1.0,0.0,0.0,1
0.0,0.47058823529411764,0.5,0.002702702702702703,0.43903378452734676,0.0,0.5,0.3333333333333333,0.6666666666666666,0.0,0.3333333333333333,0.3333333333333333,0.125,1.0,0.5,0.0,0.6666666666666666,1.0,0.0,0.0,2
0.0,0.38235294117647056,1.0,0.002702702702702703,0.3266754704522945,0.25,0.75,0.0,1.0,0.0,1.0,0.6666666666666666,0.08928571428571429,1.0,0.0,0.3333333333333333,0.6666666666666666,0.0,0.0,0.0,1
0.0,0.029411764705882353,1.0,0.0,0.18851105975569496,0.0,0.5,0.0,0.6666666666666666,0.0,0.6666666666666666,0.0,0.32142857142857145,1.0,0.0,0.6666666666666666,0.6666666666666666,1.0,0.0,0.0,1
0.6666666666666666,0.29411764705882354,1.0,0.008108108108108109,0.15945856718388907,1.0,0.5,0.6666666666666666,0.6666666666666666,0.0,0.3333333333333333,0.6666666666666666,0.21428571428571427,1.0,0.5,0.3333333333333333,0.6666666666666666,0.0,1.0,0.0,1
1.0,0.6470588235294118,0.25,0.024324324324324326,0.18482447452404535,0.0,0.5,0.0,0.3333333333333333,0.0,0.0,0.0,0.14285714285714285,0.5,0.5,0.0,0.6666666666666666,0.0,0.0,0.0,1
0.6666666666666666,0.11764705882352941,0.5,0.008108108108108109,0.17326950588753165,1.0,1.0,0.3333333333333333,0.6666666666666666,0.0,0.6666666666666666,0.6666666666666666,0.32142857142857145,1.0,0.5,0.0,1.0,0.0,0.0,0.0,1
0.3333333333333333,0.058823529411764705,0.5,0.024324324324324326,0.03615054473423572,0.0,0.25,0.6666666666666666,1.0,0.0,0.3333333333333333,0.0,0.125,1.0,0.5,0.0,0.6666666666666666,0.0,1.0,0.0,1
1.0,0.029411764705882353,1.0,0.0,0.0,0.75,0.5,0.3333333333333333,0.3333333333333333,0.0,0.3333333333333333,0.0,0.39285714285714285,0.0,0.5,0.3333333333333333,0.3333333333333333,0.0,0.0,0.0,1
1.0,0.20588235294117646,0.5,0.024324324324324326,0.0935402222955871,0.0,0.75,1.0,0.6666666666666666,0.0,0.0,0.6666666666666666,0.26785714285714285,0.5,0.5,0.3333333333333333,0.6666666666666666,0.0,1.0,0.0,1
1.0,0.47058823529411764,1.0,0.002702702702702703,0.594475624518543,1.0,0.5,1.0,0.6666666666666666,0.0,0.3333333333333333,0.6666666666666666,0.19642857142857142,1.0,0.5,0.0,1.0,0.0,1.0,0.0,1
0.0,0.5294117647058824,1.0,0.016216216216216217,0.3162759986794322,0.0,0.5,1.0,0.6666666666666666,0.0,0.6666666666666666,1.0,0.14285714285714285,0.0,0.5,0.0,0.6666666666666666,0.0,1.0,0.0,2
1.0,0.20588235294117646,1.0,0.002702702702702703,0.19808517662594916,0.0,0.75,0.6666666666666666,0.6666666666666666,0.0,0.0,0.6666666666666666,0.14285714285714285,1.0,0.5,0.3333333333333333,0.6666666666666666,0.0,0.0,0.0,1
0.3333333333333333,0.47058823529411764,0.5,0.008108108108108109,0.1332122812809508,0.25,0.5,1.0,0.3333333333333333,0.5,1.0,1.0,0.5535714285714286,1.0,1.0,0.0,0.6666666666666666,0.0,0.0,0.0,2
0.0,0.29411764705882354,0.0,0.005405405405405406,0.2123913282711566,0.0,1.0,0.6666666666666666,0.6666666666666666,0.0,1.0,1.0,0.07142857142857142,0.0,0.0,0.3333333333333333,0.6666666666666666,1.0,0.0,0.0,2
1.0,0.16176470588235295,0.5,0.002702702702702703,0.15291075162319798,0.0,0.75,0.3333333333333333,0.6666666666666666,0.0,0.3333333333333333,0.6666666666666666,0.25,1.0,0.5,0.0,0.6666666666666666,0.0,0.0,0.0,1
1.0,0.29411764705882354,0.5,0.008108108108108109,0.07164080554638494,0.0,0.75,0.6666666666666666,0.6666666666666666,0.0,0.0,0.6666666666666666,0.23214285714285715,0.0,0.5,0.0,0.6666666666666666,1.0,0.0,0.0,1
0.3333333333333333,0.3382352941176471,0.5,0.024324324324324326,0.1253438978760867,0.0,0.25,1.0,0.3333333333333333,0.0,0.0,0.3333333333333333,0.23214285714285715,1.0,0.5,0.0,0.6666666666666666,1.0,1.0,0.0,1
0.0,0.47058823529411764,0.5,0.005405405405405406,0.2712116209970287,0.0,0.75,1.0,0.6666666666666666,0.0,0.3333333333333333,0.3333333333333333,0.17857142857142858,1.0,0.5,0.0,0.6666666666666666,0.0,0.0,0.0,2
1.0,0.29411764705882354,0.5,0.005405405405405406,0.15472653240893583,0.5,1.0,1.0,0.6666666666666666,0.0,0.6666666666666666,1.0,0.23214285714285715,1.0,0.0,0.0,0.6666666666666666,0.0,1.0,0.0,1
0.3333333333333333,0.29411764705882354,1.0,0.0,0.19962583911081766,0.25,0.25,1.0,0.0,0.0,0.3333333333333333,0.6666666666666666,0.32142857142857145,1.0,0.5,0.0,0.6666666666666666,0.0,1.0,0.0,1
0.3333333333333333,0.16176470588235295,0.5,0.013513513513513514,0.0582150324639595,0.0,1.0,1.0,0.6666666666666666,0.0,1.0,0.6666666666666666,0.3392857142857143,1.0,0.5,0.3333333333333333,0.3333333333333333,0.0,0.0,0.0,1
1.0,0.11764705882352941,1.0,0.0,0.05529877847474414,0.0,1.0,1.0,0.6666666666666666,0.0,1.0,0.0,0.75,1.0,0.5,0.3333333333333333,0.3333333333333333,0.0,0.0,0.0,1
1.0,0.29411764705882354,0.75,0.0,0.025696049301199515,1.0,1.0,1.0,1.0,0.0,1.0,0.6666666666666666,0.625,1.0,0.5,0.3333333333333333,0.6666666666666666,0.0,1.0,0.0,1
0.0,0.8235294117647058,0.5,0.024324324324324326,0.3877517332452955,0.0,1.0,1.0,0.6666666666666666,0.5,1.0,1.0,0.30357142857142855,1.0,0.0,0.0,0.6666666666666666,0.0,0.0,0.0,2
0.3333333333333333,0.029411764705882353,1.0,0.021621621621621623,0.03752613623858259,1.0,0.75,0.0,0.3333333333333333,0.0,0.6666666666666666,0.3333333333333333,0.35714285714285715,1.0,0.5,0.3333333333333333,0.3333333333333333,0.0,0.0,0.0,1
1.0,0.11764705882352941,1.0,0.008108108108108109,0.03741608891823484,1.0,1.0,1.0,0.6666666666666666,0.0,1.0,0.0,0.8214285714285714,1.0,0.5,1.0,0.6666666666666666,0.0,0.0,0.0,1
1.0,0.29411764705882354,1.0,1.0,0.33366347529437657,0.0,0.0,1.0,0.6666666666666666,0.5,0.3333333333333333,1.0,0.14285714285714285,0.0,0.5,0.3333333333333333,1.0,0.0,1.0,0.0,1
1.0,0.20588235294117646,0.5,0.005405405405405406,0.07059535600308132,0.0,0.25,1.0,1.0,0.5,0.0,0.3333333333333333,0.42857142857142855,1.0,0.5,0.0,0.3333333333333333,1.0,0.0,0.0,2
0.3333333333333333,0.6470588235294118,0.0,0.024324324324324326,0.1977550346649059,0.25,0.75,1.0,0.6666666666666666,0.0,1.0,1.0,0.26785714285714285,1.0,1.0,0.0,0.3333333333333333,1.0,0.0,0.0,2
1.0,0.3382352941176471,0.75,0.024324324324324326,0.26780015406624846,0.0,0.75,0.6666666666666666,0.6666666666666666,0.0,1.0,0.6666666666666666,0.125,1.0,0.5,0.3333333333333333,0.6666666666666666,0.0,0.0,0.0,1
1.0,0.29411764705882354,1.0,0.002702702702702703,0.1990756025090789,0.0,1.0,1.0,0.3333333333333333,0.0,0.3333333333333333,0.6666666666666666,0.39285714285714285,1.0,0.0,0.3333333333333333,1.0,0.0,1.0,0.0,1
0.6666666666666666,0.07352941176470588,0.5,0.008108108108108109,0.04820072631231429,0.25,1.0,0.3333333333333333,0.0,0.0,1.0,0.0,0.5357142857142857,1.0,0.5,0.0,0.6666666666666666,0.0,0.0,0.0,1
0.3333333333333333,0.11764705882352941,0.5,0.0,0.05876526906569825,0.75,1.0,1.0,0.6666666666666666,0.0,1.0,0.0,0.625,1.0,0.5,0.0,0.6666666666666666,0.0,1.0,0.0,1
1.0,0.029411764705882353,0.5,0.005405405405405406,0.08341586882359414,0.0,0.5,0.0,1.0,0.0,0.3333333333333333,0.3333333333333333,0.03571428571428571,1.0,0.0,0.0,0.6666666666666666,0.0,0.0,0.0,1
0.3333333333333333,0.6470588235294118,0.25,0.0,0.6558270056124134,1.0,0.0,1.0,0.6666666666666666,0.5,1.0,1.0,0.30357142857142855,1.0,1.0,0.0,1.0,0.0,1.0,0.0,1
1.0,0.16176470588235295,1.0,0.005405405405405406,0.17018818091779464,0.0,0.5,1.0,0.6666666666666666,0.0,0.3333333333333333,1.0,0.16071428571428573,1.0,1.0,0.0,0.6666666666666666,0.0,1.0,0.0,1
0.0,0.11764705882352941,0.5,0.021621621621621623,0.035875426433366345,0.0,0.75,1.0,1.0,0.0,1.0,0.3333333333333333,0.03571428571428571,1.0,0.0,0.0,0.6666666666666666,0.0,0.0,0.0,2
1.0,0.47058823529411764,1.0,0.008108108108108109,0.17013315725762077,1.0,1.0,1.0,0.6666666666666666,0.0,0.3333333333333333,0.6666666666666666,0.5714285714285714,1.0,0.5,0.0,0.6666666666666666,0.0,1.0,0.0,1
0.3333333333333333,0.10294117647058823,1.0,0.0,0.05898536370639375,0.75,0.5,1.0,0.3333333333333333,0.0,1.0,0.6666666666666666,0.375,1.0,0.5,0.3333333333333333,0.6666666666666666,0.0,0.0,0.0,1
1.0,0.2647058823529412,0.5,0.0,0.05683944095961263,1.0,0.75,1.0,0.3333333333333333,0.0,1.0,0.3333333333333333,0.10714285714285714,1.0,0.0,0.0,0.6666666666666666,0.0,0.0,0.0,1
0.6666666666666666,0.029411764705882353,1.0,0.0,0.05904038736656762,0.25,1.0,0.3333333333333333,0.0,0.0,1.0,0.6666666666666666,0.16071428571428573,1.0,0.5,0.3333333333333333,0.6666666666666666,1.0,1.0,0.0,1
1.0,0.29411764705882354,0.5,0.002702702702702703,0.3336084516342027,1.0,1.0,0.6666666666666666,0.6666666666666666,0.0,1.0,0.6666666666666666,0.39285714285714285,1.0,0.5,0.0,1.0,1.0,1.0,0.0,1
0.3333333333333333,0.07352941176470588,0.5,0.024324324324324326,0.0627819962583911,0.0,0.5,0.3333333333333333,1.0,0.0,0.0,0.0,0.14285714285714285,0.0,0.5,0.0,0.6666666666666666,0.0,1.0,0.0,1
0.0,0.29411764705882354,0.5,0.005405405405405406,0.1641906019588423,0.0,0.25,1.0,0.3333333333333333,0.0,1.0,0.0,0.07142857142857142,1.0,0.0,0.0,0.3333333333333333,0.0,1.0,0.0,2
0.0,0.11764705882352941,0.5,0.005405405405405406,0.07538241443820842,0.0,0.5,0.3333333333333333,0.3333333333333333,0.5,0.6666666666666666,0.3333333333333333,0.19642857142857142,1.0,0.5,0.0,0.6666666666666666,0.0,0.0,0.0,1
0.0,0.29411764705882354,0.5,0.002702702702702703,0.1471332673049411,0.0,0.5,0.6666666666666666,0.6666666666666666,1.0,1.0,1.0,0.7857142857142857,0.0,0.5,0.0,0.6666666666666666,1.0,1.0,0.0,1
0.0,0.08823529411764706,0.5,0.008108108108108109,0.11362385825905139,0.0,1.0,0.6666666666666666,0.6666666666666666,0.0,1.0,0.0,0.5892857142857143,1.0,0.5,0.0,0.3333333333333333,0.0,0.0,0.0,1
1.0,0.11764705882352941,0.5,0.008108108108108109,0.10570045119401343,0.0,0.25,0.3333333333333333,0.3333333333333333,0.0,0.3333333333333333,0.6666666666666666,0.17857142857142858,0.0,0.5,0.0,0.6666666666666666,0.0,0.0,0.0,1
0.0,0.47058823529411764,1.0,0.005405405405405406,0.2817761637504127,0.0,0.5,0.6666666666666666,0.6666666666666666,1.0,0.3333333333333333,0.3333333333333333,0.16071428571428573,1.0,0.5,0.3333333333333333,0.6666666666666666,0.0,0.0,0.0,1
0.0,0.11764705882352941,1.0,0.005405405405405406,0.10982722570705403,0.0,1.0,0.6666666666666666,0.6666666666666666,0.0,0.6666666666666666,0.3333333333333333,0.7321428571428571,1.0,0.5,0.3333333333333333,0.6666666666666666,0.0,0.0,0.0,2
0.0,0.20588235294117646,1.0,0.0,0.20446792120611862,0.0,1.0,0.0,0.3333333333333333,0.0,1.0,0.0,0.25,0.0,0.0,0.6666666666666666,0.6666666666666666,0.0,1.0,0.0,2
0.0,0.29411764705882354,0.25,0.005405405405405406,0.12286783316826236,0.5,0.5,1.0,0.6666666666666666,0.0,1.0,0.0,0.05357142857142857,0.5,0.5,0.0,0.6666666666666666,0.0,1.0,0.0,1
0.0,0.6470588235294118,1.0,0.002702702702702703,0.324254429404644,0.0,1.0,1.0,0.3333333333333333,0.0,1.0,1.0,0.6964285714285714,0.5,1.0,0.3333333333333333,0.3333333333333333,0.0,0.0,0.0,2
0.0,0.20588235294117646,1.0,0.008108108108108109,0.08968856608341587,0.0,0.75,1.0,1.0,0.0,0.0,0.3333333333333333,0.23214285714285715,1.0,0.5,0.3333333333333333,1.0,0.0,1.0,0.0,1
1.0,0.11764705882352941,0.5,0.005405405405405406,0.04803565533179267,0.5,0.5,1.0,0.3333333333333333,0.0,1.0,0.6666666666666666,0.17857142857142858,1.0,0.0,0.0,0.3333333333333333,0.0,0.0,0.0,2
1.0,0.11764705882352941,1.0,0.008108108108108109,0.11450423682183339,1.0,1.0,0.0,0.6666666666666666,0.5,1.0,0.0,0.5357142857142857,1.0,0.5,0.0,0.6666666666666666,0.0,1.0,0.0,1
1.0,0.16176470588235295,1.0,0.008108108108108109,0.06652360515021459,0.0,0.5,1.0,0.3333333333333333,0.0,0.3333333333333333,0.6666666666666666,0.42857142857142855,1.0,0.5,0.0,0.3333333333333333,0.0,0.0,0.0,1
0.6666666666666666,0.08823529411764706,1.0,0.0,0.0292175635523275,0.0,1.0,1.0,0.6666666666666666,0.0,1.0,1.0,0.7857142857142857,1.0,1.0,0.3333333333333333,0.6666666666666666,0.0,1.0,0.0,1
0.6666666666666666,0.07352941176470588,0.0,0.008108108108108109,0.05981071860900187,0.0,0.25,1.0,0.6666666666666666,0.0,0.3333333333333333,0.6666666666666666,0.26785714285714285,1.0,0.5,0.3333333333333333,1.0,0.0,1.0,0.0,2
0.0,0.29411764705882354,0.25,1.0,0.06096621547265324,1.0,1.0,1.0,0.6666666666666666,0.0,0.6666666666666666,0.6666666666666666,0.375,0.5,0.5,0.0,1.0,0.0,1.0,0.0,2
0.3333333333333333,0.29411764705882354,1.0,0.024324324324324326,0.14168592494772753,1.0,0.75,1.0,0.6666666666666666,0.0,0.6666666666666666,1.0,0.26785714285714285,1.0,0.5,0.3333333333333333,0.6666666666666666,1.0,1.0,0.0,1
1.0,0.29411764705882354,1.0,0.002702702702702703,0.10713106635853417,1.0,0.75,1.0,0.6666666666666666,0.0,1.0,0.6666666666666666,0.42857142857142855,1.0,0.5,0.3333333333333333,0.6666666666666666,1.0,1.0,0.0,1
0.6666666666666666,0.11764705882352941,0.5,0.008108108108108109,0.1521954440409376,0.0,0.5,0.6666666666666666,1.0,0.0,0.0,0.6666666666666666,0.08928571428571429,1.0,0.5,0.0,0.6666666666666666,0.0,0.0,0.0,1
0.3333333333333333,0.11764705882352941,0.5,0.002702702702702703,0.09783206778914934,1.0,0.5,1.0,0.6666666666666666,0.0,0.3333333333333333,0.6666666666666666,0.19642857142857142,1.0,0.5,0.0,0.6666666666666666,0.0,0.0,0.0,1
1.0,0.38235294117647056,1.0,0.008108108108108109,0.15555188731154396,1.0,1.0,0.6666666666666666,0.6666666666666666,0.0,0.3333333333333333,0.6666666666666666,0.375,1.0,0.5,0.3333333333333333,0.6666666666666666,1.0,1.0,0.0,1
1.0,0.29411764705882354,1.0,0.005405405405405406,0.07345658633212282,0.0,0.75,1.0,0.6666666666666666,0.0,0.6666666666666666,0.3333333333333333,0.375,1.0,0.5,0.3333333333333333,0.6666666666666666,0.0,0.0,0.0,1
0.3333333333333333,0.11764705882352941,0.5,0.0,0.39738087377572356,1.0,0.0,0.0,0.3333333333333333,0.0,0.3333333333333333,0.0,0.08928571428571429,1.0,0.0,0.0,0.0,0.0,0.0,0.0,1
0.3333333333333333,0.20588235294117646,0.5,0.024324324324324326,0.09150434686915374,0.75,0.25,0.6666666666666666,1.0,0.0,0.6666666666666666,0.0,0.30357142857142855,0.0,0.5,0.0,0.6666666666666666,0.0,1.0,0.0,1
1.0,0.38235294117647056,0.5,0.008108108108108109,0.11461428414218114,0.5,1.0,1.0,0.6666666666666666,0.0,0.3333333333333333,0.6666666666666666,0.19642857142857142,0.0,0.5,0.0,1.0,0.0,0.0,0.0,1
1.0,0.25,0.75,0.024324324324324326,0.1282051282051282,0.5,0.25,1.0,0.6666666666666666,0.0,0.3333333333333333,0.0,0.39285714285714285,0.0,0.5,0.0,0.3333333333333333,1.0,0.0,0.0,2
0.3333333333333333,0.11764705882352941,0.75,0.008108108108108109,0.018432926158248045,0.0,0.5,1.0,1.0,0.5,1.0,0.0,0.017857142857142856,1.0,0.0,0.3333333333333333,0.6666666666666666,0.0,0.0,0.0,1
0.3333333333333333,0.47058823529411764,0.5,0.008108108108108109,0.2500825354902608,0.0,0.25,1.0,0.3333333333333333,0.0,0.0,1.0,0.19642857142857142,1.0,0.5,0.0,1.0,0.0,1.0,0.0,1
0.0,0.47058823529411764,1.0,0.016216216216216217,0.4300099042588313,0.0,0.5,0.6666666666666666,0.3333333333333333,0.0,0.3333333333333333,1.0,0.10714285714285714,1.0,0.5,0.3333333333333333,1.0,0.0,1.0,0.0,2
0.3333333333333333,0.29411764705882354,0.5,0.005405405405405406,0.22565203037306042,1.0,0.5,0.0,0.3333333333333333,0.0,1.0,0.3333333333333333,0.5178571428571429,1.0,0.5,0.0,0.3333333333333333,0.0,1.0,0.0,1
1.0,0.11764705882352941,1.0,0.0,0.05023660173874766,0.5,0.5,1.0,0.6666666666666666,0.0,1.0,0.0,0.44642857142857145,1.0,0.5,0.0,0.6666666666666666,0.0,1.0,0.0,1
0.3333333333333333,0.3382352941176471,0.75,0.002702702702702703,0.31446021789369427,0.0,1.0,0.0,0.6666666666666666,0.0,0.3333333333333333,0.6666666666666666,0.19642857142857142,1.0,0.5,0.3333333333333333,1.0,0.0,1.0,0.0,1
1.0,0.07352941176470588,1.0,0.008108108108108109,0.15538681633102233,1.0,0.5,0.0,0.6666666666666666,0.0,0.3333333333333333,0.0,0.25,1.0,0.5,0.3333333333333333,0.6666666666666666,1.0,0.0,0.0,1
0.0,0.20588235294117646,1.0,0.013513513513513514,0.05172224056344228,0.0,0.0,0.3333333333333333,0.3333333333333333,0.0,1.0,1.0,0.6428571428571429,1.0,1.0,0.6666666666666666,0.0,1.0,0.0,0.0,2
0.3333333333333333,0.029411764705882353,0.25,0.016216216216216217,0.010069329811819083,0.75,0.25,1.0,0.3333333333333333,0.0,0.3333333333333333,0.3333333333333333,0.08928571428571429,0.0,0.0,0.0,0.6666666666666666,1.0,0.0,0.0,2
1.0,0.11764705882352941,0.5,0.002702702702702703,0.12077693408165512,1.0,0.25,0.3333333333333333,1.0,0.0,1.0,0.6666666666666666,0.125,1.0,0.0,0.0,0.6666666666666666,0.0,1.0,0.0,1
0.3333333333333333,0.6470588235294118,0.0,1.0,1.0,0.0,0.5,0.0,0.3333333333333333,0.0,0.3333333333333333,0.3333333333333333,0.23214285714285715,0.0,0.5,0.0,1.0,0.0,1.0,1.0,2
1.0,0.38235294117647056,0.25,0.002702702702702703,0.3980961813579839,1.0,0.0,1.0,0.3333333333333333,0.0,0.0,0.0,0.6071428571428571,0.0,0.5,0.0,1.0,0.0,1.0,0.0,2
1.0,0.16176470588235295,0.5,0.008108108108108109,0.0529877847474414,0.5,1.0,1.0,0.6666666666666666,0.0,0.6666666666666666,0.3333333333333333,0.5,0.5,0.5,0.0,0.6666666666666666,0.0,1.0,0.0,1
1.0,0.47058823529411764,0.75,0.002702702702702703,0.47854077253218885,1.0,0.75,0.6666666666666666,0.6666666666666666,0.0,0.3333333333333333,0.6666666666666666,0.21428571428571427,0.5,0.5,0.0,1.0,1.0,1.0,0.0,1
0.0,0.29411764705882354,0.5,0.005405405405405406,0.21563772422141522,0.0,0.5,1.0,0.6666666666666666,0.0,1.0,0.3333333333333333,0.16071428571428573,1.0,0.5,0.0,0.6666666666666666,0.0,0.0,0.0,1
1.0,0.16176470588235295,0.5,0.008108108108108109,0.09513590844062947,1.0,1.0,1.0,0.6666666666666666,0.0,0.3333333333333333,0.6666666666666666,0.2857142857142857,1.0,0.5,0.0,0.6666666666666666,0.0,0.0,0.0,1
1.0,0.07352941176470588,0.5,0.005405405405405406,0.11285352701661715,0.25,0.25,0.3333333333333333,0.3333333333333333,0.0,1.0,0.3333333333333333,0.05357142857142857,1.0,0.0,0.0,0.6666666666666666,0.0,0.0,0.0,1
0.3333333333333333,0.29411764705882354,1.0,0.008108108108108109,0.08215032463959503,0.0,1.0,1.0,0.6666666666666666,0.0,0.3333333333333333,0.3333333333333333,0.5178571428571429,1.0,0.5,0.3333333333333333,0.3333333333333333,0.0,0.0,0.0,1
1.0,0.20588235294117646,0.5,0.008108108108108109,0.06619346318917134,0.0,0.25,0.6666666666666666,0.3333333333333333,0.0,0.0,0.0,0.125,1.0,0.5,0.0,0.6666666666666666,0.0,0.0,0.0,1
0.6666666666666666,0.20588235294117646,0.5,0.005405405405405406,0.15401122482667548,0.0,0.25,0.0,0.3333333333333333,0.0,0.0,0.3333333333333333,0.4642857142857143,0.5,0.5,0.0,0.3333333333333333,0.0,0.0,0.0,1
1.0,0.07352941176470588,0.5,0.005405405405405406,0.09519093210080334,0.0,0.25,0.3333333333333333,0.3333333333333333,0.5,0.3333333333333333,0.6666666666666666,0.0,1.0,0.0,0.3333333333333333,0.6666666666666666,0.0,0.0,0.0,2
1.0,0.20588235294117646,0.5,0.005405405405405406,0.12462859029382635,0.0,0.5,0.6666666666666666,0.6666666666666666,0.0,1.0,0.0,0.42857142857142855,1.0,0.5,0.0,0.6666666666666666,0.0,1.0,0.0,1
0.3333333333333333,0.29411764705882354,0.75,0.008108108108108109,0.07169582920655881,0.25,0.75,0.6666666666666666,0.3333333333333333,0.0,0.3333333333333333,0.3333333333333333,0.07142857142857142,1.0,0.0,0.3333333333333333,0.6666666666666666,0.0,1.0,0.0,1
0.0,0.07352941176470588,1.0,0.013513513513513514,0.057114559260482006,0.25,1.0,0.6666666666666666,0.6666666666666666,1.0,1.0,0.0,0.5178571428571429,1.0,0.5,0.3333333333333333,0.6666666666666666,1.0,0.0,1.0,1
1.0,0.35294117647058826,0.25,0.002702702702702703,0.41674920215692746,1.0,0.25,0.6666666666666666,0.6666666666666666,1.0,1.0,0.0,0.375,0.0,0.0,0.3333333333333333,0.6666666666666666,1.0,1.0,0.0,1
0.3333333333333333,0.47058823529411764,0.75,0.024324324324324326,0.23137449103114338,0.0,0.5,0.3333333333333333,0.0,0.0,0.3333333333333333,0.0,0.19642857142857142,0.5,0.5,0.3333333333333333,1.0,0.0,1.0,0.0,2
1.0,0.25,0.5,0.002702702702702703,0.12248266754704523,1.0,1.0,1.0,0.6666666666666666,0.0,1.0,0.0,0.48214285714285715,1.0,0.5,0.0,1.0,0.0,1.0,0.0,1
1.0,0.07352941176470588,0.5,0.005405405405405406,0.06261692527786948,0.0,0.5,1.0,0.3333333333333333,0.0,0.3333333333333333,0.0,0.125,1.0,0.0,0.0,0.6666666666666666,0.0,0.0,0.0,1
0.0,0.20588235294117646,1.0,0.005405405405405406,0.04396390447892594,0.0,0.25,1.0,0.3333333333333333,0.0,1.0,0.3333333333333333,0.03571428571428571,1.0,0.0,0.0,0.6666666666666666,0.0,0.0,0.0,1
0.6666666666666666,0.11764705882352941,1.0,0.0,0.06767910201386597,0.5,0.0,0.3333333333333333,0.6666666666666666,0.0,1.0,1.0,0.8392857142857143,0.0,1.0,0.6666666666666666,0.0,0.0,0.0,0.0,1
0.0,0.11764705882352941,0.5,0.008108108108108109,0.04715527676901068,0.0,0.5,0.3333333333333333,0.6666666666666666,0.0,0.3333333333333333,0.0,0.017857142857142856,1.0,0.0,0.0,1.0,1.0,1.0,0.0,1
0.3333333333333333,0.07352941176470588,0.5,0.008108108108108109,0.045779685264663805,0.0,1.0,1.0,0.6666666666666666,0.0,1.0,0.6666666666666666,0.14285714285714285,1.0,0.5,0.3333333333333333,0.3333333333333333,0.0,0.0,0.0,1
1.0,0.11764705882352941,1.0,0.016216216216216217,0.02481567073841752,0.0,0.5,1.0,0.6666666666666666,0.0,0.3333333333333333,0.6666666666666666,0.23214285714285715,1.0,0.5,0.3333333333333333,0.6666666666666666,0.0,0.0,0.0,1
1.0,0.38235294117647056,1.0,0.002702702702702703,0.40420380763728403,1.0,1.0,0.0,0.6666666666666666,0.0,1.0,0.6666666666666666,0.7857142857142857,1.0,0.5,0.3333333333333333,0.6666666666666666,0.0,0.0,0.0,1
1.0,0.0,1.0,0.008108108108108109,0.07120061626499395,0.0,0.75,0.3333333333333333,0.6666666666666666,0.0,0.0,0.0,0.4107142857142857,1.0,0.5,0.6666666666666666,0.3333333333333333,1.0,0.0,0.0,1
0.3333333333333333,0.6029411764705882,1.0,0.002702702702702703,0.23803235391218225,0.25,0.0,0.6666666666666666,0.6666666666666666,0.0,1.0,0.6666666666666666,0.14285714285714285,1.0,0.5,0.0,0.6666666666666666,0.0,0.0,0.0,1
1.0,0.20588235294117646,1.0,0.008108108108108109,0.0466600638274458,0.0,0.0,1.0,0.3333333333333333,0.0,1.0,0.6666666666666666,0.8214285714285714,1.0,0.5,0.3333333333333333,0.0,0.0,0.0,0.0,1
1.0,0.16176470588235295,0.25,0.008108108108108109,0.07257620776934082,0.25,1.0,1.0,0.6666666666666666,0.0,1.0,0.6666666666666666,0.26785714285714285,0.0,0.5,0.0,0.3333333333333333,1.0,0.0,0.0,1
0.3333333333333333,0.07352941176470588,0.5,0.0,0.1620446792120612,1.0,0.5,0.0,0.3333333333333333,0.0,0.3333333333333333,0.0,0.25,1.0,0.5,0.0,0.3333333333333333,0.0,0.0,0.0,1
1.0,0.20588235294117646,0.5,0.002702702702702703,0.17211400902388027,1.0,0.5,0.3333333333333333,0.6666666666666666,0.0,0.0,0.3333333333333333,0.21428571428571427,1.0,0.5,0.0,0.6666666666666666,0.0,1.0,0.0,1
1.0,0.47058823529411764,1.0,0.0,0.350170573346539,0.0,1.0,1.0,0.6666666666666666,0.0,1.0,0.6666666666666666,0.26785714285714285,1.0,0.5,0.3333333333333333,1.0,0.0,1.0,0.0,1
0.3333333333333333,0.29411764705882354,0.5,0.0,0.0523275008253549,0.0,0.25,1.0,0.6666666666666666,0.0,0.0,0.3333333333333333,0.125,1.0,0.5,0.0,0.6666666666666666,0.0,0.0,0.0,1
0.6666666666666666,0.29411764705882354,1.0,0.005405405405405406,0.18526466380543632,1.0,1.0,1.0,0.6666666666666666,0.5,1.0,1.0,0.017857142857142856,1.0,0.0,0.3333333333333333,0.6666666666666666,0.0,0.0,0.0,1
1.0,0.29411764705882354,1.0,0.002702702702702703,0.11532959172444152,0.0,0.75,1.0,0.6666666666666666,0.0,0.6666666666666666,0.6666666666666666,0.2857142857142857,1.0,0.5,0.3333333333333333,0.6666666666666666,0.0,1.0,0.0,1
0.3333333333333333,0.6470588235294118,0.5,0.0,0.3471992956971498,0.25,0.75,0.6666666666666666,0.6666666666666666,0.0,0.3333333333333333,0.3333333333333333,0.08928571428571429,1.0,0.5,0.0,0.6666666666666666,0.0,0.0,0.0,2
1.0,0.25,1.0,0.005405405405405406,0.11213821943435677,0.0,0.25,1.0,0.3333333333333333,0.0,1.0,0.3333333333333333,0.07142857142857142,1.0,0.5,0.0,0.6666666666666666,0.0,1.0,0.0,1
0.3333333333333333,0.11764705882352941,0.5,0.008108108108108109,0.06789919665456146,1.0,0.5,0.3333333333333333,1.0,0.0,0.0,0.0,0.10714285714285714,1.0,0.5,0.0,0.6666666666666666,0.0,1.0,0.0,2
0.3333333333333333,0.10294117647058823,0.75,0.008108108108108109,0.24876196764608782,0.0,0.75,0.3333333333333333,0.6666666666666666,0.0,1.0,0.3333333333333333,0.5714285714285714,1.0,0.5,0.0,0.6666666666666666,0.0,0.0,0.0,1
0.6666666666666666,0.11764705882352941,0.5,0.0,0.05942555298778475,0.0,0.25,1.0,0.6666666666666666,0.0,0.0,0.0,0.125,1.0,0.5,0.0,0.6666666666666666,0.0,0.0,0.0,1
0.3333333333333333,0.6029411764705882,0.5,0.008108108108108109,0.15302079894354573,0.25,0.5,1.0,0.6666666666666666,1.0,1.0,0.3333333333333333,0.03571428571428571,1.0,0.0,0.0,0.6666666666666666,0.0,0.0,0.0,2
0.0,0.6470588235294118,0.5,0.0,0.4133927588863211,0.0,1.0,1.0,0.6666666666666666,0.0,1.0,1.0,0.4107142857142857,0.0,1.0,0.0,1.0,0.0,0.0,0.0,2
0.0,0.47058823529411764,1.0,0.002702702702702703,0.5160669087707714,0.0,0.75,1.0,0.6666666666666666,0.0,1.0,0.6666666666666666,0.08928571428571429,1.0,0.5,0.3333333333333333,0.6666666666666666,0.0,1.0,0.0,2
1.0,0.11764705882352941,0.5,0.008108108108108109,0.03048310773632662,0.0,1.0,1.0,0.6666666666666666,0.0,1.0,0.6666666666666666,0.3392857142857143,1.0,0.5,0.0,0.6666666666666666,0.0,0.0,0.0,1
0.0,0.10294117647058823,1.0,0.0,0.20111147793551226,0.0,0.5,0.3333333333333333,0.6666666666666666,0.0,0.3333333333333333,0.0,0.30357142857142855,1.0,0.0,0.3333333333333333,0.6666666666666666,1.0,0.0,0.0,1
0.3333333333333333,0.38235294117647056,0.5,0.008108108108108109,0.15081985253659072,1.0,1.0,0.3333333333333333,0.3333333333333333,0.0,1.0,0.6666666666666666,0.10714285714285714,1.0,0.5,0.0,0.6666666666666666,0.0,0.0,0.0,1
0.0,0.29411764705882354,0.25,0.005405405405405406,0.18168812589413447,0.0,0.75,0.6666666666666666,0.6666666666666666,0.0,1.0,0.6666666666666666,0.14285714285714285,0.0,0.5,0.0,0.6666666666666666,0.0,0.0,0.0,2
0.0,0.29411764705882354,0.25,0.0,0.11417409486079014,0.25,0.75,0.3333333333333333,0.6666666666666666,0.0,0.6666666666666666,0.6666666666666666,0.23214285714285715,0.0,0.5,0.0,0.6666666666666666,0.0,0.0,0.0,1
0.3333333333333333,0.029411764705882353,0.75,0.005405405405405406,0.044018928139099814,0.0,0.0,1.0,0.6666666666666666,0.0,0.0,0.3333333333333333,0.2857142857142857,0.5,0.5,0.3333333333333333,1.0,0.0,1.0,0.0,1
0.3333333333333333,0.11764705882352941,0.5,0.0,0.32067789149334214,0.0,0.75,0.3333333333333333,0.6666666666666666,0.0,0.3333333333333333,0.6666666666666666,0.23214285714285715,1.0,0.5,0.0,0.6666666666666666,0.0,0.0,0.0,1
0.3333333333333333,0.20588235294117646,0.5,0.013513513513513514,0.1992956971497744,0.0,0.0,0.3333333333333333,0.3333333333333333,0.0,1.0,0.6666666666666666,0.8571428571428571,1.0,0.5,0.0,0.6666666666666666,0.0,1.0,0.0,1
0.0,0.25,0.5,0.0,0.19329811819082204,1.0,0.75,0.3333333333333333,0.6666666666666666,0.5,0.3333333333333333,0.0,0.08928571428571429,1.0,0.5,0.0,0.3333333333333333,0.0,0.0,1.0,1
1.0,0.29411764705882354,0.5,0.008108108108108109,0.11813579839330912,0.5,1.0,0.6666666666666666,0.6666666666666666,0.0,0.3333333333333333,0.6666666666666666,0.2857142857142857,0.0,0.5,0.3333333333333333,0.6666666666666666,0.0,1.0,0.0,2
0.0,0.07352941176470588,0.5,0.008108108108108109,0.06129635743369649,0.0,0.75,0.6666666666666666,0.6666666666666666,0.0,1.0,0.0,0.7142857142857143,1.0,0.5,0.0,0.6666666666666666,0.0,0.0,0.0,1
0.0,0.029411764705882353,1.0,0.008108108108108109,0.05056674369979091,1.0,1.0,1.0,0.6666666666666666,0.0,1.0,0.0,0.8571428571428571,1.0,0.5,0.3333333333333333,0.6666666666666666,0.0,1.0,0.0,1
0.3333333333333333,0.6470588235294118,0.5,1.0,0.28232640035215145,1.0,0.0,0.6666666666666666,0.6666666666666666,0.0,1.0,1.0,0.375,0.0,1.0,0.0,0.0,0.0,1.0,0.0,1
1.0,0.07352941176470588,0.5,0.008108108108108109,0.06756905469351822,0.0,0.75,1.0,0.6666666666666666,0.0,0.3333333333333333,0.6666666666666666,0.05357142857142857,1.0,0.5,0.0,0.6666666666666666,0.0,0.0,0.0,2
0.0,0.29411764705882354,0.5,0.005405405405405406,0.20743919885550788,0.0,0.5,0.3333333333333333,0.6666666666666666,0.0,0.3333333333333333,0.6666666666666666,0.14285714285714285,0.5,0.5,0.0,0.6666666666666666,0.0,0.0,0.0,1
1.0,0.20588235294117646,0.75,0.008108108108108109,0.11389897655992076,0.0,0.0,0.3333333333333333,1.0,0.0,0.6666666666666666,0.0,0.26785714285714285,1.0,0.5,0.3333333333333333,0.6666666666666666,0.0,0.0,0.0,1
0.0,0.47058823529411764,0.5,0.0,0.16501595686145043,0.0,0.75,0.3333333333333333,0.6666666666666666,0.0,1.0,1.0,0.35714285714285715,0.0,1.0,0.0,1.0,1.0,1.0,0.0,1
1.0,0.38235294117647056,1.0,0.008108108108108109,0.14201606690877078,0.0,0.5,1.0,0.3333333333333333,0.0,0.3333333333333333,0.6666666666666666,0.25,1.0,0.5,0.0,0.6666666666666666,0.0,1.0,0.0,1
1.0,0.6470588235294118,1.0,0.002702702702702703,0.6239683063717398,0.25,0.5,0.3333333333333333,0.3333333333333333,0.0,1.0,0.6666666666666666,0.08928571428571429,0.0,0.0,0.3333333333333333,0.3333333333333333,0.0,0.0,0.0,2
0.6666666666666666,0.5588235294117647,1.0,0.002702702702702703,0.2501375591504347,0.0,1.0,1.0,0.6666666666666666,0.0,1.0,1.0,0.6607142857142857,1.0,1.0,0.0,0.6666666666666666,0.0,0.0,0.0,1
0.0,0.11764705882352941,0.0,0.013513513513513514,0.04721030042918455,0.0,0.75,1.0,0.6666666666666666,0.0,0.6666666666666666,0.0,0.16071428571428573,1.0,0.5,0.3333333333333333,0.6666666666666666,0.0,0.0,0.0,2
1.0,0.3382352941176471,1.0,0.005405405405405406,0.2352811709034885,0.75,0.25,1.0,0.6666666666666666,0.0,0.3333333333333333,0.0,0.23214285714285715,0.5,0.5,0.3333333333333333,0.3333333333333333,1.0,1.0,0.0,1
0.0,0.11764705882352941,0.5,0.016216216216216217,0.052272477165181026,1.0,0.5,1.0,0.3333333333333333,0.0,1.0,0.3333333333333333,0.07142857142857142,0.0,0.0,0.0,0.6666666666666666,0.0,1.0,0.0,1
1.0,0.11764705882352941,1.0,0.013513513513513514,0.041047650489710576,1.0,0.75,1.0,0.3333333333333333,0.0,1.0,0.0,0.07142857142857142,1.0,0.5,0.3333333333333333,0.6666666666666666,0.0,0.0,0.0,1
0.3333333333333333,0.29411764705882354,0.5,0.008108108108108109,0.2659843732805106,1.0,1.0,0.3333333333333333,0.3333333333333333,0.0,1.0,0.6666666666666666,0.4107142857142857,1.0,0.5,0.0,0.6666666666666666,0.0,1.0,0.0,1
1.0,0.16176470588235295,1.0,0.008108108108108109,0.06718388907230109,0.0,0.5,1.0,0.6666666666666666,0.0,1.0,1.0,0.2857142857142857,1.0,1.0,0.3333333333333333,0.6666666666666666,0.0,1.0,0.0,1
1.0,0.11764705882352941,0.0,0.005405405405405406,0.1380543633762518,0.0,1.0,0.3333333333333333,0.6666666666666666,0.0,1.0,0.3333333333333333,0.26785714285714285,1.0,0.5,0.3333333333333333,0.6666666666666666,0.0,0.0,0.0,1
0.0,0.47058823529411764,0.5,1.0,0.8587542643336635,0.0,0.0,0.3333333333333333,0.0,0.5,0.6666666666666666,0.6666666666666666,0.42857142857142855,1.0,0.5,0.0,1.0,0.0,0.0,0.0,1
0.3333333333333333,0.20588235294117646,0.5,0.024324324324324326,0.2304941124683614,0.0,1.0,0.0,0.6666666666666666,0.5,0.0,0.0,0.25,0.0,0.5,0.0,1.0,0.0,1.0,0.0,1
0.6666666666666666,0.29411764705882354,1.0,0.024324324324324326,0.056399251678221636,0.75,0.5,0.3333333333333333,0.0,0.0,1.0,0.0,0.30357142857142855,1.0,0.5,0.3333333333333333,0.6666666666666666,0.0,1.0,0.0,1
0.3333333333333333,0.38235294117647056,0.0,0.024324324324324326,0.2217453505007153,0.25,0.5,1.0,0.3333333333333333,0.0,1.0,0.6666666666666666,0.125,1.0,0.0,0.3333333333333333,0.3333333333333333,0.0,0.0,0.0,2
0.3333333333333333,0.6470588235294118,0.0,0.024324324324324326,0.6577528337184989,1.0,0.5,0.3333333333333333,0.6666666666666666,0.0,0.3333333333333333,0.6666666666666666,0.5178571428571429,0.0,0.5,0.0,1.0,0.0,1.0,0.0,1
1.0,0.29411764705882354,0.5,0.0,0.06289204357873886,0.0,0.5,0.3333333333333333,0.6666666666666666,1.0,0.3333333333333333,0.0,0.21428571428571427,1.0,0.5,0.0,0.6666666666666666,0.0,1.0,0.0,1
1.0,0.11764705882352941,1.0,0.008108108108108109,0.05447342357213602,1.0,1.0,1.0,0.3333333333333333,0.0,0.3333333333333333,0.0,0.3392857142857143,1.0,0.5,0.3333333333333333,0.6666666666666666,0.0,1.0,0.0,1
0.3333333333333333,0.29411764705882354,0.75,0.0,0.09436557719819523,1.0,0.5,1.0,0.3333333333333333,0.0,1.0,0.6666666666666666,0.4107142857142857,1.0,0.0,0.3333333333333333,0.6666666666666666,0.0,1.0,0.0,1
0.0,0.6470588235294118,0.5,0.024324324324324326,0.2232860129855838,0.0,0.25,0.6666666666666666,0.3333333333333333,0.0,1.0,0.3333333333333333,0.08928571428571429,1.0,0.0,0.0,0.6666666666666666,0.0,0.0,0.0,2
0.0,0.6470588235294118,0.5,0.010810810810810811,0.15412127214702323,0.0,0.5,0.6666666666666666,0.6666666666666666,0.0,1.0,0.6666666666666666,0.625,1.0,0.5,0.0,0.6666666666666666,0.0,0.0,0.0,2
0.3333333333333333,0.11764705882352941,0.5,0.005405405405405406,0.13821943435677342,1.0,1.0,0.0,0.3333333333333333,0.0,0.3333333333333333,0.3333333333333333,0.10714285714285714,0.0,0.5,0.0,0.6666666666666666,0.0,1.0,0.0,2
0.0,0.11764705882352941,0.0,0.0,0.045779685264663805,0.0,0.5,1.0,0.6666666666666666,0.0,1.0,0.6666666666666666,0.5178571428571429,0.0,0.5,0.3333333333333333,0.6666666666666666,0.0,0.0,0.0,2
1.0,0.20588235294117646,1.0,0.008108108108108109,0.020853967205898535,0.5,1.0,1.0,0.6666666666666666,0.0,0.6666666666666666,0.3333333333333333,0.23214285714285715,0.0,0.5,0.3333333333333333,1.0,0.0,1.0,0.0,1
0.0,0.20588235294117646,0.5,0.008108108108108109,0.06025090789039287,0.0,0.5,1.0,1.0,0.0,0.6666666666666666,0.0,0.125,0.0,0.5,0.0,0.6666666666666666,0.0,0.0,0.0,2
0.0,0.29411764705882354,0.25,0.024324324324324326,0.16017387476614944,0.0,0.5,1.0,0.6666666666666666,0.0,0.3333333333333333,0.3333333333333333,0.21428571428571427,1.0,0.0,0.0,0.6666666666666666,0.0,1.0,0.0,2
0.3333333333333333,0.029411764705882353,0.5,0.008108108108108109,0.012875536480686695,0.0,0.75,0.6666666666666666,1.0,1.0,0.6666666666666666,0.0,0.16071428571428573,0.0,0.5,0.0,0.3333333333333333,0.0,0.0,0.0,1
1.0,0.11764705882352941,0.5,0.002702702702702703,0.06399251678221635,0.75,0.75,0.6666666666666666,0.6666666666666666,0.0,0.3333333333333333,0.3333333333333333,0.6428571428571429,1.0,0.5,0.0,0.6666666666666666,0.0,0.0,1.0,1
0.3333333333333333,1.0,0.5,0.008108108108108109,0.2941014636293606,0.25,0.5,0.3333333333333333,1.0,0.0,0.3333333333333333,0.6666666666666666,0.08928571428571429,1.0,0.5,0.0,0.6666666666666666,0.0,0.0,0.0,2
0.3333333333333333,0.29411764705882354,1.0,1.0,0.6431165401122483,0.0,0.5,0.3333333333333333,0.6666666666666666,0.5,0.6666666666666666,0.6666666666666666,0.35714285714285715,1.0,0.5,0.3333333333333333,1.0,1.0,1.0,0.0,2
0.3333333333333333,0.29411764705882354,0.75,0.005405405405405406,0.09981291955540883,0.0,0.0,0.6666666666666666,0.3333333333333333,0.0,0.3333333333333333,0.3333333333333333,0.26785714285714285,1.0,0.5,0.0,1.0,0.0,1.0,0.0,2
0.3333333333333333,0.25,1.0,0.024324324324324326,0.18719049191152196,0.0,0.75,0.3333333333333333,0.6666666666666666,0.0,0.6666666666666666,0.3333333333333333,0.14285714285714285,1.0,0.5,0.3333333333333333,0.6666666666666666,0.0,0.0,0.0,1
0.3333333333333333,0.20588235294117646,1.0,0.024324324324324326,0.18377902498074172,0.0,0.0,0.6666666666666666,1.0,0.0,0.6666666666666666,0.6666666666666666,0.375,1.0,0.5,0.6666666666666666,0.0,1.0,1.0,0.0,1
1.0,0.29411764705882354,0.5,0.008108108108108109,0.16127434796962695,0.0,0.25,1.0,0.3333333333333333,0.0,1.0,0.3333333333333333,0.125,1.0,0.5,0.0,0.6666666666666666,0.0,1.0,0.0,1
0.3333333333333333,0.07352941176470588,1.0,0.008108108108108109,0.04974138879718279,0.0,1.0,0.3333333333333333,0.6666666666666666,0.0,1.0,0.0,0.32142857142857145,1.0,0.5,0.6666666666666666,0.3333333333333333,0.0,0.0,0.0,1
1.0,0.11764705882352941,0.5,0.024324324324324326,0.0710905689446462,0.0,0.75,0.3333333333333333,0.6666666666666666,0.0,1.0,0.6666666666666666,0.30357142857142855,1.0,0.5,0.0,0.6666666666666666,0.0,1.0,0.0,1
1.0,0.29411764705882354,1.0,0.024324324324324326,0.2352811709034885,0.0,0.5,0.6666666666666666,0.6666666666666666,0.0,0.3333333333333333,0.0,0.9821428571428571,1.0,0.5,0.0,1.0,0.0,1.0,0.0,1
0.3333333333333333,0.029411764705882353,0.5,0.0,0.7871134587872786,1.0,0.0,0.0,0.6666666666666666,0.0,0.3333333333333333,0.3333333333333333,0.07142857142857142,1.0,0.5,0.0,0.0,0.0,1.0,0.0,2
0.3333333333333333,0.6470588235294118,0.25,0.024324324324324326,0.18245845713656872,0.25,0.75,1.0,0.6666666666666666,0.0,0.3333333333333333,0.6666666666666666,0.19642857142857142,1.0,0.5,0.0,0.6666666666666666,0.0,0.0,0.0,1
0.0,0.3382352941176471,0.0,0.024324324324324326,0.27748431825685044,0.0,0.0,0.3333333333333333,0.6666666666666666,0.0,1.0,0.3333333333333333,0.5535714285714286,0.5,0.5,0.3333333333333333,0.6666666666666666,0.0,1.0,0.0,2
1.0,0.11764705882352941,1.0,0.016216216216216217,0.13744910311433917,0.0,1.0,0.3333333333333333,0.3333333333333333,0.0,1.0,1.0,0.6785714285714286,0.0,1.0,0.6666666666666666,0.3333333333333333,0.0,0.0,0.0,1
1.0,0.8235294117647058,0.75,0.008108108108108109,0.847529437658193,0.0,0.75,0.3333333333333333,0.6666666666666666,0.0,1.0,0.6666666666666666,0.03571428571428571,1.0,0.5,0.3333333333333333,0.6666666666666666,0.0,1.0,0.0,1
0.3333333333333333,0.5588235294117647,1.0,0.024324324324324326,0.3138549576317817,0.0,0.75,0.3333333333333333,0.3333333333333333,0.0,0.0,0.0,0.39285714285714285,0.0,0.5,0.3333333333333333,0.3333333333333333,0.0,0.0,0.0,1
1.0,0.29411764705882354,0.5,0.005405405405405406,0.14223616154946628,0.5,1.0,0.6666666666666666,0.6666666666666666,0.0,1.0,0.3333333333333333,0.6071428571428571,1.0,0.5,0.0,0.6666666666666666,0.0,0.0,0.0,1
0.3333333333333333,0.07352941176470588,0.5,0.008108108108108109,0.011444921316165951,0.0,0.5,1.0,0.6666666666666666,0.0,0.6666666666666666,0.0,0.08928571428571429,1.0,0.5,0.0,0.6666666666666666,0.0,0.0,0.0,1
0.3333333333333333,0.29411764705882354,0.5,0.0,0.05480356553317927,0.0,0.25,1.0,0.6666666666666666,0.0,0.3333333333333333,0.0,0.07142857142857142,0.5,0.5,0.0,0.3333333333333333,0.0,0.0,0.0,2
1.0,0.16176470588235295,0.5,0.002702702702702703,0.24248927038626608,0.0,0.5,0.6666666666666666,0.6666666666666666,0.0,0.3333333333333333,0.6666666666666666,0.19642857142857142,1.0,0.5,0.0,0.6666666666666666,0.0,1.0,0.0,1
0.0,0.47058823529411764,0.5,0.005405405405405406,0.17585561791570375,0.0,1.0,1.0,0.6666666666666666,0.0,0.3333333333333333,0.6666666666666666,0.4107142857142857,1.0,0.5,0.0,0.6666666666666666,1.0,0.0,0.0,2
0.0,0.029411764705882353,0.5,0.008108108108108109,0.1318917134367778,0.5,0.5,0.3333333333333333,0.6666666666666666,0.0,0.6666666666666666,0.0,0.44642857142857145,1.0,0.0,0.0,0.6666666666666666,1.0,0.0,0.0,1
0.0,0.29411764705882354,0.5,0.0,0.05694948827996038,1.0,0.75,1.0,0.3333333333333333,0.0,1.0,1.0,0.23214285714285715,1.0,0.0,0.0,0.6666666666666666,0.0,0.0,0.0,2
0.3333333333333333,0.20588235294117646,1.0,0.008108108108108109,0.08501155496863651,0.0,1.0,0.6666666666666666,0.3333333333333333,1.0,1.0,0.0,0.5178571428571429,0.0,0.0,0.3333333333333333,0.3333333333333333,0.0,1.0,0.0,1
0.6666666666666666,0.11764705882352941,0.75,0.0,0.1098822493672279,0.0,0.5,0.3333333333333333,0.3333333333333333,0.0,0.3333333333333333,0.6666666666666666,0.30357142857142855,0.5,0.5,0.3333333333333333,0.6666666666666666,0.0,1.0,0.0,1
0.0,0.11764705882352941,0.5,0.0,0.028007043028502255,0.0,0.75,1.0,0.6666666666666666,0.0,0.3333333333333333,0.0,0.125,1.0,0.5,0.0,0.6666666666666666,0.0,0.0,0.0,2
0.3333333333333333,0.29411764705882354,0.75,0.024324324324324326,0.3695939253879168,0.25,0.75,1.0,0.6666666666666666,0.0,1.0,0.6666666666666666,0.30357142857142855,1.0,0.0,0.0,1.0,0.0,1.0,0.0,1
1.0,0.47058823529411764,0.5,0.0,0.03626059205458347,0.5,1.0,1.0,0.6666666666666666,0.0,1.0,0.3333333333333333,0.30357142857142855,1.0,0.5,0.0,0.6666666666666666,0.0,0.0,0.0,1
0.3333333333333333,0.20588235294117646,0.5,0.008108108108108109,0.04748541873005392,0.0,0.5,1.0,0.3333333333333333,1.0,1.0,0.0,0.125,1.0,0.5,0.0,0.3333333333333333,1.0,0.0,0.0,1
0.0,0.29411764705882354,0.5,0.0,0.03659073401562672,1.0,1.0,1.0,0.3333333333333333,0.0,0.3333333333333333,0.6666666666666666,0.17857142857142858,0.0,0.5,0.0,0.6666666666666666,0.0,0.0,0.0,2
0.0,0.38235294117647056,0.5,0.002702702702702703,0.19847034224716628,0.0,0.5,1.0,0.0,0.0,1.0,0.3333333333333333,0.375,1.0,0.5,0.0,1.0,0.0,1.0,0.0,1
0.3333333333333333,0.20588235294117646,1.0,0.024324324324324326,0.090073731704633,1.0,0.5,1.0,1.0,0.0,1.0,0.0,0.16071428571428573,0.0,0.5,0.3333333333333333,0.6666666666666666,0.0,0.0,0.0,1
1.0,0.08823529411764706,1.0,0.0,0.05397821063057114,0.0,1.0,0.6666666666666666,0.6666666666666666,0.0,1.0,0.0,0.23214285714285715,1.0,0.5,0.3333333333333333,0.3333333333333333,1.0,0.0,1.0,1
1.0,0.0,0.5,0.005405405405405406,0.019313304721030045,0.0,0.25,0.0,0.3333333333333333,0.0,0.6666666666666666,0.0,0.07142857142857142,1.0,0.0,0.0,0.3333333333333333,1.0,0.0,0.0,1
0.0,0.20588235294117646,0.5,0.008108108108108109,0.11769560911191812,0.0,0.25,1.0,0.3333333333333333,0.0,0.0,0.6666666666666666,0.14285714285714285,0.5,0.5,0.0,0.6666666666666666,0.0,0.0,0.0,1
0.3333333333333333,0.5147058823529411,0.75,0.016216216216216217,0.6333223286012986,0.25,0.75,0.3333333333333333,0.6666666666666666,0.0,0.6666666666666666,1.0,0.23214285714285715,1.0,0.0,0.0,0.6666666666666666,0.0,1.0,0.0,1
0.3333333333333333,0.29411764705882354,0.25,0.016216216216216217,0.08732254869593925,0.0,0.75,1.0,0.3333333333333333,0.0,1.0,1.0,0.26785714285714285,0.0,1.0,0.0,0.3333333333333333,0.0,0.0,0.0,2
0.6666666666666666,0.47058823529411764,0.5,0.008108108108108109,0.30802244965335096,0.0,0.5,1.0,0.6666666666666666,0.0,0.0,0.6666666666666666,0.08928571428571429,1.0,0.5,0.0,0.6666666666666666,0.0,0.0,0.0,1
0.0,0.25,1.0,0.0,0.07439198855507868,0.0,1.0,1.0,1.0,0.0,0.6666666666666666,0.6666666666666666,0.19642857142857142,1.0,0.5,0.3333333333333333,0.6666666666666666,0.0,1.0,0.0,1
1.0,0.16176470588235295,0.75,0.008108108108108109,0.06756905469351822,0.0,0.5,1.0,1.0,0.0,0.6666666666666666,0.0,0.25,0.0,0.5,0.3333333333333333,0.6666666666666666,0.0,0.0,0.0,1
0.0,0.058823529411764705,1.0,1.0,0.050291625398921534,0.0,1.0,0.6666666666666666,0.6666666666666666,0.0,1.0,1.0,0.5714285714285714,0.0,1.0,0.3333333333333333,1.0,1.0,1.0,0.0,1
0.0,0.25,0.5,0.008108108108108109,0.12963574336964895,0.0,0.25,1.0,0.3333333333333333,0.0,1.0,0.3333333333333333,0.16071428571428573,1.0,0.0,0.0,1.0,0.0,1.0,0.0,1
0.0,0.10294117647058823,1.0,0.0,0.20298228238142402,0.0,0.5,0.0,0.6666666666666666,0.0,0.3333333333333333,0.0,0.375,1.0,0.5,0.3333333333333333,0.3333333333333333,1.0,0.0,0.0,1
0.3333333333333333,0.11764705882352941,0.5,0.008108108108108109,0.020633872565203038,0.0,0.25,1.0,1.0,1.0,0.0,0.0,0.125,0.0,0.5,0.0,0.3333333333333333,0.0,0.0,0.0,1
1.0,0.38235294117647056,1.0,0.008108108108108109,0.235501265544184,0.0,0.75,1.0,0.3333333333333333,0.0,1.0,0.6666666666666666,0.125,1.0,0.0,0.0,1.0,0.0,1.0,0.0,1
1.0,0.3382352941176471,0.5,0.013513513513513514,0.2718168812589413,1.0,1.0,1.0,0.6666666666666666,0.0,1.0,0.3333333333333333,0.5178571428571429,1.0,0.5,1.0,0.6666666666666666,1.0,1.0,0.0,1
0.3333333333333333,0.47058823529411764,0.75,0.0,0.10867172884340266,0.0,1.0,1.0,0.6666666666666666,0.0,1.0,1.0,0.6785714285714286,0.0,1.0,0.3333333333333333,0.6666666666666666,0.0,1.0,0.0,2
0.3333333333333333,0.38235294117647056,0.25,0.005405405405405406,0.17860680092439749,0.75,0.5,1.0,0.6666666666666666,0.0,0.3333333333333333,0.6666666666666666,0.26785714285714285,0.5,0.5,0.0,0.6666666666666666,1.0,1.0,0.0,1
0.3333333333333333,0.029411764705882353,0.5,0.008108108108108109,0.006492791900517223,1.0,1.0,1.0,0.6666666666666666,0.0,1.0,0.3333333333333333,0.3392857142857143,1.0,0.5,0.0,0.6666666666666666,0.0,0.0,0.0,1
0.3333333333333333,0.20588235294117646,1.0,0.005405405405405406,0.18498954550456698,0.0,1.0,0.6666666666666666,0.3333333333333333,0.0,1.0,0.3333333333333333,0.32142857142857145,1.0,0.5,0.0,0.6666666666666666,0.0,1.0,0.0,1
0.3333333333333333,0.029411764705882353,0.5,0.008108108108108109,0.027676901067459007,0.0,0.5,0.3333333333333333,0.3333333333333333,1.0,0.6666666666666666,0.0,0.8035714285714286,1.0,0.5,0.0,0.6666666666666666,0.0,0.0,0.0,1
0.3333333333333333,0.16176470588235295,0.5,0.013513513513513514,0.13101133487399583,0.25,0.5,0.6666666666666666,0.3333333333333333,0.0,0.3333333333333333,0.0,0.10714285714285714,1.0,0.5,0.0,0.3333333333333333,0.0,0.0,0.0,1
0.6666666666666666,0.29411764705882354,0.5,0.008108108108108109,0.2697259821723341,0.0,0.75,1.0,0.6666666666666666,0.0,0.3333333333333333,0.6666666666666666,0.10714285714285714,0.0,0.5,0.0,0.6666666666666666,0.0,0.0,0.0,1
1.0,0.29411764705882354,0.5,0.0,0.05496863651370089,0.0,0.25,1.0,1.0,0.0,0.3333333333333333,0.0,0.16071428571428573,1.0,0.5,0.0,0.6666666666666666,0.0,0.0,0.0,1
0.0,0.16176470588235295,0.5,0.0,0.06344228018047761,0.0,0.5,0.3333333333333333,0.3333333333333333,0.0,1.0,0.6666666666666666,0.16071428571428573,1.0,0.0,0.0,0.6666666666666666,0.0,0.0,0.0,1
0.0,0.29411764705882354,0.25,0.002702702702702703,0.18609001870804445,0.0,0.5,0.0,0.3333333333333333,1.0,1.0,0.6666666666666666,0.05357142857142857,0.0,0.0,0.0,0.6666666666666666,0.0,0.0,1.0,1
1.0,0.11764705882352941,0.5,0.0,0.06250687795752173,0.5,0.5,0.3333333333333333,0.3333333333333333,0.0,0.3333333333333333,0.3333333333333333,0.125,1.0,0.5,0.0,0.6666666666666666,0.0,0.0,0.0,2
0.0,0.47058823529411764,1.0,0.005405405405405406,0.3289864641795972,0.0,0.25,1.0,0.3333333333333333,0.5,1.0,1.0,0.07142857142857142,1.0,0.0,0.3333333333333333,0.3333333333333333,0.0,1.0,0.0,2
0.3333333333333333,0.16176470588235295,0.5,0.013513513513513514,0.06954990645977771,0.25,0.5,1.0,0.6666666666666666,1.0,0.3333333333333333,0.0,0.05357142857142857,1.0,0.5,0.0,0.6666666666666666,0.0,0.0,0.0,1
1.0,0.8235294117647058,1.0,0.0,0.7431495543083526,1.0,1.0,0.3333333333333333,0.6666666666666666,0.0,1.0,1.0,0.7857142857142857,0.0,1.0,0.0,1.0,0.0,1.0,0.0,1
0.0,0.20588235294117646,0.5,0.008108108108108109,0.16176956091119182,0.0,0.5,0.3333333333333333,0.3333333333333333,0.0,0.3333333333333333,0.0,0.08928571428571429,1.0,0.5,0.0,0.6666666666666666,0.0,0.0,0.0,2
1.0,0.29411764705882354,1.0,0.008108108108108109,0.10856168152305491,0.25,1.0,1.0,0.6666666666666666,0.0,1.0,0.3333333333333333,0.5892857142857143,0.0,0.5,0.3333333333333333,0.6666666666666666,0.0,0.0,0.0,1
1.0,0.029411764705882353,0.5,0.013513513513513514,0.022559700671288655,0.5,0.75,0.3333333333333333,1.0,0.0,1.0,0.0,0.07142857142857142,1.0,0.0,0.0,0.3333333333333333,0.0,0.0,0.0,1
1.0,0.20588235294117646,0.25,0.0,0.34158688235941453,0.0,1.0,0.3333333333333333,0.6666666666666666,0.0,1.0,1.0,0.35714285714285715,0.0,0.5,0.3333333333333333,1.0,1.0,1.0,0.0,2
0.3333333333333333,0.29411764705882354,1.0,0.008108108108108109,0.05315285572796302,0.25,0.25,1.0,0.6666666666666666,0.0,1.0,1.0,0.3392857142857143,0.0,0.5,0.3333333333333333,0.6666666666666666,1.0,0.0,0.0,2
1.0,0.47058823529411764,0.5,0.005405405405405406,0.1705183228788379,0.0,0.5,1.0,0.3333333333333333,0.0,0.3333333333333333,0.6666666666666666,0.16071428571428573,1.0,0.5,0.0,1.0,0.0,1.0,0.0,2
1.0,0.07352941176470588,0.5,0.008108108108108109,0.13772422141520854,0.25,1.0,0.6666666666666666,0.6666666666666666,0.5,1.0,0.6666666666666666,0.2857142857142857,1.0,0.5,0.0,0.6666666666666666,0.0,1.0,0.0,1
1.0,0.20588235294117646,1.0,0.002702702702702703,0.16391548365797293,1.0,0.0,0.3333333333333333,0.6666666666666666,0.0,1.0,1.0,0.3392857142857143,1.0,0.5,0.0,1.0,0.0,1.0,0.0,1
0.3333333333333333,0.20588235294117646,0.5,0.008108108108108109,0.16303510509519092,0.5,0.25,0.0,1.0,0.0,0.6666666666666666,0.0,0.10714285714285714,1.0,0.0,0.0,0.6666666666666666,0.0,0.0,0.0,1
0.0,0.20588235294117646,0.25,0.005405405405405406,0.07169582920655881,0.0,0.5,1.0,0.6666666666666666,0.0,0.6666666666666666,0.6666666666666666,0.44642857142857145,0.0,0.5,0.0,0.6666666666666666,0.0,0.0,0.0,2
0.0,0.16176470588235295,0.75,0.005405405405405406,0.18669527896995708,0.0,1.0,0.0,0.3333333333333333,0.0,1.0,0.3333333333333333,0.14285714285714285,1.0,0.5,0.3333333333333333,0.3333333333333333,0.0,0.0,0.0,1
0.0,0.29411764705882354,0.5,0.024324324324324326,0.34763948497854075,0.0,0.5,0.3333333333333333,1.0,0.0,0.3333333333333333,0.6666666666666666,0.03571428571428571,0.5,0.5,0.0,0.3333333333333333,0.0,0.0,0.0,1
0.0,0.058823529411764705,1.0,0.0,0.026466380543633764,0.0,1.0,1.0,0.6666666666666666,0.0,1.0,0.0,0.5,1.0,0.5,0.3333333333333333,0.3333333333333333,0.0,0.0,0.0,1
0.3333333333333333,0.47058823529411764,0.5,0.016216216216216217,0.6802024870694399,0.25,0.5,0.0,0.6666666666666666,0.0,1.0,1.0,0.5,1.0,1.0,0.0,0.6666666666666666,1.0,1.0,0.0,2
0.6666666666666666,0.29411764705882354,0.5,0.005405405405405406,0.14537251017937713,0.0,1.0,0.6666666666666666,0.0,0.0,1.0,1.0,0.5714285714285714,1.0,1.0,0.0,0.6666666666666666,0.0,0.0,0.0,1
0.3333333333333333,0.38235294117647056,0.5,0.008108108108108109,0.08060966215472654,1.0,0.5,1.0,0.3333333333333333,0.0,0.0,0.6666666666666666,0.125,1.0,0.5,0.0,0.6666666666666666,0.0,0.0,0.0,1
1.0,0.1323529411764706,0.5,0.008108108108108109,0.06377242214152086,0.25,0.0,0.3333333333333333,0.3333333333333333,0.0,1.0,0.0,0.8035714285714286,1.0,0.5,0.0,0.6666666666666666,0.0,0.0,0.0,1
1.0,0.16176470588235295,0.75,0.005405405405405406,0.039066798723451084,0.75,0.75,0.6666666666666666,0.3333333333333333,0.0,0.3333333333333333,0.3333333333333333,0.19642857142857142,1.0,0.5,0.3333333333333333,0.6666666666666666,0.0,0.0,0.0,1
1.0,0.16176470588235295,0.5,0.016216216216216217,0.24061846594035435,0.25,0.5,0.6666666666666666,0.6666666666666666,0.0,0.3333333333333333,0.3333333333333333,0.375,1.0,0.5,0.0,1.0,0.0,1.0,0.0,2
0.3333333333333333,0.16176470588235295,0.75,0.013513513513513514,0.06943985913942996,0.75,0.5,0.6666666666666666,1.0,0.0,0.6666666666666666,0.3333333333333333,0.75,0.5,0.5,0.3333333333333333,0.6666666666666666,0.0,0.0,0.0,2
1.0,0.29411764705882354,1.0,0.002702702702702703,0.30560140860570045,0.75,0.5,1.0,0.6666666666666666,0.0,0.3333333333333333,0.0,0.14285714285714285,1.0,0.5,0.3333333333333333,0.6666666666666666,0.0,0.0,0.0,1
0.0,0.11764705882352941,0.5,0.0,0.053813139650049524,0.0,0.5,1.0,0.3333333333333333,0.0,0.3333333333333333,0.0,0.08928571428571429,1.0,0.5,0.0,0.3333333333333333,0.0,0.0,0.0,2
0.3333333333333333,0.47058823529411764,1.0,0.0,0.14141080664685815,0.0,0.25,1.0,0.0,0.0,1.0,0.6666666666666666,0.14285714285714285,1.0,0.5,0.3333333333333333,0.6666666666666666,0.0,0.0,0.0,2
0.3333333333333333,0.29411764705882354,0.5,0.0,0.1794871794871795,0.25,0.75,0.3333333333333333,0.6666666666666666,0.0,0.6666666666666666,0.6666666666666666,0.3392857142857143,0.0,0.5,0.3333333333333333,0.6666666666666666,0.0,1.0,0.0,1
0.0,0.11764705882352941,0.5,0.005405405405405406,0.12809508088478044,0.0,0.0,0.6666666666666666,0.3333333333333333,0.0,1.0,1.0,0.6428571428571429,1.0,1.0,0.0,1.0,0.0,0.0,0.0,1
1.0,0.20588235294117646,0.5,0.0,0.13271706833938593,1.0,0.75,1.0,0.6666666666666666,0.0,0.6666666666666666,0.3333333333333333,0.23214285714285715,1.0,0.5,0.0,0.6666666666666666,0.0,0.0,1.0,1
0.3333333333333333,0.8235294117647058,0.75,0.008108108108108109,0.3944095961263343,1.0,0.5,0.0,0.6666666666666666,0.0,0.0,0.0,0.14285714285714285,1.0,0.5,0.0,0.3333333333333333,0.0,0.0,0.0,1
1.0,0.29411764705882354,0.5,0.008108108108108109,0.15709254979641246,1.0,0.25,1.0,0.6666666666666666,0.0,0.3333333333333333,0.6666666666666666,0.10714285714285714,1.0,0.5,0.3333333333333333,0.6666666666666666,0.0,0.0,0.0,1
0.3333333333333333,0.29411764705882354,0.5,0.0,0.1357983933091229,0.0,0.5,0.6666666666666666,0.3333333333333333,0.0,1.0,0.3333333333333333,0.017857142857142856,1.0,0.0,0.0,0.3333333333333333,0.0,1.0,0.0,2
0.3333333333333333,0.6029411764705882,1.0,0.008108108108108109,0.24738637614174094,0.0,0.25,1.0,0.6666666666666666,0.0,0.3333333333333333,0.3333333333333333,0.10714285714285714,1.0,0.5,0.3333333333333333,0.3333333333333333,0.0,0.0,0.0,2
1.0,0.5147058823529411,0.5,0.002702702702702703,0.4587872785297678,0.25,1.0,1.0,0.6666666666666666,0.0,0.3333333333333333,0.6666666666666666,0.4642857142857143,1.0,0.5,0.0,1.0,0.0,1.0,0.0,1
1.0,0.29411764705882354,1.0,0.002702702702702703,0.36271596786618243,1.0,0.5,0.3333333333333333,0.6666666666666666,0.0,1.0,0.3333333333333333,0.48214285714285715,1.0,0.5,0.3333333333333333,1.0,1.0,1.0,0.0,1
0.3333333333333333,0.20588235294117646,0.0,0.005405405405405406,0.16474083856058105,0.0,0.5,0.0,0.3333333333333333,0.0,1.0,0.6666666666666666,0.25,0.0,0.5,0.3333333333333333,0.6666666666666666,0.0,1.0,0.0,1
0.0,0.47058823529411764,0.5,0.0,0.49636843842852424,0.0,0.75,0.3333333333333333,0.6666666666666666,0.0,0.0,0.6666666666666666,0.08928571428571429,1.0,0.5,0.0,0.6666666666666666,0.0,1.0,0.0,2
0.0,0.23529411764705882,1.0,0.0,0.10922196544514141,0.0,0.5,1.0,1.0,1.0,0.3333333333333333,0.3333333333333333,0.25,0.0,0.0,0.3333333333333333,0.6666666666666666,0.0,0.0,1.0,2
1.0,0.47058823529411764,1.0,0.008108108108108109,0.5126004181798173,0.0,0.5,0.3333333333333333,0.3333333333333333,0.0,0.3333333333333333,0.6666666666666666,0.21428571428571427,0.5,0.5,0.3333333333333333,0.6666666666666666,0.0,0.0,0.0,1
0.3333333333333333,0.11764705882352941,0.5,0.008108108108108109,0.028392208649719378,0.5,0.5,1.0,0.6666666666666666,0.0,0.6666666666666666,0.0,0.8392857142857143,1.0,0.5,0.0,0.3333333333333333,0.0,0.0,0.0,2
0.0,0.20588235294117646,0.5,0.008108108108108109,0.09276989105315285,1.0,0.75,0.3333333333333333,1.0,0.0,1.0,0.6666666666666666,0.07142857142857142,1.0,0.0,0.3333333333333333,0.3333333333333333,0.0,0.0,0.0,1
1.0,0.29411764705882354,0.5,0.008108108108108109,0.17497523935292175,0.5,1.0,0.6666666666666666,0.6666666666666666,0.0,0.3333333333333333,0.6666666666666666,0.21428571428571427,1.0,0.5,0.0,0.6666666666666666,1.0,1.0,0.0,1
0.0,0.029411764705882353,0.5,0.0,0.022669747991636402,0.0,0.25,0.6666666666666666,0.6666666666666666,0.0,1.0,0.0,0.39285714285714285,1.0,0.5,0.0,0.3333333333333333,1.0,1.0,0.0,1
1.0,0.6470588235294118,0.75,0.008108108108108109,0.6877407285132607,0.5,0.75,1.0,0.6666666666666666,0.0,0.0,0.6666666666666666,0.32142857142857145,1.0,0.5,0.0,1.0,0.0,1.0,0.0,1
0.3333333333333333,0.29411764705882354,0.5,0.008108108108108109,0.09447562451854297,0.0,1.0,1.0,0.3333333333333333,0.0,1.0,0.6666666666666666,0.017857142857142856,1.0,0.5,0.0,0.6666666666666666,0.0,1.0,0.0,1
0.0,0.11764705882352941,0.5,0.0,0.050511720039617035,0.0,0.5,1.0,1.0,0.0,0.6666666666666666,0.0,0.14285714285714285,1.0,0.5,0.0,0.3333333333333333,0.0,0.0,0.0,1
0.3333333333333333,0.04411764705882353,0.5,0.008108108108108109,0.1279850335644327,0.0,0.5,0.3333333333333333,0.6666666666666666,1.0,0.3333333333333333,0.0,0.2857142857142857,1.0,0.5,0.0,0.6666666666666666,0.0,0.0,0.0,1
0.0,0.17647058823529413,1.0,0.0,0.13068119291295258,0.0,1.0,0.3333333333333333,0.6666666666666666,1.0,1.0,0.3333333333333333,0.42857142857142855,0.0,0.0,0.0,0.6666666666666666,0.0,1.0,0.0,2
1.0,0.11764705882352941,1.0,0.024324324324324326,0.11235831407505227,0.0,0.0,1.0,0.6666666666666666,0.0,0.3333333333333333,0.6666666666666666,0.4107142857142857,0.5,0.5,0.3333333333333333,1.0,0.0,1.0,0.0,2
0.6666666666666666,0.11764705882352941,0.25,0.008108108108108109,0.008748761967646087,0.75,0.5,0.6666666666666666,0.3333333333333333,0.0,0.6666666666666666,0.0,0.4107142857142857,1.0,0.0,0.3333333333333333,0.6666666666666666,0.0,0.0,0.0,1
0.3333333333333333,0.11764705882352941,1.0,0.005405405405405406,0.18526466380543632,0.0,1.0,0.0,0.6666666666666666,0.0,1.0,0.6666666666666666,0.16071428571428573,1.0,0.0,0.6666666666666666,0.6666666666666666,0.0,1.0,0.0,1
0.0,0.23529411764705882,1.0,0.005405405405405406,0.2213051612193243,0.0,1.0,0.0,0.3333333333333333,0.0,1.0,0.3333333333333333,0.08928571428571429,1.0,0.5,0.3333333333333333,0.6666666666666666,0.0,0.0,0.0,1
0.3333333333333333,0.1323529411764706,1.0,0.008108108108108109,0.034774953229888855,0.0,0.25,1.0,0.6666666666666666,1.0,1.0,0.0,0.07142857142857142,1.0,0.5,0.3333333333333333,0.6666666666666666,0.0,0.0,0.0,1
0.3333333333333333,0.20588235294117646,0.75,0.005405405405405406,0.2226807527236712,0.0,1.0,1.0,0.0,0.0,0.6666666666666666,1.0,0.375,1.0,0.5,0.0,1.0,0.0,1.0,0.0,2
0.0,0.029411764705882353,0.25,0.016216216216216217,0.052162429844833276,0.0,1.0,1.0,0.3333333333333333,0.0,1.0,1.0,0.2857142857142857,1.0,1.0,0.0,0.6666666666666666,0.0,0.0,0.0,2
1.0,0.47058823529411764,1.0,0.0,0.4184549356223176,0.0,0.5,1.0,0.3333333333333333,0.0,0.3333333333333333,0.0,0.10714285714285714,0.5,0.5,0.3333333333333333,0.6666666666666666,0.0,1.0,0.0,2
1.0,0.0,1.0,0.008108108108108109,0.06894464619786508,0.0,0.75,0.3333333333333333,0.6666666666666666,0.0,0.0,0.0,0.4107142857142857,1.0,0.5,0.3333333333333333,0.3333333333333333,1.0,0.0,0.0,1
1.0,0.29411764705882354,0.5,0.008108108108108109,0.0412127214702322,1.0,1.0,1.0,0.6666666666666666,0.0,0.3333333333333333,0.6666666666666666,0.10714285714285714,1.0,0.5,0.3333333333333333,0.6666666666666666,0.0,0.0,0.0,1
0.0,0.11764705882352941,0.25,0.008108108108108109,0.10448993067018818,0.0,0.5,1.0,0.0,0.0,0.0,1.0,0.17857142857142858,1.0,1.0,0.0,0.6666666666666666,0.0,0.0,0.0,2
0.6666666666666666,0.29411764705882354,0.5,0.0,0.03835149114119071,0.0,0.75,1.0,0.6666666666666666,0.0,0.6666666666666666,1.0,0.3392857142857143,0.0,1.0,0.0,0.6666666666666666,1.0,0.0,0.0,2
0.6666666666666666,0.11764705882352941,0.5,0.008108108108108109,0.08974358974358974,0.0,0.5,0.3333333333333333,0.3333333333333333,0.0,0.3333333333333333,0.6666666666666666,0.44642857142857145,1.0,0.0,0.0,0.3333333333333333,0.0,1.0,0.0,1
0.6666666666666666,0.20588235294117646,0.5,0.0,0.09414548255749973,0.0,1.0,0.6666666666666666,0.3333333333333333,0.0,0.3333333333333333,0.6666666666666666,0.07142857142857142,1.0,0.5,0.0,1.0,0.0,0.0,0.0,1
0.0,0.11764705882352941,0.5,0.0,0.05634422801804776,0.0,0.25,0.6666666666666666,0.3333333333333333,0.0,0.0,0.0,0.32142857142857145,1.0,0.5,0.0,0.3333333333333333,0.0,0.0,0.0,2
1.0,0.6470588235294118,1.0,0.0,0.5434686915373611,0.5,0.5,0.3333333333333333,0.6666666666666666,0.0,0.3333333333333333,1.0,0.44642857142857145,0.0,1.0,0.0,0.6666666666666666,0.0,0.0,0.0,2
0.3333333333333333,0.20588235294117646,0.5,0.024324324324324326,0.13051612193243095,0.25,0.5,1.0,0.6666666666666666,0.0,1.0,0.6666666666666666,0.26785714285714285,1.0,0.5,0.0,0.6666666666666666,0.0,0.0,0.0,1
0.0,0.47058823529411764,0.5,0.0,0.08759766699680863,0.0,0.25,1.0,0.3333333333333333,0.0,1.0,0.6666666666666666,0.26785714285714285,1.0,0.5,0.0,0.6666666666666666,0.0,1.0,0.0,2
0.0,0.25,0.25,0.0,0.07686805326290305,1.0,0.5,1.0,0.6666666666666666,0.0,0.3333333333333333,0.3333333333333333,0.375,1.0,0.5,0.3333333333333333,0.3333333333333333,1.0,0.0,0.0,2
1.0,0.16176470588235295,0.5,0.002702702702702703,0.19599427753934193,0.25,0.25,0.0,0.3333333333333333,0.0,1.0,0.6666666666666666,0.07142857142857142,1.0,0.5,0.0,0.6666666666666666,0.0,1.0,0.0,1
1.0,0.11764705882352941,1.0,0.016216216216216217,0.10157367668097282,0.0,0.75,0.3333333333333333,0.6666666666666666,0.0,0.6666666666666666,0.0,0.5357142857142857,1.0,0.5,0.0,0.3333333333333333,1.0,0.0,0.0,1
1.0,0.08823529411764706,0.5,0.008108108108108109,0.09210960713106636,0.0,0.5,0.0,0.6666666666666666,0.0,1.0,0.3333333333333333,0.3392857142857143,1.0,0.5,0.0,0.6666666666666666,0.0,1.0,1.0,1
1.0,0.8235294117647058,0.5,0.0,0.5566193463189172,0.0,1.0,0.3333333333333333,0.6666666666666666,0.0,1.0,0.3333333333333333,0.4107142857142857,1.0,0.5,0.0,1.0,0.0,1.0,0.0,1
1.0,0.20588235294117646,0.5,0.0,0.3582590513920986,1.0,0.5,0.3333333333333333,0.6666666666666666,0.0,1.0,0.6666666666666666,0.875,1.0,0.0,0.3333333333333333,0.6666666666666666,0.0,0.0,0.0,2
1.0,0.29411764705882354,1.0,0.013513513513513514,0.28925938153405967,0.0,1.0,0.6666666666666666,0.6666666666666666,0.0,1.0,1.0,0.44642857142857145,1.0,1.0,0.3333333333333333,0.6666666666666666,0.0,0.0,0.0,1
1.0,0.20588235294117646,1.0,0.0,0.04429404643996919,0.0,0.25,1.0,0.3333333333333333,0.0,0.0,0.3333333333333333,0.19642857142857142,1.0,0.5,0.3333333333333333,0.6666666666666666,0.0,0.0,0.0,1
0.3333333333333333,0.29411764705882354,0.5,0.005405405405405406,0.15511169803015296,0.25,1.0,1.0,0.6666666666666666,0.0,1.0,1.0,0.19642857142857142,1.0,1.0,0.0,0.6666666666666666,0.0,0.0,0.0,1
0.3333333333333333,0.6470588235294118,0.5,0.005405405405405406,0.534279740288324,0.0,0.25,0.0,0.3333333333333333,0.0,0.3333333333333333,0.6666666666666666,0.125,1.0,0.5,0.0,0.6666666666666666,0.0,1.0,0.0,2
0.3333333333333333,0.20588235294117646,1.0,0.0,0.0348850005502366,0.0,1.0,1.0,0.6666666666666666,0.0,1.0,0.6666666666666666,0.30357142857142855,0.0,0.5,0.0,0.6666666666666666,1.0,1.0,0.0,2
1.0,0.08823529411764706,0.5,0.0,0.05827005612413338,1.0,0.5,1.0,0.6666666666666666,1.0,1.0,0.3333333333333333,0.14285714285714285,1.0,0.5,0.0,0.3333333333333333,0.0,0.0,0.0,2
1.0,0.29411764705882354,0.5,0.008108108108108109,0.11191812479366127,0.0,0.75,1.0,0.6666666666666666,0.0,0.3333333333333333,0.6666666666666666,0.16071428571428573,1.0,0.5,0.0,0.6666666666666666,0.0,1.0,0.0,1
0.6666666666666666,0.07352941176470588,0.5,0.008108108108108109,0.02723671178606801,0.0,0.5,0.6666666666666666,0.3333333333333333,0.0,0.3333333333333333,0.0,0.16071428571428573,1.0,0.5,0.0,0.3333333333333333,0.0,0.0,0.0,2
1.0,0.20588235294117646,1.0,0.008108108108108109,0.32023770221195114,0.0,1.0,0.6666666666666666,0.6666666666666666,0.0,1.0,0.6666666666666666,0.25,1.0,0.5,0.3333333333333333,0.6666666666666666,0.0,1.0,0.0,1
0.3333333333333333,0.1323529411764706,0.5,0.008108108108108109,0.1018487949818422,0.0,0.25,0.3333333333333333,0.3333333333333333,1.0,1.0,0.3333333333333333,0.07142857142857142,1.0,0.5,0.0,0.3333333333333333,0.0,0.0,0.0,1
0.0,0.20588235294117646,0.25,0.0,0.06558820292725873,0.0,0.75,1.0,0.6666666666666666,0.0,1.0,1.0,0.23214285714285715,1.0,1.0,0.3333333333333333,0.3333333333333333,1.0,0.0,0.0,2
0.0,0.47058823529411764,0.5,0.005405405405405406,0.18542973478595795,0.0,0.5,0.0,0.6666666666666666,1.0,0.3333333333333333,0.3333333333333333,0.32142857142857145,1.0,0.5,0.0,0.6666666666666666,1.0,0.0,0.0,1
0.0,0.6470588235294118,0.0,0.005405405405405406,0.37795752173434577,0.0,0.5,0.6666666666666666,0.6666666666666666,0.0,1.0,1.0,0.6071428571428571,1.0,1.0,0.3333333333333333,0.6666666666666666,1.0,0.0,0.0,2
1.0,0.7352941176470589,0.0,0.002702702702702703,0.5054473423572136,1.0,0.5,0.3333333333333333,0.6666666666666666,0.0,0.3333333333333333,0.3333333333333333,0.35714285714285715,1.0,0.5,0.0,0.3333333333333333,1.0,0.0,0.0,1
1.0,0.38235294117647056,1.0,0.008108108108108109,0.35721360184879497,1.0,0.75,0.3333333333333333,0.6666666666666666,0.0,0.6666666666666666,0.3333333333333333,0.30357142857142855,1.0,0.5,0.3333333333333333,0.6666666666666666,0.0,0.0,0.0,1
0.3333333333333333,0.11764705882352941,1.0,0.0,0.09601628700341147,0.25,0.25,1.0,0.6666666666666666,0.0,0.0,0.6666666666666666,0.14285714285714285,1.0,0.5,0.0,0.6666666666666666,0.0,0.0,0.0,1
0.0,0.11764705882352941,0.5,0.010810810810810811,0.02701661714537251,0.25,0.0,1.0,0.3333333333333333,0.0,0.6666666666666666,0.3333333333333333,0.05357142857142857,1.0,0.5,0.0,0.6666666666666666,0.0,0.0,0.0,2
1.0,0.29411764705882354,0.5,0.008108108108108109,0.18548475844613183,0.25,1.0,0.3333333333333333,0.6666666666666666,0.0,1.0,0.6666666666666666,0.21428571428571427,1.0,0.5,0.3333333333333333,0.6666666666666666,0.0,0.0,0.0,2
0.0,0.11764705882352941,1.0,0.002702702702702703,0.0702101903818642,0.0,1.0,1.0,0.6666666666666666,0.0,1.0,1.0,0.8392857142857143,1.0,1.0,0.3333333333333333,1.0,0.0,0.0,0.0,1
0.3333333333333333,0.47058823529411764,0.75,0.0,0.14372180037416088,0.25,1.0,1.0,0.6666666666666666,0.0,0.6666666666666666,1.0,0.19642857142857142,1.0,1.0,0.0,0.6666666666666666,0.0,0.0,0.0,1
1.0,0.11764705882352941,0.25,0.021621621621621623,0.17591064157587763,0.5,0.5,1.0,0.3333333333333333,0.0,0.6666666666666666,0.0,0.2857142857142857,1.0,0.5,0.0,0.3333333333333333,1.0,0.0,0.0,1
0.3333333333333333,0.16176470588235295,1.0,0.008108108108108109,0.07081545064377683,1.0,1.0,1.0,0.6666666666666666,1.0,1.0,0.0,0.5535714285714286,1.0,0.5,0.3333333333333333,0.6666666666666666,0.0,1.0,0.0,1
1.0,0.029411764705882353,1.0,0.005405405405405406,0.0534279740288324,1.0,0.5,0.0,1.0,0.0,0.3333333333333333,0.3333333333333333,0.14285714285714285,1.0,0.5,0.3333333333333333,0.6666666666666666,0.0,0.0,0.0,1
0.0,0.029411764705882353,1.0,0.008108108108108109,0.09392538791680423,0.0,0.75,0.0,0.3333333333333333,0.0,1.0,0.6666666666666666,0.21428571428571427,1.0,0.5,0.0,0.6666666666666666,0.0,0.0,0.0,1
0.0,0.29411764705882354,1.0,0.002702702702702703,0.3502255970067129,0.0,0.0,0.3333333333333333,0.6666666666666666,0.0,1.0,1.0,1.0,1.0,1.0,0.3333333333333333,1.0,0.0,1.0,0.0,1
0.3333333333333333,0.20588235294117646,0.5,0.0,0.3090128755364807,0.25,0.5,0.3333333333333333,0.6666666666666666,0.0,0.3333333333333333,0.6666666666666666,0.19642857142857142,1.0,0.5,0.3333333333333333,0.6666666666666666,0.0,1.0,0.0,1
1.0,0.20588235294117646,1.0,0.008108108108108109,0.05056674369979091,1.0,0.5,1.0,0.6666666666666666,0.0,0.6666666666666666,0.3333333333333333,0.17857142857142858,1.0,0.5,0.3333333333333333,0.6666666666666666,0.0,1.0,0.0,1
0.6666666666666666,0.029411764705882353,1.0,0.016216216216216217,0.04385385715857819,0.0,0.5,0.3333333333333333,0.3333333333333333,0.0,1.0,0.3333333333333333,0.5535714285714286,1.0,0.5,0.0,0.3333333333333333,0.0,0.0,0.0,1
0.3333333333333333,0.11764705882352941,0.5,0.0,0.09640145262462858,0.0,0.75,0.6666666666666666,0.6666666666666666,0.0,1.0,0.3333333333333333,0.19642857142857142,1.0,0.0,0.0,0.6666666666666666,1.0,1.0,0.0,1
1.0,0.11764705882352941,1.0,0.008108108108108109,0.07730824254429404,0.0,1.0,0.3333333333333333,0.6666666666666666,0.0,1.0,0.0,0.7857142857142857,1.0,0.5,0.3333333333333333,0.3333333333333333,0.0,1.0,0.0,1
1.0,0.16176470588235295,0.5,0.008108108108108109,0.18256850445691647,0.0,1.0,1.0,0.3333333333333333,0.0,0.3333333333333333,0.6666666666666666,0.625,0.0,0.0,0.0,1.0,0.0,1.0,0.0,1
0.3333333333333333,0.25,0.75,0.0,0.11571475734565863,0.0,0.5,0.0,0.0,0.0,1.0,0.3333333333333333,0.5,1.0,0.5,0.3333333333333333,0.6666666666666666,0.0,0.0,0.0,1
0.0,0.29411764705882354,0.25,0.005405405405405406,0.14185099592824915,0.5,0.5,1.0,0.6666666666666666,0.0,1.0,0.0,0.05357142857142857,0.5,0.5,0.0,0.6666666666666666,0.0,1.0,0.0,1
1.0,0.29411764705882354,1.0,0.016216216216216217,0.07411687025420931,0.0,1.0,1.0,0.6666666666666666,0.0,1.0,1.0,0.625,1.0,1.0,0.3333333333333333,0.6666666666666666,1.0,0.0,0.0,1
0.3333333333333333,0.07352941176470588,1.0,0.016216216216216217,0.04875096291405304,0.75,1.0,1.0,0.6666666666666666,0.0,0.6666666666666666,1.0,0.23214285714285715,1.0,1.0,0.3333333333333333,0.6666666666666666,1.0,0.0,0.0,2
1.0,0.11764705882352941,0.5,0.024324324324324326,0.045449543303620554,0.0,0.5,0.3333333333333333,1.0,0.0,0.3333333333333333,0.0,0.125,1.0,0.5,0.0,0.6666666666666666,0.0,1.0,1.0,1
1.0,0.029411764705882353,0.5,0.008108108108108109,0.060305931550566745,0.25,1.0,0.3333333333333333,0.6666666666666666,0.0,1.0,1.0,0.4107142857142857,0.0,1.0,0.0,0.6666666666666666,1.0,1.0,0.0,1
1.0,0.08823529411764706,0.5,0.0,0.0713106635853417,0.0,0.5,0.6666666666666666,0.6666666666666666,0.0,0.3333333333333333,0.0,0.21428571428571427,1.0,0.5,0.0,0.3333333333333333,1.0,0.0,1.0,1
1.0,0.47058823529411764,0.5,0.002702702702702703,0.4337515131506548,0.0,0.5,0.0,0.3333333333333333,0.0,0.3333333333333333,0.3333333333333333,0.19642857142857142,0.0,0.5,0.0,0.6666666666666666,0.0,0.0,0.0,1
0.0,0.08823529411764706,1.0,0.0,0.10955210740618467,0.0,0.25,0.0,0.6666666666666666,0.0,0.6666666666666666,0.0,0.5178571428571429,1.0,0.0,0.3333333333333333,0.3333333333333333,1.0,0.0,1.0,1
0.3333333333333333,0.20588235294117646,1.0,0.0,0.044349070100143065,0.0,1.0,0.6666666666666666,0.6666666666666666,1.0,0.6666666666666666,0.0,0.19642857142857142,0.0,0.5,0.3333333333333333,0.6666666666666666,0.0,0.0,0.0,2
0.0,0.20588235294117646,0.25,0.008108108108108109,0.09298998569384835,0.0,0.25,0.6666666666666666,0.6666666666666666,0.5,1.0,1.0,0.30357142857142855,0.0,1.0,0.0,1.0,0.0,1.0,0.0,1
1.0,0.11764705882352941,0.5,0.008108108108108109,0.09425552987784748,0.0,0.75,1.0,0.6666666666666666,0.0,0.3333333333333333,0.6666666666666666,0.21428571428571427,1.0,0.0,0.3333333333333333,1.0,1.0,1.0,0.0,1
1.0,0.11764705882352941,0.5,0.016216216216216217,0.025806096621547266,0.0,1.0,1.0,0.6666666666666666,0.0,1.0,0.6666666666666666,0.39285714285714285,0.0,0.5,0.0,0.3333333333333333,1.0,0.0,0.0,2
0.0,0.14705882352941177,0.5,0.0,0.20485308682733575,0.0,0.0,0.0,0.6666666666666666,0.0,1.0,1.0,0.05357142857142857,1.0,1.0,0.0,0.6666666666666666,0.0,0.0,0.0,1
1.0,0.6470588235294118,0.5,0.024324324324324326,0.2527786948387807,0.0,0.0,0.6666666666666666,0.6666666666666666,0.0,0.3333333333333333,0.6666666666666666,0.25,0.0,0.0,0.0,1.0,0.0,1.0,0.0,2
0.3333333333333333,0.11764705882352941,0.0,0.021621621621621623,0.06382744580169473,0.0,0.5,0.3333333333333333,0.6666666666666666,0.0,0.3333333333333333,0.0,0.21428571428571427,1.0,0.5,0.0,0.3333333333333333,0.0,1.0,0.0,1
1.0,0.29411764705882354,0.75,0.002702702702702703,0.24369979091009134,0.0,0.75,0.6666666666666666,0.6666666666666666,0.0,0.6666666666666666,0.6666666666666666,0.2857142857142857,1.0,0.5,0.3333333333333333,0.3333333333333333,0.0,1.0,0.0,1
0.3333333333333333,0.20588235294117646,0.5,0.0,0.04357873885770881,1.0,0.5,1.0,0.3333333333333333,0.0,0.3333333333333333,0.3333333333333333,0.25,1.0,0.5,0.0,0.6666666666666666,0.0,0.0,0.0,2
0.3333333333333333,0.11764705882352941,1.0,0.0,0.1581379993397161,0.0,0.25,0.0,0.6666666666666666,0.0,0.6666666666666666,0.0,0.5357142857142857,0.0,0.5,0.3333333333333333,0.3333333333333333,1.0,0.0,0.0,1
0.3333333333333333,0.20588235294117646,0.5,0.008108108108108109,0.057829866842742376,0.0,1.0,1.0,1.0,1.0,0.3333333333333333,0.0,0.23214285714285715,1.0,0.5,0.0,0.3333333333333333,0.0,0.0,0.0,1
0.0,0.5147058823529411,1.0,0.005405405405405406,0.7664245625619016,1.0,0.75,1.0,0.6666666666666666,0.0,1.0,0.3333333333333333,0.19642857142857142,1.0,0.5,0.3333333333333333,1.0,0.0,1.0,0.0,1
0.3333333333333333,0.11764705882352941,0.5,0.005405405405405406,0.09199955981071861,0.0,0.5,1.0,0.6666666666666666,0.0,0.3333333333333333,0.3333333333333333,0.32142857142857145,1.0,0.5,0.0,0.3333333333333333,0.0,0.0,0.0,2
1.0,0.11764705882352941,0.5,0.005405405405405406,0.08352591614394189,0.0,0.5,0.6666666666666666,0.6666666666666666,0.0,0.3333333333333333,0.0,0.08928571428571429,1.0,0.0,0.0,0.3333333333333333,0.0,0.0,0.0,1
0.3333333333333333,0.11764705882352941,0.5,0.008108108108108109,0.3421371189611533,1.0,0.0,0.3333333333333333,0.6666666666666666,0.0,0.0,1.0,0.5892857142857143,1.0,0.5,0.0,1.0,0.0,1.0,0.0,2
1.0,0.4264705882352941,1.0,0.002702702702702703,0.385330692197645,0.0,0.75,0.6666666666666666,0.6666666666666666,0.0,0.3333333333333333,0.6666666666666666,0.2857142857142857,1.0,0.5,0.3333333333333333,1.0,0.0,1.0,0.0,1
1.0,0.11764705882352941,0.75,0.013513513513513514,0.07180587652690656,0.75,1.0,1.0,0.6666666666666666,0.0,1.0,1.0,0.6428571428571429,1.0,1.0,0.3333333333333333,0.6666666666666666,1.0,0.0,0.0,2
0.3333333333333333,0.8235294117647058,0.5,0.016216216216216217,0.3322328601298558,0.0,0.5,1.0,0.6666666666666666,0.0,1.0,1.0,0.4107142857142857,1.0,1.0,0.0,0.6666666666666666,0.0,0.0,0.0,2
1.0,0.20588235294117646,0.5,0.008108108108108109,0.09909761197314845,0.0,0.25,1.0,0.6666666666666666,0.0,0.0,0.0,0.25,1.0,0.5,0.0,0.6666666666666666,0.0,0.0,0.0,1
0.0,0.11764705882352941,1.0,0.0,0.1787718719049191,0.0,0.5,0.6666666666666666,0.3333333333333333,0.5,0.3333333333333333,0.0,0.17857142857142858,1.0,0.5,0.3333333333333333,0.6666666666666666,0.0,0.0,0.0,2
0.0,0.5588235294117647,1.0,0.013513513513513514,0.17299438758666227,0.0,0.0,1.0,0.6666666666666666,0.5,1.0,0.6666666666666666,0.8214285714285714,1.0,0.5,0.3333333333333333,0.0,0.0,0.0,0.0,1
0.3333333333333333,0.07352941176470588,0.5,0.0,0.07147573456586333,1.0,0.25,1.0,0.6666666666666666,0.0,0.3333333333333333,0.0,0.2857142857142857,1.0,0.5,0.0,0.0,0.0,0.0,0.0,1
1.0,0.029411764705882353,0.5,0.0,0.17981732144822274,0.0,0.5,0.3333333333333333,0.6666666666666666,1.0,0.6666666666666666,0.3333333333333333,0.125,1.0,0.0,0.0,0.6666666666666666,0.0,0.0,0.0,1
1.0,0.6470588235294118,1.0,0.008108108108108109,0.18311874105865522,1.0,1.0,1.0,0.6666666666666666,0.0,0.0,0.0,0.5,1.0,0.5,0.0,0.6666666666666666,0.0,1.0,0.0,1
1.0,0.29411764705882354,0.5,0.002702702702702703,0.4161989655551887,0.0,0.75,0.6666666666666666,0.6666666666666666,0.0,0.6666666666666666,0.6666666666666666,0.3392857142857143,1.0,0.5,0.0,1.0,0.0,1.0,0.0,1
0.3333333333333333,0.20588235294117646,0.5,0.016216216216216217,0.054418399911962144,1.0,0.5,1.0,0.6666666666666666,0.0,1.0,1.0,0.75,1.0,1.0,0.0,0.6666666666666666,0.0,0.0,0.0,1
0.0,0.16176470588235295,0.5,0.0,0.12440849565313085,0.0,0.0,0.0,0.3333333333333333,0.0,1.0,0.6666666666666666,0.07142857142857142,1.0,0.0,0.0,0.6666666666666666,0.0,0.0,0.0,1
0.3333333333333333,0.11764705882352941,1.0,0.008108108108108109,0.18284362275778585,0.0,0.5,0.0,0.3333333333333333,0.0,0.0,0.0,0.07142857142857142,1.0,0.5,0.0,0.3333333333333333,0.0,0.0,0.0,1
1.0,0.08823529411764706,1.0,0.005405405405405406,0.1000880378562782,1.0,0.5,0.3333333333333333,1.0,0.0,0.0,0.6666666666666666,0.125,1.0,0.5,0.3333333333333333,0.6666666666666666,0.0,0.0,1.0,1
0.6666666666666666,0.08823529411764706,0.5,0.0,0.20353251898316277,0.0,0.25,0.0,0.6666666666666666,1.0,0.0,0.3333333333333333,0.32142857142857145,1.0,0.5,0.0,0.3333333333333333,1.0,0.0,0.0,1
0.0,0.29411764705882354,0.5,0.0,0.06168152305491361,1.0,0.5,1.0,0.3333333333333333,0.0,1.0,0.0,0.10714285714285714,1.0,0.0,0.0,0.6666666666666666,0.0,0.0,0.0,2
0.6666666666666666,0.38235294117647056,0.75,0.024324324324324326,0.09122922856828436,0.0,1.0,1.0,0.6666666666666666,0.0,1.0,0.0,0.8392857142857143,1.0,0.5,0.0,1.0,0.0,1.0,0.0,2
0.0,0.47058823529411764,0.25,0.005405405405405406,0.13733905579399142,0.0,1.0,1.0,0.6666666666666666,0.0,1.0,0.6666666666666666,0.21428571428571427,0.0,0.5,0.0,0.6666666666666666,0.0,0.0,0.0,2
0.6666666666666666,0.029411764705882353,0.75,0.008108108108108109,0.023825244855287774,0.0,0.25,0.3333333333333333,0.3333333333333333,0.0,0.0,0.3333333333333333,0.17857142857142858,0.0,0.5,0.0,0.6666666666666666,0.0,0.0,0.0,1
1.0,0.11764705882352941,1.0,0.005405405405405406,0.09271486739297898,0.0,1.0,1.0,0.6666666666666666,0.0,1.0,0.0,0.42857142857142855,1.0,0.5,0.6666666666666666,0.6666666666666666,0.0,1.0,0.0,1
0.3333333333333333,0.11764705882352941,0.5,0.008108108108108109,0.049796412457356665,0.0,1.0,0.6666666666666666,1.0,1.0,0.6666666666666666,0.0,0.375,0.0,0.5,0.3333333333333333,0.3333333333333333,0.0,0.0,0.0,1
0.0,0.3382352941176471,1.0,0.024324324324324326,0.12061186310113349,0.0,1.0,1.0,0.6666666666666666,0.0,1.0,0.6666666666666666,0.42857142857142855,0.5,0.5,1.0,1.0,1.0,1.0,0.0,1
0.3333333333333333,0.07352941176470588,0.25,0.0,0.06531308462638935,0.25,0.75,0.3333333333333333,0.6666666666666666,0.0,0.6666666666666666,1.0,0.17857142857142858,1.0,0.5,0.0,0.6666666666666666,0.0,0.0,0.0,2
1.0,0.25,1.0,0.0,0.6839440959612634,1.0,1.0,1.0,0.6666666666666666,0.0,1.0,1.0,0.19642857142857142,1.0,1.0,0.0,1.0,0.0,1.0,0.0,2
0.3333333333333333,0.29411764705882354,1.0,0.002702702702702703,0.41311764058545175,0.75,1.0,0.3333333333333333,0.3333333333333333,0.0,1.0,1.0,0.17857142857142858,1.0,0.0,0.0,0.6666666666666666,0.0,0.0,0.0,1
0.0,0.29411764705882354,0.5,0.0,0.06223175965665236,1.0,0.5,1.0,0.3333333333333333,0.0,0.3333333333333333,0.3333333333333333,0.2857142857142857,1.0,0.5,0.0,0.6666666666666666,0.0,0.0,0.0,2
0.3333333333333333,0.38235294117647056,0.75,0.024324324324324326,0.12396830637173985,0.25,1.0,1.0,0.6666666666666666,0.0,0.3333333333333333,0.3333333333333333,0.39285714285714285,0.5,0.5,0.3333333333333333,0.6666666666666666,0.0,0.0,0.0,1
0.3333333333333333,0.10294117647058823,0.5,0.005405405405405406,0.07301639705073182,0.75,0.25,1.0,0.3333333333333333,0.0,0.0,0.0,0.017857142857142856,1.0,0.5,0.0,0.6666666666666666,0.0,0.0,0.0,1
1.0,0.20588235294117646,1.0,0.016216216216216217,0.08880818752063387,0.25,0.5,1.0,0.3333333333333333,0.0,0.3333333333333333,0.0,0.19642857142857142,1.0,0.5,0.3333333333333333,0.6666666666666666,0.0,0.0,0.0,2
0.3333333333333333,0.29411764705882354,0.5,0.008108108108108109,0.09843732805106195,0.0,0.25,0.0,1.0,0.0,0.0,0.3333333333333333,0.05357142857142857,1.0,0.5,0.0,0.6666666666666666,0.0,1.0,0.0,2
0.3333333333333333,0.20588235294117646,1.0,0.005405405405405406,0.33624958732254867,0.0,1.0,0.3333333333333333,0.6666666666666666,0.0,0.0,1.0,0.39285714285714285,1.0,0.5,0.0,0.6666666666666666,0.0,1.0,0.0,1
1.0,0.25,0.5,0.008108108108108109,0.16011885110597557,1.0,1.0,1.0,0.6666666666666666,0.0,0.6666666666666666,0.3333333333333333,0.39285714285714285,1.0,0.5,0.0,0.6666666666666666,0.0,1.0,0.0,1
0.0,0.29411764705882354,0.5,0.002702702702702703,0.1463629360625069,0.0,0.75,0.3333333333333333,0.6666666666666666,0.0,0.0,1.0,0.26785714285714285,1.0,1.0,0.0,1.0,0.0,1.0,0.0,1
0.0,0.20588235294117646,0.5,0.002702702702702703,0.39952679652250467,1.0,1.0,0.0,0.6666666666666666,0.0,1.0,0.3333333333333333,0.5714285714285714,1.0,1.0,0.0,0.6666666666666666,1.0,1.0,0.0,2
1.0,0.08823529411764706,0.5,0.016216216216216217,0.026246285902938263,0.5,1.0,1.0,0.6666666666666666,0.0,1.0,1.0,0.48214285714285715,1.0,1.0,0.0,0.6666666666666666,0.0,1.0,0.0,1
1.0,0.47058823529411764,1.0,0.002702702702702703,0.3004842082095301,0.75,1.0,1.0,0.6666666666666666,0.0,0.3333333333333333,0.6666666666666666,0.3392857142857143,1.0,0.5,0.3333333333333333,1.0,0.0,1.0,0.0,1
0.3333333333333333,0.29411764705882354,0.5,1.0,0.6095521074061847,0.0,0.5,0.3333333333333333,0.6666666666666666,0.5,0.6666666666666666,0.6666666666666666,0.17857142857142858,0.0,0.5,0.3333333333333333,1.0,0.0,1.0,0.0,2
1.0,0.029411764705882353,1.0,0.008108108108108109,0.07175085286673269,0.0,0.75,0.0,0.3333333333333333,0.0,0.3333333333333333,0.6666666666666666,0.08928571428571429,1.0,0.0,0.3333333333333333,0.6666666666666666,0.0,1.0,0.0,1
1.0,0.29411764705882354,1.0,0.008108108108108109,0.12809508088478044,0.75,1.0,0.3333333333333333,0.6666666666666666,0.0,0.3333333333333333,0.6666666666666666,0.26785714285714285,1.0,0.5,0.0,0.6666666666666666,0.0,0.0,0.0,1
0.0,0.20588235294117646,0.5,0.005405405405405406,0.12171233630461098,0.0,0.5,0.3333333333333333,0.6666666666666666,0.0,0.3333333333333333,0.6666666666666666,0.05357142857142857,1.0,0.5,0.0,0.6666666666666666,0.0,0.0,0.0,2
0.3333333333333333,0.29411764705882354,0.5,0.0,0.060801144492131615,0.0,0.25,0.6666666666666666,0.3333333333333333,0.0,1.0,0.6666666666666666,0.10714285714285714,1.0,0.5,0.0,0.3333333333333333,0.0,1.0,0.0,2
0.6666666666666666,0.25,1.0,0.016216216216216217,0.11384395289974689,0.0,0.25,0.3333333333333333,0.0,0.0,0.0,0.6666666666666666,0.25,1.0,0.0,0.0,0.6666666666666666,0.0,0.0,0.0,2
1.0,0.11764705882352941,1.0,0.016216216216216217,0.09695168922636734,1.0,0.75,1.0,0.3333333333333333,0.0,0.3333333333333333,0.6666666666666666,0.75,1.0,0.5,0.0,0.6666666666666666,0.0,0.0,0.0,1
0.3333333333333333,0.11764705882352941,0.0,0.005405405405405406,0.1496093320127655,0.0,0.25,1.0,0.3333333333333333,0.0,0.6666666666666666,0.3333333333333333,0.10714285714285714,1.0,0.0,0.3333333333333333,0.6666666666666666,0.0,0.0,0.0,2
0.0,0.029411764705882353,1.0,0.0,0.022889842632331903,0.75,0.75,0.6666666666666666,0.3333333333333333,0.0,1.0,0.0,0.35714285714285715,1.0,0.5,0.3333333333333333,0.3333333333333333,0.0,1.0,0.0,1
1.0,0.07352941176470588,1.0,0.0,0.05359304500935402,0.0,0.5,0.6666666666666666,0.6666666666666666,0.0,0.0,0.0,0.19642857142857142,1.0,0.5,0.3333333333333333,0.6666666666666666,0.0,0.0,0.0,1
1.0,0.29411764705882354,1.0,0.016216216216216217,0.09227467811158799,1.0,0.5,0.6666666666666666,0.3333333333333333,0.0,0.3333333333333333,0.6666666666666666,0.25,1.0,0.5,0.3333333333333333,0.6666666666666666,0.0,1.0,0.0,1
1.0,0.07352941176470588,0.5,0.024324324324324326,0.06597336854847584,0.0,0.75,0.6666666666666666,0.3333333333333333,0.0,0.3333333333333333,0.6666666666666666,0.14285714285714285,1.0,0.5,0.3333333333333333,0.6666666666666666,0.0,0.0,0.0,1
0.3333333333333333,0.029411764705882353,0.75,0.024324324324324326,0.06597336854847584,0.25,1.0,0.0,0.0,0.0,0.3333333333333333,0.6666666666666666,0.21428571428571427,0.0,0.5,0.3333333333333333,0.6666666666666666,1.0,0.0,0.0,1
1.0,0.47058823529411764,0.5,0.002702702702702703,0.24408495653130846,0.0,0.5,0.3333333333333333,0.6666666666666666,0.0,0.3333333333333333,1.0,0.23214285714285715,1.0,1.0,0.0,1.0,0.0,1.0,0.0,1
1.0,0.16176470588235295,0.5,0.0,0.27919005172224054,0.5,1.0,0.0,0.3333333333333333,0.0,1.0,1.0,0.2857142857142857,1.0,1.0,0.0,0.6666666666666666,0.0,0.0,0.0,1
0.3333333333333333,0.11764705882352941,1.0,0.0,0.03895675140310333,0.0,0.75,0.3333333333333333,0.6666666666666666,0.0,0.6666666666666666,0.0,0.5,1.0,0.5,0.3333333333333333,0.3333333333333333,1.0,0.0,0.0,1
0.0,0.11764705882352941,0.5,0.002702702702702703,0.17255419830527127,0.0,1.0,0.6666666666666666,0.6666666666666666,0.0,1.0,1.0,0.2857142857142857,1.0,1.0,0.0,0.6666666666666666,0.0,1.0,0.0,2
0.0,0.07352941176470588,0.5,0.0,0.022229558710245404,0.0,0.5,1.0,0.6666666666666666,0.0,0.6666666666666666,0.6666666666666666,0.16071428571428573,1.0,0.5,0.0,0.3333333333333333,0.0,0.0,0.0,2
1.0,0.14705882352941177,0.75,0.0,0.03037306041597887,0.0,0.5,1.0,0.6666666666666666,0.0,0.3333333333333333,0.6666666666666666,0.14285714285714285,1.0,0.5,0.3333333333333333,0.3333333333333333,0.0,0.0,0.0,1
0.3333333333333333,0.6470588235294118,0.75,0.016216216216216217,0.32871134587872786,0.0,1.0,1.0,0.6666666666666666,0.0,1.0,1.0,0.5535714285714286,1.0,1.0,0.0,0.6666666666666666,0.0,0.0,0.0,2
0.3333333333333333,0.16176470588235295,0.5,0.0,0.13101133487399583,0.25,0.5,0.3333333333333333,0.3333333333333333,0.0,1.0,0.6666666666666666,0.16071428571428573,1.0,0.0,0.3333333333333333,0.6666666666666666,0.0,1.0,0.0,2
0.0,0.47058823529411764,0.75,0.016216216216216217,0.36519203257400684,0.0,0.5,1.0,0.6666666666666666,0.0,0.6666666666666666,0.3333333333333333,0.17857142857142858,0.5,0.5,0.0,0.6666666666666666,0.0,1.0,0.0,2
0.3333333333333333,0.29411764705882354,0.75,0.008108108108108109,0.33856058104985143,0.0,0.25,0.0,0.6666666666666666,0.0,0.3333333333333333,0.6666666666666666,0.25,1.0,0.5,0.0,0.6666666666666666,0.0,0.0,0.0,1
1.0,0.47058823529411764,0.75,0.008108108108108109,0.2313194673709695,0.0,0.5,1.0,0.3333333333333333,0.0,1.0,0.0,0.26785714285714285,1.0,0.5,0.3333333333333333,0.6666666666666666,0.0,0.0,0.0,1
0.6666666666666666,0.11764705882352941,0.5,0.008108108108108109,0.05760977220204688,0.0,0.5,0.6666666666666666,1.0,0.0,1.0,0.0,0.07142857142857142,1.0,0.0,0.0,0.6666666666666666,0.0,0.0,0.0,1
0.3333333333333333,0.04411764705882353,0.5,0.008108108108108109,0.11439418950148564,0.0,0.25,0.0,0.3333333333333333,1.0,0.0,0.0,0.4642857142857143,1.0,0.5,0.0,0.6666666666666666,0.0,0.0,0.0,1
0.3333333333333333,0.29411764705882354,0.5,0.008108108108108109,0.19302299988995267,0.5,0.0,0.0,0.3333333333333333,0.0,1.0,1.0,0.07142857142857142,1.0,0.0,0.0,0.0,0.0,0.0,0.0,1
1.0,0.11764705882352941,0.5,0.008108108108108109,0.028942445251458126,0.0,0.5,1.0,1.0,0.0,0.3333333333333333,0.0,0.16071428571428573,1.0,0.5,0.0,0.6666666666666666,0.0,0.0,0.0,1
1.0,0.04411764705882353,0.75,0.008108108108108109,0.03279410146362936,1.0,1.0,0.6666666666666666,0.6666666666666666,0.0,1.0,1.0,0.30357142857142855,1.0,1.0,0.0,0.6666666666666666,0.0,0.0,0.0,1
0.0,0.029411764705882353,1.0,0.0,0.24573566633652472,1.0,0.25,0.0,0.6666666666666666,0.0,0.6666666666666666,0.0,0.44642857142857145,1.0,0.5,0.3333333333333333,0.3333333333333333,1.0,0.0,0.0,1
0.3333333333333333,0.25,0.5,0.024324324324324326,0.1384945526576428,0.25,1.0,1.0,0.0,0.0,0.3333333333333333,0.6666666666666666,0.75,0.0,0.0,0.3333333333333333,0.3333333333333333,0.0,0.0,0.0,2
1.0,0.11764705882352941,1.0,0.008108108108108109,0.0926598437328051,0.0,1.0,0.3333333333333333,0.6666666666666666,0.0,0.3333333333333333,1.0,0.125,1.0,0.5,0.3333333333333333,0.6666666666666666,0.0,0.0,0.0,1
1.0,0.6470588235294118,1.0,0.002702702702702703,0.1376141740948608,1.0,1.0,1.0,0.6666666666666666,0.0,0.6666666666666666,0.6666666666666666,0.3392857142857143,1.0,0.5,0.3333333333333333,0.6666666666666666,1.0,1.0,0.0,1
0.6666666666666666,0.16176470588235295,0.5,0.024324324324324326,0.1340926598437328,0.0,0.75,0.3333333333333333,0.6666666666666666,0.0,1.0,0.3333333333333333,0.125,1.0,0.0,0.0,0.6666666666666666,0.0,1.0,0.0,1
0.3333333333333333,0.11764705882352941,0.5,0.013513513513513514,0.021404203807637284,0.0,0.5,1.0,0.6666666666666666,0.0,0.3333333333333333,0.6666666666666666,0.19642857142857142,1.0,0.5,0.0,0.6666666666666666,0.0,0.0,0.0,2
0.6666666666666666,0.11764705882352941,0.5,0.005405405405405406,0.1101023440079234,0.0,0.5,0.0,0.3333333333333333,0.0,0.3333333333333333,0.6666666666666666,0.48214285714285715,1.0,0.5,0.0,0.3333333333333333,0.0,0.0,0.0,1
0.0,0.29411764705882354,0.25,0.0,0.05188731154396391,0.0,0.0,0.0,0.3333333333333333,0.5,1.0,1.0,0.17857142857142858,1.0,0.0,0.3333333333333333,0.0,0.0,0.0,0.0,2
0.0,0.29411764705882354,0.25,0.008108108108108109,0.0713106635853417,0.0,0.75,1.0,0.6666666666666666,1.0,1.0,0.6666666666666666,0.08928571428571429,0.0,0.0,0.0,0.3333333333333333,0.0,0.0,0.0,2
0.3333333333333333,0.11764705882352941,0.5,0.0,0.041652910751623196,0.75,0.5,1.0,1.0,0.0,0.0,0.0,0.05357142857142857,1.0,0.5,0.0,0.6666666666666666,0.0,0.0,0.0,1
0.0,0.16176470588235295,0.5,0.008108108108108109,0.04418399911962144,0.0,0.25,1.0,1.0,0.0,0.3333333333333333,0.0,0.14285714285714285,1.0,0.5,0.0,0.6666666666666666,0.0,0.0,1.0,1
0.3333333333333333,0.11764705882352941,0.5,0.005405405405405406,0.15225046770111147,0.0,0.25,0.6666666666666666,0.3333333333333333,0.0,0.0,0.0,0.26785714285714285,1.0,0.0,0.0,1.0,0.0,0.0,0.0,1
0.0,0.29411764705882354,0.5,0.005405405405405406,0.08237041928029053,0.0,0.25,1.0,0.6666666666666666,0.5,0.0,0.3333333333333333,0.08928571428571429,1.0,0.5,0.0,0.3333333333333333,0.0,0.0,1.0,1
0.0,0.11764705882352941,0.5,0.0,0.0357653791130186,1.0,0.5,1.0,1.0,0.0,0.3333333333333333,0.6666666666666666,0.07142857142857142,1.0,0.5,0.0,0.6666666666666666,0.0,0.0,0.0,2
1.0,0.29411764705882354,0.5,0.0,0.1929679762297788,0.0,1.0,1.0,0.3333333333333333,0.5,1.0,1.0,0.7678571428571429,1.0,1.0,0.0,0.6666666666666666,0.0,1.0,0.0,1
1.0,0.029411764705882353,0.0,0.008108108108108109,0.009684164190601958,0.0,1.0,1.0,1.0,0.0,1.0,0.6666666666666666,0.35714285714285715,1.0,0.5,0.0,0.3333333333333333,0.0,0.0,0.0,1
0.3333333333333333,0.47058823529411764,0.0,0.008108108108108109,0.19555408825795093,0.0,0.5,1.0,0.3333333333333333,0.0,0.0,0.6666666666666666,0.4107142857142857,1.0,0.5,0.0,0.6666666666666666,0.0,1.0,0.0,2
1.0,0.029411764705882353,0.5,0.021621621621621623,0.05436337625178827,1.0,0.0,1.0,0.6666666666666666,0.0,1.0,0.3333333333333333,0.30357142857142855,1.0,0.5,0.0,1.0,1.0,1.0,0.0,1
1.0,0.29411764705882354,0.5,0.005405405405405406,0.03736106525806097,1.0,0.75,1.0,0.6666666666666666,0.0,0.3333333333333333,0.6666666666666666,0.21428571428571427,0.5,0.5,0.0,0.6666666666666666,0.0,1.0,0.0,1
1.0,0.11764705882352941,0.5,0.0,0.10360955210740619,1.0,1.0,1.0,0.3333333333333333,0.0,1.0,1.0,0.5892857142857143,1.0,1.0,0.0,1.0,0.0,1.0,0.0,1
0.3333333333333333,0.6470588235294118,0.5,0.008108108108108109,0.5893584241223726,0.75,0.75,0.0,0.6666666666666666,0.5,0.3333333333333333,1.0,0.14285714285714285,0.0,0.5,0.3333333333333333,0.6666666666666666,0.0,1.0,0.0,2
1.0,0.07352941176470588,0.5,0.016216216216216217,0.1970947507428194,1.0,1.0,0.0,0.6666666666666666,0.0,1.0,0.0,0.8035714285714286,1.0,0.5,0.0,0.3333333333333333,0.0,0.0,0.0,1
0.0,0.20588235294117646,0.5,0.008108108108108109,0.17932210850665786,0.0,0.75,1.0,0.3333333333333333,1.0,0.0,0.0,0.10714285714285714,1.0,0.5,0.0,0.6666666666666666,0.0,0.0,0.0,1
1.0,0.47058823529411764,0.75,0.024324324324324326,0.5129305601408606,0.0,0.25,0.0,0.0,0.0,0.0,0.6666666666666666,0.16071428571428573,1.0,0.5,0.3333333333333333,0.6666666666666666,0.0,0.0,0.0,2
1.0,0.29411764705882354,0.5,0.008108108108108109,0.313249697369869,1.0,0.25,0.0,0.3333333333333333,0.0,0.0,0.6666666666666666,0.44642857142857145,1.0,0.5,0.3333333333333333,0.6666666666666666,0.0,1.0,0.0,2
0.0,0.11764705882352941,0.5,0.005405405405405406,0.056784417299438755,0.0,0.5,0.3333333333333333,0.3333333333333333,0.0,1.0,0.6666666666666666,0.017857142857142856,1.0,0.0,0.0,0.6666666666666666,0.0,0.0,0.0,2
0.6666666666666666,0.47058823529411764,0.5,0.008108108108108109,0.20155166721690326,0.0,0.5,0.3333333333333333,0.6666666666666666,0.0,0.3333333333333333,0.0,0.07142857142857142,1.0,0.5,0.0,0.6666666666666666,0.0,1.0,0.0,1
1.0,0.16176470588235295,1.0,0.005405405405405406,0.06988004842082095,1.0,1.0,1.0,0.6666666666666666,0.0,1.0,0.3333333333333333,0.7857142857142857,1.0,0.5,0.0,0.6666666666666666,0.0,0.0,0.0,1
1.0,0.029411764705882353,0.5,0.005405405405405406,0.07114559260482008,0.75,0.5,1.0,0.0,0.0,0.3333333333333333,0.0,0.25,1.0,0.5,0.0,0.6666666666666666,0.0,0.0,0.0,1
0.3333333333333333,0.3382352941176471,0.5,0.024324324324324326,0.201661714537251,0.0,0.5,1.0,0.6666666666666666,0.0,0.3333333333333333,0.6666666666666666,0.30357142857142855,1.0,0.5,0.0,0.6666666666666666,1.0,1.0,0.0,2
0.0,0.29411764705882354,0.5,0.008108108108108109,0.12044679212061186,0.0,0.25,1.0,0.3333333333333333,0.0,1.0,0.0,0.2857142857142857,1.0,0.5,0.0,0.6666666666666666,0.0,1.0,0.0,2
0.0,0.11764705882352941,0.5,0.005405405405405406,0.12804005722460657,0.0,0.5,0.3333333333333333,0.0,0.0,0.0,0.6666666666666666,0.4107142857142857,1.0,0.5,0.0,0.6666666666666666,0.0,0.0,0.0,1
1.0,0.11764705882352941,0.5,0.005405405405405406,0.07285132607021019,0.0,0.5,1.0,0.6666666666666666,0.0,0.3333333333333333,0.0,0.5535714285714286,1.0,0.5,0.0,0.6666666666666666,0.0,0.0,0.0,1
0.0,0.11764705882352941,0.25,0.0,0.02459557609772202,0.0,0.25,1.0,0.6666666666666666,0.0,0.3333333333333333,0.6666666666666666,0.48214285714285715,0.0,0.5,0.3333333333333333,0.6666666666666666,0.0,1.0,0.0,2
0.3333333333333333,0.38235294117647056,1.0,0.005405405405405406,0.4476724991746451,0.0,0.75,0.3333333333333333,0.6666666666666666,0.0,0.3333333333333333,0.3333333333333333,0.5357142857142857,1.0,0.5,0.0,0.6666666666666666,0.0,0.0,0.0,2
0.0,0.20588235294117646,1.0,0.005405405405405406,0.10311433916584131,0.0,0.5,1.0,0.3333333333333333,0.0,1.0,0.0,0.08928571428571429,1.0,0.0,0.3333333333333333,0.6666666666666666,0.0,0.0,0.0,2
0.0,0.20588235294117646,0.5,0.008108108108108109,0.1293056014086057,0.0,0.5,1.0,0.6666666666666666,0.0,1.0,1.0,0.8214285714285714,1.0,1.0,0.3333333333333333,0.6666666666666666,0.0,0.0,0.0,2
1.0,0.29411764705882354,0.75,0.024324324324324326,0.19880048420820953,0.0,0.5,0.0,0.6666666666666666,0.0,0.3333333333333333,1.0,0.23214285714285715,1.0,1.0,0.0,0.6666666666666666,0.0,0.0,0.0,1
1.0,0.47058823529411764,0.5,0.005405405405405406,0.590073731704633,0.0,0.0,1.0,0.3333333333333333,0.0,0.3333333333333333,0.6666666666666666,0.125,1.0,0.5,0.3333333333333333,1.0,0.0,1.0,0.0,2
1.0,0.47058823529411764,0.5,0.024324324324324326,0.3021899416749202,0.25,0.75,0.3333333333333333,0.6666666666666666,0.0,0.3333333333333333,0.6666666666666666,0.21428571428571427,1.0,0.5,0.3333333333333333,0.6666666666666666,0.0,1.0,0.0,1
1.0,0.29411764705882354,1.0,0.002702702702702703,0.2086497193793331,1.0,0.75,0.6666666666666666,0.6666666666666666,0.0,1.0,0.3333333333333333,0.42857142857142855,1.0,0.5,0.3333333333333333,0.6666666666666666,0.0,1.0,0.0,1
0.0,0.11764705882352941,0.5,0.008108108108108109,0.0233300319137229,0.25,0.75,1.0,1.0,0.0,0.0,0.3333333333333333,0.017857142857142856,1.0,0.5,0.0,0.6666666666666666,0.0,0.0,0.0,2
1.0,0.11764705882352941,0.5,0.0,0.18031253438978762,1.0,0.25,0.3333333333333333,0.6666666666666666,0.0,0.6666666666666666,0.3333333333333333,0.4642857142857143,1.0,0.5,0.0,1.0,1.0,1.0,0.0,1
0.0,0.25,0.5,0.005405405405405406,0.1842742379223066,0.0,0.75,0.0,0.3333333333333333,0.0,1.0,0.6666666666666666,0.125,1.0,0.0,0.0,0.3333333333333333,0.0,0.0,0.0,1
0.0,0.3382352941176471,0.5,0.008108108108108109,0.1742049081104875,0.0,0.5,0.6666666666666666,0.6666666666666666,0.0,0.3333333333333333,0.6666666666666666,0.14285714285714285,1.0,0.5,0.0,1.0,0.0,0.0,0.0,1
0.6666666666666666,0.20588235294117646,0.5,0.005405405405405406,0.14383184769450863,0.0,0.5,0.3333333333333333,0.6666666666666666,0.0,0.0,0.0,0.26785714285714285,1.0,0.5,0.0,0.3333333333333333,1.0,0.0,0.0,2
0.0,0.38235294117647056,0.0,0.024324324324324326,0.43039506988004844,1.0,0.25,0.3333333333333333,0.6666666666666666,0.0,0.6666666666666666,0.6666666666666666,0.10714285714285714,0.0,0.5,0.6666666666666666,0.6666666666666666,0.0,0.0,0.0,1
0.0,0.29411764705882354,0.5,0.008108108108108109,0.08655221745350501,0.0,0.0,1.0,0.6666666666666666,0.0,0.3333333333333333,0.6666666666666666,0.19642857142857142,0.5,0.5,0.0,1.0,1.0,0.0,0.0,2
0.0,0.029411764705882353,0.5,0.005405405405405406,0.009794211510949708,0.0,1.0,0.3333333333333333,0.3333333333333333,0.0,0.0,0.3333333333333333,0.5357142857142857,0.0,0.5,0.0,0.6666666666666666,0.0,1.0,0.0,1
1.0,0.11764705882352941,0.5,0.0,0.08990866072411137,0.0,1.0,1.0,0.6666666666666666,0.0,1.0,0.6666666666666666,0.35714285714285715,1.0,0.5,0.0,1.0,0.0,1.0,0.0,1
0.0,0.29411764705882354,0.5,0.002702702702702703,0.14097061736546715,1.0,1.0,0.3333333333333333,0.3333333333333333,0.0,1.0,0.0,0.125,1.0,0.0,0.0,0.6666666666666666,0.0,0.0,0.0,1
1.0,0.47058823529411764,0.0,0.013513513513513514,0.13002090899086607,0.0,0.5,1.0,0.6666666666666666,0.0,0.3333333333333333,0.6666666666666666,0.14285714285714285,1.0,0.5,0.3333333333333333,0.6666666666666666,0.0,0.0,0.0,1
0.0,0.6470588235294118,0.5,0.008108108108108109,0.358093980411577,0.0,0.5,0.6666666666666666,0.3333333333333333,0.0,0.3333333333333333,0.6666666666666666,0.21428571428571427,1.0,0.5,0.0,0.6666666666666666,0.0,1.0,0.0,2
0.0,0.29411764705882354,0.75,0.0,0.059590623968306375,0.0,0.0,1.0,0.6666666666666666,0.0,0.3333333333333333,0.0,0.42857142857142855,1.0,1.0,0.3333333333333333,0.6666666666666666,1.0,0.0,0.0,2
0.3333333333333333,0.20588235294117646,0.5,0.002702702702702703,0.7002310993727303,0.0,0.0,0.6666666666666666,0.3333333333333333,0.0,1.0,1.0,0.3392857142857143,1.0,1.0,0.0,1.0,0.0,1.0,0.0,2
0.3333333333333333,0.029411764705882353,0.25,0.0,0.03747111257840872,0.25,0.25,0.0,0.3333333333333333,0.0,0.0,0.3333333333333333,0.23214285714285715,0.5,0.5,0.0,0.3333333333333333,0.0,0.0,0.0,2
1.0,0.47058823529411764,1.0,0.0,0.18075272367117862,0.0,0.75,1.0,0.6666666666666666,0.0,1.0,0.6666666666666666,0.32142857142857145,1.0,0.5,0.3333333333333333,0.6666666666666666,0.0,1.0,0.0,1
0.6666666666666666,0.11764705882352941,0.25,0.024324324324324326,0.019753494002421042,0.0,0.25,1.0,0.3333333333333333,0.0,0.0,0.0,0.125,1.0,0.5,0.0,0.0,0.0,0.0,0.0,2
0.3333333333333333,0.3382352941176471,1.0,0.008108108108108109,0.12490370859469573,0.5,0.5,1.0,0.6666666666666666,0.0,0.3333333333333333,0.3333333333333333,0.07142857142857142,1.0,0.5,0.3333333333333333,0.3333333333333333,0.0,0.0,0.0,2
0.3333333333333333,0.20588235294117646,0.5,0.005405405405405406,0.15137008913832947,0.0,0.75,0.3333333333333333,0.3333333333333333,0.0,1.0,0.0,0.375,1.0,0.0,0.0,0.6666666666666666,0.0,0.0,0.0,1
1.0,0.11764705882352941,1.0,0.008108108108108109,0.05727963024100363,0.0,0.5,1.0,0.3333333333333333,0.0,0.3333333333333333,0.3333333333333333,0.2857142857142857,1.0,0.5,0.3333333333333333,0.6666666666666666,0.0,0.0,0.0,1
1.0,0.8235294117647058,0.5,0.008108108108108109,0.544404093760317,0.25,0.75,0.3333333333333333,0.3333333333333333,0.0,1.0,0.0,0.03571428571428571,1.0,0.5,0.0,0.6666666666666666,0.0,1.0,0.0,1
0.0,0.47058823529411764,0.5,0.005405405405405406,0.20408275558490152,0.0,0.0,1.0,0.6666666666666666,0.0,0.6666666666666666,0.3333333333333333,0.19642857142857142,1.0,0.5,0.0,1.0,0.0,1.0,0.0,1
0.6666666666666666,0.11764705882352941,1.0,0.0,0.03791130185979971,0.5,0.75,1.0,1.0,0.0,0.3333333333333333,0.0,0.16071428571428573,1.0,0.5,0.6666666666666666,0.6666666666666666,0.0,1.0,0.0,2
1.0,0.29411764705882354,0.5,0.008108108108108109,0.07059535600308132,0.0,0.25,1.0,0.3333333333333333,0.0,0.6666666666666666,0.6666666666666666,0.3392857142857143,0.5,0.5,0.0,0.6666666666666666,0.0,1.0,0.0,1
0.0,0.11764705882352941,0.5,0.005405405405405406,0.022119511389897657,0.0,1.0,1.0,0.3333333333333333,0.0,1.0,0.3333333333333333,0.08928571428571429,1.0,0.0,0.0,0.6666666666666666,0.0,0.0,0.0,1
1.0,0.11764705882352941,1.0,0.008108108108108109,0.025696049301199515,0.0,1.0,1.0,0.6666666666666666,0.0,1.0,0.0,0.5892857142857143,1.0,0.5,0.6666666666666666,0.6666666666666666,0.0,0.0,0.0,1
1.0,0.11764705882352941,0.5,0.008108108108108109,0.1116430064927919,1.0,0.5,1.0,0.6666666666666666,0.0,1.0,1.0,0.32142857142857145,1.0,1.0,0.0,0.6666666666666666,0.0,1.0,0.0,1
1.0,0.3382352941176471,0.5,0.0,0.12765489160338947,0.0,0.5,0.6666666666666666,0.3333333333333333,0.0,0.6666666666666666,0.0,0.03571428571428571,1.0,0.0,0.0,0.6666666666666666,0.0,0.0,0.0,2
0.3333333333333333,0.47058823529411764,0.5,0.005405405405405406,0.48332783096731596,0.25,0.25,1.0,0.6666666666666666,0.5,0.0,1.0,0.17857142857142858,1.0,0.0,0.0,1.0,0.0,1.0,0.0,2
1.0,0.29411764705882354,1.0,0.008108108108108109,0.06965995378012545,0.75,0.5,1.0,0.3333333333333333,0.0,0.0,0.0,0.42857142857142855,1.0,0.5,0.3333333333333333,0.3333333333333333,0.0,0.0,0.0,1
1.0,0.20588235294117646,0.5,0.008108108108108109,0.04820072631231429,1.0,0.25,1.0,0.3333333333333333,0.0,0.3333333333333333,0.0,0.03571428571428571,1.0,0.0,0.0,0.6666666666666666,0.0,1.0,0.0,1
0.0,0.29411764705882354,0.5,0.005405405405405406,0.1702982282381424,0.0,1.0,1.0,0.6666666666666666,0.0,0.3333333333333333,0.3333333333333333,0.35714285714285715,1.0,0.0,0.0,1.0,0.0,1.0,0.0,2
1.0,0.014705882352941176,0.5,0.024324324324324326,0.1759656652360515,0.0,0.75,0.0,0.6666666666666666,0.0,1.0,0.0,0.9821428571428571,1.0,0.5,0.0,0.3333333333333333,0.0,0.0,0.0,1
