0.0,0.8235294117647058,0.75,0.024324324324324326,0.36238582590513924,0.0,1.0,0.6666666666666666,0.6666666666666666,0.0,1.0,1.0,0.7857142857142857,1.0,0.5,0.3333333333333333,0.6666666666666666,0.0,1.0,0.0,2
0.0,0.11764705882352941,0.5,0.005405405405405406,0.12804005722460657,0.0,0.5,0.3333333333333333,0.0,0.0,0.0,0.6666666666666666,0.4107142857142857,1.0,0.5,0.0,0.6666666666666666,0.0,0.0,0.0,1
1.0,0.23529411764705882,1.0,0.0,0.17800154066248486,1.0,0.25,0.3333333333333333,0.0,0.0,1.0,0.0,0.44642857142857145,1.0,0.5,0.3333333333333333,0.6666666666666666,0.0,1.0,0.0,1
0.6666666666666666,0.20588235294117646,0.25,0.008108108108108109,0.06575327390778035,1.0,0.75,1.0,0.6666666666666666,0.0,1.0,0.6666666666666666,0.5357142857142857,0.0,0.5,0.0,0.3333333333333333,0.0,0.0,0.0,1
0.3333333333333333,0.11764705882352941,1.0,0.002702702702702703,0.08858809287993838,0.0,0.0,1.0,0.6666666666666666,0.0,0.3333333333333333,0.6666666666666666,0.26785714285714285,1.0,0.5,0.3333333333333333,1.0,0.0,1.0,0.0,1
0.0,0.29411764705882354,0.75,0.008108108108108109,0.07752833718498954,0.0,0.25,1.0,0.3333333333333333,0.0,0.3333333333333333,0.6666666666666666,0.17857142857142858,1.0,0.0,0.0,0.3333333333333333,0.0,1.0,0.0,2
1.0,0.25,1.0,0.0,0.6839440959612634,1.0,1.0,1.0,0.6666666666666666,0.0,1.0,1.0,0.19642857142857142,1.0,1.0,0.0,1.0,0.0,1.0,0.0,2
0.3333333333333333,0.29411764705882354,1.0,1.0,0.6431165401122483,0.0,0.5,0.3333333333333333,0.6666666666666666,0.5,0.6666666666666666,0.6666666666666666,0.35714285714285715,1.0,0.5,0.3333333333333333,1.0,1.0,1.0,0.0,2
1.0,0.29411764705882354,1.0,0.005405405405405406,0.09783206778914934,0.0,0.75,0.3333333333333333,0.6666666666666666,0.0,0.3333333333333333,0.3333333333333333,0.19642857142857142,1.0,0.5,0.3333333333333333,0.3333333333333333,0.0,0.0,0.0,1
1.0,0.3382352941176471,0.75,0.024324324324324326,0.26780015406624846,0.0,0.75,0.6666666666666666,0.6666666666666666,0.0,1.0,0.6666666666666666,0.125,1.0,0.5,0.3333333333333333,0.6666666666666666,0.0,0.0,0.0,1
0.3333333333333333,0.11764705882352941,0.5,0.0,0.05749972488169913,0.0,0.25,0.6666666666666666,0.3333333333333333,0.0,0.0,0.6666666666666666,0.10714285714285714,1.0,0.0,0.0,0.6666666666666666,0.0,0.0,0.0,2
1.0,0.38235294117647056,1.0,0.008108108108108109,0.235501265544184,0.0,0.75,1.0,0.3333333333333333,0.0,1.0,0.6666666666666666,0.125,1.0,0.0,0.0,1.0,0.0,1.0,0.0,1
0.0,0.07352941176470588,0.5,0.008108108108108109,0.06129635743369649,0.0,0.75,0.6666666666666666,0.6666666666666666,0.0,1.0,0.0,0.7142857142857143,1.0,0.5,0.0,0.6666666666666666,0.0,0.0,0.0,1
0.3333333333333333,0.16176470588235295,0.5,0.0,0.13101133487399583,0.25,0.5,0.3333333333333333,0.3333333333333333,0.0,1.0,0.6666666666666666,0.16071428571428573,1.0,0.0,0.3333333333333333,0.6666666666666666,0.0,1.0,0.0,2
0.3333333333333333,0.29411764705882354,1.0,0.002702702702702703,0.41311764058545175,0.75,1.0,0.3333333333333333,0.3333333333333333,0.0,1.0,1.0,0.17857142857142858,1.0,0.0,0.0,0.6666666666666666,0.0,0.0,0.0,1
0.0,0.29411764705882354,0.5,0.0,0.03659073401562672,1.0,1.0,1.0,0.3333333333333333,0.0,0.3333333333333333,0.6666666666666666,0.17857142857142858,0.0,0.5,0.0,0.6666666666666666,0.0,0.0,0.0,2
0.6666666666666666,0.47058823529411764,0.5,0.008108108108108109,0.30802244965335096,0.0,0.5,1.0,0.6666666666666666,0.0,0.0,0.6666666666666666,0.08928571428571429,1.0,0.5,0.0,0.6666666666666666,0.0,0.0,0.0,1
0.3333333333333333,0.29411764705882354,0.5,0.008108108108108109,0.14559260482007264,0.25,0.25,0.3333333333333333,0.6666666666666666,0.0,0.0,0.6666666666666666,0.17857142857142858,1.0,0.5,0.0,0.6666666666666666,0.0,0.0,0.0,1
1.0,0.29411764705882354,1.0,0.002702702702702703,0.30560140860570045,0.75,0.5,1.0,0.6666666666666666,0.0,0.3333333333333333,0.0,0.14285714285714285,1.0,0.5,0.3333333333333333,0.6666666666666666,0.0,0.0,0.0,1
1.0,0.5147058823529411,0.5,0.002702702702702703,0.4587872785297678,0.25,1.0,1.0,0.6666666666666666,0.0,0.3333333333333333,0.6666666666666666,0.4642857142857143,1.0,0.5,0.0,1.0,0.0,1.0,0.0,1
1.0,0.29411764705882354,1.0,0.008108108108108109,0.12809508088478044,0.75,1.0,0.3333333333333333,0.6666666666666666,0.0,0.3333333333333333,0.6666666666666666,0.26785714285714285,1.0,0.5,0.0,0.6666666666666666,0.0,0.0,0.0,1
0.3333333333333333,0.20588235294117646,0.5,0.0,0.04357873885770881,1.0,0.5,1.0,0.3333333333333333,0.0,0.3333333333333333,0.3333333333333333,0.25,1.0,0.5,0.0,0.6666666666666666,0.0,0.0,0.0,2
0.6666666666666666,0.08823529411764706,1.0,0.0,0.0292175635523275,0.0,1.0,1.0,0.6666666666666666,0.0,1.0,1.0,0.7857142857142857,1.0,1.0,0.3333333333333333,0.6666666666666666,0.0,1.0,0.0,1
0.3333333333333333,0.11764705882352941,0.5,0.024324324324324326,0.03251898316275999,0.25,0.75,0.3333333333333333,0.3333333333333333,0.0,1.0,0.0,0.07142857142857142,1.0,0.0,0.0,0.3333333333333333,0.0,0.0,0.0,1
0.0,0.47058823529411764,0.5,0.002702702702702703,0.43903378452734676,0.0,0.5,0.3333333333333333,0.6666666666666666,0.0,0.3333333333333333,0.3333333333333333,0.125,1.0,0.5,0.0,0.6666666666666666,1.0,0.0,0.0,2
1.0,0.0,0.5,0.005405405405405406,0.019313304721030045,0.0,0.25,0.0,0.3333333333333333,0.0,0.6666666666666666,0.0,0.07142857142857142,1.0,0.0,0.0,0.3333333333333333,1.0,0.0,0.0,1
0.0,0.11764705882352941,0.5,0.008108108108108109,0.0233300319137229,0.25,0.75,1.0,1.0,0.0,0.0,0.3333333333333333,0.017857142857142856,1.0,0.5,0.0,0.6666666666666666,0.0,0.0,0.0,2
0.3333333333333333,0.11764705882352941,1.0,0.0,0.116430064927919,0.5,0.75,0.6666666666666666,0.0,0.0,0.6666666666666666,0.6666666666666666,0.30357142857142855,1.0,0.5,0.0,1.0,0.0,1.0,0.0,1
0.0,0.20588235294117646,1.0,0.005405405405405406,0.10311433916584131,0.0,0.5,1.0,0.3333333333333333,0.0,1.0,0.0,0.08928571428571429,1.0,0.0,0.3333333333333333,0.6666666666666666,0.0,0.0,0.0,2
1.0,0.11764705882352941,0.5,0.016216216216216217,0.025806096621547266,0.0,1.0,1.0,0.6666666666666666,0.0,1.0,0.6666666666666666,0.39285714285714285,0.0,0.5,0.0,0.3333333333333333,1.0,0.0,0.0,2
1.0,0.6470588235294118,0.75,0.008108108108108109,0.3845053372950369,1.0,1.0,0.6666666666666666,0.6666666666666666,0.0,0.6666666666666666,0.6666666666666666,0.23214285714285715,0.0,0.5,0.3333333333333333,0.6666666666666666,1.0,0.0,0.0,1
0.0,0.11764705882352941,0.5,0.005405405405405406,0.08847804555959063,0.0,0.25,1.0,0.3333333333333333,0.0,0.0,0.6666666666666666,0.05357142857142857,1.0,0.0,0.0,0.6666666666666666,0.0,0.0,0.0,1
1.0,0.29411764705882354,0.5,0.002702702702702703,0.4966985803895675,1.0,0.5,0.3333333333333333,0.0,0.0,1.0,1.0,0.5178571428571429,1.0,1.0,0.0,0.6666666666666666,0.0,1.0,0.0,1
0.3333333333333333,0.029411764705882353,0.25,0.0,0.03747111257840872,0.25,0.25,0.0,0.3333333333333333,0.0,0.0,0.3333333333333333,0.23214285714285715,0.5,0.5,0.0,0.3333333333333333,0.0,0.0,0.0,2
1.0,0.6470588235294118,0.5,0.008108108108108109,0.5486959392538792,1.0,0.75,1.0,0.6666666666666666,0.0,0.6666666666666666,0.6666666666666666,0.32142857142857145,0.5,0.5,0.0,0.6666666666666666,0.0,1.0,0.0,1
0.0,0.47058823529411764,0.5,0.0,0.08759766699680863,0.0,0.25,1.0,0.3333333333333333,0.0,1.0,0.6666666666666666,0.26785714285714285,1.0,0.5,0.0,0.6666666666666666,0.0,1.0,0.0,2
1.0,0.29411764705882354,1.0,0.016216216216216217,0.07411687025420931,0.0,1.0,1.0,0.6666666666666666,0.0,1.0,1.0,0.625,1.0,1.0,0.3333333333333333,0.6666666666666666,1.0,0.0,0.0,1
0.0,0.5588235294117647,0.5,0.005405405405405406,0.4199405744470122,0.0,0.75,0.3333333333333333,0.6666666666666666,1.0,1.0,0.3333333333333333,0.4642857142857143,1.0,1.0,0.0,0.6666666666666666,1.0,0.0,0.0,1
0.6666666666666666,0.029411764705882353,0.5,0.0,0.025255860019808517,0.75,0.25,0.3333333333333333,1.0,0.0,0.3333333333333333,0.0,0.14285714285714285,1.0,0.5,0.0,0.0,0.0,0.0,1.0,1
1.0,0.11764705882352941,0.5,0.024324324324324326,0.045449543303620554,0.0,0.5,0.3333333333333333,1.0,0.0,0.3333333333333333,0.0,0.125,1.0,0.5,0.0,0.6666666666666666,0.0,1.0,1.0,1
1.0,0.16176470588235295,0.5,0.002702702702702703,0.19599427753934193,0.25,0.25,0.0,0.3333333333333333,0.0,1.0,0.6666666666666666,0.07142857142857142,1.0,0.5,0.0,0.6666666666666666,0.0,1.0,0.0,1
1.0,0.20588235294117646,1.0,0.016216216216216217,0.08880818752063387,0.25,0.5,1.0,0.3333333333333333,0.0,0.3333333333333333,0.0,0.19642857142857142,1.0,0.5,0.3333333333333333,0.6666666666666666,0.0,0.0,0.0,2
0.0,0.20588235294117646,0.5,0.008108108108108109,0.1293056014086057,0.0,0.5,1.0,0.6666666666666666,0.0,1.0,1.0,0.8214285714285714,1.0,1.0,0.3333333333333333,0.6666666666666666,0.0,0.0,0.0,2
0.0,0.20588235294117646,0.5,0.005405405405405406,0.12171233630461098,0.0,0.5,0.3333333333333333,0.6666666666666666,0.0,0.3333333333333333,0.6666666666666666,0.05357142857142857,1.0,0.5,0.0,0.6666666666666666,0.0,0.0,0.0,2
0.3333333333333333,0.8235294117647058,0.75,0.008108108108108109,0.3944095961263343,1.0,0.5,0.0,0.6666666666666666,0.0,0.0,0.0,0.14285714285714285,1.0,0.5,0.0,0.3333333333333333,0.0,0.0,0.0,1
1.0,0.11764705882352941,0.5,0.008108108108108109,0.06839440959612633,0.0,0.25,1.0,0.3333333333333333,0.0,0.6666666666666666,0.6666666666666666,0.26785714285714285,1.0,0.5,0.0,0.6666666666666666,1.0,0.0,0.0,1
0.0,0.11764705882352941,0.5,0.0,0.0357653791130186,1.0,0.5,1.0,1.0,0.0,0.3333333333333333,0.6666666666666666,0.07142857142857142,1.0,0.5,0.0,0.6666666666666666,0.0,0.0,0.0,2
0.3333333333333333,0.20588235294117646,0.75,0.013513513513513514,0.32761087267525035,0.0,0.5,0.3333333333333333,0.6666666666666666,0.0,1.0,0.0,0.44642857142857145,1.0,0.5,0.0,0.3333333333333333,1.0,1.0,0.0,1
1.0,0.029411764705882353,0.5,0.0,0.02321998459337515,0.0,0.0,0.0,0.3333333333333333,0.0,1.0,0.0,0.625,1.0,0.5,0.0,0.0,0.0,1.0,0.0,1
0.3333333333333333,0.16176470588235295,0.25,0.0,0.055793991416309016,0.25,0.5,0.3333333333333333,1.0,0.0,0.3333333333333333,0.3333333333333333,0.10714285714285714,1.0,0.0,0.0,0.6666666666666666,0.0,0.0,0.0,2
0.0,0.25,0.25,0.0,0.07686805326290305,1.0,0.5,1.0,0.6666666666666666,0.0,0.3333333333333333,0.3333333333333333,0.375,1.0,0.5,0.3333333333333333,0.3333333333333333,1.0,0.0,0.0,2
1.0,0.38235294117647056,0.5,0.008108108108108109,0.11461428414218114,0.5,1.0,1.0,0.6666666666666666,0.0,0.3333333333333333,0.6666666666666666,0.19642857142857142,0.0,0.5,0.0,1.0,0.0,0.0,0.0,1
1.0,0.029411764705882353,0.5,0.008108108108108109,0.10223396060305931,0.0,0.75,0.3333333333333333,1.0,0.0,0.3333333333333333,0.0,0.17857142857142858,1.0,0.0,0.0,0.6666666666666666,0.0,0.0,0.0,1
1.0,0.47058823529411764,1.0,0.002702702702702703,0.594475624518543,1.0,0.5,1.0,0.6666666666666666,0.0,0.3333333333333333,0.6666666666666666,0.19642857142857142,1.0,0.5,0.0,1.0,0.0,1.0,0.0,1
0.0,0.029411764705882353,0.5,0.0,0.8058765269065699,0.0,1.0,0.0,0.6666666666666666,0.0,1.0,1.0,0.875,0.0,0.5,0.0,1.0,0.0,1.0,0.0,2
0.6666666666666666,0.07352941176470588,0.5,0.008108108108108109,0.02723671178606801,0.0,0.5,0.6666666666666666,0.3333333333333333,0.0,0.3333333333333333,0.0,0.16071428571428573,1.0,0.5,0.0,0.3333333333333333,0.0,0.0,0.0,2
0.0,0.058823529411764705,1.0,0.0,0.026466380543633764,0.0,1.0,1.0,0.6666666666666666,0.0,1.0,0.0,0.5,1.0,0.5,0.3333333333333333,0.3333333333333333,0.0,0.0,0.0,1
0.0,0.14705882352941177,0.5,0.0,0.20485308682733575,0.0,0.0,0.0,0.6666666666666666,0.0,1.0,1.0,0.05357142857142857,1.0,1.0,0.0,0.6666666666666666,0.0,0.0,0.0,1
1.0,0.029411764705882353,0.5,0.005405405405405406,0.07114559260482008,0.75,0.5,1.0,0.0,0.0,0.3333333333333333,0.0,0.25,1.0,0.5,0.0,0.6666666666666666,0.0,0.0,0.0,1
1.0,0.0,1.0,0.008108108108108109,0.06894464619786508,0.0,0.75,0.3333333333333333,0.6666666666666666,0.0,0.0,0.0,0.4107142857142857,1.0,0.5,0.3333333333333333,0.3333333333333333,1.0,0.0,0.0,1
0.0,0.38235294117647056,1.0,0.002702702702702703,0.570760426983603,0.0,1.0,0.6666666666666666,0.6666666666666666,0.0,1.0,1.0,0.3392857142857143,1.0,1.0,0.6666666666666666,1.0,1.0,1.0,0.0,1
0.0,0.38235294117647056,0.5,0.005405405405405406,0.118631011334874,0.0,0.75,1.0,0.3333333333333333,0.0,1.0,0.0,0.07142857142857142,1.0,0.0,0.0,0.6666666666666666,0.0,0.0,0.0,2
0.3333333333333333,0.20588235294117646,0.75,0.0,0.14575767580059426,1.0,1.0,1.0,0.6666666666666666,0.0,1.0,0.6666666666666666,0.42857142857142855,1.0,0.5,0.0,0.6666666666666666,1.0,0.0,0.0,1
1.0,0.20588235294117646,1.0,0.0,0.04280840761527457,0.0,0.5,1.0,0.3333333333333333,0.0,0.6666666666666666,0.0,0.30357142857142855,1.0,0.5,0.3333333333333333,0.6666666666666666,0.0,0.0,0.0,1
1.0,0.3382352941176471,0.75,0.002702702702702703,0.46016287003411466,0.75,0.5,0.3333333333333333,0.6666666666666666,0.0,0.3333333333333333,0.6666666666666666,0.14285714285714285,1.0,0.5,0.3333333333333333,0.6666666666666666,0.0,0.0,0.0,1
0.6666666666666666,0.47058823529411764,0.5,0.008108108108108109,0.20155166721690326,0.0,0.5,0.3333333333333333,0.6666666666666666,0.0,0.3333333333333333,0.0,0.07142857142857142,1.0,0.5,0.0,0.6666666666666666,0.0,1.0,0.0,1
1.0,0.20588235294117646,0.5,0.005405405405405406,0.12462859029382635,0.0,0.5,0.6666666666666666,0.6666666666666666,0.0,1.0,0.0,0.42857142857142855,1.0,0.5,0.0,0.6666666666666666,0.0,1.0,0.0,1
1.0,0.11764705882352941,0.5,0.0,0.10360955210740619,1.0,1.0,1.0,0.3333333333333333,0.0,1.0,1.0,0.5892857142857143,1.0,1.0,0.0,1.0,0.0,1.0,0.0,1
0.6666666666666666,0.38235294117647056,0.75,0.024324324324324326,0.09122922856828436,0.0,1.0,1.0,0.6666666666666666,0.0,1.0,0.0,0.8392857142857143,1.0,0.5,0.0,1.0,0.0,1.0,0.0,2
0.3333333333333333,0.07352941176470588,0.5,0.008108108108108109,0.07813359744690217,0.0,0.25,1.0,0.3333333333333333,0.0,0.3333333333333333,0.6666666666666666,0.05357142857142857,1.0,0.5,0.0,0.6666666666666666,0.0,1.0,0.0,2
0.0,0.11764705882352941,0.5,0.0,0.09040387366567625,0.0,0.5,1.0,0.3333333333333333,1.0,1.0,0.3333333333333333,0.17857142857142858,1.0,0.5,0.0,0.6666666666666666,0.0,1.0,0.0,1
1.0,0.20588235294117646,0.5,0.0,0.08638714647298339,0.0,0.5,0.3333333333333333,1.0,0.0,0.3333333333333333,0.3333333333333333,0.19642857142857142,1.0,0.5,0.0,1.0,0.0,1.0,0.0,1
0.3333333333333333,0.029411764705882353,0.5,0.008108108108108109,0.027676901067459007,0.0,0.5,0.3333333333333333,0.3333333333333333,1.0,0.6666666666666666,0.0,0.8035714285714286,1.0,0.5,0.0,0.6666666666666666,0.0,0.0,0.0,1
0.3333333333333333,0.11764705882352941,1.0,0.008108108108108109,0.18284362275778585,0.0,0.5,0.0,0.3333333333333333,0.0,0.0,0.0,0.07142857142857142,1.0,0.5,0.0,0.3333333333333333,0.0,0.0,0.0,1
1.0,0.029411764705882353,0.25,0.0,0.029327610872675252,1.0,0.5,0.0,0.6666666666666666,1.0,0.3333333333333333,0.0,0.125,0.5,0.5,0.0,0.3333333333333333,1.0,0.0,0.0,1
1.0,0.11764705882352941,1.0,0.016216216216216217,0.09695168922636734,1.0,0.75,1.0,0.3333333333333333,0.0,0.3333333333333333,0.6666666666666666,0.75,1.0,0.5,0.0,0.6666666666666666,0.0,0.0,0.0,1
0.6666666666666666,0.16176470588235295,0.5,0.016216216216216217,0.09106415758776273,0.0,1.0,1.0,0.6666666666666666,0.0,1.0,0.6666666666666666,0.375,1.0,0.0,0.0,1.0,0.0,1.0,0.0,1
1.0,0.25,0.5,0.002702702702702703,0.2750082535490261,1.0,0.5,0.0,0.6666666666666666,0.0,0.6666666666666666,0.6666666666666666,0.125,1.0,0.5,0.0,0.6666666666666666,0.0,0.0,0.0,1
0.0,0.029411764705882353,0.5,0.0,0.05243754814570265,0.25,1.0,0.6666666666666666,0.6666666666666666,0.0,0.3333333333333333,0.3333333333333333,0.42857142857142855,1.0,0.5,0.0,0.6666666666666666,0.0,1.0,0.0,1
1.0,0.11764705882352941,1.0,0.008108108108108109,0.05447342357213602,1.0,1.0,1.0,0.3333333333333333,0.0,0.3333333333333333,0.0,0.3392857142857143,1.0,0.5,0.3333333333333333,0.6666666666666666,0.0,1.0,0.0,1
0.3333333333333333,0.11764705882352941,0.5,0.008108108108108109,0.07246616044899307,0.0,0.5,0.0,0.3333333333333333,0.0,0.0,0.6666666666666666,0.05357142857142857,1.0,0.5,0.0,0.6666666666666666,0.0,1.0,0.0,1
0.3333333333333333,0.11764705882352941,0.75,0.008108108108108109,0.018432926158248045,0.0,0.5,1.0,1.0,0.5,1.0,0.0,0.017857142857142856,1.0,0.0,0.3333333333333333,0.6666666666666666,0.0,0.0,0.0,1
0.0,0.47058823529411764,0.5,0.0,0.49636843842852424,0.0,0.75,0.3333333333333333,0.6666666666666666,0.0,0.0,0.6666666666666666,0.08928571428571429,1.0,0.5,0.0,0.6666666666666666,0.0,1.0,0.0,2
0.0,0.16176470588235295,0.5,0.0,0.06344228018047761,0.0,0.5,0.3333333333333333,0.3333333333333333,0.0,1.0,0.6666666666666666,0.16071428571428573,1.0,0.0,0.0,0.6666666666666666,0.0,0.0,0.0,1
0.0,0.029411764705882353,1.0,0.008108108108108109,0.09392538791680423,0.0,0.75,0.0,0.3333333333333333,0.0,1.0,0.6666666666666666,0.21428571428571427,1.0,0.5,0.0,0.6666666666666666,0.0,0.0,0.0,1
0.3333333333333333,0.29411764705882354,0.5,0.005405405405405406,0.20947507428194123,0.0,0.75,0.6666666666666666,0.0,0.0,0.6666666666666666,0.6666666666666666,0.42857142857142855,1.0,0.5,0.0,0.6666666666666666,0.0,1.0,0.0,2
0.0,0.029411764705882353,0.5,0.005405405405405406,0.009794211510949708,0.0,1.0,0.3333333333333333,0.3333333333333333,0.0,0.0,0.3333333333333333,0.5357142857142857,0.0,0.5,0.0,0.6666666666666666,0.0,1.0,0.0,1
1.0,0.29411764705882354,0.25,0.024324324324324326,0.07202597116760207,0.0,0.75,1.0,0.6666666666666666,0.0,1.0,0.6666666666666666,0.5535714285714286,0.0,0.5,0.0,0.6666666666666666,0.0,1.0,0.0,1
1.0,0.20588235294117646,1.0,0.008108108108108109,0.11852096401452625,0.0,0.5,0.3333333333333333,0.3333333333333333,0.0,0.3333333333333333,0.6666666666666666,0.125,1.0,0.5,0.3333333333333333,0.6666666666666666,0.0,0.0,0.0,1
1.0,0.16176470588235295,0.5,0.0,0.18190822053482997,1.0,0.5,0.6666666666666666,0.6666666666666666,0.0,0.3333333333333333,1.0,0.17857142857142858,1.0,0.5,0.0,0.6666666666666666,0.0,0.0,0.0,1
1.0,0.6470588235294118,1.0,0.016216216216216217,0.32243864861890614,0.0,0.5,0.0,0.6666666666666666,0.0,0.6666666666666666,1.0,0.21428571428571427,0.0,1.0,0.0,0.6666666666666666,0.0,1.0,0.0,1
0.3333333333333333,0.6470588235294118,0.5,0.0,0.3471992956971498,0.25,0.75,0.6666666666666666,0.6666666666666666,0.0,0.3333333333333333,0.3333333333333333,0.08928571428571429,1.0,0.5,0.0,0.6666666666666666,0.0,0.0,0.0,2
1.0,0.07352941176470588,1.0,0.016216216216216217,0.05469351821283152,1.0,1.0,1.0,0.3333333333333333,0.0,1.0,0.3333333333333333,0.39285714285714285,1.0,0.0,0.3333333333333333,0.3333333333333333,0.0,0.0,0.0,1
0.3333333333333333,0.29411764705882354,0.0,0.024324324324324326,0.21959942775393418,0.0,0.5,0.0,0.6666666666666666,0.0,1.0,0.0,0.30357142857142855,1.0,0.5,0.6666666666666666,0.3333333333333333,0.0,1.0,0.0,2
1.0,0.25,0.75,0.024324324324324326,0.1282051282051282,0.5,0.25,1.0,0.6666666666666666,0.0,0.3333333333333333,0.0,0.39285714285714285,0.0,0.5,0.0,0.3333333333333333,1.0,0.0,0.0,2
1.0,0.47058823529411764,0.5,0.024324324324324326,0.3021899416749202,0.25,0.75,0.3333333333333333,0.6666666666666666,0.0,0.3333333333333333,0.6666666666666666,0.21428571428571427,1.0,0.5,0.3333333333333333,0.6666666666666666,0.0,1.0,0.0,1
0.0,0.11764705882352941,0.5,0.016216216216216217,0.02388026851546165,0.0,0.5,1.0,0.6666666666666666,0.0,1.0,0.6666666666666666,0.375,1.0,0.0,0.0,0.3333333333333333,1.0,0.0,0.0,2
0.3333333333333333,0.6470588235294118,0.25,0.0,0.6558270056124134,1.0,0.0,1.0,0.6666666666666666,0.5,1.0,1.0,0.30357142857142855,1.0,1.0,0.0,1.0,0.0,1.0,0.0,1
0.0,0.29411764705882354,0.5,0.005405405405405406,0.1510949708374601,1.0,0.5,0.3333333333333333,1.0,0.0,1.0,0.6666666666666666,0.017857142857142856,1.0,0.5,0.0,0.6666666666666666,0.0,0.0,0.0,2
0.3333333333333333,0.20588235294117646,0.5,0.008108108108108109,0.03389457466710685,0.0,0.5,1.0,1.0,1.0,0.3333333333333333,0.0,0.10714285714285714,1.0,0.5,0.0,0.3333333333333333,0.0,0.0,0.0,1
0.3333333333333333,0.20588235294117646,1.0,0.024324324324324326,0.18377902498074172,0.0,0.0,0.6666666666666666,1.0,0.0,0.6666666666666666,0.6666666666666666,0.375,1.0,0.5,0.6666666666666666,0.0,1.0,1.0,0.0,1
1.0,0.11764705882352941,0.5,0.016216216216216217,0.06289204357873886,0.0,1.0,1.0,0.6666666666666666,0.0,1.0,0.3333333333333333,0.5,0.0,0.5,0.6666666666666666,0.6666666666666666,1.0,1.0,0.0,1
1.0,0.47058823529411764,0.5,0.0,0.1556619346318917,1.0,0.5,1.0,0.6666666666666666,0.0,1.0,0.0,0.30357142857142855,1.0,0.5,0.0,0.6666666666666666,0.0,0.0,0.0,1
0.0,0.38235294117647056,0.5,0.005405405405405406,0.33564432706063607,1.0,1.0,1.0,0.6666666666666666,0.0,1.0,0.3333333333333333,0.21428571428571427,1.0,0.5,0.0,0.6666666666666666,0.0,0.0,0.0,2
1.0,0.38235294117647056,1.0,0.008108108108108109,0.3037856278199626,0.0,0.75,1.0,0.3333333333333333,0.0,0.3333333333333333,0.6666666666666666,0.10714285714285714,1.0,0.5,0.3333333333333333,0.6666666666666666,0.0,0.0,0.0,1
0.3333333333333333,0.6029411764705882,1.0,0.002702702702702703,0.23803235391218225,0.25,0.0,0.6666666666666666,0.6666666666666666,0.0,1.0,0.6666666666666666,0.14285714285714285,1.0,0.5,0.0,0.6666666666666666,0.0,0.0,0.0,1
0.3333333333333333,0.11764705882352941,0.5,0.0,0.0351050951909321,0.0,1.0,1.0,0.6666666666666666,0.0,1.0,0.6666666666666666,0.39285714285714285,0.0,0.5,0.0,0.3333333333333333,1.0,0.0,0.0,2
1.0,0.11764705882352941,0.5,0.002702702702702703,0.06399251678221635,0.75,0.75,0.6666666666666666,0.6666666666666666,0.0,0.3333333333333333,0.3333333333333333,0.6428571428571429,1.0,0.5,0.0,0.6666666666666666,0.0,0.0,1.0,1
0.3333333333333333,0.20588235294117646,0.5,0.016216216216216217,0.054418399911962144,1.0,0.5,1.0,0.6666666666666666,0.0,1.0,1.0,0.75,1.0,1.0,0.0,0.6666666666666666,0.0,0.0,0.0,1
0.3333333333333333,0.6470588235294118,0.5,0.008108108108108109,0.15461648508858808,0.0,0.75,1.0,0.6666666666666666,0.0,1.0,0.0,0.16071428571428573,1.0,0.5,0.3333333333333333,0.6666666666666666,0.0,0.0,0.0,2
1.0,0.29411764705882354,0.5,0.008108108108108109,0.313249697369869,1.0,0.25,0.0,0.3333333333333333,0.0,0.0,0.6666666666666666,0.44642857142857145,1.0,0.5,0.3333333333333333,0.6666666666666666,0.0,1.0,0.0,2
0.3333333333333333,0.16176470588235295,0.75,0.013513513513513514,0.06943985913942996,0.75,0.5,0.6666666666666666,1.0,0.0,0.6666666666666666,0.3333333333333333,0.75,0.5,0.5,0.3333333333333333,0.6666666666666666,0.0,0.0,0.0,2
0.0,0.29411764705882354,0.25,0.005405405405405406,0.14185099592824915,0.5,0.5,1.0,0.6666666666666666,0.0,1.0,0.0,0.05357142857142857,0.5,0.5,0.0,0.6666666666666666,0.0,1.0,0.0,1
1.0,0.11764705882352941,1.0,0.0,0.03719599427753934,0.0,0.0,0.0,0.3333333333333333,0.0,0.3333333333333333,0.3333333333333333,0.3392857142857143,1.0,0.5,0.0,0.0,0.0,0.0,0.0,1
0.3333333333333333,0.47058823529411764,0.5,0.002702702702702703,0.3685484758446132,0.0,0.5,0.3333333333333333,0.6666666666666666,0.0,0.3333333333333333,0.6666666666666666,0.2857142857142857,1.0,0.0,0.0,1.0,0.0,1.0,0.0,1
1.0,0.11764705882352941,1.0,0.008108108108108109,0.020248706943985915,0.0,1.0,1.0,0.6666666666666666,0.0,1.0,0.0,0.6607142857142857,1.0,0.5,0.0,0.6666666666666666,0.0,0.0,0.0,1
0.0,0.29411764705882354,0.5,0.008108108108108109,0.09557609772202047,0.0,0.5,0.3333333333333333,0.6666666666666666,0.0,1.0,0.0,0.03571428571428571,1.0,0.0,0.0,0.3333333333333333,1.0,0.0,0.0,2
0.3333333333333333,0.38235294117647056,0.75,0.024324324324324326,0.12396830637173985,0.25,1.0,1.0,0.6666666666666666,0.0,0.3333333333333333,0.3333333333333333,0.39285714285714285,0.5,0.5,0.3333333333333333,0.6666666666666666,0.0,0.0,0.0,1
1.0,0.20588235294117646,0.5,0.005405405405405406,0.07059535600308132,0.0,0.25,1.0,1.0,0.5,0.0,0.3333333333333333,0.42857142857142855,1.0,0.5,0.0,0.3333333333333333,1.0,0.0,0.0,2
0.0,0.20588235294117646,0.5,0.008108108108108109,0.06025090789039287,0.0,0.5,1.0,1.0,0.0,0.6666666666666666,0.0,0.125,0.0,0.5,0.0,0.6666666666666666,0.0,0.0,0.0,2
0.3333333333333333,0.058823529411764705,0.5,0.005405405405405406,0.054308352591614394,0.0,0.5,0.6666666666666666,0.3333333333333333,0.0,1.0,0.0,0.08928571428571429,1.0,0.5,0.0,0.6666666666666666,0.0,0.0,0.0,2
0.3333333333333333,0.47058823529411764,0.5,0.016216216216216217,0.11131286453174866,0.0,0.75,0.6666666666666666,0.6666666666666666,0.0,0.0,0.6666666666666666,0.23214285714285715,1.0,0.5,0.3333333333333333,0.6666666666666666,1.0,0.0,0.0,1
0.0,0.11764705882352941,0.5,0.008108108108108109,0.04715527676901068,0.0,0.5,0.3333333333333333,0.6666666666666666,0.0,0.3333333333333333,0.0,0.017857142857142856,1.0,0.0,0.0,1.0,1.0,1.0,0.0,1
1.0,0.029411764705882353,0.5,0.005405405405405406,0.15010454495433037,0.5,0.5,0.0,0.6666666666666666,0.0,0.3333333333333333,0.6666666666666666,0.23214285714285715,1.0,0.5,0.0,0.6666666666666666,0.0,1.0,0.0,1
1.0,0.25,0.5,0.008108108108108109,0.16011885110597557,1.0,1.0,1.0,0.6666666666666666,0.0,0.6666666666666666,0.3333333333333333,0.39285714285714285,1.0,0.5,0.0,0.6666666666666666,0.0,1.0,0.0,1
0.0,0.17647058823529413,1.0,0.0,0.13068119291295258,0.0,1.0,0.3333333333333333,0.6666666666666666,1.0,1.0,0.3333333333333333,0.42857142857142855,0.0,0.0,0.0,0.6666666666666666,0.0,1.0,0.0,2
0.3333333333333333,0.20588235294117646,0.5,0.005405405405405406,0.09210960713106636,1.0,0.25,1.0,0.3333333333333333,0.0,0.6666666666666666,0.0,0.14285714285714285,1.0,0.0,0.0,0.6666666666666666,0.0,0.0,0.0,2
1.0,0.11764705882352941,1.0,0.008108108108108109,0.11450423682183339,1.0,1.0,0.0,0.6666666666666666,0.5,1.0,0.0,0.5357142857142857,1.0,0.5,0.0,0.6666666666666666,0.0,1.0,0.0,1
0.0,0.1323529411764706,1.0,0.024324324324324326,0.08512160228898426,0.0,0.25,0.6666666666666666,0.6666666666666666,0.0,0.0,0.3333333333333333,0.16071428571428573,0.0,0.5,0.3333333333333333,0.3333333333333333,0.0,0.0,0.0,1
0.0,0.11764705882352941,0.5,0.008108108108108109,0.07868383404864092,0.5,1.0,0.6666666666666666,1.0,0.0,0.0,0.0,0.2857142857142857,1.0,0.5,0.0,0.6666666666666666,0.0,0.0,0.0,1
0.6666666666666666,0.29411764705882354,1.0,0.005405405405405406,0.18526466380543632,1.0,1.0,1.0,0.6666666666666666,0.5,1.0,1.0,0.017857142857142856,1.0,0.0,0.3333333333333333,0.6666666666666666,0.0,0.0,0.0,1
0.3333333333333333,0.47058823529411764,0.5,0.008108108108108109,0.2500825354902608,0.0,0.25,1.0,0.3333333333333333,0.0,0.0,1.0,0.19642857142857142,1.0,0.5,0.0,1.0,0.0,1.0,0.0,1
0.0,0.20588235294117646,0.5,0.008108108108108109,0.09276989105315285,1.0,0.75,0.3333333333333333,1.0,0.0,1.0,0.6666666666666666,0.07142857142857142,1.0,0.0,0.3333333333333333,0.3333333333333333,0.0,0.0,0.0,1
1.0,0.20588235294117646,0.5,0.008108108108108109,0.06619346318917134,0.0,0.25,0.6666666666666666,0.3333333333333333,0.0,0.0,0.0,0.125,1.0,0.5,0.0,0.6666666666666666,0.0,0.0,0.0,1
0.0,0.11764705882352941,1.0,0.008108108108108109,0.007428194123473094,0.0,0.75,1.0,0.3333333333333333,0.0,0.6666666666666666,0.0,0.6964285714285714,1.0,0.5,1.0,0.3333333333333333,0.0,1.0,0.0,1
1.0,0.11764705882352941,0.5,0.005405405405405406,0.028227137669197756,0.0,0.5,1.0,0.3333333333333333,0.0,0.0,0.0,0.125,1.0,0.5,0.0,0.6666666666666666,0.0,1.0,0.0,1
1.0,0.38235294117647056,1.0,0.008108108108108109,0.14201606690877078,0.0,0.5,1.0,0.3333333333333333,0.0,0.3333333333333333,0.6666666666666666,0.25,1.0,0.5,0.0,0.6666666666666666,0.0,1.0,0.0,1
1.0,0.20588235294117646,1.0,0.008108108108108109,0.020853967205898535,0.5,1.0,1.0,0.6666666666666666,0.0,0.6666666666666666,0.3333333333333333,0.23214285714285715,0.0,0.5,0.3333333333333333,1.0,0.0,1.0,0.0,1
1.0,0.11764705882352941,1.0,0.024324324324324326,0.051447122262572906,0.0,0.5,0.6666666666666666,0.3333333333333333,0.0,0.3333333333333333,0.0,0.14285714285714285,1.0,0.5,0.3333333333333333,0.6666666666666666,0.0,0.0,0.0,1
0.0,0.29411764705882354,0.25,0.008108108108108109,0.0713106635853417,0.0,0.75,1.0,0.6666666666666666,1.0,1.0,0.6666666666666666,0.08928571428571429,0.0,0.0,0.0,0.3333333333333333,0.0,0.0,0.0,2
1.0,0.20588235294117646,1.0,0.008108108108108109,0.32023770221195114,0.0,1.0,0.6666666666666666,0.6666666666666666,0.0,1.0,0.6666666666666666,0.25,1.0,0.5,0.3333333333333333,0.6666666666666666,0.0,1.0,0.0,1
1.0,0.08823529411764706,0.5,0.0,0.06426763508308572,0.25,0.5,0.6666666666666666,0.6666666666666666,0.0,0.3333333333333333,0.0,0.2857142857142857,1.0,0.0,0.0,0.3333333333333333,0.0,0.0,1.0,1
0.3333333333333333,0.07352941176470588,0.5,0.005405405405405406,0.03675580499614834,0.0,0.5,1.0,0.3333333333333333,0.0,0.0,0.3333333333333333,0.19642857142857142,1.0,0.5,0.0,0.6666666666666666,0.0,0.0,0.0,2
1.0,0.16176470588235295,0.75,0.008108108108108109,0.06756905469351822,0.0,0.5,1.0,1.0,0.0,0.6666666666666666,0.0,0.25,0.0,0.5,0.3333333333333333,0.6666666666666666,0.0,0.0,0.0,1
0.3333333333333333,0.11764705882352941,0.5,0.0,0.05876526906569825,0.75,1.0,1.0,0.6666666666666666,0.0,1.0,0.0,0.625,1.0,0.5,0.0,0.6666666666666666,0.0,1.0,0.0,1
1.0,0.25,0.5,0.005405405405405406,0.10955210740618467,0.0,1.0,1.0,0.6666666666666666,0.0,0.3333333333333333,0.0,0.5535714285714286,1.0,0.5,0.3333333333333333,0.6666666666666666,0.0,0.0,0.0,1
1.0,0.11764705882352941,1.0,0.008108108108108109,0.030097942115109497,1.0,1.0,1.0,0.3333333333333333,0.0,0.6666666666666666,0.3333333333333333,0.25,0.0,0.5,0.0,0.3333333333333333,1.0,0.0,0.0,2
1.0,0.07352941176470588,0.5,0.0,0.12418840101243535,0.5,1.0,0.3333333333333333,0.6666666666666666,0.0,1.0,1.0,0.5714285714285714,1.0,1.0,0.0,0.3333333333333333,0.0,0.0,0.0,1
0.3333333333333333,0.29411764705882354,0.75,0.005405405405405406,0.09981291955540883,0.0,0.0,0.6666666666666666,0.3333333333333333,0.0,0.3333333333333333,0.3333333333333333,0.26785714285714285,1.0,0.5,0.0,1.0,0.0,1.0,0.0,2
0.6666666666666666,0.29411764705882354,0.5,0.0,0.03835149114119071,0.0,0.75,1.0,0.6666666666666666,0.0,0.6666666666666666,1.0,0.3392857142857143,0.0,1.0,0.0,0.6666666666666666,1.0,0.0,0.0,2
0.0,0.6470588235294118,0.0,0.005405405405405406,0.37795752173434577,0.0,0.5,0.6666666666666666,0.6666666666666666,0.0,1.0,1.0,0.6071428571428571,1.0,1.0,0.3333333333333333,0.6666666666666666,1.0,0.0,0.0,2
0.0,0.25,1.0,0.0,0.07439198855507868,0.0,1.0,1.0,1.0,0.0,0.6666666666666666,0.6666666666666666,0.19642857142857142,1.0,0.5,0.3333333333333333,0.6666666666666666,0.0,1.0,0.0,1
0.3333333333333333,0.23529411764705882,0.75,0.002702702702702703,0.3745460548035655,1.0,0.75,0.6666666666666666,0.6666666666666666,0.0,1.0,0.3333333333333333,0.30357142857142855,0.0,0.0,0.3333333333333333,1.0,1.0,1.0,0.0,1
0.0,0.29411764705882354,1.0,0.002702702702702703,0.33944095961263343,0.0,1.0,0.3333333333333333,0.3333333333333333,0.0,1.0,1.0,0.44642857142857145,1.0,1.0,0.3333333333333333,1.0,1.0,1.0,0.0,1
1.0,0.11764705882352941,0.5,0.008108108108108109,0.03048310773632662,0.0,1.0,1.0,0.6666666666666666,0.0,1.0,0.6666666666666666,0.3392857142857143,1.0,0.5,0.0,0.6666666666666666,0.0,0.0,0.0,1
0.0,0.029411764705882353,0.5,0.002702702702702703,0.06063607351160999,0.5,0.0,0.0,0.3333333333333333,0.0,0.3333333333333333,0.3333333333333333,0.07142857142857142,1.0,0.0,0.0,0.0,0.0,1.0,0.0,1
0.0,0.29411764705882354,0.5,0.008108108108108109,0.07444701221525256,0.0,1.0,1.0,0.3333333333333333,0.0,1.0,0.6666666666666666,0.6428571428571429,1.0,0.5,0.0,0.6666666666666666,0.0,0.0,0.0,1
1.0,0.029411764705882353,0.0,0.0,0.05249257180587653,0.25,0.5,1.0,0.6666666666666666,0.0,0.0,1.0,0.2857142857142857,0.0,0.0,0.0,0.6666666666666666,0.0,0.0,1.0,1
0.0,0.16176470588235295,1.0,0.005405405405405406,0.06509298998569385,0.0,0.5,1.0,0.3333333333333333,0.0,0.6666666666666666,0.3333333333333333,0.10714285714285714,1.0,0.0,0.3333333333333333,0.6666666666666666,0.0,0.0,0.0,1
1.0,0.16176470588235295,0.5,0.005405405405405406,0.10845163420270716,0.5,0.5,0.3333333333333333,0.3333333333333333,0.0,1.0,0.6666666666666666,0.017857142857142856,1.0,0.0,0.0,0.6666666666666666,0.0,0.0,0.0,1
1.0,0.6470588235294118,1.0,0.0,0.5434686915373611,0.5,0.5,0.3333333333333333,0.6666666666666666,0.0,0.3333333333333333,1.0,0.44642857142857145,0.0,1.0,0.0,0.6666666666666666,0.0,0.0,0.0,2
1.0,0.47058823529411764,0.75,0.024324324324324326,0.5129305601408606,0.0,0.25,0.0,0.0,0.0,0.0,0.6666666666666666,0.16071428571428573,1.0,0.5,0.3333333333333333,0.6666666666666666,0.0,0.0,0.0,2
0.3333333333333333,0.16176470588235295,0.25,0.0,0.36315615714757343,0.25,0.0,0.0,0.6666666666666666,0.0,0.3333333333333333,0.3333333333333333,0.26785714285714285,1.0,0.5,0.0,1.0,1.0,1.0,0.0,2
0.6666666666666666,0.29411764705882354,0.5,0.008108108108108109,0.2697259821723341,0.0,0.75,1.0,0.6666666666666666,0.0,0.3333333333333333,0.6666666666666666,0.10714285714285714,0.0,0.5,0.0,0.6666666666666666,0.0,0.0,0.0,1
0.0,0.29411764705882354,0.5,0.0,0.05694948827996038,1.0,0.75,1.0,0.3333333333333333,0.0,1.0,1.0,0.23214285714285715,1.0,0.0,0.0,0.6666666666666666,0.0,0.0,0.0,2
0.3333333333333333,0.38235294117647056,1.0,0.005405405405405406,0.4476724991746451,0.0,0.75,0.3333333333333333,0.6666666666666666,0.0,0.3333333333333333,0.3333333333333333,0.5357142857142857,1.0,0.5,0.0,0.6666666666666666,0.0,0.0,0.0,2
0.0,0.029411764705882353,1.0,0.0,0.03356443270606361,0.0,1.0,0.0,0.3333333333333333,0.0,1.0,1.0,0.35714285714285715,1.0,0.5,0.3333333333333333,0.6666666666666666,0.0,1.0,0.0,1
0.3333333333333333,0.47058823529411764,0.5,0.0,0.6679322108506658,1.0,0.5,0.0,0.6666666666666666,0.0,1.0,1.0,0.32142857142857145,1.0,1.0,0.0,0.6666666666666666,0.0,1.0,0.0,2
1.0,0.07352941176470588,0.5,0.0,0.18306371739848135,0.25,0.5,0.0,0.6666666666666666,1.0,0.3333333333333333,0.0,0.125,1.0,0.0,0.0,0.6666666666666666,1.0,0.0,1.0,1
0.0,0.11764705882352941,0.75,0.0,0.060195884230218995,0.0,0.5,1.0,0.6666666666666666,0.0,0.3333333333333333,0.0,0.42857142857142855,1.0,0.5,0.3333333333333333,0.3333333333333333,1.0,0.0,0.0,1
1.0,0.29411764705882354,0.5,0.0,0.39303400462198745,0.0,0.5,0.0,0.6666666666666666,0.0,1.0,0.3333333333333333,0.42857142857142855,1.0,0.5,0.0,0.3333333333333333,1.0,0.0,0.0,1
1.0,0.29411764705882354,0.5,0.005405405405405406,0.14223616154946628,0.5,1.0,0.6666666666666666,0.6666666666666666,0.0,1.0,0.3333333333333333,0.6071428571428571,1.0,0.5,0.0,0.6666666666666666,0.0,0.0,0.0,1
0.0,0.029411764705882353,0.5,0.0,0.022669747991636402,0.0,0.25,0.6666666666666666,0.6666666666666666,0.0,1.0,0.0,0.39285714285714285,1.0,0.5,0.0,0.3333333333333333,1.0,1.0,0.0,1
1.0,0.16176470588235295,0.75,0.002702702702702703,0.18399911962143722,0.0,0.25,0.0,0.3333333333333333,0.0,0.3333333333333333,0.3333333333333333,0.48214285714285715,1.0,0.5,0.3333333333333333,0.3333333333333333,0.0,0.0,0.0,1
0.3333333333333333,0.38235294117647056,1.0,0.0,0.22003961703532518,0.0,0.0,1.0,1.0,0.0,0.3333333333333333,0.6666666666666666,0.16071428571428573,1.0,0.5,0.3333333333333333,1.0,0.0,0.0,0.0,2
0.3333333333333333,0.07352941176470588,0.5,0.0,0.001430615164520744,0.0,0.5,1.0,1.0,0.0,1.0,0.0,0.05357142857142857,1.0,0.0,0.0,0.3333333333333333,0.0,0.0,0.0,1
0.3333333333333333,0.29411764705882354,0.75,0.005405405405405406,0.11461428414218114,1.0,0.25,1.0,0.6666666666666666,0.0,0.3333333333333333,0.3333333333333333,0.17857142857142858,0.0,0.5,0.0,0.3333333333333333,0.0,0.0,0.0,1
1.0,0.20588235294117646,0.5,0.008108108108108109,0.23902277979531197,0.0,0.25,0.6666666666666666,0.6666666666666666,0.0,0.3333333333333333,0.6666666666666666,0.23214285714285715,1.0,0.5,0.0,0.6666666666666666,0.0,1.0,0.0,1
0.0,0.11764705882352941,0.5,0.002702702702702703,0.17255419830527127,0.0,1.0,0.6666666666666666,0.6666666666666666,0.0,1.0,1.0,0.2857142857142857,1.0,1.0,0.0,0.6666666666666666,0.0,1.0,0.0,2
0.0,0.20588235294117646,0.0,0.005405405405405406,0.15758776273797734,0.0,0.25,0.0,0.3333333333333333,0.0,1.0,0.3333333333333333,0.125,1.0,0.0,0.0,0.6666666666666666,0.0,0.0,0.0,2
1.0,0.11764705882352941,1.0,0.005405405405405406,0.06338725652030373,0.5,0.75,0.6666666666666666,0.3333333333333333,0.0,1.0,0.6666666666666666,0.32142857142857145,1.0,0.0,0.0,0.6666666666666666,0.0,1.0,0.0,1
1.0,0.29411764705882354,0.5,0.005405405405405406,0.20479806316716187,0.0,0.75,0.3333333333333333,0.3333333333333333,0.0,1.0,0.3333333333333333,0.10714285714285714,1.0,0.0,0.0,0.6666666666666666,0.0,1.0,0.0,1
0.0,0.16176470588235295,1.0,0.005405405405405406,0.039892153626059204,0.0,0.5,0.3333333333333333,0.0,0.0,0.6666666666666666,0.3333333333333333,0.10714285714285714,1.0,0.5,0.3333333333333333,0.6666666666666666,0.0,0.0,0.0,1
0.3333333333333333,0.3382352941176471,0.0,0.024324324324324326,0.4439308902828216,0.0,1.0,0.3333333333333333,0.3333333333333333,0.0,1.0,1.0,0.4107142857142857,1.0,1.0,0.3333333333333333,1.0,0.0,1.0,0.0,2
1.0,0.16176470588235295,1.0,0.008108108108108109,0.06107626279300099,0.0,0.5,1.0,0.6666666666666666,0.0,0.3333333333333333,0.3333333333333333,0.21428571428571427,1.0,0.5,0.3333333333333333,0.6666666666666666,0.0,0.0,0.0,1
1.0,0.11764705882352941,0.5,0.0,0.117750632772092,1.0,1.0,1.0,0.6666666666666666,0.0,0.6666666666666666,0.6666666666666666,0.5535714285714286,1.0,0.5,0.0,0.6666666666666666,0.0,1.0,0.0,1
1.0,0.20588235294117646,0.75,0.008108108108108109,0.11389897655992076,0.0,0.0,0.3333333333333333,1.0,0.0,0.6666666666666666,0.0,0.26785714285714285,1.0,0.5,0.3333333333333333,0.6666666666666666,0.0,0.0,0.0,1
0.3333333333333333,0.07352941176470588,0.5,0.0,0.07147573456586333,1.0,0.25,1.0,0.6666666666666666,0.0,0.3333333333333333,0.0,0.2857142857142857,1.0,0.5,0.0,0.0,0.0,0.0,0.0,1
0.3333333333333333,0.47058823529411764,0.5,0.016216216216216217,0.19043688786178056,1.0,0.5,0.3333333333333333,1.0,0.0,0.3333333333333333,0.6666666666666666,0.14285714285714285,1.0,0.5,0.0,0.6666666666666666,0.0,0.0,0.0,1
1.0,0.16176470588235295,1.0,0.008108108108108109,0.058655221745350504,0.5,0.5,0.3333333333333333,1.0,0.0,0.3333333333333333,0.3333333333333333,0.5,1.0,0.5,0.3333333333333333,0.3333333333333333,0.0,0.0,0.0,1
1.0,0.14705882352941177,0.75,0.0,0.03037306041597887,0.0,0.5,1.0,0.6666666666666666,0.0,0.3333333333333333,0.6666666666666666,0.14285714285714285,1.0,0.5,0.3333333333333333,0.3333333333333333,0.0,0.0,0.0,1
0.3333333333333333,0.29411764705882354,0.5,0.008108108108108109,0.19302299988995267,0.5,0.0,0.0,0.3333333333333333,0.0,1.0,1.0,0.07142857142857142,1.0,0.0,0.0,0.0,0.0,0.0,0.0,1
1.0,0.20588235294117646,0.5,0.005405405405405406,0.17453505007153075,0.0,1.0,1.0,0.6666666666666666,0.0,1.0,0.3333333333333333,0.5,0.0,0.5,0.6666666666666666,0.6666666666666666,1.0,1.0,0.0,1
1.0,0.29411764705882354,1.0,0.008108108108108109,0.0880928799383735,0.0,0.75,1.0,1.0,1.0,0.3333333333333333,0.6666666666666666,0.25,1.0,0.5,0.3333333333333333,0.6666666666666666,0.0,1.0,0.0,1
0.3333333333333333,0.11764705882352941,0.5,0.008108108108108109,0.028392208649719378,0.5,0.5,1.0,0.6666666666666666,0.0,0.6666666666666666,0.0,0.8392857142857143,1.0,0.5,0.0,0.3333333333333333,0.0,0.0,0.0,2
0.3333333333333333,0.8235294117647058,0.5,0.0,0.7580609662154727,0.0,0.75,1.0,0.6666666666666666,0.0,0.3333333333333333,1.0,0.14285714285714285,1.0,0.5,0.0,1.0,0.0,1.0,0.0,2
1.0,0.29411764705882354,0.5,0.0,0.06734896005282272,0.25,0.25,1.0,1.0,0.0,0.6666666666666666,0.0,0.25,1.0,0.5,0.0,0.6666666666666666,0.0,1.0,0.0,1
0.0,0.38235294117647056,0.5,0.008108108108108109,0.12501375591504346,0.0,1.0,0.0,0.6666666666666666,1.0,0.6666666666666666,0.3333333333333333,0.35714285714285715,1.0,0.5,0.0,0.6666666666666666,1.0,0.0,0.0,1
1.0,0.029411764705882353,1.0,0.008108108108108109,0.024760647078243644,1.0,1.0,1.0,0.6666666666666666,0.0,1.0,1.0,0.30357142857142855,1.0,1.0,0.3333333333333333,0.6666666666666666,0.0,0.0,0.0,1
1.0,0.11764705882352941,1.0,0.0,0.0237702211951139,0.25,0.75,1.0,0.3333333333333333,0.0,0.6666666666666666,0.6666666666666666,0.5714285714285714,1.0,0.5,0.3333333333333333,0.6666666666666666,0.0,1.0,0.0,1
0.3333333333333333,0.29411764705882354,0.5,0.0,0.1794871794871795,0.25,0.75,0.3333333333333333,0.6666666666666666,0.0,0.6666666666666666,0.6666666666666666,0.3392857142857143,0.0,0.5,0.3333333333333333,0.6666666666666666,0.0,1.0,0.0,1
1.0,0.11764705882352941,0.5,0.005405405405405406,0.08352591614394189,0.0,0.5,0.6666666666666666,0.6666666666666666,0.0,0.3333333333333333,0.0,0.08928571428571429,1.0,0.0,0.0,0.3333333333333333,0.0,0.0,0.0,1
1.0,0.47058823529411764,1.0,0.0,0.4184549356223176,0.0,0.5,1.0,0.3333333333333333,0.0,0.3333333333333333,0.0,0.10714285714285714,0.5,0.5,0.3333333333333333,0.6666666666666666,0.0,1.0,0.0,2
1.0,0.08823529411764706,1.0,0.005405405405405406,0.1000880378562782,1.0,0.5,0.3333333333333333,1.0,0.0,0.0,0.6666666666666666,0.125,1.0,0.5,0.3333333333333333,0.6666666666666666,0.0,0.0,1.0,1
1.0,0.29411764705882354,1.0,0.008108108108108109,0.14427203697589963,0.25,1.0,0.6666666666666666,0.6666666666666666,0.0,1.0,0.0,0.30357142857142855,1.0,0.5,0.0,0.6666666666666666,1.0,1.0,0.0,1
0.3333333333333333,0.029411764705882353,0.5,0.008108108108108109,0.09975789589523495,0.0,0.25,1.0,1.0,0.0,0.6666666666666666,0.6666666666666666,0.19642857142857142,1.0,0.0,0.0,1.0,0.0,1.0,0.0,1
0.0,0.11764705882352941,1.0,0.0,0.02426543413667877,0.0,1.0,1.0,0.6666666666666666,0.0,0.6666666666666666,0.3333333333333333,0.2857142857142857,1.0,0.5,0.3333333333333333,0.6666666666666666,0.0,0.0,0.0,2
1.0,0.47058823529411764,0.5,0.008108108108108109,0.1127434796962694,0.5,1.0,1.0,0.6666666666666666,0.0,1.0,0.6666666666666666,0.35714285714285715,1.0,0.5,0.0,0.6666666666666666,0.0,0.0,0.0,1
0.3333333333333333,0.11764705882352941,0.0,0.005405405405405406,0.1496093320127655,0.0,0.25,1.0,0.3333333333333333,0.0,0.6666666666666666,0.3333333333333333,0.10714285714285714,1.0,0.0,0.3333333333333333,0.6666666666666666,0.0,0.0,0.0,2
1.0,0.16176470588235295,1.0,0.008108108108108109,0.06718388907230109,0.0,0.5,1.0,0.6666666666666666,0.0,1.0,1.0,0.2857142857142857,1.0,1.0,0.3333333333333333,0.6666666666666666,0.0,1.0,0.0,1
1.0,0.16176470588235295,1.0,0.005405405405405406,0.17018818091779464,0.0,0.5,1.0,0.6666666666666666,0.0,0.3333333333333333,1.0,0.16071428571428573,1.0,1.0,0.0,0.6666666666666666,0.0,1.0,0.0,1
1.0,0.38235294117647056,1.0,0.008108108108108109,0.3138549576317817,0.0,0.75,0.6666666666666666,0.6666666666666666,0.5,0.3333333333333333,0.6666666666666666,0.3392857142857143,1.0,0.5,0.0,0.6666666666666666,0.0,0.0,0.0,1
1.0,0.29411764705882354,1.0,0.002702702702702703,0.11532959172444152,0.0,0.75,1.0,0.6666666666666666,0.0,0.6666666666666666,0.6666666666666666,0.2857142857142857,1.0,0.5,0.3333333333333333,0.6666666666666666,0.0,1.0,0.0,1
0.0,0.07352941176470588,0.5,0.0,0.022229558710245404,0.0,0.5,1.0,0.6666666666666666,0.0,0.6666666666666666,0.6666666666666666,0.16071428571428573,1.0,0.5,0.0,0.3333333333333333,0.0,0.0,0.0,2
1.0,0.0,1.0,0.008108108108108109,0.07120061626499395,0.0,0.75,0.3333333333333333,0.6666666666666666,0.0,0.0,0.0,0.4107142857142857,1.0,0.5,0.6666666666666666,0.3333333333333333,1.0,0.0,0.0,1
1.0,0.47058823529411764,0.5,0.008108108108108109,0.1179707274127875,1.0,0.5,1.0,0.3333333333333333,0.0,1.0,0.6666666666666666,0.10714285714285714,1.0,0.5,0.0,0.6666666666666666,0.0,0.0,0.0,1
0.3333333333333333,0.25,1.0,0.024324324324324326,0.18719049191152196,0.0,0.75,0.3333333333333333,0.6666666666666666,0.0,0.6666666666666666,0.3333333333333333,0.14285714285714285,1.0,0.5,0.3333333333333333,0.6666666666666666,0.0,0.0,0.0,1
1.0,0.29411764705882354,0.5,0.008108108108108109,0.09084406294706723,0.25,0.5,1.0,0.6666666666666666,0.0,1.0,0.6666666666666666,0.17857142857142858,1.0,0.0,0.0,1.0,0.0,1.0,0.0,1
0.3333333333333333,0.17647058823529413,1.0,0.0,0.05089688566083416,0.0,0.0,0.3333333333333333,0.6666666666666666,0.0,0.6666666666666666,0.6666666666666666,0.875,1.0,1.0,0.6666666666666666,0.0,0.0,1.0,0.0,1
1.0,0.29411764705882354,0.5,0.008108108108108109,0.0412127214702322,1.0,1.0,1.0,0.6666666666666666,0.0,0.3333333333333333,0.6666666666666666,0.10714285714285714,1.0,0.5,0.3333333333333333,0.6666666666666666,0.0,0.0,0.0,1
0.0,0.11764705882352941,0.5,0.005405405405405406,0.07741828986464179,0.0,0.5,0.3333333333333333,0.6666666666666666,0.0,0.3333333333333333,0.0,0.14285714285714285,1.0,0.5,0.0,0.6666666666666666,0.0,0.0,0.0,1
1.0,0.08823529411764706,0.5,0.002702702702702703,0.14295146913172666,0.25,0.5,0.0,0.6666666666666666,0.5,0.3333333333333333,0.0,0.23214285714285715,1.0,0.5,0.0,0.6666666666666666,1.0,0.0,0.0,1
0.6666666666666666,0.16176470588235295,0.5,0.008108108108108109,0.11428414218113789,0.0,0.25,0.3333333333333333,0.3333333333333333,0.0,0.6666666666666666,0.0,0.10714285714285714,1.0,0.5,0.0,0.3333333333333333,0.0,0.0,0.0,2
0.0,0.47058823529411764,0.5,0.005405405405405406,0.20408275558490152,0.0,0.0,1.0,0.6666666666666666,0.0,0.6666666666666666,0.3333333333333333,0.19642857142857142,1.0,0.5,0.0,1.0,0.0,1.0,0.0,1
0.0,0.029411764705882353,1.0,0.008108108108108109,0.004842082095300979,0.5,1.0,1.0,0.6666666666666666,0.0,1.0,0.6666666666666666,0.5892857142857143,1.0,0.5,0.3333333333333333,0.6666666666666666,0.0,0.0,0.0,1
1.0,0.20588235294117646,0.5,0.005405405405405406,0.09541102674149884,0.0,0.5,1.0,0.6666666666666666,0.0,1.0,1.0,0.5,0.0,1.0,0.3333333333333333,0.6666666666666666,0.0,0.0,0.0,1
0.6666666666666666,0.5588235294117647,0.0,0.024324324324324326,0.3322878837900297,0.0,0.25,0.3333333333333333,0.0,0.0,0.0,0.3333333333333333,0.25,1.0,0.5,0.3333333333333333,0.6666666666666666,0.0,0.0,0.0,1
0.0,0.29411764705882354,0.5,0.005405405405405406,0.4110817651590184,1.0,0.25,0.0,0.3333333333333333,0.0,0.3333333333333333,0.3333333333333333,0.19642857142857142,1.0,0.5,0.0,0.6666666666666666,0.0,1.0,1.0,1
1.0,0.16176470588235295,1.0,0.008108108108108109,0.06652360515021459,0.0,0.5,1.0,0.3333333333333333,0.0,0.3333333333333333,0.6666666666666666,0.42857142857142855,1.0,0.5,0.0,0.3333333333333333,0.0,0.0,0.0,1
1.0,0.11764705882352941,0.5,0.008108108108108109,0.09425552987784748,0.0,0.75,1.0,0.6666666666666666,0.0,0.3333333333333333,0.6666666666666666,0.21428571428571427,1.0,0.0,0.3333333333333333,1.0,1.0,1.0,0.0,1
0.0,0.29411764705882354,0.25,0.0,0.11417409486079014,0.25,0.75,0.3333333333333333,0.6666666666666666,0.0,0.6666666666666666,0.6666666666666666,0.23214285714285715,0.0,0.5,0.0,0.6666666666666666,0.0,0.0,0.0,1
1.0,0.20588235294117646,0.5,0.024324324324324326,0.07252118410916694,0.25,0.5,0.6666666666666666,0.3333333333333333,0.0,1.0,0.3333333333333333,0.08928571428571429,1.0,0.0,0.0,0.3333333333333333,0.0,0.0,0.0,1
1.0,0.47058823529411764,0.75,0.005405405405405406,0.40871574777154174,0.5,0.75,0.3333333333333333,0.3333333333333333,0.0,1.0,0.6666666666666666,0.375,1.0,0.5,0.3333333333333333,0.6666666666666666,0.0,1.0,0.0,1
0.3333333333333333,0.20588235294117646,0.5,0.0,0.3090128755364807,0.25,0.5,0.3333333333333333,0.6666666666666666,0.0,0.3333333333333333,0.6666666666666666,0.19642857142857142,1.0,0.5,0.3333333333333333,0.6666666666666666,0.0,1.0,0.0,1
0.3333333333333333,0.29411764705882354,1.0,0.005405405405405406,0.2468361395400022,0.0,0.25,0.3333333333333333,0.3333333333333333,0.0,1.0,0.6666666666666666,0.10714285714285714,0.0,0.5,0.0,0.3333333333333333,0.0,0.0,0.0,2
0.3333333333333333,0.07352941176470588,0.5,0.0,0.1620446792120612,1.0,0.5,0.0,0.3333333333333333,0.0,0.3333333333333333,0.0,0.25,1.0,0.5,0.0,0.3333333333333333,0.0,0.0,0.0,1
1.0,0.8235294117647058,0.5,0.0,0.3453835149114119,1.0,0.5,1.0,0.6666666666666666,0.0,1.0,1.0,0.26785714285714285,1.0,1.0,0.0,0.6666666666666666,1.0,1.0,0.0,1
0.3333333333333333,0.47058823529411764,0.75,0.0,0.4311654011224827,0.25,1.0,0.3333333333333333,0.6666666666666666,0.0,1.0,0.6666666666666666,0.4107142857142857,1.0,0.5,1.0,1.0,0.0,1.0,0.0,2
1.0,0.029411764705882353,0.5,0.010810810810810811,0.059865742269175744,0.5,0.5,0.0,0.0,0.0,1.0,0.0,0.7678571428571429,1.0,0.5,0.0,0.6666666666666666,0.0,0.0,0.0,1
1.0,0.07352941176470588,0.5,0.008108108108108109,0.06756905469351822,0.0,0.75,1.0,0.6666666666666666,0.0,0.3333333333333333,0.6666666666666666,0.05357142857142857,1.0,0.5,0.0,0.6666666666666666,0.0,0.0,0.0,2
1.0,0.16176470588235295,0.5,0.016216216216216217,0.24061846594035435,0.25,0.5,0.6666666666666666,0.6666666666666666,0.0,0.3333333333333333,0.3333333333333333,0.375,1.0,0.5,0.0,1.0,0.0,1.0,0.0,2
0.3333333333333333,0.10294117647058823,0.75,0.008108108108108109,0.24876196764608782,0.0,0.75,0.3333333333333333,0.6666666666666666,0.0,1.0,0.3333333333333333,0.5714285714285714,1.0,0.5,0.0,0.6666666666666666,0.0,0.0,0.0,1
1.0,0.25,1.0,0.002702702702702703,0.16644657202597116,0.0,1.0,0.0,0.6666666666666666,0.0,1.0,0.6666666666666666,0.30357142857142855,1.0,0.5,0.0,1.0,0.0,1.0,0.0,1
0.6666666666666666,0.11764705882352941,0.5,0.005405405405405406,0.1101023440079234,0.0,0.5,0.0,0.3333333333333333,0.0,0.3333333333333333,0.6666666666666666,0.48214285714285715,1.0,0.5,0.0,0.3333333333333333,0.0,0.0,0.0,1
0.3333333333333333,0.29411764705882354,1.0,0.0,0.19962583911081766,0.25,0.25,1.0,0.0,0.0,0.3333333333333333,0.6666666666666666,0.32142857142857145,1.0,0.5,0.0,0.6666666666666666,0.0,1.0,0.0,1
0.6666666666666666,0.11764705882352941,0.5,0.008108108108108109,0.1521954440409376,0.0,0.5,0.6666666666666666,1.0,0.0,0.0,0.6666666666666666,0.08928571428571429,1.0,0.5,0.0,0.6666666666666666,0.0,0.0,0.0,1
0.3333333333333333,0.11764705882352941,0.5,0.002702702702702703,0.09783206778914934,1.0,0.5,1.0,0.6666666666666666,0.0,0.3333333333333333,0.6666666666666666,0.19642857142857142,1.0,0.5,0.0,0.6666666666666666,0.0,0.0,0.0,1
0.6666666666666666,0.16176470588235295,0.5,0.016216216216216217,0.007813359744690216,0.0,0.25,1.0,0.3333333333333333,0.0,1.0,0.3333333333333333,0.07142857142857142,1.0,0.0,0.0,0.6666666666666666,0.0,1.0,0.0,1
0.0,0.11764705882352941,0.5,0.008108108108108109,0.025255860019808517,0.0,1.0,1.0,0.6666666666666666,0.0,1.0,0.0,0.6785714285714286,0.5,0.5,0.0,0.3333333333333333,0.0,0.0,0.0,2
0.3333333333333333,0.07352941176470588,0.5,0.008108108108108109,0.029712776493892375,0.5,0.5,1.0,0.3333333333333333,0.0,0.6666666666666666,0.0,0.8392857142857143,1.0,0.5,0.0,0.3333333333333333,0.0,0.0,0.0,1
0.0,0.029411764705882353,1.0,0.0,0.18851105975569496,0.0,0.5,0.0,0.6666666666666666,0.0,0.6666666666666666,0.0,0.32142857142857145,1.0,0.0,0.6666666666666666,0.6666666666666666,1.0,0.0,0.0,1
0.3333333333333333,0.11764705882352941,0.5,0.0,0.09640145262462858,0.0,0.75,0.6666666666666666,0.6666666666666666,0.0,1.0,0.3333333333333333,0.19642857142857142,1.0,0.0,0.0,0.6666666666666666,1.0,1.0,0.0,1
1.0,0.4264705882352941,1.0,0.002702702702702703,0.385330692197645,0.0,0.75,0.6666666666666666,0.6666666666666666,0.0,0.3333333333333333,0.6666666666666666,0.2857142857142857,1.0,0.5,0.3333333333333333,1.0,0.0,1.0,0.0,1
1.0,0.25,0.5,0.024324324324324326,0.07274127874986244,0.75,1.0,1.0,0.3333333333333333,0.0,1.0,0.0,0.30357142857142855,0.0,0.5,0.0,0.3333333333333333,0.0,0.0,0.0,1
0.3333333333333333,0.16176470588235295,0.5,0.008108108108108109,0.03037306041597887,0.0,1.0,1.0,0.6666666666666666,0.0,0.6666666666666666,0.6666666666666666,0.32142857142857145,1.0,0.5,0.0,0.6666666666666666,1.0,0.0,0.0,2
1.0,0.47058823529411764,1.0,0.0,0.350170573346539,0.0,1.0,1.0,0.6666666666666666,0.0,1.0,0.6666666666666666,0.26785714285714285,1.0,0.5,0.3333333333333333,1.0,0.0,1.0,0.0,1
0.0,0.11764705882352941,0.5,0.0,0.050511720039617035,0.0,0.5,1.0,1.0,0.0,0.6666666666666666,0.0,0.14285714285714285,1.0,0.5,0.0,0.3333333333333333,0.0,0.0,0.0,1
0.3333333333333333,0.16176470588235295,0.5,0.013513513513513514,0.13101133487399583,0.25,0.5,0.6666666666666666,0.3333333333333333,0.0,0.3333333333333333,0.0,0.10714285714285714,1.0,0.5,0.0,0.3333333333333333,0.0,0.0,0.0,1
0.0,0.11764705882352941,0.5,0.005405405405405406,0.055683944095961266,1.0,1.0,0.3333333333333333,0.0,0.0,1.0,0.3333333333333333,0.5357142857142857,1.0,0.5,0.0,0.3333333333333333,0.0,1.0,0.0,1
0.3333333333333333,0.6470588235294118,0.0,0.024324324324324326,0.6577528337184989,1.0,0.5,0.3333333333333333,0.6666666666666666,0.0,0.3333333333333333,0.6666666666666666,0.5178571428571429,0.0,0.5,0.0,1.0,0.0,1.0,0.0,1
0.0,0.029411764705882353,1.0,0.0,0.24573566633652472,1.0,0.25,0.0,0.6666666666666666,0.0,0.6666666666666666,0.0,0.44642857142857145,1.0,0.5,0.3333333333333333,0.3333333333333333,1.0,0.0,0.0,1
0.3333333333333333,0.11764705882352941,0.5,0.0,0.39738087377572356,1.0,0.0,0.0,0.3333333333333333,0.0,0.3333333333333333,0.0,0.08928571428571429,1.0,0.0,0.0,0.0,0.0,0.0,0.0,1
0.0,0.29411764705882354,0.5,0.002702702702702703,0.1471332673049411,0.0,0.5,0.6666666666666666,0.6666666666666666,1.0,1.0,1.0,0.7857142857142857,0.0,0.5,0.0,0.6666666666666666,1.0,1.0,0.0,1
0.6666666666666666,0.29411764705882354,0.5,0.008108108108108109,0.06201166501595686,0.25,1.0,1.0,0.3333333333333333,0.0,0.3333333333333333,1.0,0.5,1.0,1.0,0.0,0.6666666666666666,0.0,1.0,0.0,1
1.0,0.07352941176470588,0.5,0.005405405405405406,0.06261692527786948,0.0,0.5,1.0,0.3333333333333333,0.0,0.3333333333333333,0.0,0.125,1.0,0.0,0.0,0.6666666666666666,0.0,0.0,0.0,1
0.3333333333333333,0.29411764705882354,0.5,0.008108108108108109,0.15637724221415208,0.25,0.25,0.6666666666666666,1.0,0.0,0.3333333333333333,0.6666666666666666,0.05357142857142857,1.0,0.0,0.0,0.6666666666666666,0.0,1.0,0.0,2
1.0,0.29411764705882354,0.5,0.008108108108108109,0.18548475844613183,0.25,1.0,0.3333333333333333,0.6666666666666666,0.0,1.0,0.6666666666666666,0.21428571428571427,1.0,0.5,0.3333333333333333,0.6666666666666666,0.0,0.0,0.0,2
0.0,0.47058823529411764,0.5,0.005405405405405406,0.18542973478595795,0.0,0.5,0.0,0.6666666666666666,1.0,0.3333333333333333,0.3333333333333333,0.32142857142857145,1.0,0.5,0.0,0.6666666666666666,1.0,0.0,0.0,1
0.3333333333333333,0.38235294117647056,0.5,0.008108108108108109,0.15081985253659072,1.0,1.0,0.3333333333333333,0.3333333333333333,0.0,1.0,0.6666666666666666,0.10714285714285714,1.0,0.5,0.0,0.6666666666666666,0.0,0.0,0.0,1
1.0,0.08823529411764706,0.5,0.008108108108108109,0.09210960713106636,0.0,0.5,0.0,0.6666666666666666,0.0,1.0,0.3333333333333333,0.3392857142857143,1.0,0.5,0.0,0.6666666666666666,0.0,1.0,1.0,1
0.3333333333333333,0.38235294117647056,1.0,0.0,0.27423792230659183,0.0,0.0,1.0,1.0,0.0,0.3333333333333333,0.6666666666666666,0.16071428571428573,1.0,0.5,0.3333333333333333,1.0,0.0,0.0,0.0,2
0.6666666666666666,0.11764705882352941,0.5,0.005405405405405406,0.06459777704412897,1.0,1.0,0.6666666666666666,0.3333333333333333,0.0,1.0,0.0,0.6428571428571429,1.0,0.5,0.0,1.0,0.0,1.0,0.0,1
0.0,0.47058823529411764,0.75,0.016216216216216217,0.36519203257400684,0.0,0.5,1.0,0.6666666666666666,0.0,0.6666666666666666,0.3333333333333333,0.17857142857142858,0.5,0.5,0.0,0.6666666666666666,0.0,1.0,0.0,2
0.0,0.47058823529411764,0.75,0.024324324324324326,0.10426983602949268,0.0,0.75,0.3333333333333333,0.6666666666666666,0.0,0.0,0.6666666666666666,0.08928571428571429,1.0,0.5,0.3333333333333333,0.6666666666666666,0.0,1.0,0.0,2
0.6666666666666666,0.029411764705882353,1.0,0.016216216216216217,0.04385385715857819,0.0,0.5,0.3333333333333333,0.3333333333333333,0.0,1.0,0.3333333333333333,0.5535714285714286,1.0,0.5,0.0,0.3333333333333333,0.0,0.0,0.0,1
0.0,0.38235294117647056,0.0,0.024324324324324326,0.43039506988004844,1.0,0.25,0.3333333333333333,0.6666666666666666,0.0,0.6666666666666666,0.6666666666666666,0.10714285714285714,0.0,0.5,0.6666666666666666,0.6666666666666666,0.0,0.0,0.0,1
0.3333333333333333,0.08823529411764706,0.5,0.0,0.3883569935072081,0.0,0.0,0.3333333333333333,0.6666666666666666,0.0,1.0,1.0,0.9107142857142857,0.0,1.0,0.0,1.0,0.0,1.0,0.0,1
0.6666666666666666,0.16176470588235295,1.0,0.008108108108108109,0.056179157037526135,1.0,0.5,0.6666666666666666,0.6666666666666666,0.0,1.0,1.0,0.35714285714285715,1.0,1.0,0.3333333333333333,0.6666666666666666,0.0,1.0,0.0,2
1.0,0.014705882352941176,0.5,0.024324324324324326,0.1759656652360515,0.0,0.75,0.0,0.6666666666666666,0.0,1.0,0.0,0.9821428571428571,1.0,0.5,0.0,0.3333333333333333,0.0,0.0,0.0,1
0.3333333333333333,0.11764705882352941,0.5,0.0,0.05353802134918015,0.0,1.0,0.0,0.0,0.0,0.0,0.0,0.48214285714285715,1.0,0.0,0.3333333333333333,0.6666666666666666,0.0,0.0,0.0,2
0.0,0.08823529411764706,1.0,0.0,0.10955210740618467,0.0,0.25,0.0,0.6666666666666666,0.0,0.6666666666666666,0.0,0.5178571428571429,1.0,0.0,0.3333333333333333,0.3333333333333333,1.0,0.0,1.0,1
0.0,0.38235294117647056,0.5,0.002702702702702703,0.19847034224716628,0.0,0.5,1.0,0.0,0.0,1.0,0.3333333333333333,0.375,1.0,0.5,0.0,1.0,0.0,1.0,0.0,1
1.0,0.029411764705882353,0.5,0.016216216216216217,0.0708704743039507,0.0,0.25,0.0,0.3333333333333333,0.0,0.3333333333333333,1.0,0.6607142857142857,1.0,0.5,0.0,0.6666666666666666,0.0,0.0,0.0,1
1.0,0.11764705882352941,0.75,0.002702702702702703,0.06894464619786508,0.0,0.5,1.0,1.0,0.0,1.0,0.0,0.39285714285714285,1.0,0.0,0.0,0.6666666666666666,0.0,0.0,0.0,1
0.3333333333333333,0.38235294117647056,0.25,0.005405405405405406,0.17860680092439749,0.75,0.5,1.0,0.6666666666666666,0.0,0.3333333333333333,0.6666666666666666,0.26785714285714285,0.5,0.5,0.0,0.6666666666666666,1.0,1.0,0.0,1
0.3333333333333333,0.47058823529411764,0.5,0.008108108108108109,0.11406404754044239,0.0,0.75,1.0,0.6666666666666666,0.0,1.0,0.6666666666666666,0.08928571428571429,1.0,0.0,0.0,0.6666666666666666,0.0,0.0,0.0,1
0.3333333333333333,0.38235294117647056,0.5,0.0,0.10454495433036205,0.0,0.5,1.0,0.3333333333333333,1.0,0.3333333333333333,1.0,0.08928571428571429,0.0,0.5,0.0,0.6666666666666666,0.0,0.0,0.0,2
0.3333333333333333,0.5147058823529411,0.75,0.016216216216216217,0.6333223286012986,0.25,0.75,0.3333333333333333,0.6666666666666666,0.0,0.6666666666666666,1.0,0.23214285714285715,1.0,0.0,0.0,0.6666666666666666,0.0,1.0,0.0,1
0.0,0.029411764705882353,0.5,0.008108108108108109,0.1318917134367778,0.5,0.5,0.3333333333333333,0.6666666666666666,0.0,0.6666666666666666,0.0,0.44642857142857145,1.0,0.0,0.0,0.6666666666666666,1.0,0.0,0.0,1
0.3333333333333333,0.6470588235294118,0.5,0.005405405405405406,0.534279740288324,0.0,0.25,0.0,0.3333333333333333,0.0,0.3333333333333333,0.6666666666666666,0.125,1.0,0.5,0.0,0.6666666666666666,0.0,1.0,0.0,2
0.3333333333333333,0.6470588235294118,0.0,1.0,1.0,0.0,0.5,0.0,0.3333333333333333,0.0,0.3333333333333333,0.3333333333333333,0.23214285714285715,0.0,0.5,0.0,1.0,0.0,1.0,1.0,2
0.0,0.29411764705882354,0.75,0.0,0.25420931000330144,0.0,0.5,0.6666666666666666,0.6666666666666666,0.0,1.0,1.0,0.6071428571428571,1.0,1.0,0.3333333333333333,0.6666666666666666,1.0,0.0,0.0,2
0.3333333333333333,0.29411764705882354,0.5,0.0,0.1357983933091229,0.0,0.5,0.6666666666666666,0.3333333333333333,0.0,1.0,0.3333333333333333,0.017857142857142856,1.0,0.0,0.0,0.3333333333333333,0.0,1.0,0.0,2
0.0,0.20588235294117646,0.25,0.008108108108108109,0.09298998569384835,0.0,0.25,0.6666666666666666,0.6666666666666666,0.5,1.0,1.0,0.30357142857142855,0.0,1.0,0.0,1.0,0.0,1.0,0.0,1
0.0,0.6470588235294118,0.5,0.010810810810810811,0.15412127214702323,0.0,0.5,0.6666666666666666,0.6666666666666666,0.0,1.0,0.6666666666666666,0.625,1.0,0.5,0.0,0.6666666666666666,0.0,0.0,0.0,2
1.0,0.20588235294117646,1.0,0.002702702702702703,0.19808517662594916,0.0,0.75,0.6666666666666666,0.6666666666666666,0.0,0.0,0.6666666666666666,0.14285714285714285,1.0,0.5,0.3333333333333333,0.6666666666666666,0.0,0.0,0.0,1
0.0,0.29411764705882354,1.0,0.024324324324324326,0.06228678331682624,0.25,0.75,1.0,0.6666666666666666,0.0,0.0,0.0,0.125,1.0,0.5,0.3333333333333333,0.6666666666666666,0.0,1.0,0.0,1
1.0,0.029411764705882353,0.5,0.005405405405405406,0.08341586882359414,0.0,0.5,0.0,1.0,0.0,0.3333333333333333,0.3333333333333333,0.03571428571428571,1.0,0.0,0.0,0.6666666666666666,0.0,0.0,0.0,1
1.0,0.47058823529411764,0.5,0.008108108108108109,0.1840541432816111,0.0,1.0,1.0,0.6666666666666666,0.0,0.3333333333333333,0.6666666666666666,0.16071428571428573,1.0,0.5,0.0,0.6666666666666666,0.0,0.0,0.0,1
0.0,0.11764705882352941,0.25,0.008108108108108109,0.020688896225376913,0.0,0.5,1.0,0.3333333333333333,0.0,1.0,0.0,0.08928571428571429,0.0,0.5,0.0,0.3333333333333333,0.0,0.0,0.0,2
0.6666666666666666,0.029411764705882353,0.5,0.005405405405405406,0.10267414988445031,0.0,0.5,0.3333333333333333,0.6666666666666666,0.0,0.3333333333333333,0.0,0.39285714285714285,1.0,0.5,0.0,0.6666666666666666,0.0,1.0,0.0,1
0.0,0.11764705882352941,0.5,0.0,0.053813139650049524,0.0,0.5,1.0,0.3333333333333333,0.0,0.3333333333333333,0.0,0.08928571428571429,1.0,0.5,0.0,0.3333333333333333,0.0,0.0,0.0,2
0.0,0.23529411764705882,1.0,0.0,0.10922196544514141,0.0,0.5,1.0,1.0,1.0,0.3333333333333333,0.3333333333333333,0.25,0.0,0.0,0.3333333333333333,0.6666666666666666,0.0,0.0,1.0,2
0.0,0.16176470588235295,0.5,0.0,0.12440849565313085,0.0,0.0,0.0,0.3333333333333333,0.0,1.0,0.6666666666666666,0.07142857142857142,1.0,0.0,0.0,0.6666666666666666,0.0,0.0,0.0,1
0.0,0.10294117647058823,1.0,0.0,0.20298228238142402,0.0,0.5,0.0,0.6666666666666666,0.0,0.3333333333333333,0.0,0.375,1.0,0.5,0.3333333333333333,0.3333333333333333,1.0,0.0,0.0,1
0.0,0.029411764705882353,0.5,0.016216216216216217,0.010894684714427203,0.0,0.25,1.0,0.3333333333333333,0.0,1.0,0.3333333333333333,0.07142857142857142,1.0,0.5,0.0,0.6666666666666666,0.0,0.0,0.0,2
0.0,0.38235294117647056,0.0,0.005405405405405406,0.23841751953339937,0.0,0.5,0.3333333333333333,0.0,1.0,0.3333333333333333,0.0,0.23214285714285715,1.0,0.5,0.3333333333333333,0.6666666666666666,0.0,0.0,0.0,1
1.0,0.11764705882352941,0.5,0.008108108108108109,0.1116430064927919,1.0,0.5,1.0,0.6666666666666666,0.0,1.0,1.0,0.32142857142857145,1.0,1.0,0.0,0.6666666666666666,0.0,1.0,0.0,1
0.6666666666666666,0.29411764705882354,0.5,0.005405405405405406,0.19252778694838782,0.0,0.25,0.3333333333333333,0.3333333333333333,0.0,1.0,0.6666666666666666,0.125,1.0,0.5,0.0,0.6666666666666666,0.0,0.0,0.0,1
1.0,0.29411764705882354,0.5,0.008108108108108109,0.07164080554638494,0.0,0.75,0.6666666666666666,0.6666666666666666,0.0,0.0,0.6666666666666666,0.23214285714285715,0.0,0.5,0.0,0.6666666666666666,1.0,0.0,0.0,1
0.3333333333333333,0.11764705882352941,0.5,0.008108108108108109,0.04996148343787829,0.5,0.5,0.6666666666666666,0.0,0.0,0.0,0.6666666666666666,0.125,1.0,0.5,0.0,0.6666666666666666,0.0,1.0,0.0,1
1.0,0.11764705882352941,1.0,0.005405405405405406,0.16952789699570817,0.0,1.0,0.3333333333333333,0.6666666666666666,0.0,1.0,0.3333333333333333,0.4107142857142857,0.5,0.5,0.0,0.6666666666666666,0.0,0.0,0.0,1
1.0,0.16176470588235295,0.5,0.002702702702702703,0.0577748431825685,1.0,1.0,1.0,0.6666666666666666,0.0,1.0,1.0,0.4642857142857143,0.0,1.0,0.0,0.6666666666666666,1.0,0.0,0.0,1
1.0,0.20588235294117646,0.5,0.0,0.13271706833938593,1.0,0.75,1.0,0.6666666666666666,0.0,0.6666666666666666,0.3333333333333333,0.23214285714285715,1.0,0.5,0.0,0.6666666666666666,0.0,0.0,1.0,1
0.0,0.47058823529411764,0.5,0.002702702702702703,0.44486629250577747,1.0,1.0,0.6666666666666666,0.6666666666666666,0.0,1.0,1.0,0.5,1.0,1.0,0.0,0.6666666666666666,0.0,0.0,0.0,2
0.3333333333333333,0.25,0.5,0.024324324324324326,0.05161219324309453,0.0,1.0,0.3333333333333333,0.3333333333333333,0.0,1.0,0.3333333333333333,0.35714285714285715,1.0,0.5,0.0,0.6666666666666666,1.0,0.0,0.0,2
0.0,0.11764705882352941,0.0,0.008108108108108109,0.327335754374381,0.0,0.5,1.0,0.6666666666666666,0.0,0.3333333333333333,0.3333333333333333,0.16071428571428573,1.0,0.0,0.3333333333333333,0.6666666666666666,0.0,1.0,0.0,2
0.0,0.16176470588235295,0.5,0.024324324324324326,0.03059315505667437,0.0,0.5,1.0,0.3333333333333333,0.0,1.0,0.3333333333333333,0.05357142857142857,1.0,0.5,0.0,0.3333333333333333,0.0,0.0,0.0,1
0.3333333333333333,0.20588235294117646,0.5,0.013513513513513514,0.1992956971497744,0.0,0.0,0.3333333333333333,0.3333333333333333,0.0,1.0,0.6666666666666666,0.8571428571428571,1.0,0.5,0.0,0.6666666666666666,0.0,1.0,0.0,1
0.3333333333333333,0.16176470588235295,1.0,0.008108108108108109,0.13634862991086166,1.0,0.75,1.0,0.6666666666666666,1.0,0.3333333333333333,0.0,0.2857142857142857,0.0,0.5,0.6666666666666666,0.6666666666666666,0.0,1.0,0.0,1
0.3333333333333333,0.11764705882352941,0.5,0.0,0.041652910751623196,0.75,0.5,1.0,1.0,0.0,0.0,0.0,0.05357142857142857,1.0,0.5,0.0,0.6666666666666666,0.0,0.0,0.0,1
1.0,0.29411764705882354,0.5,0.002702702702702703,0.1336524705623418,0.0,0.25,1.0,0.3333333333333333,0.0,0.0,1.0,0.17857142857142858,1.0,0.5,0.0,1.0,0.0,1.0,0.0,1
0.0,0.8235294117647058,0.5,0.024324324324324326,0.3877517332452955,0.0,1.0,1.0,0.6666666666666666,0.5,1.0,1.0,0.30357142857142855,1.0,0.0,0.0,0.6666666666666666,0.0,0.0,0.0,2
1.0,0.08823529411764706,0.5,0.016216216216216217,0.026246285902938263,0.5,1.0,1.0,0.6666666666666666,0.0,1.0,1.0,0.48214285714285715,1.0,1.0,0.0,0.6666666666666666,0.0,1.0,0.0,1
0.6666666666666666,0.16176470588235295,1.0,0.002702702702702703,0.11609992296687575,0.5,0.5,0.3333333333333333,0.6666666666666666,0.0,0.3333333333333333,0.6666666666666666,0.30357142857142855,1.0,0.5,0.0,0.6666666666666666,0.0,1.0,0.0,1
0.0,0.29411764705882354,0.25,1.0,0.06096621547265324,1.0,1.0,1.0,0.6666666666666666,0.0,0.6666666666666666,0.6666666666666666,0.375,0.5,0.5,0.0,1.0,0.0,1.0,0.0,2
1.0,0.20588235294117646,1.0,0.008108108108108109,0.10938703642566304,0.0,0.5,0.3333333333333333,0.3333333333333333,0.0,0.0,0.6666666666666666,0.10714285714285714,1.0,0.5,0.3333333333333333,0.6666666666666666,0.0,0.0,0.0,1
1.0,0.029411764705882353,0.75,0.008108108108108109,0.03752613623858259,0.0,0.5,0.6666666666666666,0.3333333333333333,0.0,0.3333333333333333,0.0,0.08928571428571429,1.0,0.5,0.0,0.6666666666666666,0.0,0.0,0.0,1
1.0,0.11764705882352941,1.0,0.024324324324324326,0.055793991416309016,1.0,1.0,1.0,0.6666666666666666,0.0,1.0,1.0,0.6785714285714286,1.0,0.0,0.0,0.3333333333333333,0.0,0.0,0.0,1
1.0,0.08823529411764706,0.5,0.021621621621621623,0.03543523715197535,1.0,0.75,1.0,0.3333333333333333,0.0,0.6666666666666666,0.3333333333333333,0.375,1.0,0.5,0.0,0.6666666666666666,0.0,1.0,0.0,1
0.3333333333333333,0.6470588235294118,0.0,0.024324324324324326,0.7797402883239793,0.0,0.5,0.3333333333333333,0.6666666666666666,0.0,0.3333333333333333,0.6666666666666666,0.10714285714285714,1.0,0.5,0.0,0.6666666666666666,0.0,1.0,0.0,2
0.0,0.3382352941176471,0.0,0.024324324324324326,0.27748431825685044,0.0,0.0,0.3333333333333333,0.6666666666666666,0.0,1.0,0.3333333333333333,0.5535714285714286,0.5,0.5,0.3333333333333333,0.6666666666666666,0.0,1.0,0.0,2
0.3333333333333333,0.20588235294117646,0.75,0.024324324324324326,0.11978650819852536,1.0,1.0,1.0,0.6666666666666666,0.0,0.3333333333333333,0.3333333333333333,0.4107142857142857,1.0,0.5,0.3333333333333333,0.6666666666666666,0.0,0.0,0.0,1
0.0,0.47058823529411764,1.0,0.005405405405405406,0.3289864641795972,0.0,0.25,1.0,0.3333333333333333,0.5,1.0,1.0,0.07142857142857142,1.0,0.0,0.3333333333333333,0.3333333333333333,0.0,1.0,0.0,2
1.0,0.16176470588235295,0.5,0.008108108108108109,0.06250687795752173,1.0,0.5,1.0,1.0,0.0,0.3333333333333333,0.0,0.375,1.0,0.0,0.0,0.6666666666666666,0.0,1.0,0.0,1
0.3333333333333333,0.29411764705882354,0.75,0.008108108108108109,0.33856058104985143,0.0,0.25,0.0,0.6666666666666666,0.0,0.3333333333333333,0.6666666666666666,0.25,1.0,0.5,0.0,0.6666666666666666,0.0,0.0,0.0,1
0.0,0.5588235294117647,0.5,0.008108108108108109,0.20441289754594474,0.0,0.25,1.0,0.6666666666666666,0.0,0.6666666666666666,0.6666666666666666,0.26785714285714285,1.0,0.5,0.0,0.6666666666666666,0.0,0.0,0.0,2
0.3333333333333333,0.47058823529411764,0.5,0.002702702702702703,0.5033564432706064,0.0,0.25,0.0,1.0,0.0,1.0,0.6666666666666666,0.16071428571428573,1.0,0.0,0.0,1.0,0.0,1.0,0.0,2
1.0,0.6470588235294118,1.0,0.002702702702702703,0.1376141740948608,1.0,1.0,1.0,0.6666666666666666,0.0,0.6666666666666666,0.6666666666666666,0.3392857142857143,1.0,0.5,0.3333333333333333,0.6666666666666666,1.0,1.0,0.0,1
1.0,0.16176470588235295,1.0,0.002702702702702703,0.17156377242214152,0.75,1.0,0.6666666666666666,0.6666666666666666,0.0,1.0,1.0,0.07142857142857142,1.0,0.0,0.3333333333333333,0.6666666666666666,0.0,1.0,0.0,1
0.3333333333333333,0.11764705882352941,0.5,0.013513513513513514,0.021404203807637284,0.0,0.5,1.0,0.6666666666666666,0.0,0.3333333333333333,0.6666666666666666,0.19642857142857142,1.0,0.5,0.0,0.6666666666666666,0.0,0.0,0.0,2
0.3333333333333333,0.47058823529411764,0.75,0.0,0.10867172884340266,0.0,1.0,1.0,0.6666666666666666,0.0,1.0,1.0,0.6785714285714286,0.0,1.0,0.3333333333333333,0.6666666666666666,0.0,1.0,0.0,2
0.3333333333333333,0.47058823529411764,0.5,0.013513513513513514,0.11742049081104874,0.0,0.25,1.0,0.6666666666666666,0.0,0.0,1.0,0.25,1.0,0.0,0.0,0.3333333333333333,0.0,0.0,0.0,2
0.3333333333333333,0.058823529411764705,0.5,0.008108108108108109,0.06404754044239022,0.0,0.5,1.0,0.6666666666666666,1.0,0.3333333333333333,0.0,0.25,1.0,0.5,0.0,0.6666666666666666,0.0,0.0,1.0,1
1.0,0.29411764705882354,0.5,0.0,0.06289204357873886,0.0,0.5,0.3333333333333333,0.6666666666666666,1.0,0.3333333333333333,0.0,0.21428571428571427,1.0,0.5,0.0,0.6666666666666666,0.0,1.0,0.0,1
1.0,0.029411764705882353,0.5,0.021621621621621623,0.05436337625178827,1.0,0.0,1.0,0.6666666666666666,0.0,1.0,0.3333333333333333,0.30357142857142855,1.0,0.5,0.0,1.0,1.0,1.0,0.0,1
0.3333333333333333,0.16176470588235295,0.5,0.013513513513513514,0.0582150324639595,0.0,1.0,1.0,0.6666666666666666,0.0,1.0,0.6666666666666666,0.3392857142857143,1.0,0.5,0.3333333333333333,0.3333333333333333,0.0,0.0,0.0,1
1.0,0.11764705882352941,1.0,0.008108108108108109,0.03994717728623308,1.0,1.0,1.0,0.6666666666666666,0.0,1.0,0.6666666666666666,0.2857142857142857,1.0,0.5,0.3333333333333333,0.6666666666666666,0.0,0.0,0.0,1
1.0,0.16176470588235295,0.75,0.005405405405405406,0.039066798723451084,0.75,0.75,0.6666666666666666,0.3333333333333333,0.0,0.3333333333333333,0.3333333333333333,0.19642857142857142,1.0,0.5,0.3333333333333333,0.6666666666666666,0.0,0.0,0.0,1
1.0,0.16176470588235295,0.5,0.010810810810810811,0.055683944095961266,0.5,0.75,1.0,0.6666666666666666,0.0,0.6666666666666666,0.3333333333333333,0.30357142857142855,1.0,0.5,0.3333333333333333,0.6666666666666666,0.0,1.0,0.0,1
0.0,0.6470588235294118,0.5,0.002702702702702703,0.2496973698690437,0.0,0.75,1.0,0.6666666666666666,0.0,0.6666666666666666,0.3333333333333333,0.125,1.0,0.5,0.0,0.6666666666666666,1.0,0.0,0.0,1
1.0,0.07352941176470588,0.5,0.005405405405405406,0.05849015076482888,0.0,1.0,0.0,0.6666666666666666,0.0,1.0,0.6666666666666666,0.017857142857142856,1.0,0.5,0.0,0.6666666666666666,0.0,0.0,0.0,1
1.0,0.29411764705882354,1.0,0.005405405405405406,0.07345658633212282,0.0,0.75,1.0,0.6666666666666666,0.0,0.6666666666666666,0.3333333333333333,0.375,1.0,0.5,0.3333333333333333,0.6666666666666666,0.0,0.0,0.0,1
1.0,0.47058823529411764,1.0,0.002702702702702703,0.5627269725982172,1.0,1.0,0.3333333333333333,0.6666666666666666,0.0,1.0,1.0,0.4107142857142857,1.0,1.0,0.3333333333333333,0.6666666666666666,0.0,0.0,0.0,1
0.3333333333333333,0.10294117647058823,0.5,0.005405405405405406,0.07301639705073182,0.75,0.25,1.0,0.3333333333333333,0.0,0.0,0.0,0.017857142857142856,1.0,0.5,0.0,0.6666666666666666,0.0,0.0,0.0,1
1.0,0.029411764705882353,1.0,0.008108108108108109,0.07175085286673269,0.0,0.75,0.0,0.3333333333333333,0.0,0.3333333333333333,0.6666666666666666,0.08928571428571429,1.0,0.0,0.3333333333333333,0.6666666666666666,0.0,1.0,0.0,1
0.0,0.29411764705882354,0.5,1.0,0.08281060856168153,0.0,1.0,1.0,0.3333333333333333,1.0,1.0,0.0,0.6964285714285714,1.0,0.5,0.0,0.3333333333333333,0.0,1.0,0.0,1
0.0,0.5588235294117647,1.0,0.013513513513513514,0.17299438758666227,0.0,0.0,1.0,0.6666666666666666,0.5,1.0,0.6666666666666666,0.8214285714285714,1.0,0.5,0.3333333333333333,0.0,0.0,0.0,0.0,1
0.0,0.29411764705882354,0.25,0.005405405405405406,0.1705183228788379,0.5,0.25,1.0,0.6666666666666666,0.0,1.0,1.0,0.19642857142857142,1.0,1.0,0.0,0.6666666666666666,1.0,1.0,0.0,2
0.0,0.20588235294117646,0.5,0.005405405405405406,0.1325519973588643,0.75,0.5,1.0,0.6666666666666666,0.0,0.3333333333333333,0.6666666666666666,0.16071428571428573,1.0,0.5,0.0,0.6666666666666666,0.0,0.0,0.0,1
1.0,0.20588235294117646,0.5,0.008108108108108109,0.06729393639264884,0.0,0.25,0.6666666666666666,1.0,0.0,1.0,0.0,0.35714285714285715,1.0,0.5,0.0,0.6666666666666666,0.0,1.0,0.0,1
1.0,0.2647058823529412,0.5,0.0,0.05683944095961263,1.0,0.75,1.0,0.3333333333333333,0.0,1.0,0.3333333333333333,0.10714285714285714,1.0,0.0,0.0,0.6666666666666666,0.0,0.0,0.0,1
1.0,0.29411764705882354,0.75,0.0,0.025696049301199515,1.0,1.0,1.0,1.0,0.0,1.0,0.6666666666666666,0.625,1.0,0.5,0.3333333333333333,0.6666666666666666,0.0,1.0,0.0,1
0.6666666666666666,0.08823529411764706,0.5,0.0,0.20353251898316277,0.0,0.25,0.0,0.6666666666666666,1.0,0.0,0.3333333333333333,0.32142857142857145,1.0,0.5,0.0,0.3333333333333333,1.0,0.0,0.0,1
1.0,0.29411764705882354,0.5,0.024324324324324326,0.23885770881479035,0.75,0.5,0.3333333333333333,0.6666666666666666,0.0,0.6666666666666666,0.3333333333333333,0.625,1.0,0.5,0.6666666666666666,1.0,0.0,1.0,0.0,2
1.0,0.38235294117647056,0.25,0.002702702702702703,0.3980961813579839,1.0,0.0,1.0,0.3333333333333333,0.0,0.0,0.0,0.6071428571428571,0.0,0.5,0.0,1.0,0.0,1.0,0.0,2
0.3333333333333333,0.11764705882352941,0.5,0.008108108108108109,0.04632992186640255,0.0,0.5,1.0,0.3333333333333333,1.0,1.0,0.0,0.5357142857142857,1.0,0.5,0.3333333333333333,0.6666666666666666,0.0,1.0,0.0,1
0.3333333333333333,0.29411764705882354,0.5,0.002702702702702703,0.678386706283702,0.0,1.0,1.0,0.3333333333333333,0.0,0.3333333333333333,1.0,0.44642857142857145,1.0,1.0,0.0,1.0,0.0,1.0,0.0,2
1.0,0.47058823529411764,0.5,0.008108108108108109,0.19725982172334103,1.0,1.0,0.3333333333333333,0.3333333333333333,0.0,1.0,0.0,0.4642857142857143,1.0,0.5,0.0,0.3333333333333333,0.0,1.0,0.0,1
0.3333333333333333,0.029411764705882353,0.25,0.016216216216216217,0.010069329811819083,0.75,0.25,1.0,0.3333333333333333,0.0,0.3333333333333333,0.3333333333333333,0.08928571428571429,0.0,0.0,0.0,0.6666666666666666,1.0,0.0,0.0,2
1.0,0.16176470588235295,0.25,0.008108108108108109,0.07257620776934082,0.25,1.0,1.0,0.6666666666666666,0.0,1.0,0.6666666666666666,0.26785714285714285,0.0,0.5,0.0,0.3333333333333333,1.0,0.0,0.0,1
0.0,0.11764705882352941,0.5,0.0,0.05634422801804776,0.0,0.25,0.6666666666666666,0.3333333333333333,0.0,0.0,0.0,0.32142857142857145,1.0,0.5,0.0,0.3333333333333333,0.0,0.0,0.0,2
0.3333333333333333,0.20588235294117646,1.0,0.005405405405405406,0.05749972488169913,0.0,0.25,1.0,0.3333333333333333,0.0,0.0,0.3333333333333333,0.14285714285714285,1.0,0.5,0.3333333333333333,0.6666666666666666,0.0,0.0,0.0,1
0.3333333333333333,0.38235294117647056,1.0,0.0,0.10625068779575217,1.0,1.0,1.0,0.6666666666666666,0.0,1.0,0.0,0.30357142857142855,1.0,0.5,0.3333333333333333,0.6666666666666666,0.0,0.0,0.0,1
1.0,0.08823529411764706,0.5,0.0,0.05827005612413338,1.0,0.5,1.0,0.6666666666666666,1.0,1.0,0.3333333333333333,0.14285714285714285,1.0,0.5,0.0,0.3333333333333333,0.0,0.0,0.0,2
0.6666666666666666,0.11764705882352941,1.0,0.0,0.06767910201386597,0.5,0.0,0.3333333333333333,0.6666666666666666,0.0,1.0,1.0,0.8392857142857143,0.0,1.0,0.6666666666666666,0.0,0.0,0.0,0.0,1
0.3333333333333333,0.29411764705882354,1.0,0.008108108108108109,0.08215032463959503,0.0,1.0,1.0,0.6666666666666666,0.0,0.3333333333333333,0.3333333333333333,0.5178571428571429,1.0,0.5,0.3333333333333333,0.3333333333333333,0.0,0.0,0.0,1
1.0,0.6470588235294118,0.5,0.024324324324324326,0.20160669087707714,1.0,0.5,1.0,0.0,0.0,0.3333333333333333,0.0,0.3392857142857143,0.0,0.5,0.0,0.6666666666666666,0.0,0.0,0.0,2
0.0,0.11764705882352941,0.5,0.008108108108108109,0.026246285902938263,0.25,0.25,1.0,1.0,0.0,0.6666666666666666,1.0,0.25,1.0,0.5,0.0,0.3333333333333333,0.0,1.0,0.0,2
0.6666666666666666,0.08823529411764706,0.5,0.010810810810810811,0.0536480686695279,0.0,0.5,0.3333333333333333,0.6666666666666666,0.0,0.3333333333333333,0.6666666666666666,0.32142857142857145,1.0,0.5,0.0,0.6666666666666666,0.0,1.0,0.0,1
0.0,0.14705882352941177,0.5,0.0,0.48024650599757895,0.0,1.0,0.0,0.0,0.0,1.0,0.3333333333333333,0.4642857142857143,1.0,0.5,0.0,1.0,0.0,1.0,1.0,2
1.0,0.6470588235294118,1.0,0.002702702702702703,0.6239683063717398,0.25,0.5,0.3333333333333333,0.3333333333333333,0.0,1.0,0.6666666666666666,0.08928571428571429,0.0,0.0,0.3333333333333333,0.3333333333333333,0.0,0.0,0.0,2
1.0,0.07352941176470588,0.5,0.024324324324324326,0.06597336854847584,0.0,0.75,0.6666666666666666,0.3333333333333333,0.0,0.3333333333333333,0.6666666666666666,0.14285714285714285,1.0,0.5,0.3333333333333333,0.6666666666666666,0.0,0.0,0.0,1
0.0,0.29411764705882354,0.5,0.005405405405405406,0.1641906019588423,0.0,0.25,1.0,0.3333333333333333,0.0,1.0,0.0,0.07142857142857142,1.0,0.0,0.0,0.3333333333333333,0.0,1.0,0.0,2
1.0,0.38235294117647056,0.5,0.002702702702702703,0.25096291405304283,1.0,0.75,0.3333333333333333,0.3333333333333333,0.0,1.0,0.3333333333333333,0.08928571428571429,0.5,0.0,0.0,0.3333333333333333,0.0,0.0,0.0,1
1.0,0.029411764705882353,1.0,0.008108108108108109,0.054308352591614394,0.25,0.5,0.0,0.3333333333333333,0.0,0.0,0.3333333333333333,0.14285714285714285,1.0,0.5,0.3333333333333333,0.6666666666666666,0.0,0.0,0.0,1
1.0,0.11764705882352941,1.0,0.016216216216216217,0.02481567073841752,0.0,0.5,1.0,0.6666666666666666,0.0,0.3333333333333333,0.6666666666666666,0.23214285714285715,1.0,0.5,0.3333333333333333,0.6666666666666666,0.0,0.0,0.0,1
0.0,0.16176470588235295,0.0,0.0,0.03851656212171234,0.0,1.0,1.0,0.6666666666666666,0.0,0.6666666666666666,0.6666666666666666,0.25,1.0,0.0,0.3333333333333333,0.6666666666666666,1.0,0.0,0.0,2
0.0,0.47058823529411764,1.0,0.005405405405405406,0.2817761637504127,0.0,0.5,0.6666666666666666,0.6666666666666666,1.0,0.3333333333333333,0.3333333333333333,0.16071428571428573,1.0,0.5,0.3333333333333333,0.6666666666666666,0.0,0.0,0.0,1
0.3333333333333333,0.058823529411764705,0.5,0.008108108108108109,0.02806206668867613,0.0,0.75,1.0,0.3333333333333333,1.0,0.3333333333333333,0.0,0.44642857142857145,1.0,0.5,0.0,0.3333333333333333,0.0,0.0,0.0,1
0.6666666666666666,0.029411764705882353,0.75,0.008108108108108109,0.023825244855287774,0.0,0.25,0.3333333333333333,0.3333333333333333,0.0,0.0,0.3333333333333333,0.17857142857142858,0.0,0.5,0.0,0.6666666666666666,0.0,0.0,0.0,1
1.0,0.38235294117647056,1.0,0.002702702702702703,0.40420380763728403,1.0,1.0,0.0,0.6666666666666666,0.0,1.0,0.6666666666666666,0.7857142857142857,1.0,0.5,0.3333333333333333,0.6666666666666666,0.0,0.0,0.0,1
1.0,0.10294117647058823,1.0,0.0,0.38395510069329813,0.0,0.5,0.0,0.6666666666666666,0.0,1.0,0.3333333333333333,0.35714285714285715,1.0,0.5,0.3333333333333333,0.3333333333333333,0.0,0.0,0.0,1
0.3333333333333333,0.16176470588235295,0.5,0.013513513513513514,0.06954990645977771,0.25,0.5,1.0,0.6666666666666666,1.0,0.3333333333333333,0.0,0.05357142857142857,1.0,0.5,0.0,0.6666666666666666,0.0,0.0,0.0,1
1.0,0.29411764705882354,0.5,0.002702702702702703,0.12947067238912732,0.75,0.5,0.3333333333333333,0.3333333333333333,0.0,1.0,0.6666666666666666,0.16071428571428573,1.0,0.0,0.0,0.6666666666666666,0.0,1.0,0.0,1
0.0,0.029411764705882353,1.0,0.0,0.022889842632331903,0.75,0.75,0.6666666666666666,0.3333333333333333,0.0,1.0,0.0,0.35714285714285715,1.0,0.5,0.3333333333333333,0.3333333333333333,0.0,1.0,0.0,1
0.3333333333333333,0.23529411764705882,0.5,0.002702702702702703,0.3421371189611533,1.0,0.0,0.0,0.0,0.0,1.0,0.0,0.7321428571428571,1.0,0.5,0.0,1.0,0.0,1.0,0.0,1
0.6666666666666666,0.47058823529411764,0.5,0.008108108108108109,0.21789369428854408,0.0,0.5,1.0,0.6666666666666666,0.0,0.3333333333333333,0.6666666666666666,0.125,1.0,0.5,0.0,0.6666666666666666,0.0,0.0,0.0,2
0.3333333333333333,0.29411764705882354,0.5,0.008108108108108109,0.09843732805106195,0.0,0.25,0.0,1.0,0.0,0.0,0.3333333333333333,0.05357142857142857,1.0,0.5,0.0,0.6666666666666666,0.0,1.0,0.0,2
1.0,0.25,0.0,0.0,0.26152745680642675,1.0,0.5,0.0,0.3333333333333333,0.0,1.0,0.3333333333333333,0.17857142857142858,0.0,0.5,0.3333333333333333,0.6666666666666666,0.0,1.0,0.0,2
0.6666666666666666,0.29411764705882354,1.0,0.0,0.060195884230218995,1.0,0.75,1.0,0.6666666666666666,0.0,0.3333333333333333,0.0,0.32142857142857145,0.0,0.5,0.3333333333333333,0.3333333333333333,1.0,0.0,0.0,2
0.3333333333333333,0.07352941176470588,1.0,0.005405405405405406,0.09183448883019699,0.0,0.75,1.0,0.6666666666666666,0.0,0.6666666666666666,0.6666666666666666,0.2857142857142857,1.0,0.0,0.0,0.6666666666666666,0.0,1.0,0.0,1
0.0,0.29411764705882354,0.5,0.008108108108108109,0.11742049081104874,0.0,1.0,1.0,0.6666666666666666,0.0,1.0,0.0,0.8035714285714286,0.0,0.0,0.0,0.3333333333333333,0.0,0.0,0.0,1
1.0,0.20588235294117646,0.5,0.008108108108108109,0.010069329811819083,0.0,0.0,0.6666666666666666,0.3333333333333333,0.5,1.0,0.0,0.05357142857142857,1.0,0.0,0.0,0.6666666666666666,0.0,0.0,0.0,2
0.3333333333333333,0.11764705882352941,1.0,0.002702702702702703,0.08550676791020138,0.25,0.25,0.6666666666666666,0.6666666666666666,0.0,1.0,0.3333333333333333,0.44642857142857145,1.0,0.5,0.0,0.6666666666666666,0.0,0.0,0.0,1
1.0,0.29411764705882354,0.5,0.0,0.05496863651370089,0.0,0.25,1.0,1.0,0.0,0.3333333333333333,0.0,0.16071428571428573,1.0,0.5,0.0,0.6666666666666666,0.0,0.0,0.0,1
1.0,0.47058823529411764,0.5,0.005405405405405406,0.1705183228788379,0.0,0.5,1.0,0.3333333333333333,0.0,0.3333333333333333,0.6666666666666666,0.16071428571428573,1.0,0.5,0.0,1.0,0.0,1.0,0.0,2
1.0,0.20588235294117646,1.0,0.008108108108108109,0.049466270496313414,0.75,0.5,1.0,0.6666666666666666,0.0,0.6666666666666666,0.0,0.48214285714285715,1.0,0.5,0.3333333333333333,0.6666666666666666,0.0,0.0,0.0,1
0.3333333333333333,0.38235294117647056,0.75,0.008108108108108109,0.09183448883019699,0.25,0.25,1.0,0.6666666666666666,0.0,0.6666666666666666,1.0,0.19642857142857142,0.5,0.5,0.3333333333333333,1.0,0.0,0.0,0.0,2
1.0,0.08823529411764706,0.5,0.0,0.07411687025420931,0.5,0.5,0.6666666666666666,0.6666666666666666,0.0,0.3333333333333333,1.0,0.375,1.0,0.0,0.0,0.3333333333333333,1.0,0.0,1.0,1
0.3333333333333333,0.6029411764705882,1.0,0.008108108108108109,0.24738637614174094,0.0,0.25,1.0,0.6666666666666666,0.0,0.3333333333333333,0.3333333333333333,0.10714285714285714,1.0,0.5,0.3333333333333333,0.3333333333333333,0.0,0.0,0.0,2
0.0,0.058823529411764705,1.0,1.0,0.050291625398921534,0.0,1.0,0.6666666666666666,0.6666666666666666,0.0,1.0,1.0,0.5714285714285714,0.0,1.0,0.3333333333333333,1.0,1.0,1.0,0.0,1
0.3333333333333333,0.07352941176470588,0.5,0.024324324324324326,0.0627819962583911,0.0,0.5,0.3333333333333333,1.0,0.0,0.0,0.0,0.14285714285714285,0.0,0.5,0.0,0.6666666666666666,0.0,1.0,0.0,1
1.0,0.11764705882352941,0.25,0.021621621621621623,0.17591064157587763,0.5,0.5,1.0,0.3333333333333333,0.0,0.6666666666666666,0.0,0.2857142857142857,1.0,0.5,0.0,0.3333333333333333,1.0,0.0,0.0,1
0.0,0.08823529411764706,1.0,0.005405405405405406,0.10355452844723231,1.0,0.25,0.3333333333333333,0.3333333333333333,0.5,0.6666666666666666,0.0,0.14285714285714285,1.0,0.0,0.3333333333333333,0.6666666666666666,0.0,0.0,1.0,1
1.0,0.29411764705882354,0.75,0.024324324324324326,0.11692527786948388,0.5,0.5,1.0,0.6666666666666666,0.0,0.3333333333333333,0.6666666666666666,0.44642857142857145,1.0,0.5,0.3333333333333333,0.6666666666666666,1.0,1.0,0.0,1
0.3333333333333333,0.29411764705882354,0.75,0.024324324324324326,0.3695939253879168,0.25,0.75,1.0,0.6666666666666666,0.0,1.0,0.6666666666666666,0.30357142857142855,1.0,0.0,0.0,1.0,0.0,1.0,0.0,1
0.0,0.20588235294117646,0.5,0.008108108108108109,0.11769560911191812,0.0,0.25,1.0,0.3333333333333333,0.0,0.0,0.6666666666666666,0.14285714285714285,0.5,0.5,0.0,0.6666666666666666,0.0,0.0,0.0,1
0.0,0.6323529411764706,0.5,0.0,0.5762077693408165,0.0,0.25,0.0,0.3333333333333333,0.0,0.0,0.0,0.2857142857142857,1.0,0.5,0.0,0.3333333333333333,0.0,1.0,0.0,1
1.0,0.6470588235294118,1.0,0.024324324324324326,0.4060195884230219,1.0,1.0,1.0,0.0,0.0,0.3333333333333333,0.6666666666666666,0.48214285714285715,0.0,0.5,0.3333333333333333,1.0,1.0,0.0,0.0,1
0.3333333333333333,0.47058823529411764,0.75,0.024324324324324326,0.5286123032904149,0.25,0.75,0.0,0.6666666666666666,0.0,0.6666666666666666,0.3333333333333333,0.21428571428571427,1.0,0.5,0.3333333333333333,0.3333333333333333,1.0,1.0,0.0,1
0.0,0.6470588235294118,0.5,0.008108108108108109,0.3713546825134808,0.0,0.75,0.0,1.0,1.0,0.0,0.0,0.26785714285714285,1.0,0.5,0.3333333333333333,0.6666666666666666,0.0,1.0,0.0,2
0.3333333333333333,0.25,0.5,0.024324324324324326,0.1384945526576428,0.25,1.0,1.0,0.0,0.0,0.3333333333333333,0.6666666666666666,0.75,0.0,0.0,0.3333333333333333,0.3333333333333333,0.0,0.0,0.0,2
0.3333333333333333,0.20588235294117646,0.5,0.008108108108108109,0.057829866842742376,0.0,1.0,1.0,1.0,1.0,0.3333333333333333,0.0,0.23214285714285715,1.0,0.5,0.0,0.3333333333333333,0.0,0.0,0.0,1
0.3333333333333333,0.11764705882352941,0.5,0.008108108108108109,0.3421371189611533,1.0,0.0,0.3333333333333333,0.6666666666666666,0.0,0.0,1.0,0.5892857142857143,1.0,0.5,0.0,1.0,0.0,1.0,0.0,2
0.3333333333333333,0.029411764705882353,0.5,0.0,0.7871134587872786,1.0,0.0,0.0,0.6666666666666666,0.0,0.3333333333333333,0.3333333333333333,0.07142857142857142,1.0,0.5,0.0,0.0,0.0,1.0,0.0,2
0.0,0.29411764705882354,0.5,0.002702702702702703,0.14097061736546715,1.0,1.0,0.3333333333333333,0.3333333333333333,0.0,1.0,0.0,0.125,1.0,0.0,0.0,0.6666666666666666,0.0,0.0,0.0,1
0.3333333333333333,0.5147058823529411,1.0,0.008108108108108109,0.25767580059425554,0.0,0.75,0.3333333333333333,0.6666666666666666,1.0,0.3333333333333333,0.0,0.10714285714285714,1.0,0.5,0.3333333333333333,0.6666666666666666,0.0,0.0,0.0,2
1.0,0.11764705882352941,0.5,0.005405405405405406,0.04803565533179267,0.5,0.5,1.0,0.3333333333333333,0.0,1.0,0.6666666666666666,0.17857142857142858,1.0,0.0,0.0,0.3333333333333333,0.0,0.0,0.0,2
0.6666666666666666,0.29411764705882354,0.5,0.008108108108108109,0.055463849455265765,0.5,0.5,0.6666666666666666,0.3333333333333333,0.0,0.6666666666666666,0.6666666666666666,0.6785714285714286,1.0,0.5,0.0,0.3333333333333333,0.0,0.0,0.0,1
1.0,0.5588235294117647,0.5,0.008108108108108109,0.3805436337625179,1.0,0.75,0.3333333333333333,1.0,0.0,1.0,0.3333333333333333,0.17857142857142858,1.0,0.0,0.0,0.6666666666666666,0.0,1.0,0.0,1
0.3333333333333333,0.6470588235294118,0.0,0.0,0.44613183668977663,0.5,0.25,0.0,0.3333333333333333,0.0,0.0,0.6666666666666666,0.19642857142857142,1.0,0.5,0.3333333333333333,0.6666666666666666,0.0,0.0,0.0,1
1.0,0.16176470588235295,0.5,0.0,0.16154946627049632,0.75,0.75,0.3333333333333333,0.3333333333333333,0.0,0.6666666666666666,0.6666666666666666,0.017857142857142856,1.0,0.0,0.0,0.6666666666666666,0.0,0.0,0.0,1
0.0,0.07352941176470588,0.5,0.005405405405405406,0.10377462308792781,0.0,0.5,0.6666666666666666,0.6666666666666666,0.0,0.3333333333333333,0.0,0.10714285714285714,1.0,0.5,0.0,0.6666666666666666,0.0,0.0,0.0,1
1.0,0.29411764705882354,1.0,0.008108108108108109,0.26702982282381427,0.0,0.25,0.6666666666666666,1.0,0.0,0.6666666666666666,1.0,0.5,1.0,1.0,0.6666666666666666,0.6666666666666666,0.0,1.0,0.0,1
0.3333333333333333,0.07352941176470588,0.5,0.016216216216216217,0.05221745350500715,0.0,0.75,1.0,0.3333333333333333,0.0,1.0,0.3333333333333333,0.8571428571428571,1.0,0.5,0.3333333333333333,1.0,0.0,1.0,0.0,1
1.0,0.16176470588235295,1.0,0.008108108108108109,0.08688235941454825,0.0,1.0,1.0,0.6666666666666666,0.0,1.0,0.6666666666666666,0.48214285714285715,1.0,0.5,0.3333333333333333,0.6666666666666666,0.0,1.0,0.0,1
0.3333333333333333,0.029411764705882353,0.5,0.008108108108108109,0.01870804445911742,0.0,0.25,0.6666666666666666,1.0,0.0,0.6666666666666666,0.0,0.125,1.0,0.5,0.0,0.3333333333333333,0.0,0.0,1.0,1
1.0,0.029411764705882353,0.5,0.008108108108108109,0.07400682293386156,0.0,0.75,0.6666666666666666,0.6666666666666666,0.0,0.3333333333333333,0.3333333333333333,0.5714285714285714,1.0,0.5,0.0,0.6666666666666666,1.0,0.0,0.0,1
0.0,0.29411764705882354,0.5,0.0,0.06223175965665236,1.0,0.5,1.0,0.3333333333333333,0.0,0.3333333333333333,0.3333333333333333,0.2857142857142857,1.0,0.5,0.0,0.6666666666666666,0.0,0.0,0.0,2
1.0,0.11764705882352941,0.5,0.008108108108108109,0.15456146142841423,0.75,0.75,0.3333333333333333,0.0,0.0,1.0,0.0,0.75,1.0,0.5,0.0,0.3333333333333333,0.0,0.0,0.0,1
1.0,0.11764705882352941,0.5,0.008108108108108109,0.055683944095961266,0.0,0.5,0.6666666666666666,0.6666666666666666,0.0,0.3333333333333333,0.6666666666666666,0.10714285714285714,1.0,0.5,0.0,0.6666666666666666,0.0,0.0,0.0,1
0.0,0.11764705882352941,0.5,0.005405405405405406,0.41900517222405637,0.0,1.0,1.0,0.6666666666666666,0.0,1.0,1.0,0.6071428571428571,1.0,1.0,0.0,1.0,0.0,1.0,0.0,2
0.0,0.11764705882352941,0.5,0.0,0.12815010454495432,0.0,0.25,1.0,0.6666666666666666,0.0,0.0,0.0,0.25,1.0,0.5,0.0,0.3333333333333333,1.0,0.0,0.0,2
1.0,0.47058823529411764,0.5,0.002702702702702703,0.4337515131506548,0.0,0.5,0.0,0.3333333333333333,0.0,0.3333333333333333,0.3333333333333333,0.19642857142857142,0.0,0.5,0.0,0.6666666666666666,0.0,0.0,0.0,1
0.3333333333333333,0.47058823529411764,0.25,0.010810810810810811,0.20578848905029162,1.0,0.25,0.6666666666666666,0.3333333333333333,0.0,0.3333333333333333,1.0,0.17857142857142858,0.0,0.5,0.0,0.0,0.0,0.0,0.0,1
1.0,0.47058823529411764,0.5,0.005405405405405406,0.590073731704633,0.0,0.0,1.0,0.3333333333333333,0.0,0.3333333333333333,0.6666666666666666,0.125,1.0,0.5,0.3333333333333333,1.0,0.0,1.0,0.0,2
1.0,0.47058823529411764,0.5,0.016216216216216217,0.08633212281280951,0.0,0.5,1.0,0.6666666666666666,0.0,1.0,1.0,0.32142857142857145,0.5,1.0,0.0,0.6666666666666666,0.0,1.0,0.0,2
1.0,0.11764705882352941,1.0,0.005405405405405406,0.07384175195333993,0.75,0.75,0.6666666666666666,0.3333333333333333,0.0,0.3333333333333333,0.3333333333333333,0.2857142857142857,1.0,0.5,0.0,0.6666666666666666,0.0,0.0,1.0,1
1.0,0.20588235294117646,0.75,0.024324324324324326,0.10559040387366568,0.0,0.5,1.0,1.0,0.0,0.3333333333333333,0.6666666666666666,0.16071428571428573,1.0,0.5,0.0,0.6666666666666666,0.0,1.0,0.0,2
1.0,0.20588235294117646,0.0,0.024324324324324326,0.21541762958071972,0.0,0.5,0.3333333333333333,0.6666666666666666,0.0,0.3333333333333333,0.6666666666666666,0.30357142857142855,0.5,0.5,0.3333333333333333,0.6666666666666666,1.0,0.0,0.0,2
0.3333333333333333,0.3382352941176471,0.5,0.024324324324324326,0.201661714537251,0.0,0.5,1.0,0.6666666666666666,0.0,0.3333333333333333,0.6666666666666666,0.30357142857142855,1.0,0.5,0.0,0.6666666666666666,1.0,1.0,0.0,2
1.0,0.25,0.5,0.002702702702702703,0.12248266754704523,1.0,1.0,1.0,0.6666666666666666,0.0,1.0,0.0,0.48214285714285715,1.0,0.5,0.0,1.0,0.0,1.0,0.0,1
0.3333333333333333,0.38235294117647056,0.5,0.005405405405405406,0.1970947507428194,0.0,0.25,0.3333333333333333,1.0,0.0,0.0,0.3333333333333333,0.05357142857142857,1.0,0.5,0.0,0.6666666666666666,0.0,0.0,0.0,1
1.0,0.29411764705882354,1.0,0.0,0.05705953560030813,0.75,1.0,1.0,0.3333333333333333,0.0,1.0,0.0,0.32142857142857145,1.0,0.5,0.3333333333333333,0.6666666666666666,0.0,1.0,0.0,1
1.0,0.38235294117647056,1.0,0.008108108108108109,0.35721360184879497,1.0,0.75,0.3333333333333333,0.6666666666666666,0.0,0.6666666666666666,0.3333333333333333,0.30357142857142855,1.0,0.5,0.3333333333333333,0.6666666666666666,0.0,0.0,0.0,1
0.0,0.5147058823529411,1.0,0.005405405405405406,0.7664245625619016,1.0,0.75,1.0,0.6666666666666666,0.0,1.0,0.3333333333333333,0.19642857142857142,1.0,0.5,0.3333333333333333,1.0,0.0,1.0,0.0,1
0.3333333333333333,0.6470588235294118,0.25,0.024324324324324326,0.18245845713656872,0.25,0.75,1.0,0.6666666666666666,0.0,0.3333333333333333,0.6666666666666666,0.19642857142857142,1.0,0.5,0.0,0.6666666666666666,0.0,0.0,0.0,1
1.0,0.20588235294117646,0.5,0.0,0.3582590513920986,1.0,0.5,0.3333333333333333,0.6666666666666666,0.0,1.0,0.6666666666666666,0.875,1.0,0.0,0.3333333333333333,0.6666666666666666,0.0,0.0,0.0,2
0.0,0.11764705882352941,0.5,0.005405405405405406,0.022119511389897657,0.0,1.0,1.0,0.3333333333333333,0.0,1.0,0.3333333333333333,0.08928571428571429,1.0,0.0,0.0,0.6666666666666666,0.0,0.0,0.0,1
1.0,0.20588235294117646,0.5,0.024324324324324326,0.0935402222955871,0.0,0.75,1.0,0.6666666666666666,0.0,0.0,0.6666666666666666,0.26785714285714285,0.5,0.5,0.3333333333333333,0.6666666666666666,0.0,1.0,0.0,1
0.0,0.35294117647058826,0.5,0.0,0.20666886761307363,0.0,0.5,0.6666666666666666,0.6666666666666666,0.0,0.3333333333333333,0.6666666666666666,0.4642857142857143,1.0,0.5,0.0,0.3333333333333333,0.0,0.0,0.0,2
0.0,0.058823529411764705,1.0,0.0,0.17321448222735777,0.0,0.75,0.0,0.6666666666666666,0.0,1.0,0.0,0.35714285714285715,1.0,0.5,0.3333333333333333,0.3333333333333333,0.0,0.0,1.0,1
1.0,0.6470588235294118,0.75,0.008108108108108109,0.6877407285132607,0.5,0.75,1.0,0.6666666666666666,0.0,0.0,0.6666666666666666,0.32142857142857145,1.0,0.5,0.0,1.0,0.0,1.0,0.0,1
1.0,0.47058823529411764,0.5,0.0,0.03626059205458347,0.5,1.0,1.0,0.6666666666666666,0.0,1.0,0.3333333333333333,0.30357142857142855,1.0,0.5,0.0,0.6666666666666666,0.0,0.0,0.0,1
1.0,0.11764705882352941,1.0,0.0,0.05023660173874766,0.5,0.5,1.0,0.6666666666666666,0.0,1.0,0.0,0.44642857142857145,1.0,0.5,0.0,0.6666666666666666,0.0,1.0,0.0,1
1.0,0.029411764705882353,0.5,0.013513513513513514,0.022559700671288655,0.5,0.75,0.3333333333333333,1.0,0.0,1.0,0.0,0.07142857142857142,1.0,0.0,0.0,0.3333333333333333,0.0,0.0,0.0,1
1.0,0.29411764705882354,0.75,0.002702702702702703,0.24369979091009134,0.0,0.75,0.6666666666666666,0.6666666666666666,0.0,0.6666666666666666,0.6666666666666666,0.2857142857142857,1.0,0.5,0.3333333333333333,0.3333333333333333,0.0,1.0,0.0,1
1.0,0.10294117647058823,1.0,0.008108108108108109,0.04974138879718279,0.25,0.0,1.0,0.3333333333333333,0.0,1.0,0.0,0.6785714285714286,1.0,0.5,0.6666666666666666,0.3333333333333333,0.0,0.0,0.0,1
1.0,0.29411764705882354,0.5,0.008108108108108109,0.17497523935292175,0.5,1.0,0.6666666666666666,0.6666666666666666,0.0,0.3333333333333333,0.6666666666666666,0.21428571428571427,1.0,0.5,0.0,0.6666666666666666,1.0,1.0,0.0,1
1.0,0.11764705882352941,1.0,0.016216216216216217,0.10157367668097282,0.0,0.75,0.3333333333333333,0.6666666666666666,0.0,0.6666666666666666,0.0,0.5357142857142857,1.0,0.5,0.0,0.3333333333333333,1.0,0.0,0.0,1
1.0,0.0,1.0,0.0,0.06630351050951909,0.0,0.75,0.3333333333333333,0.6666666666666666,0.0,0.0,0.0,0.4107142857142857,1.0,0.5,0.6666666666666666,0.3333333333333333,1.0,0.0,0.0,1
0.3333333333333333,0.04411764705882353,0.5,0.008108108108108109,0.1279850335644327,0.0,0.5,0.3333333333333333,0.6666666666666666,1.0,0.3333333333333333,0.0,0.2857142857142857,1.0,0.5,0.0,0.6666666666666666,0.0,0.0,0.0,1
0.6666666666666666,0.25,1.0,0.016216216216216217,0.11384395289974689,0.0,0.25,0.3333333333333333,0.0,0.0,0.0,0.6666666666666666,0.25,1.0,0.0,0.0,0.6666666666666666,0.0,0.0,0.0,2
0.0,0.07352941176470588,1.0,0.013513513513513514,0.057114559260482006,0.25,1.0,0.6666666666666666,0.6666666666666666,1.0,1.0,0.0,0.5178571428571429,1.0,0.5,0.3333333333333333,0.6666666666666666,1.0,0.0,1.0,1
1.0,0.11764705882352941,1.0,0.008108108108108109,0.03741608891823484,1.0,1.0,1.0,0.6666666666666666,0.0,1.0,0.0,0.8214285714285714,1.0,0.5,1.0,0.6666666666666666,0.0,0.0,0.0,1
0.0,0.11764705882352941,0.5,0.0,0.061736546715087486,0.0,0.75,0.3333333333333333,0.0,0.0,0.6666666666666666,0.6666666666666666,0.30357142857142855,1.0,0.5,0.0,0.6666666666666666,0.0,0.0,0.0,2
0.3333333333333333,0.8235294117647058,0.5,0.0,0.39385935952459555,0.25,0.25,1.0,0.3333333333333333,0.0,0.3333333333333333,0.3333333333333333,0.08928571428571429,1.0,0.5,0.0,1.0,0.0,0.0,0.0,2
0.0,0.29411764705882354,0.5,0.0,0.05265764278639815,0.0,0.25,1.0,0.3333333333333333,0.0,1.0,0.3333333333333333,0.08928571428571429,1.0,0.0,0.0,0.6666666666666666,0.0,0.0,0.0,2
1.0,0.07352941176470588,0.5,0.008108108108108109,0.13464289644547156,0.0,0.5,0.0,0.6666666666666666,0.0,0.3333333333333333,0.0,0.23214285714285715,1.0,0.5,0.0,0.6666666666666666,1.0,0.0,0.0,1
0.3333333333333333,0.38235294117647056,0.0,0.024324324324324326,0.2184989545504567,0.0,0.5,0.3333333333333333,0.3333333333333333,0.0,0.0,0.6666666666666666,0.16071428571428573,1.0,0.5,0.3333333333333333,0.6666666666666666,0.0,0.0,0.0,1
1.0,0.25,0.5,0.0,0.1393199075602509,0.5,0.75,0.0,0.3333333333333333,0.0,0.3333333333333333,0.6666666666666666,0.21428571428571427,0.0,0.5,0.0,1.0,0.0,0.0,0.0,1
0.3333333333333333,0.11764705882352941,1.0,0.005405405405405406,0.18526466380543632,0.0,1.0,0.0,0.6666666666666666,0.0,1.0,0.6666666666666666,0.16071428571428573,1.0,0.0,0.6666666666666666,0.6666666666666666,0.0,1.0,0.0,1
0.3333333333333333,0.29411764705882354,0.5,0.005405405405405406,0.15511169803015296,0.25,1.0,1.0,0.6666666666666666,0.0,1.0,1.0,0.19642857142857142,1.0,1.0,0.0,0.6666666666666666,0.0,0.0,0.0,1
1.0,0.16176470588235295,1.0,0.0,0.2638384505337295,1.0,1.0,0.0,0.3333333333333333,0.0,1.0,0.6666666666666666,0.7142857142857143,1.0,0.5,0.0,0.6666666666666666,0.0,1.0,0.0,1
1.0,0.47058823529411764,0.75,0.008108108108108109,0.23181468031253438,0.0,0.5,1.0,0.6666666666666666,0.0,0.3333333333333333,0.6666666666666666,0.125,1.0,0.5,0.3333333333333333,1.0,0.0,1.0,0.0,2
1.0,0.11764705882352941,0.5,0.005405405405405406,0.0817651590183779,0.0,0.75,0.6666666666666666,0.3333333333333333,0.0,1.0,0.0,0.21428571428571427,1.0,0.5,0.0,0.3333333333333333,0.0,0.0,0.0,1
1.0,0.47058823529411764,1.0,0.002702702702702703,0.3076923076923077,0.0,1.0,0.3333333333333333,0.6666666666666666,0.0,0.3333333333333333,0.3333333333333333,0.2857142857142857,1.0,0.5,0.3333333333333333,0.6666666666666666,1.0,1.0,0.0,1
0.3333333333333333,0.11764705882352941,0.5,0.008108108108108109,0.06789919665456146,1.0,0.5,0.3333333333333333,1.0,0.0,0.0,0.0,0.10714285714285714,1.0,0.5,0.0,0.6666666666666666,0.0,1.0,0.0,2
0.3333333333333333,0.3382352941176471,1.0,0.008108108108108109,0.12490370859469573,0.5,0.5,1.0,0.6666666666666666,0.0,0.3333333333333333,0.3333333333333333,0.07142857142857142,1.0,0.5,0.3333333333333333,0.3333333333333333,0.0,0.0,0.0,2
1.0,0.029411764705882353,0.5,0.008108108108108109,0.060305931550566745,0.25,1.0,0.3333333333333333,0.6666666666666666,0.0,1.0,1.0,0.4107142857142857,0.0,1.0,0.0,0.6666666666666666,1.0,1.0,0.0,1
1.0,0.11764705882352941,1.0,0.005405405405405406,0.3054363376251788,1.0,1.0,0.3333333333333333,0.6666666666666666,0.0,1.0,0.3333333333333333,0.5357142857142857,1.0,0.0,0.0,0.6666666666666666,0.0,1.0,0.0,1
1.0,0.25,0.75,0.005405405405405406,0.07378672829316606,0.25,0.75,1.0,0.6666666666666666,0.0,0.6666666666666666,0.0,0.26785714285714285,1.0,0.5,0.3333333333333333,1.0,0.0,0.0,0.0,1
1.0,0.47058823529411764,1.0,0.0,0.18075272367117862,0.0,0.75,1.0,0.6666666666666666,0.0,1.0,0.6666666666666666,0.32142857142857145,1.0,0.5,0.3333333333333333,0.6666666666666666,0.0,1.0,0.0,1
0.0,0.20588235294117646,1.0,0.008108108108108109,0.08968856608341587,0.0,0.75,1.0,1.0,0.0,0.0,0.3333333333333333,0.23214285714285715,1.0,0.5,0.3333333333333333,1.0,0.0,1.0,0.0,1
1.0,0.29411764705882354,0.5,0.008108108108108109,0.05838010344448113,0.25,0.75,1.0,1.0,0.0,0.6666666666666666,0.3333333333333333,0.125,1.0,0.5,0.0,0.6666666666666666,0.0,1.0,0.0,1
1.0,0.11764705882352941,1.0,0.008108108108108109,0.014966435567293936,0.5,1.0,1.0,0.6666666666666666,0.0,1.0,0.3333333333333333,0.4107142857142857,1.0,0.5,0.3333333333333333,0.6666666666666666,1.0,1.0,0.0,1
0.0,0.16176470588235295,0.5,0.0,0.20408275558490152,0.0,0.5,0.6666666666666666,0.3333333333333333,0.0,0.3333333333333333,0.3333333333333333,0.17857142857142858,1.0,0.5,0.0,0.6666666666666666,0.0,1.0,0.0,2
0.0,0.6470588235294118,1.0,0.002702702702702703,0.33459887751733247,0.0,1.0,1.0,0.6666666666666666,0.0,1.0,1.0,0.48214285714285715,1.0,1.0,0.3333333333333333,0.6666666666666666,0.0,1.0,0.0,2
0.0,0.20588235294117646,0.5,0.008108108108108109,0.16176956091119182,0.0,0.5,0.3333333333333333,0.3333333333333333,0.0,0.3333333333333333,0.0,0.08928571428571429,1.0,0.5,0.0,0.6666666666666666,0.0,0.0,0.0,2
