1.0,0.29411764705882354,1.0,0.005405405405405406,0.26961593485198637,0.0,1.0,1.0,0.6666666666666666,0.0,1.0,0.6666666666666666,0.25,1.0,0.5,0.0,0.6666666666666666,0.0,1.0,0.0,1
1.0,0.25,1.0,0.005405405405405406,0.11213821943435677,0.0,0.25,1.0,0.3333333333333333,0.0,1.0,0.3333333333333333,0.07142857142857142,1.0,0.5,0.0,0.6666666666666666,0.0,1.0,0.0,1
1.0,0.11764705882352941,0.5,0.0,0.10360955210740619,1.0,1.0,1.0,0.3333333333333333,0.0,1.0,1.0,0.5892857142857143,1.0,1.0,0.0,1.0,0.0,1.0,0.0,1
0.3333333333333333,0.20588235294117646,0.5,0.0,0.33069219764498736,0.0,0.75,0.6666666666666666,0.6666666666666666,0.0,0.6666666666666666,0.0,0.16071428571428573,1.0,0.0,0.0,0.3333333333333333,0.0,0.0,0.0,1
0.0,0.47058823529411764,0.5,0.005405405405405406,0.20408275558490152,0.0,0.0,1.0,0.6666666666666666,0.0,0.6666666666666666,0.3333333333333333,0.19642857142857142,1.0,0.5,0.0,1.0,0.0,1.0,0.0,1
0.3333333333333333,0.47058823529411764,0.5,0.005405405405405406,0.48332783096731596,0.25,0.25,1.0,0.6666666666666666,0.5,0.0,1.0,0.17857142857142858,1.0,0.0,0.0,1.0,0.0,1.0,0.0,2
0.0,0.29411764705882354,0.5,0.0,0.06168152305491361,1.0,0.5,1.0,0.3333333333333333,0.0,1.0,0.0,0.10714285714285714,1.0,0.0,0.0,0.6666666666666666,0.0,0.0,0.0,2
1.0,0.08823529411764706,0.5,0.0,0.05705953560030813,1.0,1.0,1.0,0.6666666666666666,0.5,0.3333333333333333,0.3333333333333333,0.4642857142857143,1.0,0.5,0.0,0.3333333333333333,0.0,0.0,1.0,1
0.6666666666666666,0.47058823529411764,0.5,0.008108108108108109,0.20155166721690326,0.0,0.5,0.3333333333333333,0.6666666666666666,0.0,0.3333333333333333,0.0,0.07142857142857142,1.0,0.5,0.0,0.6666666666666666,0.0,1.0,0.0,1
0.0,0.029411764705882353,0.5,0.010810810810810811,0.005117200396170353,0.0,0.25,1.0,0.3333333333333333,0.0,0.0,0.0,0.14285714285714285,1.0,0.5,0.0,0.6666666666666666,0.0,0.0,0.0,1
0.3333333333333333,0.029411764705882353,0.75,0.024324324324324326,0.06597336854847584,0.25,1.0,0.0,0.0,0.0,0.3333333333333333,0.6666666666666666,0.21428571428571427,0.0,0.5,0.3333333333333333,0.6666666666666666,1.0,0.0,0.0,1
1.0,0.16176470588235295,0.5,0.002702702702702703,0.15291075162319798,0.0,0.75,0.3333333333333333,0.6666666666666666,0.0,0.3333333333333333,0.6666666666666666,0.25,1.0,0.5,0.0,0.6666666666666666,0.0,0.0,0.0,1
0.0,0.29411764705882354,0.25,0.0,0.11417409486079014,0.25,0.75,0.3333333333333333,0.6666666666666666,0.0,0.6666666666666666,0.6666666666666666,0.23214285714285715,0.0,0.5,0.0,0.6666666666666666,0.0,0.0,0.0,1
0.3333333333333333,0.29411764705882354,1.0,0.024324324324324326,0.09271486739297898,0.0,1.0,1.0,0.0,0.0,1.0,0.0,0.21428571428571427,1.0,0.5,0.3333333333333333,0.6666666666666666,0.0,1.0,0.0,2
1.0,0.29411764705882354,1.0,0.008108108108108109,0.12809508088478044,0.75,1.0,0.3333333333333333,0.6666666666666666,0.0,0.3333333333333333,0.6666666666666666,0.26785714285714285,1.0,0.5,0.0,0.6666666666666666,0.0,0.0,0.0,1
0.0,0.20588235294117646,0.5,0.005405405405405406,0.1223175965665236,0.0,0.0,1.0,0.6666666666666666,0.0,0.0,0.6666666666666666,0.10714285714285714,1.0,0.5,0.0,0.0,0.0,0.0,0.0,2
0.3333333333333333,0.29411764705882354,0.5,0.002702702702702703,0.678386706283702,0.0,1.0,1.0,0.3333333333333333,0.0,0.3333333333333333,1.0,0.44642857142857145,1.0,1.0,0.0,1.0,0.0,1.0,0.0,2
0.3333333333333333,0.058823529411764705,0.5,0.008108108108108109,0.02806206668867613,0.0,0.75,1.0,0.3333333333333333,1.0,0.3333333333333333,0.0,0.44642857142857145,1.0,0.5,0.0,0.3333333333333333,0.0,0.0,0.0,1
0.0,0.16176470588235295,0.5,0.0,0.12440849565313085,0.0,0.0,0.0,0.3333333333333333,0.0,1.0,0.6666666666666666,0.07142857142857142,1.0,0.0,0.0,0.6666666666666666,0.0,0.0,0.0,1
0.6666666666666666,0.029411764705882353,1.0,0.0,0.05771981952239463,0.0,0.5,0.0,0.6666666666666666,0.0,0.0,0.0,0.9821428571428571,1.0,0.5,0.6666666666666666,0.0,1.0,0.0,1.0,1
0.3333333333333333,0.6470588235294118,0.5,0.024324324324324326,0.8485748872014967,0.0,0.5,0.3333333333333333,0.6666666666666666,0.0,0.3333333333333333,0.6666666666666666,0.07142857142857142,1.0,0.5,0.0,0.6666666666666666,0.0,1.0,0.0,2
0.3333333333333333,0.16176470588235295,0.5,0.008108108108108109,0.06569825024760648,1.0,0.25,1.0,0.6666666666666666,0.0,0.0,0.3333333333333333,0.07142857142857142,1.0,0.5,0.0,0.6666666666666666,0.0,0.0,0.0,1
0.6666666666666666,0.38235294117647056,1.0,0.008108108108108109,0.15225046770111147,0.0,1.0,1.0,0.6666666666666666,0.0,1.0,0.3333333333333333,0.5,1.0,0.5,0.0,0.6666666666666666,0.0,0.0,0.0,1
0.0,0.20588235294117646,0.5,0.0,0.22724771651810277,0.25,0.5,0.6666666666666666,0.6666666666666666,0.0,1.0,0.6666666666666666,0.2857142857142857,1.0,0.5,0.0,0.3333333333333333,1.0,1.0,0.0,1
0.6666666666666666,0.16176470588235295,0.5,0.008108108108108109,0.11428414218113789,0.0,0.25,0.3333333333333333,0.3333333333333333,0.0,0.6666666666666666,0.0,0.10714285714285714,1.0,0.5,0.0,0.3333333333333333,0.0,0.0,0.0,2
0.3333333333333333,0.29411764705882354,1.0,0.002702702702702703,0.41311764058545175,0.75,1.0,0.3333333333333333,0.3333333333333333,0.0,1.0,1.0,0.17857142857142858,1.0,0.0,0.0,0.6666666666666666,0.0,0.0,0.0,1
0.0,0.11764705882352941,0.5,0.005405405405405406,0.025200836359634642,0.0,0.5,0.3333333333333333,0.6666666666666666,1.0,0.6666666666666666,0.3333333333333333,0.3392857142857143,1.0,0.5,0.0,0.3333333333333333,1.0,0.0,0.0,1
1.0,0.29411764705882354,0.5,0.0,0.07015516672169032,0.75,0.75,1.0,0.3333333333333333,0.0,0.6666666666666666,0.6666666666666666,0.26785714285714285,1.0,0.5,0.0,0.6666666666666666,1.0,1.0,0.0,1
1.0,0.16176470588235295,0.5,0.008108108108108109,0.0529877847474414,0.5,1.0,1.0,0.6666666666666666,0.0,0.6666666666666666,0.3333333333333333,0.5,0.5,0.5,0.0,0.6666666666666666,0.0,1.0,0.0,1
0.0,0.47058823529411764,0.5,0.002702702702702703,0.43903378452734676,0.0,0.5,0.3333333333333333,0.6666666666666666,0.0,0.3333333333333333,0.3333333333333333,0.125,1.0,0.5,0.0,0.6666666666666666,1.0,0.0,0.0,2
0.3333333333333333,0.11764705882352941,0.5,0.0,0.05749972488169913,0.0,0.25,0.6666666666666666,0.3333333333333333,0.0,0.0,0.6666666666666666,0.10714285714285714,1.0,0.0,0.0,0.6666666666666666,0.0,0.0,0.0,2
1.0,0.08823529411764706,0.5,0.021621621621621623,0.03543523715197535,1.0,0.75,1.0,0.3333333333333333,0.0,0.6666666666666666,0.3333333333333333,0.375,1.0,0.5,0.0,0.6666666666666666,0.0,1.0,0.0,1
1.0,0.38235294117647056,1.0,0.008108108108108109,0.15555188731154396,1.0,1.0,0.6666666666666666,0.6666666666666666,0.0,0.3333333333333333,0.6666666666666666,0.375,1.0,0.5,0.3333333333333333,0.6666666666666666,1.0,1.0,0.0,1
0.0,0.20588235294117646,1.0,0.0,0.20446792120611862,0.0,1.0,0.0,0.3333333333333333,0.0,1.0,0.0,0.25,0.0,0.0,0.6666666666666666,0.6666666666666666,0.0,1.0,0.0,2
1.0,0.07352941176470588,0.5,0.005405405405405406,0.09519093210080334,0.0,0.25,0.3333333333333333,0.3333333333333333,0.5,0.3333333333333333,0.6666666666666666,0.0,1.0,0.0,0.3333333333333333,0.6666666666666666,0.0,0.0,0.0,2
0.3333333333333333,0.11764705882352941,0.5,0.005405405405405406,0.038571585781886214,0.25,0.25,1.0,0.3333333333333333,0.0,1.0,0.6666666666666666,0.14285714285714285,0.0,0.0,1.0,0.6666666666666666,0.0,0.0,0.0,2
0.6666666666666666,0.11764705882352941,1.0,0.0,0.06767910201386597,0.5,0.0,0.3333333333333333,0.6666666666666666,0.0,1.0,1.0,0.8392857142857143,0.0,1.0,0.6666666666666666,0.0,0.0,0.0,0.0,1
0.0,0.20588235294117646,0.75,0.016216216216216217,0.45234951028942444,1.0,0.5,0.0,0.3333333333333333,0.0,0.3333333333333333,0.6666666666666666,0.07142857142857142,1.0,0.0,0.3333333333333333,0.6666666666666666,0.0,1.0,0.0,1
0.0,0.5294117647058824,1.0,0.016216216216216217,0.3162759986794322,0.0,0.5,1.0,0.6666666666666666,0.0,0.6666666666666666,1.0,0.14285714285714285,0.0,0.5,0.0,0.6666666666666666,0.0,1.0,0.0,2
0.0,0.29411764705882354,1.0,0.008108108108108109,0.05397821063057114,0.75,1.0,1.0,0.3333333333333333,0.0,1.0,0.3333333333333333,0.6785714285714286,1.0,0.0,0.3333333333333333,1.0,0.0,1.0,0.0,1
0.0,0.11764705882352941,0.5,0.008108108108108109,0.0233300319137229,0.25,0.75,1.0,1.0,0.0,0.0,0.3333333333333333,0.017857142857142856,1.0,0.5,0.0,0.6666666666666666,0.0,0.0,0.0,2
0.0,0.11764705882352941,0.5,0.005405405405405406,0.12809508088478044,0.0,0.0,0.6666666666666666,0.3333333333333333,0.0,1.0,1.0,0.6428571428571429,1.0,1.0,0.0,1.0,0.0,0.0,0.0,1
1.0,0.0,1.0,0.008108108108108109,0.07120061626499395,0.0,0.75,0.3333333333333333,0.6666666666666666,0.0,0.0,0.0,0.4107142857142857,1.0,0.5,0.6666666666666666,0.3333333333333333,1.0,0.0,0.0,1
1.0,0.11764705882352941,0.5,0.008108108108108109,0.028942445251458126,0.0,0.5,1.0,1.0,0.0,0.3333333333333333,0.0,0.16071428571428573,1.0,0.5,0.0,0.6666666666666666,0.0,0.0,0.0,1
0.3333333333333333,0.3382352941176471,1.0,0.008108108108108109,0.12490370859469573,0.5,0.5,1.0,0.6666666666666666,0.0,0.3333333333333333,0.3333333333333333,0.07142857142857142,1.0,0.5,0.3333333333333333,0.3333333333333333,0.0,0.0,0.0,2
0.3333333333333333,0.29411764705882354,0.5,0.0,0.0523275008253549,0.0,0.25,1.0,0.6666666666666666,0.0,0.0,0.3333333333333333,0.125,1.0,0.5,0.0,0.6666666666666666,0.0,0.0,0.0,1
0.0,0.11764705882352941,0.5,0.008108108108108109,0.02481567073841752,0.0,0.5,1.0,1.0,0.0,0.3333333333333333,0.0,0.375,1.0,0.5,0.0,0.3333333333333333,0.0,0.0,0.0,1
1.0,0.47058823529411764,0.75,0.024324324324324326,0.4253328931440519,1.0,0.25,1.0,0.6666666666666666,0.0,1.0,0.6666666666666666,0.14285714285714285,1.0,0.0,0.3333333333333333,0.6666666666666666,0.0,1.0,0.0,2
0.3333333333333333,0.029411764705882353,0.5,0.008108108108108109,0.09975789589523495,0.0,0.25,1.0,1.0,0.0,0.6666666666666666,0.6666666666666666,0.19642857142857142,1.0,0.0,0.0,1.0,0.0,1.0,0.0,1
1.0,0.16176470588235295,0.5,0.010810810810810811,0.034334763948497854,1.0,0.25,1.0,0.3333333333333333,0.0,0.0,0.0,0.08928571428571429,1.0,0.5,0.0,0.6666666666666666,0.0,0.0,0.0,1
0.0,0.29411764705882354,0.5,0.005405405405405406,0.4110817651590184,1.0,0.25,0.0,0.3333333333333333,0.0,0.3333333333333333,0.3333333333333333,0.19642857142857142,1.0,0.5,0.0,0.6666666666666666,0.0,1.0,1.0,1
1.0,0.16176470588235295,1.0,0.008108108108108109,0.06107626279300099,0.0,0.5,1.0,0.6666666666666666,0.0,0.3333333333333333,0.3333333333333333,0.21428571428571427,1.0,0.5,0.3333333333333333,0.6666666666666666,0.0,0.0,0.0,1
0.0,0.29411764705882354,0.25,0.005405405405405406,0.3643666776713987,0.0,0.25,0.3333333333333333,0.0,0.0,0.0,0.3333333333333333,0.6428571428571429,0.0,0.5,0.0,0.6666666666666666,0.0,1.0,0.0,2
0.0,0.029411764705882353,1.0,0.0,0.019753494002421042,0.0,0.75,1.0,0.3333333333333333,0.0,0.6666666666666666,0.3333333333333333,0.32142857142857145,1.0,0.5,0.3333333333333333,0.6666666666666666,0.0,0.0,1.0,1
0.3333333333333333,0.29411764705882354,0.5,0.008108108108108109,0.19302299988995267,0.5,0.0,0.0,0.3333333333333333,0.0,1.0,1.0,0.07142857142857142,1.0,0.0,0.0,0.0,0.0,0.0,0.0,1
1.0,0.25,1.0,0.0,0.6839440959612634,1.0,1.0,1.0,0.6666666666666666,0.0,1.0,1.0,0.19642857142857142,1.0,1.0,0.0,1.0,0.0,1.0,0.0,2
0.3333333333333333,0.029411764705882353,0.5,0.008108108108108109,0.012875536480686695,0.0,0.75,0.6666666666666666,1.0,1.0,0.6666666666666666,0.0,0.16071428571428573,0.0,0.5,0.0,0.3333333333333333,0.0,0.0,0.0,1
1.0,0.3382352941176471,0.75,0.002702702702702703,0.46016287003411466,0.75,0.5,0.3333333333333333,0.6666666666666666,0.0,0.3333333333333333,0.6666666666666666,0.14285714285714285,1.0,0.5,0.3333333333333333,0.6666666666666666,0.0,0.0,0.0,1
1.0,0.20588235294117646,0.0,0.024324324324324326,0.21541762958071972,0.0,0.5,0.3333333333333333,0.6666666666666666,0.0,0.3333333333333333,0.6666666666666666,0.30357142857142855,0.5,0.5,0.3333333333333333,0.6666666666666666,1.0,0.0,0.0,2
1.0,0.29411764705882354,0.5,0.0,0.06289204357873886,0.0,0.5,0.3333333333333333,0.6666666666666666,1.0,0.3333333333333333,0.0,0.21428571428571427,1.0,0.5,0.0,0.6666666666666666,0.0,1.0,0.0,1
0.0,0.20588235294117646,0.25,0.008108108108108109,0.09298998569384835,0.0,0.25,0.6666666666666666,0.6666666666666666,0.5,1.0,1.0,0.30357142857142855,0.0,1.0,0.0,1.0,0.0,1.0,0.0,1
0.6666666666666666,0.11764705882352941,0.5,0.0,0.05942555298778475,0.0,0.25,1.0,0.6666666666666666,0.0,0.0,0.0,0.125,1.0,0.5,0.0,0.6666666666666666,0.0,0.0,0.0,1
1.0,0.08823529411764706,1.0,0.005405405405405406,0.10432485968966655,0.0,0.25,0.0,0.3333333333333333,0.0,0.6666666666666666,0.0,0.07142857142857142,1.0,0.0,0.3333333333333333,0.6666666666666666,0.0,0.0,0.0,1
0.3333333333333333,0.11764705882352941,1.0,0.0,0.116430064927919,0.5,0.75,0.6666666666666666,0.0,0.0,0.6666666666666666,0.6666666666666666,0.30357142857142855,1.0,0.5,0.0,1.0,0.0,1.0,0.0,1
0.6666666666666666,0.29411764705882354,1.0,0.008108108108108109,0.15945856718388907,1.0,0.5,0.6666666666666666,0.6666666666666666,0.0,0.3333333333333333,0.6666666666666666,0.21428571428571427,1.0,0.5,0.3333333333333333,0.6666666666666666,0.0,1.0,0.0,1
0.0,0.29411764705882354,0.5,0.002702702702702703,0.3482447452404534,0.0,0.0,1.0,0.6666666666666666,0.0,0.3333333333333333,1.0,0.17857142857142858,1.0,1.0,0.0,1.0,0.0,1.0,0.0,1
0.0,0.47058823529411764,0.75,0.024324324324324326,0.10426983602949268,0.0,0.75,0.3333333333333333,0.6666666666666666,0.0,0.0,0.6666666666666666,0.08928571428571429,1.0,0.5,0.3333333333333333,0.6666666666666666,0.0,1.0,0.0,2
0.0,0.11764705882352941,1.0,0.008108108108108109,0.007428194123473094,0.0,0.75,1.0,0.3333333333333333,0.0,0.6666666666666666,0.0,0.6964285714285714,1.0,0.5,1.0,0.3333333333333333,0.0,1.0,0.0,1
0.3333333333333333,0.47058823529411764,0.5,0.016216216216216217,0.6802024870694399,0.25,0.5,0.0,0.6666666666666666,0.0,1.0,1.0,0.5,1.0,1.0,0.0,0.6666666666666666,1.0,1.0,0.0,2
1.0,0.11764705882352941,0.5,0.008108108108108109,0.10030813249697369,0.25,0.5,1.0,0.3333333333333333,0.5,0.3333333333333333,0.0,0.16071428571428573,1.0,0.5,0.0,0.6666666666666666,0.0,0.0,0.0,1
0.6666666666666666,0.07352941176470588,0.5,0.008108108108108109,0.04820072631231429,0.25,1.0,0.3333333333333333,0.0,0.0,1.0,0.0,0.5357142857142857,1.0,0.5,0.0,0.6666666666666666,0.0,0.0,0.0,1
0.3333333333333333,1.0,0.5,0.008108108108108109,0.2941014636293606,0.25,0.5,0.3333333333333333,1.0,0.0,0.3333333333333333,0.6666666666666666,0.08928571428571429,1.0,0.5,0.0,0.6666666666666666,0.0,0.0,0.0,2
1.0,0.47058823529411764,0.5,0.008108108108108109,0.1840541432816111,0.0,1.0,1.0,0.6666666666666666,0.0,0.3333333333333333,0.6666666666666666,0.16071428571428573,1.0,0.5,0.0,0.6666666666666666,0.0,0.0,0.0,1
0.3333333333333333,0.1323529411764706,1.0,0.008108108108108109,0.034774953229888855,0.0,0.25,1.0,0.6666666666666666,1.0,1.0,0.0,0.07142857142857142,1.0,0.5,0.3333333333333333,0.6666666666666666,0.0,0.0,0.0,1
1.0,0.47058823529411764,1.0,0.008108108108108109,0.5126004181798173,0.0,0.5,0.3333333333333333,0.3333333333333333,0.0,0.3333333333333333,0.6666666666666666,0.21428571428571427,0.5,0.5,0.3333333333333333,0.6666666666666666,0.0,0.0,0.0,1
1.0,0.29411764705882354,0.5,0.024324324324324326,0.055463849455265765,0.0,0.75,1.0,0.6666666666666666,0.0,0.0,0.0,0.10714285714285714,1.0,0.5,0.0,0.6666666666666666,0.0,1.0,0.0,1
0.0,0.29411764705882354,0.5,0.005405405405405406,0.1510949708374601,1.0,0.5,0.3333333333333333,1.0,0.0,1.0,0.6666666666666666,0.017857142857142856,1.0,0.5,0.0,0.6666666666666666,0.0,0.0,0.0,2
0.0,0.47058823529411764,0.5,0.005405405405405406,0.17585561791570375,0.0,1.0,1.0,0.6666666666666666,0.0,0.3333333333333333,0.6666666666666666,0.4107142857142857,1.0,0.5,0.0,0.6666666666666666,1.0,0.0,0.0,2
1.0,0.07352941176470588,1.0,0.005405405405405406,0.118631011334874,0.0,0.0,0.3333333333333333,0.6666666666666666,0.0,0.6666666666666666,0.6666666666666666,0.21428571428571427,1.0,0.5,0.0,1.0,0.0,0.0,0.0,1
0.3333333333333333,0.11764705882352941,0.5,0.008108108108108109,0.0706503796632552,0.0,0.25,0.0,1.0,0.0,0.0,0.0,0.07142857142857142,1.0,0.0,0.0,0.6666666666666666,0.0,0.0,0.0,2
0.3333333333333333,0.3382352941176471,0.75,0.002702702702702703,0.31446021789369427,0.0,1.0,0.0,0.6666666666666666,0.0,0.3333333333333333,0.6666666666666666,0.19642857142857142,1.0,0.5,0.3333333333333333,1.0,0.0,1.0,0.0,1
0.3333333333333333,0.3382352941176471,0.0,0.024324324324324326,0.4439308902828216,0.0,1.0,0.3333333333333333,0.3333333333333333,0.0,1.0,1.0,0.4107142857142857,1.0,1.0,0.3333333333333333,1.0,0.0,1.0,0.0,2
0.0,0.10294117647058823,1.0,0.0,0.20111147793551226,0.0,0.5,0.3333333333333333,0.6666666666666666,0.0,0.3333333333333333,0.0,0.30357142857142855,1.0,0.0,0.3333333333333333,0.6666666666666666,1.0,0.0,0.0,1
1.0,0.11764705882352941,1.0,0.008108108108108109,0.05727963024100363,0.0,0.5,1.0,0.3333333333333333,0.0,0.3333333333333333,0.3333333333333333,0.2857142857142857,1.0,0.5,0.3333333333333333,0.6666666666666666,0.0,0.0,0.0,1
0.0,0.11764705882352941,0.5,0.008108108108108109,0.026246285902938263,0.25,0.25,1.0,1.0,0.0,0.6666666666666666,1.0,0.25,1.0,0.5,0.0,0.3333333333333333,0.0,1.0,0.0,2
1.0,0.6470588235294118,0.5,0.008108108108108109,0.5486959392538792,1.0,0.75,1.0,0.6666666666666666,0.0,0.6666666666666666,0.6666666666666666,0.32142857142857145,0.5,0.5,0.0,0.6666666666666666,0.0,1.0,0.0,1
0.3333333333333333,0.29411764705882354,0.75,0.024324324324324326,0.3695939253879168,0.25,0.75,1.0,0.6666666666666666,0.0,1.0,0.6666666666666666,0.30357142857142855,1.0,0.0,0.0,1.0,0.0,1.0,0.0,1
1.0,0.6470588235294118,1.0,0.008108108108108109,0.18311874105865522,1.0,1.0,1.0,0.6666666666666666,0.0,0.0,0.0,0.5,1.0,0.5,0.0,0.6666666666666666,0.0,1.0,0.0,1
1.0,0.20588235294117646,1.0,0.0,0.1389347419390338,0.0,0.75,0.3333333333333333,0.6666666666666666,0.0,0.3333333333333333,0.3333333333333333,0.21428571428571427,0.0,0.5,0.3333333333333333,0.6666666666666666,0.0,0.0,0.0,2
0.6666666666666666,0.11764705882352941,0.5,0.008108108108108109,0.17326950588753165,1.0,1.0,0.3333333333333333,0.6666666666666666,0.0,0.6666666666666666,0.6666666666666666,0.32142857142857145,1.0,0.5,0.0,1.0,0.0,0.0,0.0,1
1.0,0.25,0.5,0.002702702702702703,0.2750082535490261,1.0,0.5,0.0,0.6666666666666666,0.0,0.6666666666666666,0.6666666666666666,0.125,1.0,0.5,0.0,0.6666666666666666,0.0,0.0,0.0,1
1.0,0.11764705882352941,1.0,0.016216216216216217,0.09695168922636734,1.0,0.75,1.0,0.3333333333333333,0.0,0.3333333333333333,0.6666666666666666,0.75,1.0,0.5,0.0,0.6666666666666666,0.0,0.0,0.0,1
0.3333333333333333,0.6470588235294118,0.75,1.0,0.4034334763948498,0.25,0.0,0.3333333333333333,0.6666666666666666,0.0,1.0,1.0,0.21428571428571427,1.0,1.0,0.0,1.0,0.0,1.0,0.0,1
0.0,0.058823529411764705,1.0,0.0,0.17321448222735777,0.0,0.75,0.0,0.6666666666666666,0.0,1.0,0.0,0.35714285714285715,1.0,0.5,0.3333333333333333,0.3333333333333333,0.0,0.0,1.0,1
0.3333333333333333,0.20588235294117646,0.5,0.002702702702702703,0.7002310993727303,0.0,0.0,0.6666666666666666,0.3333333333333333,0.0,1.0,1.0,0.3392857142857143,1.0,1.0,0.0,1.0,0.0,1.0,0.0,2
0.0,0.6029411764705882,0.5,0.008108108108108109,0.08776273797733025,0.0,0.5,1.0,0.6666666666666666,0.0,1.0,1.0,0.07142857142857142,1.0,1.0,0.0,0.6666666666666666,0.0,1.0,0.0,2
0.0,0.38235294117647056,0.0,0.005405405405405406,0.23841751953339937,0.0,0.5,0.3333333333333333,0.0,1.0,0.3333333333333333,0.0,0.23214285714285715,1.0,0.5,0.3333333333333333,0.6666666666666666,0.0,0.0,0.0,1
0.3333333333333333,0.3382352941176471,0.5,0.024324324324324326,0.201661714537251,0.0,0.5,1.0,0.6666666666666666,0.0,0.3333333333333333,0.6666666666666666,0.30357142857142855,1.0,0.5,0.0,0.6666666666666666,1.0,1.0,0.0,2
0.6666666666666666,0.11764705882352941,0.5,0.008108108108108109,0.05760977220204688,0.0,0.5,0.6666666666666666,1.0,0.0,1.0,0.0,0.07142857142857142,1.0,0.0,0.0,0.6666666666666666,0.0,0.0,0.0,1
1.0,0.47058823529411764,1.0,0.002702702702702703,0.3076923076923077,0.0,1.0,0.3333333333333333,0.6666666666666666,0.0,0.3333333333333333,0.3333333333333333,0.2857142857142857,1.0,0.5,0.3333333333333333,0.6666666666666666,1.0,1.0,0.0,1
0.0,0.029411764705882353,1.0,0.0,0.18851105975569496,0.0,0.5,0.0,0.6666666666666666,0.0,0.6666666666666666,0.0,0.32142857142857145,1.0,0.0,0.6666666666666666,0.6666666666666666,1.0,0.0,0.0,1
0.0,0.20588235294117646,0.5,0.005405405405405406,0.12171233630461098,0.0,0.5,0.3333333333333333,0.6666666666666666,0.0,0.3333333333333333,0.6666666666666666,0.05357142857142857,1.0,0.5,0.0,0.6666666666666666,0.0,0.0,0.0,2
0.3333333333333333,0.29411764705882354,1.0,0.008108108108108109,0.05315285572796302,0.25,0.25,1.0,0.6666666666666666,0.0,1.0,1.0,0.3392857142857143,0.0,0.5,0.3333333333333333,0.6666666666666666,1.0,0.0,0.0,2
0.3333333333333333,0.11764705882352941,0.5,0.008108108108108109,0.06789919665456146,1.0,0.5,0.3333333333333333,1.0,0.0,0.0,0.0,0.10714285714285714,1.0,0.5,0.0,0.6666666666666666,0.0,1.0,0.0,2
0.0,0.11764705882352941,0.5,0.008108108108108109,0.10806646858149004,0.0,0.5,1.0,0.6666666666666666,0.0,0.6666666666666666,0.3333333333333333,0.08928571428571429,1.0,0.5,0.0,0.3333333333333333,0.0,0.0,0.0,1
1.0,0.029411764705882353,1.0,0.008108108108108109,0.07175085286673269,0.0,0.75,0.0,0.3333333333333333,0.0,0.3333333333333333,0.6666666666666666,0.08928571428571429,1.0,0.0,0.3333333333333333,0.6666666666666666,0.0,1.0,0.0,1
0.3333333333333333,0.029411764705882353,0.5,0.008108108108108109,0.01870804445911742,0.0,0.25,0.6666666666666666,1.0,0.0,0.6666666666666666,0.0,0.125,1.0,0.5,0.0,0.3333333333333333,0.0,0.0,1.0,1
1.0,0.029411764705882353,0.5,0.005405405405405406,0.08341586882359414,0.0,0.5,0.0,1.0,0.0,0.3333333333333333,0.3333333333333333,0.03571428571428571,1.0,0.0,0.0,0.6666666666666666,0.0,0.0,0.0,1
0.0,0.6470588235294118,0.5,0.002702702702702703,0.5528227137669198,0.0,0.75,1.0,0.6666666666666666,0.0,1.0,1.0,0.35714285714285715,0.5,1.0,0.6666666666666666,0.6666666666666666,1.0,1.0,0.0,2
0.0,0.20588235294117646,0.5,0.016216216216216217,0.027511830086937382,0.0,0.0,1.0,0.3333333333333333,0.0,0.0,0.0,0.14285714285714285,1.0,0.5,0.0,0.0,0.0,0.0,0.0,2
0.3333333333333333,0.07352941176470588,1.0,0.005405405405405406,0.09183448883019699,0.0,0.75,1.0,0.6666666666666666,0.0,0.6666666666666666,0.6666666666666666,0.2857142857142857,1.0,0.0,0.0,0.6666666666666666,0.0,1.0,0.0,1
0.0,0.11764705882352941,1.0,0.0,0.1787718719049191,0.0,0.5,0.6666666666666666,0.3333333333333333,0.5,0.3333333333333333,0.0,0.17857142857142858,1.0,0.5,0.3333333333333333,0.6666666666666666,0.0,0.0,0.0,2
0.0,0.20588235294117646,0.5,0.008108108108108109,0.08979861340376362,0.0,0.5,1.0,0.3333333333333333,0.0,1.0,0.6666666666666666,0.10714285714285714,0.0,0.0,0.3333333333333333,0.6666666666666666,0.0,0.0,0.0,2
0.3333333333333333,0.029411764705882353,1.0,0.021621621621621623,0.03752613623858259,1.0,0.75,0.0,0.3333333333333333,0.0,0.6666666666666666,0.3333333333333333,0.35714285714285715,1.0,0.5,0.3333333333333333,0.3333333333333333,0.0,0.0,0.0,1
0.0,0.29411764705882354,1.0,0.002702702702702703,0.148949048090679,0.0,1.0,1.0,0.6666666666666666,0.0,1.0,0.3333333333333333,0.7857142857142857,1.0,0.5,0.3333333333333333,0.6666666666666666,0.0,1.0,0.0,1
0.0,0.20588235294117646,0.25,0.0,0.06558820292725873,0.0,0.75,1.0,0.6666666666666666,0.0,1.0,1.0,0.23214285714285715,1.0,1.0,0.3333333333333333,0.3333333333333333,1.0,0.0,0.0,2
0.0,0.058823529411764705,1.0,1.0,0.050291625398921534,0.0,1.0,0.6666666666666666,0.6666666666666666,0.0,1.0,1.0,0.5714285714285714,0.0,1.0,0.3333333333333333,1.0,1.0,1.0,0.0,1
0.3333333333333333,0.47058823529411764,1.0,0.008108108108108109,0.11483437878287664,0.0,1.0,1.0,0.6666666666666666,0.0,1.0,0.0,0.30357142857142855,1.0,0.5,0.0,0.6666666666666666,0.0,0.0,0.0,1
0.0,0.11764705882352941,0.5,0.016216216216216217,0.02388026851546165,0.0,0.5,1.0,0.6666666666666666,0.0,1.0,0.6666666666666666,0.375,1.0,0.0,0.0,0.3333333333333333,1.0,0.0,0.0,2
0.0,0.29411764705882354,0.5,0.002702702702702703,0.14097061736546715,1.0,1.0,0.3333333333333333,0.3333333333333333,0.0,1.0,0.0,0.125,1.0,0.0,0.0,0.6666666666666666,0.0,0.0,0.0,1
0.0,0.23529411764705882,1.0,0.0,0.10922196544514141,0.0,0.5,1.0,1.0,1.0,0.3333333333333333,0.3333333333333333,0.25,0.0,0.0,0.3333333333333333,0.6666666666666666,0.0,0.0,1.0,2
0.3333333333333333,0.47058823529411764,0.5,0.0,0.6679322108506658,1.0,0.5,0.0,0.6666666666666666,0.0,1.0,1.0,0.32142857142857145,1.0,1.0,0.0,0.6666666666666666,0.0,1.0,0.0,2
1.0,0.07352941176470588,0.5,0.008108108108108109,0.06756905469351822,0.0,0.75,1.0,0.6666666666666666,0.0,0.3333333333333333,0.6666666666666666,0.05357142857142857,1.0,0.5,0.0,0.6666666666666666,0.0,0.0,0.0,2
0.3333333333333333,0.11764705882352941,0.5,0.0,0.03224386486189061,0.25,0.25,1.0,0.3333333333333333,0.0,0.3333333333333333,0.3333333333333333,0.07142857142857142,0.0,0.5,0.0,0.3333333333333333,0.0,0.0,0.0,2
0.0,0.11764705882352941,0.5,0.005405405405405406,0.08847804555959063,0.0,0.25,1.0,0.3333333333333333,0.0,0.0,0.6666666666666666,0.05357142857142857,1.0,0.0,0.0,0.6666666666666666,0.0,0.0,0.0,1
0.0,0.38235294117647056,0.5,0.005405405405405406,0.1855397821063057,0.75,1.0,1.0,0.3333333333333333,0.0,1.0,0.3333333333333333,0.6785714285714286,1.0,0.0,0.3333333333333333,0.6666666666666666,0.0,1.0,0.0,1
1.0,0.20588235294117646,0.75,0.008108108108108109,0.11389897655992076,0.0,0.0,0.3333333333333333,1.0,0.0,0.6666666666666666,0.0,0.26785714285714285,1.0,0.5,0.3333333333333333,0.6666666666666666,0.0,0.0,0.0,1
0.3333333333333333,0.11764705882352941,0.5,0.0,0.09640145262462858,0.0,0.75,0.6666666666666666,0.6666666666666666,0.0,1.0,0.3333333333333333,0.19642857142857142,1.0,0.0,0.0,0.6666666666666666,1.0,1.0,0.0,1
0.0,0.029411764705882353,0.5,0.0,0.05243754814570265,0.25,1.0,0.6666666666666666,0.6666666666666666,0.0,0.3333333333333333,0.3333333333333333,0.42857142857142855,1.0,0.5,0.0,0.6666666666666666,0.0,1.0,0.0,1
0.0,0.20588235294117646,0.5,0.008108108108108109,0.06025090789039287,0.0,0.5,1.0,1.0,0.0,0.6666666666666666,0.0,0.125,0.0,0.5,0.0,0.6666666666666666,0.0,0.0,0.0,2
1.0,0.16176470588235295,0.5,0.002702702702702703,0.19599427753934193,0.25,0.25,0.0,0.3333333333333333,0.0,1.0,0.6666666666666666,0.07142857142857142,1.0,0.5,0.0,0.6666666666666666,0.0,1.0,0.0,1
0.3333333333333333,0.47058823529411764,0.5,0.016216216216216217,0.19043688786178056,1.0,0.5,0.3333333333333333,1.0,0.0,0.3333333333333333,0.6666666666666666,0.14285714285714285,1.0,0.5,0.0,0.6666666666666666,0.0,0.0,0.0,1
0.3333333333333333,0.6470588235294118,0.5,0.008108108108108109,0.15461648508858808,0.0,0.75,1.0,0.6666666666666666,0.0,1.0,0.0,0.16071428571428573,1.0,0.5,0.3333333333333333,0.6666666666666666,0.0,0.0,0.0,2
0.3333333333333333,0.058823529411764705,0.5,0.008108108108108109,0.06404754044239022,0.0,0.5,1.0,0.6666666666666666,1.0,0.3333333333333333,0.0,0.25,1.0,0.5,0.0,0.6666666666666666,0.0,0.0,1.0,1
0.3333333333333333,0.07352941176470588,0.5,0.024324324324324326,0.0627819962583911,0.0,0.5,0.3333333333333333,1.0,0.0,0.0,0.0,0.14285714285714285,0.0,0.5,0.0,0.6666666666666666,0.0,1.0,0.0,1
1.0,0.20588235294117646,0.5,0.008108108108108109,0.06619346318917134,0.0,0.25,0.6666666666666666,0.3333333333333333,0.0,0.0,0.0,0.125,1.0,0.5,0.0,0.6666666666666666,0.0,0.0,0.0,1
1.0,0.29411764705882354,1.0,0.002702702702702703,0.11532959172444152,0.0,0.75,1.0,0.6666666666666666,0.0,0.6666666666666666,0.6666666666666666,0.2857142857142857,1.0,0.5,0.3333333333333333,0.6666666666666666,0.0,1.0,0.0,1
0.0,0.11764705882352941,0.5,0.005405405405405406,0.056784417299438755,0.0,0.5,0.3333333333333333,0.3333333333333333,0.0,1.0,0.6666666666666666,0.017857142857142856,1.0,0.0,0.0,0.6666666666666666,0.0,0.0,0.0,2
0.0,0.29411764705882354,0.5,0.0,0.2512930560140861,0.0,0.75,0.3333333333333333,0.6666666666666666,0.5,0.6666666666666666,0.3333333333333333,0.21428571428571427,1.0,0.5,0.0,0.6666666666666666,0.0,1.0,0.0,2
0.0,0.20588235294117646,0.5,0.0,0.10999229668757565,0.25,0.75,1.0,0.6666666666666666,0.0,0.6666666666666666,0.6666666666666666,0.19642857142857142,1.0,0.5,0.0,1.0,1.0,1.0,0.0,1
0.3333333333333333,0.029411764705882353,0.5,0.008108108108108109,0.006492791900517223,1.0,1.0,1.0,0.6666666666666666,0.0,1.0,0.3333333333333333,0.3392857142857143,1.0,0.5,0.0,0.6666666666666666,0.0,0.0,0.0,1
0.0,0.20588235294117646,0.0,0.005405405405405406,0.15758776273797734,0.0,0.25,0.0,0.3333333333333333,0.0,1.0,0.3333333333333333,0.125,1.0,0.0,0.0,0.6666666666666666,0.0,0.0,0.0,2
0.3333333333333333,0.20588235294117646,0.5,0.0,0.04357873885770881,1.0,0.5,1.0,0.3333333333333333,0.0,0.3333333333333333,0.3333333333333333,0.25,1.0,0.5,0.0,0.6666666666666666,0.0,0.0,0.0,2
0.3333333333333333,0.16176470588235295,1.0,0.024324324324324326,0.11422911852096401,0.5,0.5,0.3333333333333333,0.6666666666666666,0.0,1.0,0.6666666666666666,0.14285714285714285,0.0,0.5,0.0,0.6666666666666666,0.0,0.0,0.0,1
1.0,0.16176470588235295,0.5,0.008108108108108109,0.18256850445691647,0.0,1.0,1.0,0.3333333333333333,0.0,0.3333333333333333,0.6666666666666666,0.625,0.0,0.0,0.0,1.0,0.0,1.0,0.0,1
1.0,0.29411764705882354,0.5,0.008108108108108109,0.18548475844613183,0.25,1.0,0.3333333333333333,0.6666666666666666,0.0,1.0,0.6666666666666666,0.21428571428571427,1.0,0.5,0.3333333333333333,0.6666666666666666,0.0,0.0,0.0,2
1.0,0.20588235294117646,0.5,0.008108108108108109,0.09909761197314845,0.0,0.25,1.0,0.6666666666666666,0.0,0.0,0.0,0.25,1.0,0.5,0.0,0.6666666666666666,0.0,0.0,0.0,1
0.3333333333333333,0.16176470588235295,1.0,0.008108108108108109,0.07081545064377683,1.0,1.0,1.0,0.6666666666666666,1.0,1.0,0.0,0.5535714285714286,1.0,0.5,0.3333333333333333,0.6666666666666666,0.0,1.0,0.0,1
0.0,0.11764705882352941,1.0,0.0,0.2527236711786068,0.0,1.0,0.6666666666666666,0.6666666666666666,0.5,1.0,0.3333333333333333,0.42857142857142855,1.0,0.0,0.3333333333333333,0.6666666666666666,0.0,1.0,0.0,2
1.0,0.20588235294117646,1.0,0.008108108108108109,0.020853967205898535,0.5,1.0,1.0,0.6666666666666666,0.0,0.6666666666666666,0.3333333333333333,0.23214285714285715,0.0,0.5,0.3333333333333333,1.0,0.0,1.0,0.0,1
0.0,0.8235294117647058,0.75,0.024324324324324326,0.36238582590513924,0.0,1.0,0.6666666666666666,0.6666666666666666,0.0,1.0,1.0,0.7857142857142857,1.0,0.5,0.3333333333333333,0.6666666666666666,0.0,1.0,0.0,2
1.0,0.029411764705882353,0.5,0.021621621621621623,0.05436337625178827,1.0,0.0,1.0,0.6666666666666666,0.0,1.0,0.3333333333333333,0.30357142857142855,1.0,0.5,0.0,1.0,1.0,1.0,0.0,1
1.0,0.29411764705882354,0.5,0.0,0.05496863651370089,0.0,0.25,1.0,1.0,0.0,0.3333333333333333,0.0,0.16071428571428573,1.0,0.5,0.0,0.6666666666666666,0.0,0.0,0.0,1
1.0,0.11764705882352941,0.5,0.008108108108108109,0.15456146142841423,0.75,0.75,0.3333333333333333,0.0,0.0,1.0,0.0,0.75,1.0,0.5,0.0,0.3333333333333333,0.0,0.0,0.0,1
1.0,0.07352941176470588,0.5,0.005405405405405406,0.11285352701661715,0.25,0.25,0.3333333333333333,0.3333333333333333,0.0,1.0,0.3333333333333333,0.05357142857142857,1.0,0.0,0.0,0.6666666666666666,0.0,0.0,0.0,1
0.0,0.6323529411764706,0.5,0.0,0.5762077693408165,0.0,0.25,0.0,0.3333333333333333,0.0,0.0,0.0,0.2857142857142857,1.0,0.5,0.0,0.3333333333333333,0.0,1.0,0.0,1
0.0,0.20588235294117646,0.5,0.010810810810810811,0.0532078793881369,0.0,0.5,1.0,1.0,0.0,0.6666666666666666,0.0,0.5,1.0,0.5,0.0,0.3333333333333333,0.0,1.0,0.0,2
1.0,0.11764705882352941,0.75,0.013513513513513514,0.07180587652690656,0.75,1.0,1.0,0.6666666666666666,0.0,1.0,1.0,0.6428571428571429,1.0,1.0,0.3333333333333333,0.6666666666666666,1.0,0.0,0.0,2
0.3333333333333333,0.20588235294117646,1.0,0.024324324324324326,0.090073731704633,1.0,0.5,1.0,1.0,0.0,1.0,0.0,0.16071428571428573,0.0,0.5,0.3333333333333333,0.6666666666666666,0.0,0.0,0.0,1
0.0,0.29411764705882354,0.5,0.008108108108108109,0.12044679212061186,0.0,0.25,1.0,0.3333333333333333,0.0,1.0,0.0,0.2857142857142857,1.0,0.5,0.0,0.6666666666666666,0.0,1.0,0.0,2
0.3333333333333333,0.23529411764705882,0.75,0.002702702702702703,0.3745460548035655,1.0,0.75,0.6666666666666666,0.6666666666666666,0.0,1.0,0.3333333333333333,0.30357142857142855,0.0,0.0,0.3333333333333333,1.0,1.0,1.0,0.0,1
0.3333333333333333,0.11764705882352941,0.5,0.008108108108108109,0.04632992186640255,0.0,0.5,1.0,0.3333333333333333,1.0,1.0,0.0,0.5357142857142857,1.0,0.5,0.3333333333333333,0.6666666666666666,0.0,1.0,0.0,1
1.0,0.029411764705882353,0.75,0.008108108108108109,0.03752613623858259,0.0,0.5,0.6666666666666666,0.3333333333333333,0.0,0.3333333333333333,0.0,0.08928571428571429,1.0,0.5,0.0,0.6666666666666666,0.0,0.0,0.0,1
1.0,0.11764705882352941,0.75,0.002702702702702703,0.06894464619786508,0.0,0.5,1.0,1.0,0.0,1.0,0.0,0.39285714285714285,1.0,0.0,0.0,0.6666666666666666,0.0,0.0,0.0,1
0.3333333333333333,0.16176470588235295,0.5,0.0,0.13101133487399583,0.25,0.5,0.3333333333333333,0.3333333333333333,0.0,1.0,0.6666666666666666,0.16071428571428573,1.0,0.0,0.3333333333333333,0.6666666666666666,0.0,1.0,0.0,2
1.0,0.29411764705882354,0.75,0.0,0.09805216242984484,0.0,1.0,1.0,0.6666666666666666,0.0,1.0,1.0,0.7321428571428571,1.0,1.0,0.3333333333333333,0.6666666666666666,0.0,1.0,0.0,1
0.3333333333333333,0.11764705882352941,0.5,0.008108108108108109,0.07246616044899307,0.0,0.5,0.0,0.3333333333333333,0.0,0.0,0.6666666666666666,0.05357142857142857,1.0,0.5,0.0,0.6666666666666666,0.0,1.0,0.0,1
1.0,0.38235294117647056,0.5,0.008108108108108109,0.11461428414218114,0.5,1.0,1.0,0.6666666666666666,0.0,0.3333333333333333,0.6666666666666666,0.19642857142857142,0.0,0.5,0.0,1.0,0.0,0.0,0.0,1
0.3333333333333333,0.16176470588235295,0.25,0.0,0.36315615714757343,0.25,0.0,0.0,0.6666666666666666,0.0,0.3333333333333333,0.3333333333333333,0.26785714285714285,1.0,0.5,0.0,1.0,1.0,1.0,0.0,2
0.0,0.07352941176470588,0.5,0.0,0.022229558710245404,0.0,0.5,1.0,0.6666666666666666,0.0,0.6666666666666666,0.6666666666666666,0.16071428571428573,1.0,0.5,0.0,0.3333333333333333,0.0,0.0,0.0,2
1.0,0.29411764705882354,0.5,0.008108108108108109,0.061956641355782986,0.5,0.75,1.0,0.3333333333333333,0.0,0.0,0.6666666666666666,0.16071428571428573,1.0,0.5,0.0,0.6666666666666666,0.0,0.0,0.0,1
1.0,0.29411764705882354,0.75,0.0,0.025696049301199515,1.0,1.0,1.0,1.0,0.0,1.0,0.6666666666666666,0.625,1.0,0.5,0.3333333333333333,0.6666666666666666,0.0,1.0,0.0,1
0.0,0.38235294117647056,1.0,0.002702702702702703,0.3266754704522945,0.25,0.75,0.0,1.0,0.0,1.0,0.6666666666666666,0.08928571428571429,1.0,0.0,0.3333333333333333,0.6666666666666666,0.0,0.0,0.0,1
0.6666666666666666,0.16176470588235295,0.5,0.024324324324324326,0.1340926598437328,0.0,0.75,0.3333333333333333,0.6666666666666666,0.0,1.0,0.3333333333333333,0.125,1.0,0.0,0.0,0.6666666666666666,0.0,1.0,0.0,1
0.3333333333333333,0.25,1.0,0.024324324324324326,0.18719049191152196,0.0,0.75,0.3333333333333333,0.6666666666666666,0.0,0.6666666666666666,0.3333333333333333,0.14285714285714285,1.0,0.5,0.3333333333333333,0.6666666666666666,0.0,0.0,0.0,1
0.3333333333333333,0.38235294117647056,0.0,0.024324324324324326,0.2217453505007153,0.25,0.5,1.0,0.3333333333333333,0.0,1.0,0.6666666666666666,0.125,1.0,0.0,0.3333333333333333,0.3333333333333333,0.0,0.0,0.0,2
1.0,0.04411764705882353,1.0,0.008108108108108109,0.02641135688345989,1.0,1.0,1.0,0.6666666666666666,0.0,0.3333333333333333,0.3333333333333333,0.48214285714285715,1.0,0.0,0.3333333333333333,0.3333333333333333,0.0,1.0,0.0,1
0.3333333333333333,0.6470588235294118,0.5,1.0,0.28232640035215145,1.0,0.0,0.6666666666666666,0.6666666666666666,0.0,1.0,1.0,0.375,0.0,1.0,0.0,0.0,0.0,1.0,0.0,1
0.0,0.11764705882352941,0.5,0.0,0.09040387366567625,0.0,0.5,1.0,0.3333333333333333,1.0,1.0,0.3333333333333333,0.17857142857142858,1.0,0.5,0.0,0.6666666666666666,0.0,1.0,0.0,1
0.3333333333333333,0.16176470588235295,0.5,0.013513513513513514,0.0582150324639595,0.0,1.0,1.0,0.6666666666666666,0.0,1.0,0.6666666666666666,0.3392857142857143,1.0,0.5,0.3333333333333333,0.3333333333333333,0.0,0.0,0.0,1
0.0,0.11764705882352941,0.25,0.008108108108108109,0.020688896225376913,0.0,0.5,1.0,0.3333333333333333,0.0,1.0,0.0,0.08928571428571429,0.0,0.5,0.0,0.3333333333333333,0.0,0.0,0.0,2
1.0,0.11764705882352941,1.0,0.0,0.0237702211951139,0.25,0.75,1.0,0.3333333333333333,0.0,0.6666666666666666,0.6666666666666666,0.5714285714285714,1.0,0.5,0.3333333333333333,0.6666666666666666,0.0,1.0,0.0,1
0.0,0.16176470588235295,0.5,0.010810810810810811,0.056399251678221636,1.0,0.5,1.0,0.3333333333333333,0.0,0.3333333333333333,0.6666666666666666,0.08928571428571429,1.0,0.0,0.0,0.6666666666666666,0.0,0.0,0.0,2
1.0,0.35294117647058826,0.25,0.002702702702702703,0.41674920215692746,1.0,0.25,0.6666666666666666,0.6666666666666666,1.0,1.0,0.0,0.375,0.0,0.0,0.3333333333333333,0.6666666666666666,1.0,1.0,0.0,1
1.0,0.20588235294117646,0.5,0.005405405405405406,0.17453505007153075,0.0,1.0,1.0,0.6666666666666666,0.0,1.0,0.3333333333333333,0.5,0.0,0.5,0.6666666666666666,0.6666666666666666,1.0,1.0,0.0,1
1.0,0.16176470588235295,0.75,0.008108108108108109,0.06756905469351822,0.0,0.5,1.0,1.0,0.0,0.6666666666666666,0.0,0.25,0.0,0.5,0.3333333333333333,0.6666666666666666,0.0,0.0,0.0,1
0.0,0.11764705882352941,0.5,0.016216216216216217,0.029987894794761747,0.0,0.25,1.0,0.3333333333333333,0.0,1.0,0.3333333333333333,0.6071428571428571,1.0,0.5,0.0,0.6666666666666666,0.0,0.0,0.0,2
0.0,0.20588235294117646,0.5,0.0,0.03994717728623308,0.0,0.25,0.0,0.3333333333333333,0.0,0.3333333333333333,0.6666666666666666,0.07142857142857142,1.0,0.5,0.0,0.3333333333333333,0.0,0.0,0.0,2
1.0,0.29411764705882354,0.5,0.002702702702702703,0.4161989655551887,0.0,0.75,0.6666666666666666,0.6666666666666666,0.0,0.6666666666666666,0.6666666666666666,0.3392857142857143,1.0,0.5,0.0,1.0,0.0,1.0,0.0,1
1.0,0.47058823529411764,0.5,0.005405405405405406,0.590073731704633,0.0,0.0,1.0,0.3333333333333333,0.0,0.3333333333333333,0.6666666666666666,0.125,1.0,0.5,0.3333333333333333,1.0,0.0,1.0,0.0,2
1.0,0.38235294117647056,1.0,0.008108108108108109,0.235501265544184,0.0,0.75,1.0,0.3333333333333333,0.0,1.0,0.6666666666666666,0.125,1.0,0.0,0.0,1.0,0.0,1.0,0.0,1
1.0,0.29411764705882354,0.5,0.002702702702702703,0.1336524705623418,0.0,0.25,1.0,0.3333333333333333,0.0,0.0,1.0,0.17857142857142858,1.0,0.5,0.0,1.0,0.0,1.0,0.0,1
0.0,0.029411764705882353,0.5,0.0,0.061846594035435236,1.0,0.0,1.0,0.3333333333333333,0.0,0.6666666666666666,0.3333333333333333,1.0,1.0,0.5,0.0,1.0,0.0,1.0,0.0,1
1.0,0.11764705882352941,1.0,0.024324324324324326,0.11235831407505227,0.0,0.0,1.0,0.6666666666666666,0.0,0.3333333333333333,0.6666666666666666,0.4107142857142857,0.5,0.5,0.3333333333333333,1.0,0.0,1.0,0.0,2
0.6666666666666666,0.5588235294117647,1.0,0.002702702702702703,0.2501375591504347,0.0,1.0,1.0,0.6666666666666666,0.0,1.0,1.0,0.6607142857142857,1.0,1.0,0.0,0.6666666666666666,0.0,0.0,0.0,1
1.0,0.11764705882352941,0.5,0.008108108108108109,0.1116430064927919,1.0,0.5,1.0,0.6666666666666666,0.0,1.0,1.0,0.32142857142857145,1.0,1.0,0.0,0.6666666666666666,0.0,1.0,0.0,1
0.3333333333333333,0.11764705882352941,0.5,0.008108108108108109,0.14746340926598436,0.0,0.75,0.3333333333333333,0.3333333333333333,0.0,0.0,0.0,0.14285714285714285,1.0,0.5,0.0,0.6666666666666666,0.0,0.0,0.0,1
1.0,0.29411764705882354,0.5,0.0,0.06707384175195334,0.25,1.0,1.0,1.0,0.0,1.0,0.0,0.39285714285714285,1.0,0.0,0.0,0.3333333333333333,0.0,0.0,0.0,1
0.3333333333333333,0.11764705882352941,0.5,0.0,0.0351050951909321,0.0,1.0,1.0,0.6666666666666666,0.0,1.0,0.6666666666666666,0.39285714285714285,0.0,0.5,0.0,0.3333333333333333,1.0,0.0,0.0,2
1.0,0.47058823529411764,0.5,0.008108108108108109,0.1127434796962694,0.5,1.0,1.0,0.6666666666666666,0.0,1.0,0.6666666666666666,0.35714285714285715,1.0,0.5,0.0,0.6666666666666666,0.0,0.0,0.0,1
0.3333333333333333,0.08823529411764706,0.5,0.005405405405405406,0.06993507208099482,0.0,0.5,1.0,0.0,0.0,0.3333333333333333,0.6666666666666666,0.21428571428571427,1.0,0.5,0.0,0.3333333333333333,0.0,0.0,0.0,1
0.3333333333333333,0.29411764705882354,0.5,0.002702702702702703,0.2125563992516782,0.5,0.25,0.6666666666666666,0.3333333333333333,0.0,1.0,0.6666666666666666,0.16071428571428573,1.0,0.0,0.0,0.6666666666666666,0.0,0.0,0.0,2
1.0,0.07352941176470588,0.5,0.0,0.18306371739848135,0.25,0.5,0.0,0.6666666666666666,1.0,0.3333333333333333,0.0,0.125,1.0,0.0,0.0,0.6666666666666666,1.0,0.0,1.0,1
1.0,0.20588235294117646,0.5,0.0,0.13271706833938593,1.0,0.75,1.0,0.6666666666666666,0.0,0.6666666666666666,0.3333333333333333,0.23214285714285715,1.0,0.5,0.0,0.6666666666666666,0.0,0.0,1.0,1
1.0,0.0,1.0,0.0,0.17222405634422802,0.0,0.75,0.0,0.3333333333333333,0.0,0.0,0.0,0.32142857142857145,1.0,0.5,0.0,0.6666666666666666,1.0,0.0,0.0,1
0.3333333333333333,0.6029411764705882,1.0,0.008108108108108109,0.24738637614174094,0.0,0.25,1.0,0.6666666666666666,0.0,0.3333333333333333,0.3333333333333333,0.10714285714285714,1.0,0.5,0.3333333333333333,0.3333333333333333,0.0,0.0,0.0,2
0.0,0.20588235294117646,0.5,0.008108108108108109,0.16176956091119182,0.0,0.5,0.3333333333333333,0.3333333333333333,0.0,0.3333333333333333,0.0,0.08928571428571429,1.0,0.5,0.0,0.6666666666666666,0.0,0.0,0.0,2
1.0,0.029411764705882353,1.0,0.008108108108108109,0.09067899196654561,1.0,0.5,0.0,0.6666666666666666,0.0,0.3333333333333333,0.0,0.26785714285714285,1.0,0.5,0.3333333333333333,0.3333333333333333,1.0,0.0,0.0,1
1.0,0.16176470588235295,0.5,0.005405405405405406,0.1352481567073842,0.0,0.25,0.3333333333333333,0.6666666666666666,0.0,0.6666666666666666,0.3333333333333333,0.14285714285714285,0.0,0.5,0.3333333333333333,0.3333333333333333,0.0,0.0,0.0,1
1.0,0.29411764705882354,0.5,0.002702702702702703,0.4966985803895675,1.0,0.5,0.3333333333333333,0.0,0.0,1.0,1.0,0.5178571428571429,1.0,1.0,0.0,0.6666666666666666,0.0,1.0,0.0,1
1.0,0.29411764705882354,1.0,1.0,0.33366347529437657,0.0,0.0,1.0,0.6666666666666666,0.5,0.3333333333333333,1.0,0.14285714285714285,0.0,0.5,0.3333333333333333,1.0,0.0,1.0,0.0,1
0.0,0.29411764705882354,1.0,0.0,0.05221745350500715,0.0,1.0,1.0,0.6666666666666666,0.0,1.0,0.6666666666666666,0.7321428571428571,1.0,0.5,0.3333333333333333,0.3333333333333333,0.0,0.0,0.0,2
1.0,0.11764705882352941,0.5,0.008108108108108109,0.055683944095961266,0.0,0.5,0.6666666666666666,0.6666666666666666,0.0,0.3333333333333333,0.6666666666666666,0.10714285714285714,1.0,0.5,0.0,0.6666666666666666,0.0,0.0,0.0,1
1.0,0.29411764705882354,0.5,0.005405405405405406,0.20479806316716187,0.0,0.75,0.3333333333333333,0.3333333333333333,0.0,1.0,0.3333333333333333,0.10714285714285714,1.0,0.0,0.0,0.6666666666666666,0.0,1.0,0.0,1
0.0,0.47058823529411764,0.5,0.0,0.08759766699680863,0.0,0.25,1.0,0.3333333333333333,0.0,1.0,0.6666666666666666,0.26785714285714285,1.0,0.5,0.0,0.6666666666666666,0.0,1.0,0.0,2
1.0,0.16176470588235295,1.0,0.005405405405405406,0.17018818091779464,0.0,0.5,1.0,0.6666666666666666,0.0,0.3333333333333333,1.0,0.16071428571428573,1.0,1.0,0.0,0.6666666666666666,0.0,1.0,0.0,1
0.3333333333333333,0.029411764705882353,0.5,0.013513513513513514,0.011224826675470452,0.0,0.25,0.6666666666666666,1.0,0.0,0.0,0.3333333333333333,0.05357142857142857,1.0,0.5,0.0,0.3333333333333333,0.0,0.0,0.0,1
1.0,0.11764705882352941,1.0,0.005405405405405406,0.09271486739297898,0.0,1.0,1.0,0.6666666666666666,0.0,1.0,0.0,0.42857142857142855,1.0,0.5,0.6666666666666666,0.6666666666666666,0.0,1.0,0.0,1
1.0,0.29411764705882354,0.5,0.008108108108108109,0.16424562561901618,0.5,1.0,0.6666666666666666,0.0,0.0,0.3333333333333333,0.6666666666666666,0.125,1.0,0.5,0.0,1.0,0.0,1.0,0.0,1
0.0,0.6470588235294118,0.5,0.008108108108108109,0.358093980411577,0.0,0.5,0.6666666666666666,0.3333333333333333,0.0,0.3333333333333333,0.6666666666666666,0.21428571428571427,1.0,0.5,0.0,0.6666666666666666,0.0,1.0,0.0,2
0.3333333333333333,0.47058823529411764,0.75,0.024324324324324326,0.5286123032904149,0.25,0.75,0.0,0.6666666666666666,0.0,0.6666666666666666,0.3333333333333333,0.21428571428571427,1.0,0.5,0.3333333333333333,0.3333333333333333,1.0,1.0,0.0,1
0.3333333333333333,0.29411764705882354,0.75,0.005405405405405406,0.09981291955540883,0.0,0.0,0.6666666666666666,0.3333333333333333,0.0,0.3333333333333333,0.3333333333333333,0.26785714285714285,1.0,0.5,0.0,1.0,0.0,1.0,0.0,2
0.0,0.29411764705882354,0.5,0.005405405405405406,0.15951359084406294,0.0,0.25,1.0,0.6666666666666666,0.0,0.0,1.0,0.05357142857142857,0.0,1.0,0.0,0.6666666666666666,0.0,0.0,0.0,1
0.6666666666666666,0.08823529411764706,0.5,0.0,0.05447342357213602,0.25,1.0,0.0,0.3333333333333333,0.0,1.0,1.0,0.5178571428571429,1.0,1.0,0.0,0.3333333333333333,1.0,0.0,0.0,2
0.3333333333333333,0.38235294117647056,0.5,0.005405405405405406,0.1970947507428194,0.0,0.25,0.3333333333333333,1.0,0.0,0.0,0.3333333333333333,0.05357142857142857,1.0,0.5,0.0,0.6666666666666666,0.0,0.0,0.0,1
1.0,0.29411764705882354,1.0,0.008108108108108109,0.13392758886321118,0.0,0.5,1.0,0.6666666666666666,0.0,0.3333333333333333,0.0,0.2857142857142857,1.0,0.5,0.3333333333333333,0.3333333333333333,0.0,0.0,0.0,1
0.0,0.11764705882352941,0.5,0.005405405405405406,0.05716958292065588,0.0,0.5,1.0,0.6666666666666666,1.0,0.0,0.3333333333333333,0.03571428571428571,1.0,0.5,0.0,0.3333333333333333,0.0,0.0,0.0,1
0.3333333333333333,0.47058823529411764,0.5,0.008108108108108109,0.11406404754044239,0.0,0.75,1.0,0.6666666666666666,0.0,1.0,0.6666666666666666,0.08928571428571429,1.0,0.0,0.0,0.6666666666666666,0.0,0.0,0.0,1
1.0,0.20588235294117646,0.5,0.024324324324324326,0.0935402222955871,0.0,0.75,1.0,0.6666666666666666,0.0,0.0,0.6666666666666666,0.26785714285714285,0.5,0.5,0.3333333333333333,0.6666666666666666,0.0,1.0,0.0,1
0.3333333333333333,0.07352941176470588,0.5,0.008108108108108109,0.011444921316165951,0.0,0.5,1.0,0.6666666666666666,0.0,0.6666666666666666,0.0,0.08928571428571429,1.0,0.5,0.0,0.6666666666666666,0.0,0.0,0.0,1
0.3333333333333333,0.20588235294117646,0.5,0.016216216216216217,0.054418399911962144,1.0,0.5,1.0,0.6666666666666666,0.0,1.0,1.0,0.75,1.0,1.0,0.0,0.6666666666666666,0.0,0.0,0.0,1
0.0,0.23529411764705882,0.5,0.005405405405405406,0.10795642126114229,1.0,0.75,1.0,0.6666666666666666,0.0,1.0,0.6666666666666666,0.35714285714285715,1.0,0.5,0.0,0.6666666666666666,0.0,1.0,0.0,1
1.0,0.16176470588235295,1.0,0.008108108108108109,0.06718388907230109,0.0,0.5,1.0,0.6666666666666666,0.0,1.0,1.0,0.2857142857142857,1.0,1.0,0.3333333333333333,0.6666666666666666,0.0,1.0,0.0,1
0.0,0.6470588235294118,0.5,0.002702702702702703,0.2496973698690437,0.0,0.75,1.0,0.6666666666666666,0.0,0.6666666666666666,0.3333333333333333,0.125,1.0,0.5,0.0,0.6666666666666666,1.0,0.0,0.0,1
1.0,0.29411764705882354,0.75,0.005405405405405406,0.21464729833828547,0.25,0.5,0.3333333333333333,0.6666666666666666,0.0,0.6666666666666666,0.3333333333333333,0.2857142857142857,1.0,0.5,0.3333333333333333,0.6666666666666666,0.0,0.0,0.0,1
0.0,0.25,0.25,0.0,0.07686805326290305,1.0,0.5,1.0,0.6666666666666666,0.0,0.3333333333333333,0.3333333333333333,0.375,1.0,0.5,0.3333333333333333,0.3333333333333333,1.0,0.0,0.0,2
0.3333333333333333,0.29411764705882354,0.5,0.008108108108108109,0.2659843732805106,1.0,1.0,0.3333333333333333,0.3333333333333333,0.0,1.0,0.6666666666666666,0.4107142857142857,1.0,0.5,0.0,0.6666666666666666,0.0,1.0,0.0,1
1.0,0.11764705882352941,0.5,0.016216216216216217,0.025806096621547266,0.0,1.0,1.0,0.6666666666666666,0.0,1.0,0.6666666666666666,0.39285714285714285,0.0,0.5,0.0,0.3333333333333333,1.0,0.0,0.0,2
1.0,0.29411764705882354,1.0,0.002702702702702703,0.36271596786618243,1.0,0.5,0.3333333333333333,0.6666666666666666,0.0,1.0,0.3333333333333333,0.48214285714285715,1.0,0.5,0.3333333333333333,1.0,1.0,1.0,0.0,1
0.3333333333333333,0.23529411764705882,0.75,1.0,0.13090128755364808,0.0,0.5,0.3333333333333333,0.6666666666666666,0.0,0.6666666666666666,0.6666666666666666,0.17857142857142858,0.0,0.5,0.3333333333333333,0.6666666666666666,0.0,1.0,0.0,1
0.0,0.29411764705882354,0.5,0.0,0.05265764278639815,0.0,0.25,1.0,0.3333333333333333,0.0,1.0,0.3333333333333333,0.08928571428571429,1.0,0.0,0.0,0.6666666666666666,0.0,0.0,0.0,2
0.3333333333333333,0.29411764705882354,0.5,0.002702702702702703,0.6223175965665236,0.0,0.5,0.0,0.3333333333333333,0.0,1.0,0.6666666666666666,0.07142857142857142,1.0,0.0,0.3333333333333333,1.0,0.0,0.0,0.0,2
0.6666666666666666,0.07352941176470588,0.0,0.008108108108108109,0.05981071860900187,0.0,0.25,1.0,0.6666666666666666,0.0,0.3333333333333333,0.6666666666666666,0.26785714285714285,1.0,0.5,0.3333333333333333,1.0,0.0,1.0,0.0,2
1.0,0.029411764705882353,0.5,0.008108108108108109,0.060305931550566745,0.25,1.0,0.3333333333333333,0.6666666666666666,0.0,1.0,1.0,0.4107142857142857,0.0,1.0,0.0,0.6666666666666666,1.0,1.0,0.0,1
1.0,0.29411764705882354,1.0,0.013513513513513514,0.09948277759436558,0.0,0.5,1.0,0.0,0.0,0.3333333333333333,0.0,0.25,1.0,0.5,0.3333333333333333,0.6666666666666666,0.0,1.0,0.0,1
1.0,0.47058823529411764,0.5,0.005405405405405406,0.1705183228788379,0.0,0.5,1.0,0.3333333333333333,0.0,0.3333333333333333,0.6666666666666666,0.16071428571428573,1.0,0.5,0.0,1.0,0.0,1.0,0.0,2
1.0,0.47058823529411764,0.5,0.0,0.03626059205458347,0.5,1.0,1.0,0.6666666666666666,0.0,1.0,0.3333333333333333,0.30357142857142855,1.0,0.5,0.0,0.6666666666666666,0.0,0.0,0.0,1
0.3333333333333333,0.20588235294117646,0.5,0.0,0.3090128755364807,0.25,0.5,0.3333333333333333,0.6666666666666666,0.0,0.3333333333333333,0.6666666666666666,0.19642857142857142,1.0,0.5,0.3333333333333333,0.6666666666666666,0.0,1.0,0.0,1
1.0,0.20588235294117646,1.0,0.008108108108108109,0.049466270496313414,0.75,0.5,1.0,0.6666666666666666,0.0,0.6666666666666666,0.0,0.48214285714285715,1.0,0.5,0.3333333333333333,0.6666666666666666,0.0,0.0,0.0,1
1.0,0.08823529411764706,0.5,0.0,0.06426763508308572,0.25,0.5,0.6666666666666666,0.6666666666666666,0.0,0.3333333333333333,0.0,0.2857142857142857,1.0,0.0,0.0,0.3333333333333333,0.0,0.0,1.0,1
0.0,0.20588235294117646,1.0,0.0,0.27797953119841534,0.0,1.0,0.3333333333333333,0.6666666666666666,0.0,1.0,1.0,0.30357142857142855,1.0,1.0,0.6666666666666666,1.0,0.0,1.0,0.0,1
0.3333333333333333,0.07352941176470588,0.5,0.008108108108108109,0.05260261912622428,0.0,1.0,1.0,0.3333333333333333,0.0,1.0,0.0,0.10714285714285714,1.0,0.5,0.0,0.6666666666666666,0.0,0.0,0.0,1
1.0,0.16176470588235295,1.0,0.008108108108108109,0.058655221745350504,0.5,0.5,0.3333333333333333,1.0,0.0,0.3333333333333333,0.3333333333333333,0.5,1.0,0.5,0.3333333333333333,0.3333333333333333,0.0,0.0,0.0,1
0.0,0.29411764705882354,0.5,0.005405405405405406,0.1702982282381424,0.0,1.0,1.0,0.6666666666666666,0.0,0.3333333333333333,0.3333333333333333,0.35714285714285715,1.0,0.0,0.0,1.0,0.0,1.0,0.0,2
0.0,0.47058823529411764,0.25,0.005405405405405406,0.13733905579399142,0.0,1.0,1.0,0.6666666666666666,0.0,1.0,0.6666666666666666,0.21428571428571427,0.0,0.5,0.0,0.6666666666666666,0.0,0.0,0.0,2
0.0,0.14705882352941177,0.5,0.0,0.48024650599757895,0.0,1.0,0.0,0.0,0.0,1.0,0.3333333333333333,0.4642857142857143,1.0,0.5,0.0,1.0,0.0,1.0,1.0,2
0.0,0.20588235294117646,0.5,0.008108108108108109,0.17932210850665786,0.0,0.75,1.0,0.3333333333333333,1.0,0.0,0.0,0.10714285714285714,1.0,0.5,0.0,0.6666666666666666,0.0,0.0,0.0,1
1.0,0.07352941176470588,0.5,0.005405405405405406,0.05849015076482888,0.0,1.0,0.0,0.6666666666666666,0.0,1.0,0.6666666666666666,0.017857142857142856,1.0,0.5,0.0,0.6666666666666666,0.0,0.0,0.0,1
1.0,0.20588235294117646,1.0,0.008108108108108109,0.32023770221195114,0.0,1.0,0.6666666666666666,0.6666666666666666,0.0,1.0,0.6666666666666666,0.25,1.0,0.5,0.3333333333333333,0.6666666666666666,0.0,1.0,0.0,1
0.0,0.029411764705882353,0.5,0.016216216216216217,0.010894684714427203,0.0,0.25,1.0,0.3333333333333333,0.0,1.0,0.3333333333333333,0.07142857142857142,1.0,0.5,0.0,0.6666666666666666,0.0,0.0,0.0,2
0.0,0.25,0.5,0.005405405405405406,0.1842742379223066,0.0,0.75,0.0,0.3333333333333333,0.0,1.0,0.6666666666666666,0.125,1.0,0.0,0.0,0.3333333333333333,0.0,0.0,0.0,1
1.0,0.47058823529411764,1.0,0.0,0.4184549356223176,0.0,0.5,1.0,0.3333333333333333,0.0,0.3333333333333333,0.0,0.10714285714285714,0.5,0.5,0.3333333333333333,0.6666666666666666,0.0,1.0,0.0,2
0.0,0.16176470588235295,0.5,0.008108108108108109,0.04418399911962144,0.0,0.25,1.0,1.0,0.0,0.3333333333333333,0.0,0.14285714285714285,1.0,0.5,0.0,0.6666666666666666,0.0,0.0,1.0,1
1.0,0.11764705882352941,1.0,0.008108108108108109,0.11450423682183339,1.0,1.0,0.0,0.6666666666666666,0.5,1.0,0.0,0.5357142857142857,1.0,0.5,0.0,0.6666666666666666,0.0,1.0,0.0,1
0.3333333333333333,0.058823529411764705,0.5,0.024324324324324326,0.03615054473423572,0.0,0.25,0.6666666666666666,1.0,0.0,0.3333333333333333,0.0,0.125,1.0,0.5,0.0,0.6666666666666666,0.0,1.0,0.0,1
1.0,0.29411764705882354,0.5,0.008108108108108109,0.0412127214702322,1.0,1.0,1.0,0.6666666666666666,0.0,0.3333333333333333,0.6666666666666666,0.10714285714285714,1.0,0.5,0.3333333333333333,0.6666666666666666,0.0,0.0,0.0,1
0.0,0.29411764705882354,0.5,0.002702702702702703,0.1471332673049411,0.0,0.5,0.6666666666666666,0.6666666666666666,1.0,1.0,1.0,0.7857142857142857,0.0,0.5,0.0,0.6666666666666666,1.0,1.0,0.0,1
0.3333333333333333,0.29411764705882354,0.75,0.008108108108108109,0.07169582920655881,0.25,0.75,0.6666666666666666,0.3333333333333333,0.0,0.3333333333333333,0.3333333333333333,0.07142857142857142,1.0,0.0,0.3333333333333333,0.6666666666666666,0.0,1.0,0.0,1
1.0,0.029411764705882353,1.0,0.008108108108108109,0.054308352591614394,0.25,0.5,0.0,0.3333333333333333,0.0,0.0,0.3333333333333333,0.14285714285714285,1.0,0.5,0.3333333333333333,0.6666666666666666,0.0,0.0,0.0,1
0.0,0.29411764705882354,0.75,0.0,0.25420931000330144,0.0,0.5,0.6666666666666666,0.6666666666666666,0.0,1.0,1.0,0.6071428571428571,1.0,1.0,0.3333333333333333,0.6666666666666666,1.0,0.0,0.0,2
1.0,0.29411764705882354,1.0,0.002702702702702703,0.1990756025090789,0.0,1.0,1.0,0.3333333333333333,0.0,0.3333333333333333,0.6666666666666666,0.39285714285714285,1.0,0.0,0.3333333333333333,1.0,0.0,1.0,0.0,1
0.0,0.20588235294117646,0.5,0.005405405405405406,0.21475734565863322,0.0,0.5,0.3333333333333333,0.6666666666666666,0.5,0.6666666666666666,0.6666666666666666,0.4107142857142857,1.0,0.5,0.0,0.6666666666666666,0.0,0.0,0.0,2
0.3333333333333333,0.20588235294117646,0.5,0.024324324324324326,0.13051612193243095,0.25,0.5,1.0,0.6666666666666666,0.0,1.0,0.6666666666666666,0.26785714285714285,1.0,0.5,0.0,0.6666666666666666,0.0,0.0,0.0,1
1.0,0.029411764705882353,0.0,0.008108108108108109,0.009684164190601958,0.0,1.0,1.0,1.0,0.0,1.0,0.6666666666666666,0.35714285714285715,1.0,0.5,0.0,0.3333333333333333,0.0,0.0,0.0,1
0.6666666666666666,0.029411764705882353,0.5,0.005405405405405406,0.10267414988445031,0.0,0.5,0.3333333333333333,0.6666666666666666,0.0,0.3333333333333333,0.0,0.39285714285714285,1.0,0.5,0.0,0.6666666666666666,0.0,1.0,0.0,1
0.0,0.029411764705882353,0.5,0.008108108108108109,0.1318917134367778,0.5,0.5,0.3333333333333333,0.6666666666666666,0.0,0.6666666666666666,0.0,0.44642857142857145,1.0,0.0,0.0,0.6666666666666666,1.0,0.0,0.0,1
0.0,0.47058823529411764,0.75,0.016216216216216217,0.36519203257400684,0.0,0.5,1.0,0.6666666666666666,0.0,0.6666666666666666,0.3333333333333333,0.17857142857142858,0.5,0.5,0.0,0.6666666666666666,0.0,1.0,0.0,2
0.0,0.029411764705882353,1.0,0.005405405405405406,0.17244415098492352,0.0,0.5,0.0,0.0,0.0,1.0,0.0,0.44642857142857145,1.0,0.0,0.0,1.0,0.0,1.0,0.0,2
0.3333333333333333,0.11764705882352941,0.5,0.0,0.39738087377572356,1.0,0.0,0.0,0.3333333333333333,0.0,0.3333333333333333,0.0,0.08928571428571429,1.0,0.0,0.0,0.0,0.0,0.0,0.0,1
0.0,0.20588235294117646,0.5,0.008108108108108109,0.1293056014086057,0.0,0.5,1.0,0.6666666666666666,0.0,1.0,1.0,0.8214285714285714,1.0,1.0,0.3333333333333333,0.6666666666666666,0.0,0.0,0.0,2
0.3333333333333333,0.16176470588235295,0.5,0.008108108108108109,0.03037306041597887,0.0,1.0,1.0,0.6666666666666666,0.0,0.6666666666666666,0.6666666666666666,0.32142857142857145,1.0,0.5,0.0,0.6666666666666666,1.0,0.0,0.0,2
0.3333333333333333,0.11764705882352941,0.5,0.008108108108108109,0.049796412457356665,0.0,1.0,0.6666666666666666,1.0,1.0,0.6666666666666666,0.0,0.375,0.0,0.5,0.3333333333333333,0.3333333333333333,0.0,0.0,0.0,1
0.3333333333333333,0.29411764705882354,0.5,0.008108108108108109,0.14559260482007264,0.25,0.25,0.3333333333333333,0.6666666666666666,0.0,0.0,0.6666666666666666,0.17857142857142858,1.0,0.5,0.0,0.6666666666666666,0.0,0.0,0.0,1
1.0,0.47058823529411764,1.0,0.002702702702702703,0.5627269725982172,1.0,1.0,0.3333333333333333,0.6666666666666666,0.0,1.0,1.0,0.4107142857142857,1.0,1.0,0.3333333333333333,0.6666666666666666,0.0,0.0,0.0,1
0.3333333333333333,0.38235294117647056,0.0,0.024324324324324326,0.2184989545504567,0.0,0.5,0.3333333333333333,0.3333333333333333,0.0,0.0,0.6666666666666666,0.16071428571428573,1.0,0.5,0.3333333333333333,0.6666666666666666,0.0,0.0,0.0,1
1.0,0.029411764705882353,0.5,0.016216216216216217,0.0708704743039507,0.0,0.25,0.0,0.3333333333333333,0.0,0.3333333333333333,1.0,0.6607142857142857,1.0,0.5,0.0,0.6666666666666666,0.0,0.0,0.0,1
0.3333333333333333,0.23529411764705882,0.0,0.002702702702702703,0.32452954770551334,0.25,1.0,0.6666666666666666,1.0,0.0,1.0,0.6666666666666666,0.21428571428571427,0.0,0.5,0.3333333333333333,0.6666666666666666,0.0,1.0,0.0,1
0.3333333333333333,0.20588235294117646,0.0,0.005405405405405406,0.16474083856058105,0.0,0.5,0.0,0.3333333333333333,0.0,1.0,0.6666666666666666,0.25,0.0,0.5,0.3333333333333333,0.6666666666666666,0.0,1.0,0.0,1
1.0,0.16176470588235295,0.5,0.008108108108108109,0.06250687795752173,1.0,0.5,1.0,1.0,0.0,0.3333333333333333,0.0,0.375,1.0,0.0,0.0,0.6666666666666666,0.0,1.0,0.0,1
0.3333333333333333,0.11764705882352941,0.5,0.005405405405405406,0.040332342907450205,0.75,0.25,0.0,0.3333333333333333,0.0,1.0,0.0,0.0,1.0,0.0,0.0,0.3333333333333333,0.0,0.0,0.0,1
1.0,0.3382352941176471,0.75,0.024324324324324326,0.26780015406624846,0.0,0.75,0.6666666666666666,0.6666666666666666,0.0,1.0,0.6666666666666666,0.125,1.0,0.5,0.3333333333333333,0.6666666666666666,0.0,0.0,0.0,1
0.3333333333333333,0.07352941176470588,1.0,0.016216216216216217,0.04875096291405304,0.75,1.0,1.0,0.6666666666666666,0.0,0.6666666666666666,1.0,0.23214285714285715,1.0,1.0,0.3333333333333333,0.6666666666666666,1.0,0.0,0.0,2
1.0,0.029411764705882353,1.0,0.005405405405405406,0.0534279740288324,1.0,0.5,0.0,1.0,0.0,0.3333333333333333,0.3333333333333333,0.14285714285714285,1.0,0.5,0.3333333333333333,0.6666666666666666,0.0,0.0,0.0,1
1.0,0.16176470588235295,0.5,0.005405405405405406,0.10652580609662154,1.0,0.75,0.0,0.3333333333333333,0.0,1.0,0.0,0.25,0.0,0.0,0.0,0.3333333333333333,0.0,0.0,0.0,1
0.0,0.8235294117647058,0.5,0.024324324324324326,0.3877517332452955,0.0,1.0,1.0,0.6666666666666666,0.5,1.0,1.0,0.30357142857142855,1.0,0.0,0.0,0.6666666666666666,0.0,0.0,0.0,2
1.0,0.38235294117647056,1.0,0.008108108108108109,0.35721360184879497,1.0,0.75,0.3333333333333333,0.6666666666666666,0.0,0.6666666666666666,0.3333333333333333,0.30357142857142855,1.0,0.5,0.3333333333333333,0.6666666666666666,0.0,0.0,0.0,1
0.0,0.29411764705882354,0.0,0.005405405405405406,0.2123913282711566,0.0,1.0,0.6666666666666666,0.6666666666666666,0.0,1.0,1.0,0.07142857142857142,0.0,0.0,0.3333333333333333,0.6666666666666666,1.0,0.0,0.0,2
0.3333333333333333,0.07352941176470588,0.25,0.002702702702702703,0.26846043798833497,0.0,1.0,0.3333333333333333,0.3333333333333333,0.0,1.0,1.0,0.9821428571428571,0.0,1.0,0.0,1.0,1.0,1.0,0.0,2
0.0,0.29411764705882354,0.5,1.0,0.08281060856168153,0.0,1.0,1.0,0.3333333333333333,1.0,1.0,0.0,0.6964285714285714,1.0,0.5,0.0,0.3333333333333333,0.0,1.0,0.0,1
0.3333333333333333,0.6470588235294118,0.0,1.0,1.0,0.0,0.5,0.0,0.3333333333333333,0.0,0.3333333333333333,0.3333333333333333,0.23214285714285715,0.0,0.5,0.0,1.0,0.0,1.0,1.0,2
1.0,0.29411764705882354,1.0,0.008108108108108109,0.11962143721800374,1.0,1.0,1.0,0.6666666666666666,0.0,1.0,0.3333333333333333,0.6071428571428571,1.0,0.5,0.3333333333333333,0.6666666666666666,0.0,0.0,0.0,1
0.3333333333333333,0.07352941176470588,0.5,0.008108108108108109,0.029712776493892375,0.5,0.5,1.0,0.3333333333333333,0.0,0.6666666666666666,0.0,0.8392857142857143,1.0,0.5,0.0,0.3333333333333333,0.0,0.0,0.0,1
0.0,0.20588235294117646,0.5,0.005405405405405406,0.09843732805106195,0.0,0.5,0.0,0.3333333333333333,0.0,1.0,0.0,0.017857142857142856,0.0,0.0,0.0,0.6666666666666666,0.0,0.0,0.0,2
0.0,0.6470588235294118,1.0,0.002702702702702703,0.324254429404644,0.0,1.0,1.0,0.3333333333333333,0.0,1.0,1.0,0.6964285714285714,0.5,1.0,0.3333333333333333,0.3333333333333333,0.0,0.0,0.0,2
1.0,0.11764705882352941,1.0,0.0,0.03719599427753934,0.0,0.0,0.0,0.3333333333333333,0.0,0.3333333333333333,0.3333333333333333,0.3392857142857143,1.0,0.5,0.0,0.0,0.0,0.0,0.0,1
1.0,0.20588235294117646,0.5,0.024324324324324326,0.07252118410916694,0.25,0.5,0.6666666666666666,0.3333333333333333,0.0,1.0,0.3333333333333333,0.08928571428571429,1.0,0.0,0.0,0.3333333333333333,0.0,0.0,0.0,1
1.0,0.08823529411764706,0.5,0.002702702702702703,0.14295146913172666,0.25,0.5,0.0,0.6666666666666666,0.5,0.3333333333333333,0.0,0.23214285714285715,1.0,0.5,0.0,0.6666666666666666,1.0,0.0,0.0,1
0.3333333333333333,0.38235294117647056,0.25,0.005405405405405406,0.17860680092439749,0.75,0.5,1.0,0.6666666666666666,0.0,0.3333333333333333,0.6666666666666666,0.26785714285714285,0.5,0.5,0.0,0.6666666666666666,1.0,1.0,0.0,1
1.0,0.20588235294117646,1.0,0.0,0.04429404643996919,0.0,0.25,1.0,0.3333333333333333,0.0,0.0,0.3333333333333333,0.19642857142857142,1.0,0.5,0.3333333333333333,0.6666666666666666,0.0,0.0,0.0,1
1.0,0.11764705882352941,0.5,0.0,0.046825134807967426,0.0,0.5,0.6666666666666666,1.0,0.0,0.3333333333333333,0.0,0.14285714285714285,1.0,0.5,0.3333333333333333,0.6666666666666666,0.0,1.0,0.0,1
0.0,0.6470588235294118,0.5,0.010810810810810811,0.15412127214702323,0.0,0.5,0.6666666666666666,0.6666666666666666,0.0,1.0,0.6666666666666666,0.625,1.0,0.5,0.0,0.6666666666666666,0.0,0.0,0.0,2
1.0,0.29411764705882354,0.75,0.024324324324324326,0.15010454495433037,1.0,0.5,1.0,0.6666666666666666,0.0,1.0,0.0,0.23214285714285715,1.0,0.5,0.3333333333333333,0.6666666666666666,1.0,1.0,0.0,1
0.0,0.47058823529411764,1.0,0.005405405405405406,0.3289864641795972,0.0,0.25,1.0,0.3333333333333333,0.5,1.0,1.0,0.07142857142857142,1.0,0.0,0.3333333333333333,0.3333333333333333,0.0,1.0,0.0,2
0.0,0.20588235294117646,1.0,0.005405405405405406,0.10311433916584131,0.0,0.5,1.0,0.3333333333333333,0.0,1.0,0.0,0.08928571428571429,1.0,0.0,0.3333333333333333,0.6666666666666666,0.0,0.0,0.0,2
1.0,0.29411764705882354,0.5,0.008108108108108109,0.11191812479366127,0.0,0.75,1.0,0.6666666666666666,0.0,0.3333333333333333,0.6666666666666666,0.16071428571428573,1.0,0.5,0.0,0.6666666666666666,0.0,1.0,0.0,1
1.0,0.29411764705882354,1.0,0.016216216216216217,0.07411687025420931,0.0,1.0,1.0,0.6666666666666666,0.0,1.0,1.0,0.625,1.0,1.0,0.3333333333333333,0.6666666666666666,1.0,0.0,0.0,1
0.6666666666666666,0.029411764705882353,1.0,0.016216216216216217,0.04385385715857819,0.0,0.5,0.3333333333333333,0.3333333333333333,0.0,1.0,0.3333333333333333,0.5535714285714286,1.0,0.5,0.0,0.3333333333333333,0.0,0.0,0.0,1
1.0,0.029411764705882353,0.5,0.0,0.02321998459337515,0.0,0.0,0.0,0.3333333333333333,0.0,1.0,0.0,0.625,1.0,0.5,0.0,0.0,0.0,1.0,0.0,1
1.0,0.29411764705882354,1.0,0.008108108108108109,0.06965995378012545,0.75,0.5,1.0,0.3333333333333333,0.0,0.0,0.0,0.42857142857142855,1.0,0.5,0.3333333333333333,0.3333333333333333,0.0,0.0,0.0,1
0.0,0.29411764705882354,0.75,0.0,0.059590623968306375,0.0,0.0,1.0,0.6666666666666666,0.0,0.3333333333333333,0.0,0.42857142857142855,1.0,1.0,0.3333333333333333,0.6666666666666666,1.0,0.0,0.0,2
0.0,0.07352941176470588,0.5,0.0,0.06448772972378122,0.0,0.25,0.6666666666666666,0.6666666666666666,0.0,0.3333333333333333,1.0,0.14285714285714285,1.0,1.0,0.0,1.0,0.0,1.0,0.0,2
1.0,0.6470588235294118,0.5,0.024324324324324326,0.2527786948387807,0.0,0.0,0.6666666666666666,0.6666666666666666,0.0,0.3333333333333333,0.6666666666666666,0.25,0.0,0.0,0.0,1.0,0.0,1.0,0.0,2
0.6666666666666666,0.29411764705882354,0.5,0.0,0.03835149114119071,0.0,0.75,1.0,0.6666666666666666,0.0,0.6666666666666666,1.0,0.3392857142857143,0.0,1.0,0.0,0.6666666666666666,1.0,0.0,0.0,2
0.3333333333333333,0.07352941176470588,1.0,0.008108108108108109,0.04974138879718279,0.0,1.0,0.3333333333333333,0.6666666666666666,0.0,1.0,0.0,0.32142857142857145,1.0,0.5,0.6666666666666666,0.3333333333333333,0.0,0.0,0.0,1
0.6666666666666666,0.08823529411764706,0.5,0.010810810810810811,0.0536480686695279,0.0,0.5,0.3333333333333333,0.6666666666666666,0.0,0.3333333333333333,0.6666666666666666,0.32142857142857145,1.0,0.5,0.0,0.6666666666666666,0.0,1.0,0.0,1
1.0,0.47058823529411764,1.0,0.024324324324324326,0.3331132386926378,1.0,1.0,1.0,0.6666666666666666,0.0,1.0,0.0,0.30357142857142855,1.0,0.5,0.3333333333333333,0.6666666666666666,0.0,0.0,0.0,1
1.0,0.16176470588235295,0.5,0.0,0.16154946627049632,0.75,0.75,0.3333333333333333,0.3333333333333333,0.0,0.6666666666666666,0.6666666666666666,0.017857142857142856,1.0,0.0,0.0,0.6666666666666666,0.0,0.0,0.0,1
0.0,0.07352941176470588,1.0,0.0,0.14025530978320677,0.0,0.5,0.3333333333333333,0.6666666666666666,0.0,0.3333333333333333,0.0,0.30357142857142855,1.0,0.0,0.3333333333333333,0.6666666666666666,1.0,0.0,0.0,1
1.0,0.16176470588235295,0.5,0.002702702702702703,0.24248927038626608,0.0,0.5,0.6666666666666666,0.6666666666666666,0.0,0.3333333333333333,0.6666666666666666,0.19642857142857142,1.0,0.5,0.0,0.6666666666666666,0.0,1.0,0.0,1
0.3333333333333333,0.7352941176470589,0.0,0.024324324324324326,0.8635963464289644,0.0,0.25,0.6666666666666666,0.6666666666666666,0.0,1.0,1.0,0.6964285714285714,1.0,0.0,0.0,0.6666666666666666,0.0,1.0,0.0,2
0.0,0.11764705882352941,0.5,0.0,0.028007043028502255,0.0,0.75,1.0,0.6666666666666666,0.0,0.3333333333333333,0.0,0.125,1.0,0.5,0.0,0.6666666666666666,0.0,0.0,0.0,2
0.0,0.11764705882352941,0.5,0.0,0.05634422801804776,0.0,0.25,0.6666666666666666,0.3333333333333333,0.0,0.0,0.0,0.32142857142857145,1.0,0.5,0.0,0.3333333333333333,0.0,0.0,0.0,2
0.0,0.11764705882352941,1.0,0.005405405405405406,0.10982722570705403,0.0,1.0,0.6666666666666666,0.6666666666666666,0.0,0.6666666666666666,0.3333333333333333,0.7321428571428571,1.0,0.5,0.3333333333333333,0.6666666666666666,0.0,0.0,0.0,2
0.3333333333333333,0.20588235294117646,0.75,0.013513513513513514,0.32761087267525035,0.0,0.5,0.3333333333333333,0.6666666666666666,0.0,1.0,0.0,0.44642857142857145,1.0,0.5,0.0,0.3333333333333333,1.0,1.0,0.0,1
0.3333333333333333,0.29411764705882354,0.75,0.024324324324324326,0.24551557169582922,1.0,0.5,1.0,0.6666666666666666,0.0,0.3333333333333333,0.3333333333333333,0.32142857142857145,0.0,0.5,0.3333333333333333,1.0,0.0,1.0,0.0,1
0.0,0.11764705882352941,0.5,0.005405405405405406,0.022119511389897657,0.0,1.0,1.0,0.3333333333333333,0.0,1.0,0.3333333333333333,0.08928571428571429,1.0,0.0,0.0,0.6666666666666666,0.0,0.0,0.0,1
0.0,0.029411764705882353,0.5,0.0,0.022669747991636402,0.0,0.25,0.6666666666666666,0.6666666666666666,0.0,1.0,0.0,0.39285714285714285,1.0,0.5,0.0,0.3333333333333333,1.0,1.0,0.0,1
1.0,0.16176470588235295,0.5,0.002702702702702703,0.0577748431825685,1.0,1.0,1.0,0.6666666666666666,0.0,1.0,1.0,0.4642857142857143,0.0,1.0,0.0,0.6666666666666666,1.0,0.0,0.0,1
0.3333333333333333,0.14705882352941177,0.5,0.024324324324324326,0.06382744580169473,0.5,1.0,0.0,1.0,0.0,0.3333333333333333,0.0,0.2857142857142857,1.0,0.5,0.0,0.6666666666666666,0.0,1.0,0.0,1
1.0,0.29411764705882354,0.5,0.002702702702702703,0.3336084516342027,1.0,1.0,0.6666666666666666,0.6666666666666666,0.0,1.0,0.6666666666666666,0.39285714285714285,1.0,0.5,0.0,1.0,1.0,1.0,0.0,1
1.0,0.25,0.75,0.024324324324324326,0.1282051282051282,0.5,0.25,1.0,0.6666666666666666,0.0,0.3333333333333333,0.0,0.39285714285714285,0.0,0.5,0.0,0.3333333333333333,1.0,0.0,0.0,2
1.0,0.07352941176470588,1.0,0.016216216216216217,0.037746230879278087,0.5,1.0,1.0,0.6666666666666666,0.0,0.3333333333333333,0.6666666666666666,0.5892857142857143,1.0,0.5,0.3333333333333333,0.6666666666666666,0.0,1.0,0.0,1
0.3333333333333333,0.20588235294117646,1.0,0.005405405405405406,0.33624958732254867,0.0,1.0,0.3333333333333333,0.6666666666666666,0.0,0.0,1.0,0.39285714285714285,1.0,0.5,0.0,0.6666666666666666,0.0,1.0,0.0,1
0.0,0.11764705882352941,0.5,0.010810810810810811,0.02701661714537251,0.25,0.0,1.0,0.3333333333333333,0.0,0.6666666666666666,0.3333333333333333,0.05357142857142857,1.0,0.5,0.0,0.6666666666666666,0.0,0.0,0.0,2
1.0,0.29411764705882354,0.5,0.008108108108108109,0.09084406294706723,0.25,0.5,1.0,0.6666666666666666,0.0,1.0,0.6666666666666666,0.17857142857142858,1.0,0.0,0.0,1.0,0.0,1.0,0.0,1
1.0,0.08823529411764706,0.5,0.005405405405405406,0.10784637394079453,0.0,0.5,0.3333333333333333,0.6666666666666666,0.0,0.3333333333333333,0.0,0.10714285714285714,0.0,0.0,0.0,0.3333333333333333,0.0,0.0,0.0,2
1.0,0.20588235294117646,0.75,0.024324324324324326,0.10559040387366568,0.0,0.5,1.0,1.0,0.0,0.3333333333333333,0.6666666666666666,0.16071428571428573,1.0,0.5,0.0,0.6666666666666666,0.0,1.0,0.0,2
0.3333333333333333,0.29411764705882354,0.5,0.008108108108108109,0.09447562451854297,0.0,1.0,1.0,0.3333333333333333,0.0,1.0,0.6666666666666666,0.017857142857142856,1.0,0.5,0.0,0.6666666666666666,0.0,1.0,0.0,1
1.0,0.029411764705882353,1.0,0.008108108108108109,0.024760647078243644,1.0,1.0,1.0,0.6666666666666666,0.0,1.0,1.0,0.30357142857142855,1.0,1.0,0.3333333333333333,0.6666666666666666,0.0,0.0,0.0,1
1.0,0.11764705882352941,0.5,0.008108108108108109,0.09425552987784748,0.0,0.75,1.0,0.6666666666666666,0.0,0.3333333333333333,0.6666666666666666,0.21428571428571427,1.0,0.0,0.3333333333333333,1.0,1.0,1.0,0.0,1
1.0,0.29411764705882354,0.5,0.021621621621621623,0.03780125453945196,0.0,0.25,1.0,1.0,0.0,0.6666666666666666,0.6666666666666666,0.14285714285714285,1.0,0.5,0.3333333333333333,0.3333333333333333,0.0,0.0,0.0,1
1.0,0.11764705882352941,0.5,0.024324324324324326,0.045449543303620554,0.0,0.5,0.3333333333333333,1.0,0.0,0.3333333333333333,0.0,0.125,1.0,0.5,0.0,0.6666666666666666,0.0,1.0,1.0,1
1.0,0.16176470588235295,0.5,0.010810810810810811,0.055683944095961266,0.5,0.75,1.0,0.6666666666666666,0.0,0.6666666666666666,0.3333333333333333,0.30357142857142855,1.0,0.5,0.3333333333333333,0.6666666666666666,0.0,1.0,0.0,1
1.0,0.29411764705882354,0.5,0.008108108108108109,0.313249697369869,1.0,0.25,0.0,0.3333333333333333,0.0,0.0,0.6666666666666666,0.44642857142857145,1.0,0.5,0.3333333333333333,0.6666666666666666,0.0,1.0,0.0,2
0.6666666666666666,0.29411764705882354,1.0,0.005405405405405406,0.18526466380543632,1.0,1.0,1.0,0.6666666666666666,0.5,1.0,1.0,0.017857142857142856,1.0,0.0,0.3333333333333333,0.6666666666666666,0.0,0.0,0.0,1
0.0,0.029411764705882353,0.25,0.016216216216216217,0.052162429844833276,0.0,1.0,1.0,0.3333333333333333,0.0,1.0,1.0,0.2857142857142857,1.0,1.0,0.0,0.6666666666666666,0.0,0.0,0.0,2
1.0,0.3382352941176471,0.5,0.0,0.12765489160338947,0.0,0.5,0.6666666666666666,0.3333333333333333,0.0,0.6666666666666666,0.0,0.03571428571428571,1.0,0.0,0.0,0.6666666666666666,0.0,0.0,0.0,2
1.0,0.47058823529411764,0.75,0.005405405405405406,0.40871574777154174,0.5,0.75,0.3333333333333333,0.3333333333333333,0.0,1.0,0.6666666666666666,0.375,1.0,0.5,0.3333333333333333,0.6666666666666666,0.0,1.0,0.0,1
1.0,0.38235294117647056,0.5,0.002702702702702703,0.25096291405304283,1.0,0.75,0.3333333333333333,0.3333333333333333,0.0,1.0,0.3333333333333333,0.08928571428571429,0.5,0.0,0.0,0.3333333333333333,0.0,0.0,0.0,1
0.0,0.6470588235294118,0.25,0.024324324324324326,0.4091009133927589,0.0,0.75,0.3333333333333333,0.3333333333333333,1.0,1.0,0.6666666666666666,0.32142857142857145,1.0,0.0,0.0,0.6666666666666666,0.0,0.0,0.0,2
0.0,0.029411764705882353,1.0,0.0,0.022889842632331903,0.75,0.75,0.6666666666666666,0.3333333333333333,0.0,1.0,0.0,0.35714285714285715,1.0,0.5,0.3333333333333333,0.3333333333333333,0.0,1.0,0.0,1
0.0,0.29411764705882354,0.5,0.008108108108108109,0.08655221745350501,0.0,0.0,1.0,0.6666666666666666,0.0,0.3333333333333333,0.6666666666666666,0.19642857142857142,0.5,0.5,0.0,1.0,1.0,0.0,0.0,2
0.0,0.20588235294117646,0.5,0.008108108108108109,0.09276989105315285,1.0,0.75,0.3333333333333333,1.0,0.0,1.0,0.6666666666666666,0.07142857142857142,1.0,0.0,0.3333333333333333,0.3333333333333333,0.0,0.0,0.0,1
0.6666666666666666,0.11764705882352941,1.0,0.0,0.03791130185979971,0.5,0.75,1.0,1.0,0.0,0.3333333333333333,0.0,0.16071428571428573,1.0,0.5,0.6666666666666666,0.6666666666666666,0.0,1.0,0.0,2
1.0,0.20588235294117646,1.0,0.008108108108108109,0.10938703642566304,0.0,0.5,0.3333333333333333,0.3333333333333333,0.0,0.0,0.6666666666666666,0.10714285714285714,1.0,0.5,0.3333333333333333,0.6666666666666666,0.0,0.0,0.0,1
0.3333333333333333,0.11764705882352941,0.75,0.008108108108108109,0.018432926158248045,0.0,0.5,1.0,1.0,0.5,1.0,0.0,0.017857142857142856,1.0,0.0,0.3333333333333333,0.6666666666666666,0.0,0.0,0.0,1
0.0,0.29411764705882354,0.5,0.008108108108108109,0.09557609772202047,0.0,0.5,0.3333333333333333,0.6666666666666666,0.0,1.0,0.0,0.03571428571428571,1.0,0.0,0.0,0.3333333333333333,1.0,0.0,0.0,2
1.0,0.38235294117647056,1.0,0.008108108108108109,0.3138549576317817,0.0,0.75,0.6666666666666666,0.6666666666666666,0.5,0.3333333333333333,0.6666666666666666,0.3392857142857143,1.0,0.5,0.0,0.6666666666666666,0.0,0.0,0.0,1
1.0,0.29411764705882354,0.75,0.024324324324324326,0.11692527786948388,0.5,0.5,1.0,0.6666666666666666,0.0,0.3333333333333333,0.6666666666666666,0.44642857142857145,1.0,0.5,0.3333333333333333,0.6666666666666666,1.0,1.0,0.0,1
1.0,0.3382352941176471,0.5,0.013513513513513514,0.2718168812589413,1.0,1.0,1.0,0.6666666666666666,0.0,1.0,0.3333333333333333,0.5178571428571429,1.0,0.5,1.0,0.6666666666666666,1.0,1.0,0.0,1
0.0,0.11764705882352941,0.5,0.021621621621621623,0.035875426433366345,0.0,0.75,1.0,1.0,0.0,1.0,0.3333333333333333,0.03571428571428571,1.0,0.0,0.0,0.6666666666666666,0.0,0.0,0.0,2
0.0,0.20588235294117646,0.0,0.024324324324324326,0.1570375261362386,0.0,0.75,0.6666666666666666,0.6666666666666666,0.0,0.0,0.3333333333333333,0.21428571428571427,0.0,0.5,0.0,0.6666666666666666,0.0,1.0,0.0,1
1.0,0.47058823529411764,1.0,0.002702702702702703,0.3004842082095301,0.75,1.0,1.0,0.6666666666666666,0.0,0.3333333333333333,0.6666666666666666,0.3392857142857143,1.0,0.5,0.3333333333333333,1.0,0.0,1.0,0.0,1
1.0,0.14705882352941177,0.75,0.0,0.03037306041597887,0.0,0.5,1.0,0.6666666666666666,0.0,0.3333333333333333,0.6666666666666666,0.14285714285714285,1.0,0.5,0.3333333333333333,0.3333333333333333,0.0,0.0,0.0,1
0.3333333333333333,0.07352941176470588,0.5,0.0,0.07147573456586333,1.0,0.25,1.0,0.6666666666666666,0.0,0.3333333333333333,0.0,0.2857142857142857,1.0,0.5,0.0,0.0,0.0,0.0,0.0,1
0.3333333333333333,0.20588235294117646,1.0,0.005405405405405406,0.09232970177176186,0.0,0.25,0.3333333333333333,0.6666666666666666,0.0,0.3333333333333333,0.0,0.21428571428571427,1.0,0.5,0.3333333333333333,0.3333333333333333,0.0,0.0,0.0,2
0.0,0.25,0.5,0.008108108108108109,0.1709585121602289,0.75,0.25,1.0,0.3333333333333333,0.0,0.3333333333333333,0.6666666666666666,0.17857142857142858,0.0,0.5,0.0,0.6666666666666666,0.0,0.0,0.0,1
0.3333333333333333,0.11764705882352941,0.5,0.0,0.023935292175635524,0.0,0.75,0.3333333333333333,1.0,0.0,0.6666666666666666,0.6666666666666666,0.10714285714285714,0.0,0.5,0.0,0.3333333333333333,0.0,0.0,0.0,2
1.0,0.29411764705882354,1.0,0.013513513513513514,0.28925938153405967,0.0,1.0,0.6666666666666666,0.6666666666666666,0.0,1.0,1.0,0.44642857142857145,1.0,1.0,0.3333333333333333,0.6666666666666666,0.0,0.0,0.0,1
1.0,0.16176470588235295,0.5,0.0,0.18190822053482997,1.0,0.5,0.6666666666666666,0.6666666666666666,0.0,0.3333333333333333,1.0,0.17857142857142858,1.0,0.5,0.0,0.6666666666666666,0.0,0.0,0.0,1
1.0,0.38235294117647056,1.0,0.002702702702702703,0.40420380763728403,1.0,1.0,0.0,0.6666666666666666,0.0,1.0,0.6666666666666666,0.7857142857142857,1.0,0.5,0.3333333333333333,0.6666666666666666,0.0,0.0,0.0,1
0.0,0.29411764705882354,0.5,0.0,0.03659073401562672,1.0,1.0,1.0,0.3333333333333333,0.0,0.3333333333333333,0.6666666666666666,0.17857142857142858,0.0,0.5,0.0,0.6666666666666666,0.0,0.0,0.0,2
1.0,0.29411764705882354,0.5,0.002702702702702703,0.2851876306811929,1.0,0.0,0.3333333333333333,0.3333333333333333,0.0,1.0,0.3333333333333333,0.125,1.0,0.0,0.0,1.0,0.0,1.0,0.0,1
0.6666666666666666,0.25,0.5,0.0,0.14707824364476724,0.25,0.5,0.0,0.3333333333333333,0.0,0.0,0.6666666666666666,0.16071428571428573,0.0,0.5,0.0,1.0,0.0,1.0,0.0,1
1.0,0.20588235294117646,1.0,0.008108108108108109,0.05056674369979091,1.0,0.5,1.0,0.6666666666666666,0.0,0.6666666666666666,0.3333333333333333,0.17857142857142858,1.0,0.5,0.3333333333333333,0.6666666666666666,0.0,1.0,0.0,1
1.0,0.6470588235294118,0.5,0.024324324324324326,0.20160669087707714,1.0,0.5,1.0,0.0,0.0,0.3333333333333333,0.0,0.3392857142857143,0.0,0.5,0.0,0.6666666666666666,0.0,0.0,0.0,2
1.0,0.7352941176470589,0.0,0.002702702702702703,0.5054473423572136,1.0,0.5,0.3333333333333333,0.6666666666666666,0.0,0.3333333333333333,0.3333333333333333,0.35714285714285715,1.0,0.5,0.0,0.3333333333333333,1.0,0.0,0.0,1
0.0,0.25,0.75,0.016216216216216217,0.17409486079013975,0.0,0.25,0.3333333333333333,0.6666666666666666,0.0,0.0,0.3333333333333333,0.125,1.0,0.5,0.3333333333333333,0.6666666666666666,0.0,0.0,0.0,2
0.3333333333333333,0.11764705882352941,1.0,0.0,0.09601628700341147,0.25,0.25,1.0,0.6666666666666666,0.0,0.0,0.6666666666666666,0.14285714285714285,1.0,0.5,0.0,0.6666666666666666,0.0,0.0,0.0,1
0.0,0.11764705882352941,1.0,0.0,0.10300429184549356,0.0,0.5,0.6666666666666666,0.6666666666666666,0.0,0.3333333333333333,0.0,0.35714285714285715,1.0,0.0,0.3333333333333333,0.3333333333333333,1.0,0.0,1.0,1
0.3333333333333333,0.07352941176470588,0.5,0.016216216216216217,0.05221745350500715,0.0,0.75,1.0,0.3333333333333333,0.0,1.0,0.3333333333333333,0.8571428571428571,1.0,0.5,0.3333333333333333,1.0,0.0,1.0,0.0,1
0.0,0.11764705882352941,1.0,0.0,0.10294926818531969,0.0,0.5,1.0,0.6666666666666666,0.0,0.3333333333333333,0.3333333333333333,0.19642857142857142,1.0,0.5,0.3333333333333333,0.6666666666666666,0.0,0.0,0.0,1
0.3333333333333333,0.11764705882352941,1.0,0.002702702702702703,0.08550676791020138,0.25,0.25,0.6666666666666666,0.6666666666666666,0.0,1.0,0.3333333333333333,0.44642857142857145,1.0,0.5,0.0,0.6666666666666666,0.0,0.0,0.0,1
0.0,0.029411764705882353,0.5,0.002702702702702703,0.06063607351160999,0.5,0.0,0.0,0.3333333333333333,0.0,0.3333333333333333,0.3333333333333333,0.07142857142857142,1.0,0.0,0.0,0.0,0.0,1.0,0.0,1
0.3333333333333333,0.20588235294117646,0.5,0.024324324324324326,0.09304500935402223,0.75,0.5,1.0,0.6666666666666666,0.0,0.3333333333333333,0.3333333333333333,0.2857142857142857,1.0,0.5,0.0,0.3333333333333333,0.0,1.0,0.0,1
0.0,0.29411764705882354,0.5,0.008108108108108109,0.056784417299438755,0.25,0.5,1.0,0.3333333333333333,0.0,0.3333333333333333,0.6666666666666666,0.23214285714285715,1.0,0.5,0.0,0.3333333333333333,0.0,0.0,0.0,2
1.0,0.10294117647058823,1.0,0.008108108108108109,0.04974138879718279,0.25,0.0,1.0,0.3333333333333333,0.0,1.0,0.0,0.6785714285714286,1.0,0.5,0.6666666666666666,0.3333333333333333,0.0,0.0,0.0,1
0.0,0.29411764705882354,0.5,0.008108108108108109,0.18763068119291296,0.0,0.5,0.3333333333333333,0.3333333333333333,0.0,1.0,0.6666666666666666,0.16071428571428573,1.0,0.5,0.0,0.6666666666666666,0.0,0.0,0.0,1
1.0,0.07352941176470588,0.5,0.024324324324324326,0.06597336854847584,0.0,0.75,0.6666666666666666,0.3333333333333333,0.0,0.3333333333333333,0.6666666666666666,0.14285714285714285,1.0,0.5,0.3333333333333333,0.6666666666666666,0.0,0.0,0.0,1
1.0,0.29411764705882354,0.5,0.0,0.06734896005282272,0.25,0.25,1.0,1.0,0.0,0.6666666666666666,0.0,0.25,1.0,0.5,0.0,0.6666666666666666,0.0,1.0,0.0,1
1.0,0.4264705882352941,0.75,0.024324324324324326,0.13832948167712117,0.0,0.5,0.3333333333333333,0.3333333333333333,0.0,0.3333333333333333,0.6666666666666666,0.125,1.0,0.5,0.3333333333333333,0.6666666666666666,0.0,1.0,0.0,1
1.0,0.6470588235294118,1.0,0.024324324324324326,0.4060195884230219,1.0,1.0,1.0,0.0,0.0,0.3333333333333333,0.6666666666666666,0.48214285714285715,0.0,0.5,0.3333333333333333,1.0,1.0,0.0,0.0,1
1.0,0.029411764705882353,0.5,0.010810810810810811,0.059865742269175744,0.5,0.5,0.0,0.0,0.0,1.0,0.0,0.7678571428571429,1.0,0.5,0.0,0.6666666666666666,0.0,0.0,0.0,1
1.0,0.07352941176470588,1.0,0.0,0.05359304500935402,0.0,0.5,0.6666666666666666,0.6666666666666666,0.0,0.0,0.0,0.19642857142857142,1.0,0.5,0.3333333333333333,0.6666666666666666,0.0,0.0,0.0,1
0.3333333333333333,0.5147058823529411,1.0,0.008108108108108109,0.25767580059425554,0.0,0.75,0.3333333333333333,0.6666666666666666,1.0,0.3333333333333333,0.0,0.10714285714285714,1.0,0.5,0.3333333333333333,0.6666666666666666,0.0,0.0,0.0,2
1.0,0.29411764705882354,0.5,0.002702702702702703,0.13315725762077693,0.0,1.0,1.0,0.6666666666666666,0.0,1.0,0.6666666666666666,0.2857142857142857,1.0,0.5,0.0,1.0,0.0,1.0,0.0,1
0.6666666666666666,0.38235294117647056,1.0,0.008108108108108109,0.18741058655221746,1.0,1.0,1.0,0.6666666666666666,0.0,1.0,0.3333333333333333,0.5357142857142857,0.5,0.5,0.3333333333333333,0.3333333333333333,0.0,0.0,0.0,1
1.0,0.29411764705882354,0.75,0.0,0.12589413447782546,0.0,1.0,1.0,0.6666666666666666,0.0,1.0,0.6666666666666666,0.5,1.0,0.5,0.3333333333333333,0.3333333333333333,1.0,0.0,0.0,2
1.0,0.47058823529411764,0.0,0.013513513513513514,0.13002090899086607,0.0,0.5,1.0,0.6666666666666666,0.0,0.3333333333333333,0.6666666666666666,0.14285714285714285,1.0,0.5,0.3333333333333333,0.6666666666666666,0.0,0.0,0.0,1
0.3333333333333333,0.07352941176470588,0.5,0.005405405405405406,0.03675580499614834,0.0,0.5,1.0,0.3333333333333333,0.0,0.0,0.3333333333333333,0.19642857142857142,1.0,0.5,0.0,0.6666666666666666,0.0,0.0,0.0,2
0.3333333333333333,0.20588235294117646,1.0,0.005405405405405406,0.39198855507868385,0.0,0.0,1.0,0.6666666666666666,0.0,1.0,0.3333333333333333,0.375,0.5,0.5,0.3333333333333333,1.0,0.0,1.0,0.0,1
1.0,0.25,0.5,0.002702702702702703,0.12248266754704523,1.0,1.0,1.0,0.6666666666666666,0.0,1.0,0.0,0.48214285714285715,1.0,0.5,0.0,1.0,0.0,1.0,0.0,1
0.3333333333333333,0.47058823529411764,1.0,0.0,0.14141080664685815,0.0,0.25,1.0,0.0,0.0,1.0,0.6666666666666666,0.14285714285714285,1.0,0.5,0.3333333333333333,0.6666666666666666,0.0,0.0,0.0,2
0.0,0.29411764705882354,0.75,0.008108108108108109,0.07752833718498954,0.0,0.25,1.0,0.3333333333333333,0.0,0.3333333333333333,0.6666666666666666,0.17857142857142858,1.0,0.0,0.0,0.3333333333333333,0.0,1.0,0.0,2
0.0,0.20588235294117646,0.5,0.0,0.05315285572796302,0.0,0.25,1.0,0.3333333333333333,0.0,0.6666666666666666,0.6666666666666666,0.07142857142857142,1.0,0.0,0.0,0.6666666666666666,0.0,1.0,0.0,2
1.0,0.08823529411764706,0.5,0.0,0.07411687025420931,0.5,0.5,0.6666666666666666,0.6666666666666666,0.0,0.3333333333333333,1.0,0.375,1.0,0.0,0.0,0.3333333333333333,1.0,0.0,1.0,1
1.0,0.29411764705882354,1.0,0.016216216216216217,0.09227467811158799,1.0,0.5,0.6666666666666666,0.3333333333333333,0.0,0.3333333333333333,0.6666666666666666,0.25,1.0,0.5,0.3333333333333333,0.6666666666666666,0.0,1.0,0.0,1
0.0,0.11764705882352941,0.25,0.021621621621621623,0.004897105755474854,0.0,1.0,1.0,1.0,0.0,0.0,0.6666666666666666,0.4642857142857143,0.0,0.5,0.0,0.3333333333333333,0.0,0.0,0.0,1
1.0,0.29411764705882354,1.0,0.0,0.12176735996478485,0.25,0.75,1.0,1.0,0.0,0.6666666666666666,0.3333333333333333,0.14285714285714285,1.0,0.5,0.3333333333333333,0.6666666666666666,0.0,1.0,0.0,1
0.3333333333333333,0.029411764705882353,0.75,0.0,0.0527676901067459,0.0,0.0,1.0,0.6666666666666666,0.0,1.0,0.3333333333333333,0.5,1.0,0.5,0.0,1.0,0.0,1.0,0.0,2
0.6666666666666666,0.38235294117647056,0.75,0.024324324324324326,0.09122922856828436,0.0,1.0,1.0,0.6666666666666666,0.0,1.0,0.0,0.8392857142857143,1.0,0.5,0.0,1.0,0.0,1.0,0.0,2
1.0,0.11764705882352941,1.0,0.024324324324324326,0.055793991416309016,1.0,1.0,1.0,0.6666666666666666,0.0,1.0,1.0,0.6785714285714286,1.0,0.0,0.0,0.3333333333333333,0.0,0.0,0.0,1
1.0,0.25,0.5,0.008108108108108109,0.16011885110597557,1.0,1.0,1.0,0.6666666666666666,0.0,0.6666666666666666,0.3333333333333333,0.39285714285714285,1.0,0.5,0.0,0.6666666666666666,0.0,1.0,0.0,1
1.0,0.6470588235294118,0.75,0.008108108108108109,0.6877407285132607,0.5,0.75,1.0,0.6666666666666666,0.0,0.0,0.6666666666666666,0.32142857142857145,1.0,0.5,0.0,1.0,0.0,1.0,0.0,1
0.0,0.5588235294117647,0.5,0.008108108108108109,0.3809838230439089,1.0,0.75,1.0,0.3333333333333333,0.0,0.6666666666666666,0.6666666666666666,0.19642857142857142,1.0,0.5,0.0,1.0,0.0,1.0,0.0,2
0.3333333333333333,0.29411764705882354,0.5,0.0,0.060801144492131615,0.0,0.25,0.6666666666666666,0.3333333333333333,0.0,1.0,0.6666666666666666,0.10714285714285714,1.0,0.5,0.0,0.3333333333333333,0.0,1.0,0.0,2
0.3333333333333333,0.8235294117647058,0.5,0.0,0.7580609662154727,0.0,0.75,1.0,0.6666666666666666,0.0,0.3333333333333333,1.0,0.14285714285714285,1.0,0.5,0.0,1.0,0.0,1.0,0.0,2
0.6666666666666666,0.29411764705882354,0.5,0.008108108108108109,0.06201166501595686,0.25,1.0,1.0,0.3333333333333333,0.0,0.3333333333333333,1.0,0.5,1.0,1.0,0.0,0.6666666666666666,0.0,1.0,0.0,1
1.0,0.29411764705882354,0.5,0.0,0.1103224386486189,1.0,0.25,1.0,0.6666666666666666,0.0,0.0,0.3333333333333333,0.625,1.0,0.5,0.0,0.6666666666666666,0.0,0.0,0.0,1
0.0,0.47058823529411764,0.5,0.005405405405405406,0.2712116209970287,0.0,0.75,1.0,0.6666666666666666,0.0,0.3333333333333333,0.3333333333333333,0.17857142857142858,1.0,0.5,0.0,0.6666666666666666,0.0,0.0,0.0,2
1.0,0.29411764705882354,1.0,0.008108108108108109,0.10856168152305491,0.25,1.0,1.0,0.6666666666666666,0.0,1.0,0.3333333333333333,0.5892857142857143,0.0,0.5,0.3333333333333333,0.6666666666666666,0.0,0.0,0.0,1
0.0,0.5588235294117647,0.5,0.005405405405405406,0.4199405744470122,0.0,0.75,0.3333333333333333,0.6666666666666666,1.0,1.0,0.3333333333333333,0.4642857142857143,1.0,1.0,0.0,0.6666666666666666,1.0,0.0,0.0,1
1.0,0.38235294117647056,0.5,0.008108108108108109,0.08897325850115549,1.0,1.0,1.0,0.6666666666666666,0.0,1.0,0.6666666666666666,0.6964285714285714,1.0,0.5,0.0,0.6666666666666666,0.0,1.0,0.0,1
1.0,0.29411764705882354,0.5,0.008108108108108109,0.05838010344448113,0.25,0.75,1.0,1.0,0.0,0.6666666666666666,0.3333333333333333,0.125,1.0,0.5,0.0,0.6666666666666666,0.0,1.0,0.0,1
0.3333333333333333,0.11764705882352941,0.0,0.021621621621621623,0.06382744580169473,0.0,0.5,0.3333333333333333,0.6666666666666666,0.0,0.3333333333333333,0.0,0.21428571428571427,1.0,0.5,0.0,0.3333333333333333,0.0,1.0,0.0,1
0.0,0.29411764705882354,0.5,0.005405405405405406,0.15247056234180698,0.0,0.5,0.3333333333333333,0.0,0.0,0.3333333333333333,0.0,0.08928571428571429,1.0,0.0,0.0,0.3333333333333333,0.0,0.0,0.0,1
0.3333333333333333,0.29411764705882354,0.25,0.016216216216216217,0.08732254869593925,0.0,0.75,1.0,0.3333333333333333,0.0,1.0,1.0,0.26785714285714285,0.0,1.0,0.0,0.3333333333333333,0.0,0.0,0.0,2
0.3333333333333333,0.6470588235294118,0.0,0.024324324324324326,0.1977550346649059,0.25,0.75,1.0,0.6666666666666666,0.0,1.0,1.0,0.26785714285714285,1.0,1.0,0.0,0.3333333333333333,1.0,0.0,0.0,2
0.0,0.07352941176470588,1.0,0.013513513513513514,0.057114559260482006,0.25,1.0,0.6666666666666666,0.6666666666666666,1.0,1.0,0.0,0.5178571428571429,1.0,0.5,0.3333333333333333,0.6666666666666666,1.0,0.0,1.0,1
1.0,0.11764705882352941,1.0,0.005405405405405406,0.16952789699570817,0.0,1.0,0.3333333333333333,0.6666666666666666,0.0,1.0,0.3333333333333333,0.4107142857142857,0.5,0.5,0.0,0.6666666666666666,0.0,0.0,0.0,1
0.0,0.11764705882352941,1.0,0.002702702702702703,0.0702101903818642,0.0,1.0,1.0,0.6666666666666666,0.0,1.0,1.0,0.8392857142857143,1.0,1.0,0.3333333333333333,1.0,0.0,0.0,0.0,1
0.0,0.029411764705882353,0.5,0.0,0.8058765269065699,0.0,1.0,0.0,0.6666666666666666,0.0,1.0,1.0,0.875,0.0,0.5,0.0,1.0,0.0,1.0,0.0,2
0.3333333333333333,0.11764705882352941,0.5,0.013513513513513514,0.021404203807637284,0.0,0.5,1.0,0.6666666666666666,0.0,0.3333333333333333,0.6666666666666666,0.19642857142857142,1.0,0.5,0.0,0.6666666666666666,0.0,0.0,0.0,2
0.3333333333333333,0.029411764705882353,0.5,0.0,0.7871134587872786,1.0,0.0,0.0,0.6666666666666666,0.0,0.3333333333333333,0.3333333333333333,0.07142857142857142,1.0,0.5,0.0,0.0,0.0,1.0,0.0,2
0.3333333333333333,0.029411764705882353,0.25,0.016216216216216217,0.010069329811819083,0.75,0.25,1.0,0.3333333333333333,0.0,0.3333333333333333,0.3333333333333333,0.08928571428571429,0.0,0.0,0.0,0.6666666666666666,1.0,0.0,0.0,2
0.6666666666666666,0.08823529411764706,0.5,0.0,0.20353251898316277,0.0,0.25,0.0,0.6666666666666666,1.0,0.0,0.3333333333333333,0.32142857142857145,1.0,0.5,0.0,0.3333333333333333,1.0,0.0,0.0,1
0.0,0.6470588235294118,0.0,0.002702702702702703,0.2396280400572246,0.0,1.0,0.6666666666666666,0.6666666666666666,0.0,1.0,1.0,0.08928571428571429,1.0,1.0,0.3333333333333333,0.6666666666666666,1.0,0.0,0.0,2
0.0,0.16176470588235295,0.5,0.0,0.20408275558490152,0.0,0.5,0.6666666666666666,0.3333333333333333,0.0,0.3333333333333333,0.3333333333333333,0.17857142857142858,1.0,0.5,0.0,0.6666666666666666,0.0,1.0,0.0,2
0.0,0.16176470588235295,1.0,0.005405405405405406,0.039892153626059204,0.0,0.5,0.3333333333333333,0.0,0.0,0.6666666666666666,0.3333333333333333,0.10714285714285714,1.0,0.5,0.3333333333333333,0.6666666666666666,0.0,0.0,0.0,1
0.0,0.11764705882352941,0.5,0.0,0.053813139650049524,0.0,0.5,1.0,0.3333333333333333,0.0,0.3333333333333333,0.0,0.08928571428571429,1.0,0.5,0.0,0.3333333333333333,0.0,0.0,0.0,2
0.0,0.16176470588235295,0.5,0.005405405405405406,0.08776273797733025,0.0,0.25,1.0,0.3333333333333333,1.0,0.0,0.3333333333333333,0.48214285714285715,1.0,0.0,0.0,0.6666666666666666,0.0,0.0,0.0,1
0.0,0.38235294117647056,1.0,0.002702702702702703,0.570760426983603,0.0,1.0,0.6666666666666666,0.6666666666666666,0.0,1.0,1.0,0.3392857142857143,1.0,1.0,0.6666666666666666,1.0,1.0,1.0,0.0,1
0.3333333333333333,0.16176470588235295,0.75,0.013513513513513514,0.06943985913942996,0.75,0.5,0.6666666666666666,1.0,0.0,0.6666666666666666,0.3333333333333333,0.75,0.5,0.5,0.3333333333333333,0.6666666666666666,0.0,0.0,0.0,2
0.0,0.29411764705882354,0.25,0.008108108108108109,0.0713106635853417,0.0,0.75,1.0,0.6666666666666666,1.0,1.0,0.6666666666666666,0.08928571428571429,0.0,0.0,0.0,0.3333333333333333,0.0,0.0,0.0,2
1.0,0.10294117647058823,1.0,0.0,0.38395510069329813,0.0,0.5,0.0,0.6666666666666666,0.0,1.0,0.3333333333333333,0.35714285714285715,1.0,0.5,0.3333333333333333,0.3333333333333333,0.0,0.0,0.0,1
1.0,0.35294117647058826,1.0,0.008108108108108109,0.1371739848134698,0.0,1.0,1.0,0.6666666666666666,0.0,0.3333333333333333,0.6666666666666666,0.17857142857142858,1.0,0.5,0.3333333333333333,0.6666666666666666,0.0,0.0,0.0,1
1.0,0.20588235294117646,0.5,0.008108108108108109,0.23902277979531197,0.0,0.25,0.6666666666666666,0.6666666666666666,0.0,0.3333333333333333,0.6666666666666666,0.23214285714285715,1.0,0.5,0.0,0.6666666666666666,0.0,1.0,0.0,1
0.3333333333333333,0.11764705882352941,0.5,0.008108108108108109,0.059480576647958625,0.0,0.25,0.3333333333333333,0.6666666666666666,0.0,0.0,0.6666666666666666,0.05357142857142857,0.5,0.5,0.0,0.6666666666666666,0.0,0.0,0.0,2
0.0,0.10294117647058823,1.0,0.0,0.20298228238142402,0.0,0.5,0.0,0.6666666666666666,0.0,0.3333333333333333,0.0,0.375,1.0,0.5,0.3333333333333333,0.3333333333333333,1.0,0.0,0.0,1
1.0,0.029411764705882353,0.5,0.002702702702702703,0.05425332893144052,0.5,0.5,0.3333333333333333,0.6666666666666666,0.0,1.0,0.3333333333333333,0.5535714285714286,1.0,0.0,0.0,0.6666666666666666,0.0,0.0,0.0,1
1.0,0.29411764705882354,1.0,0.008108108108108109,0.26702982282381427,0.0,0.25,0.6666666666666666,1.0,0.0,0.6666666666666666,1.0,0.5,1.0,1.0,0.6666666666666666,0.6666666666666666,0.0,1.0,0.0,1
1.0,0.11764705882352941,1.0,0.008108108108108109,0.025696049301199515,0.0,1.0,1.0,0.6666666666666666,0.0,1.0,0.0,0.5892857142857143,1.0,0.5,0.6666666666666666,0.6666666666666666,0.0,0.0,0.0,1
1.0,0.08823529411764706,0.5,0.0,0.05827005612413338,1.0,0.5,1.0,0.6666666666666666,1.0,1.0,0.3333333333333333,0.14285714285714285,1.0,0.5,0.0,0.3333333333333333,0.0,0.0,0.0,2
1.0,0.20588235294117646,0.5,0.008108108108108109,0.06729393639264884,0.0,0.25,0.6666666666666666,1.0,0.0,1.0,0.0,0.35714285714285715,1.0,0.5,0.0,0.6666666666666666,0.0,1.0,0.0,1
1.0,0.29411764705882354,0.5,0.002702702702702703,0.12947067238912732,0.75,0.5,0.3333333333333333,0.3333333333333333,0.0,1.0,0.6666666666666666,0.16071428571428573,1.0,0.0,0.0,0.6666666666666666,0.0,1.0,0.0,1
0.3333333333333333,0.11764705882352941,0.5,0.008108108108108109,0.04693518212831518,0.0,0.75,1.0,0.6666666666666666,1.0,0.6666666666666666,0.0,0.17857142857142858,1.0,0.5,0.3333333333333333,0.6666666666666666,0.0,0.0,1.0,1
1.0,0.08823529411764706,0.5,0.002702702702702703,0.145867723120942,1.0,0.25,0.0,0.3333333333333333,0.0,1.0,0.0,0.21428571428571427,1.0,0.0,0.0,0.6666666666666666,0.0,0.0,0.0,1
0.3333333333333333,0.5147058823529411,0.75,0.016216216216216217,0.6333223286012986,0.25,0.75,0.3333333333333333,0.6666666666666666,0.0,0.6666666666666666,1.0,0.23214285714285715,1.0,0.0,0.0,0.6666666666666666,0.0,1.0,0.0,1
1.0,0.29411764705882354,1.0,0.024324324324324326,0.2352811709034885,0.0,0.5,0.6666666666666666,0.6666666666666666,0.0,0.3333333333333333,0.0,0.9821428571428571,1.0,0.5,0.0,1.0,0.0,1.0,0.0,1
1.0,0.6470588235294118,1.0,0.002702702702702703,0.473643666776714,1.0,0.75,0.3333333333333333,0.6666666666666666,0.0,0.0,1.0,0.2857142857142857,1.0,1.0,0.3333333333333333,0.6666666666666666,0.0,1.0,0.0,1
0.3333333333333333,0.8235294117647058,0.75,0.008108108108108109,0.3944095961263343,1.0,0.5,0.0,0.6666666666666666,0.0,0.0,0.0,0.14285714285714285,1.0,0.5,0.0,0.3333333333333333,0.0,0.0,0.0,1
0.3333333333333333,0.29411764705882354,0.5,0.005405405405405406,0.22565203037306042,1.0,0.5,0.0,0.3333333333333333,0.0,1.0,0.3333333333333333,0.5178571428571429,1.0,0.5,0.0,0.3333333333333333,0.0,1.0,0.0,1
1.0,0.11764705882352941,0.5,0.008108108108108109,0.03499504787058435,1.0,0.5,1.0,0.3333333333333333,0.0,0.3333333333333333,0.6666666666666666,0.03571428571428571,1.0,0.5,0.0,0.6666666666666666,0.0,0.0,0.0,1
0.3333333333333333,0.47058823529411764,0.75,0.024324324324324326,0.23137449103114338,0.0,0.5,0.3333333333333333,0.0,0.0,0.3333333333333333,0.0,0.19642857142857142,0.5,0.5,0.3333333333333333,1.0,0.0,1.0,0.0,2
0.0,0.38235294117647056,0.5,0.005405405405405406,0.33564432706063607,1.0,1.0,1.0,0.6666666666666666,0.0,1.0,0.3333333333333333,0.21428571428571427,1.0,0.5,0.0,0.6666666666666666,0.0,0.0,0.0,2
1.0,0.11764705882352941,1.0,0.013513513513513514,0.041047650489710576,1.0,0.75,1.0,0.3333333333333333,0.0,1.0,0.0,0.07142857142857142,1.0,0.5,0.3333333333333333,0.6666666666666666,0.0,0.0,0.0,1
0.0,0.29411764705882354,0.5,0.0,0.06558820292725873,0.0,0.75,1.0,0.3333333333333333,0.0,1.0,0.6666666666666666,0.07142857142857142,1.0,0.0,0.3333333333333333,0.6666666666666666,0.0,0.0,0.0,2
1.0,0.8235294117647058,0.75,0.008108108108108109,0.847529437658193,0.0,0.75,0.3333333333333333,0.6666666666666666,0.0,1.0,0.6666666666666666,0.03571428571428571,1.0,0.5,0.3333333333333333,0.6666666666666666,0.0,1.0,0.0,1
0.3333333333333333,0.11764705882352941,1.0,0.002702702702702703,0.08858809287993838,0.0,0.0,1.0,0.6666666666666666,0.0,0.3333333333333333,0.6666666666666666,0.26785714285714285,1.0,0.5,0.3333333333333333,1.0,0.0,1.0,0.0,1
0.3333333333333333,0.25,1.0,0.005405405405405406,0.13728403213381754,0.75,0.75,0.6666666666666666,0.6666666666666666,0.0,0.3333333333333333,0.6666666666666666,0.23214285714285715,1.0,0.5,0.3333333333333333,0.6666666666666666,0.0,1.0,0.0,1
0.0,0.29411764705882354,0.5,0.008108108108108109,0.0928799383735006,0.0,0.25,1.0,0.0,0.0,0.6666666666666666,0.3333333333333333,0.23214285714285715,1.0,0.5,0.0,0.6666666666666666,0.0,0.0,0.0,2
1.0,0.20588235294117646,0.5,0.008108108108108109,0.010069329811819083,0.0,0.0,0.6666666666666666,0.3333333333333333,0.5,1.0,0.0,0.05357142857142857,1.0,0.0,0.0,0.6666666666666666,0.0,0.0,0.0,2
0.6666666666666666,0.029411764705882353,0.5,0.0,0.025255860019808517,0.75,0.25,0.3333333333333333,1.0,0.0,0.3333333333333333,0.0,0.14285714285714285,1.0,0.5,0.0,0.0,0.0,0.0,1.0,1
0.3333333333333333,0.6470588235294118,0.75,0.024324324324324326,0.3538571585781886,1.0,0.5,1.0,0.6666666666666666,0.0,1.0,1.0,0.3392857142857143,1.0,1.0,0.0,0.6666666666666666,1.0,1.0,0.0,1
0.6666666666666666,0.20588235294117646,0.5,0.005405405405405406,0.14383184769450863,0.0,0.5,0.3333333333333333,0.6666666666666666,0.0,0.0,0.0,0.26785714285714285,1.0,0.5,0.0,0.3333333333333333,1.0,0.0,0.0,2
0.3333333333333333,0.20588235294117646,0.5,0.002702702702702703,0.1391548365797293,0.0,0.5,0.0,1.0,0.0,0.6666666666666666,0.6666666666666666,0.03571428571428571,1.0,0.0,0.0,0.6666666666666666,0.0,1.0,0.0,1
0.0,0.25,1.0,0.0,0.07439198855507868,0.0,1.0,1.0,1.0,0.0,0.6666666666666666,0.6666666666666666,0.19642857142857142,1.0,0.5,0.3333333333333333,0.6666666666666666,0.0,1.0,0.0,1
0.6666666666666666,0.5588235294117647,0.0,0.024324324324324326,0.3322878837900297,0.0,0.25,0.3333333333333333,0.0,0.0,0.0,0.3333333333333333,0.25,1.0,0.5,0.3333333333333333,0.6666666666666666,0.0,0.0,0.0,1
1.0,0.16176470588235295,1.0,0.002702702702702703,0.17156377242214152,0.75,1.0,0.6666666666666666,0.6666666666666666,0.0,1.0,1.0,0.07142857142857142,1.0,0.0,0.3333333333333333,0.6666666666666666,0.0,1.0,0.0,1
0.3333333333333333,0.6470588235294118,0.0,0.024324324324324326,0.7797402883239793,0.0,0.5,0.3333333333333333,0.6666666666666666,0.0,0.3333333333333333,0.6666666666666666,0.10714285714285714,1.0,0.5,0.0,0.6666666666666666,0.0,1.0,0.0,2
0.3333333333333333,0.23529411764705882,0.5,0.002702702702702703,0.3421371189611533,1.0,0.0,0.0,0.0,0.0,1.0,0.0,0.7321428571428571,1.0,0.5,0.0,1.0,0.0,1.0,0.0,1
0.0,0.08823529411764706,1.0,0.0,0.10955210740618467,0.0,0.25,0.0,0.6666666666666666,0.0,0.6666666666666666,0.0,0.5178571428571429,1.0,0.0,0.3333333333333333,0.3333333333333333,1.0,0.0,1.0,1
1.0,0.47058823529411764,1.0,0.002702702702702703,0.594475624518543,1.0,0.5,1.0,0.6666666666666666,0.0,0.3333333333333333,0.6666666666666666,0.19642857142857142,1.0,0.5,0.0,1.0,0.0,1.0,0.0,1
0.0,0.11764705882352941,0.25,0.0,0.02459557609772202,0.0,0.25,1.0,0.6666666666666666,0.0,0.3333333333333333,0.6666666666666666,0.48214285714285715,0.0,0.5,0.3333333333333333,0.6666666666666666,0.0,1.0,0.0,2
0.0,0.3382352941176471,0.0,0.024324324324324326,0.27748431825685044,0.0,0.0,0.3333333333333333,0.6666666666666666,0.0,1.0,0.3333333333333333,0.5535714285714286,0.5,0.5,0.3333333333333333,0.6666666666666666,0.0,1.0,0.0,2
1.0,0.07352941176470588,0.5,0.008108108108108109,0.13464289644547156,0.0,0.5,0.0,0.6666666666666666,0.0,0.3333333333333333,0.0,0.23214285714285715,1.0,0.5,0.0,0.6666666666666666,1.0,0.0,0.0,1
0.0,0.6470588235294118,0.5,0.024324324324324326,0.2232860129855838,0.0,0.25,0.6666666666666666,0.3333333333333333,0.0,1.0,0.3333333333333333,0.08928571428571429,1.0,0.0,0.0,0.6666666666666666,0.0,0.0,0.0,2
1.0,0.029411764705882353,0.75,0.024324324324324326,0.08215032463959503,0.25,0.5,0.0,0.6666666666666666,0.0,0.3333333333333333,0.0,0.26785714285714285,1.0,0.5,0.3333333333333333,0.3333333333333333,0.0,0.0,0.0,1
1.0,0.47058823529411764,0.5,0.016216216216216217,0.4844833278309673,1.0,0.5,0.3333333333333333,0.6666666666666666,0.0,1.0,1.0,0.2857142857142857,1.0,1.0,0.0,0.3333333333333333,1.0,1.0,0.0,1
0.6666666666666666,0.029411764705882353,1.0,0.0,0.05904038736656762,0.25,1.0,0.3333333333333333,0.0,0.0,1.0,0.6666666666666666,0.16071428571428573,1.0,0.5,0.3333333333333333,0.6666666666666666,1.0,1.0,0.0,1
