1.0,0.08823529411764706,1.0,0.005405405405405406,0.1000880378562782,1.0,0.5,0.3333333333333333,1.0,0.0,0.0,0.6666666666666666,0.125,1.0,0.5,0.3333333333333333,0.6666666666666666,0.0,0.0,1.0,1
0.6666666666666666,0.11764705882352941,0.5,0.008108108108108109,0.05760977220204688,0.0,0.5,0.6666666666666666,1.0,0.0,1.0,0.0,0.07142857142857142,1.0,0.0,0.0,0.6666666666666666,0.0,0.0,0.0,1
0.3333333333333333,0.38235294117647056,1.0,0.0,0.27423792230659183,0.0,0.0,1.0,1.0,0.0,0.3333333333333333,0.6666666666666666,0.16071428571428573,1.0,0.5,0.3333333333333333,1.0,0.0,0.0,0.0,2
0.3333333333333333,0.29411764705882354,0.5,0.005405405405405406,0.22565203037306042,1.0,0.5,0.0,0.3333333333333333,0.0,1.0,0.3333333333333333,0.5178571428571429,1.0,0.5,0.0,0.3333333333333333,0.0,1.0,0.0,1
0.0,0.11764705882352941,0.5,0.008108108108108109,0.07868383404864092,0.5,1.0,0.6666666666666666,1.0,0.0,0.0,0.0,0.2857142857142857,1.0,0.5,0.0,0.6666666666666666,0.0,0.0,0.0,1
1.0,0.10294117647058823,1.0,0.0,0.06289204357873886,0.0,0.25,1.0,0.3333333333333333,0.0,1.0,0.6666666666666666,0.2857142857142857,1.0,0.5,0.3333333333333333,1.0,0.0,0.0,0.0,1
0.0,0.11764705882352941,0.5,0.0,0.09040387366567625,0.0,0.5,1.0,0.3333333333333333,1.0,1.0,0.3333333333333333,0.17857142857142858,1.0,0.5,0.0,0.6666666666666666,0.0,1.0,0.0,1
1.0,0.29411764705882354,0.5,0.0,0.06707384175195334,0.25,1.0,1.0,1.0,0.0,1.0,0.0,0.39285714285714285,1.0,0.0,0.0,0.3333333333333333,0.0,0.0,0.0,1
1.0,0.20588235294117646,1.0,0.008108108108108109,0.049466270496313414,0.75,0.5,1.0,0.6666666666666666,0.0,0.6666666666666666,0.0,0.48214285714285715,1.0,0.5,0.3333333333333333,0.6666666666666666,0.0,0.0,0.0,1
0.3333333333333333,0.04411764705882353,0.5,0.008108108108108109,0.1279850335644327,0.0,0.5,0.3333333333333333,0.6666666666666666,1.0,0.3333333333333333,0.0,0.2857142857142857,1.0,0.5,0.0,0.6666666666666666,0.0,0.0,0.0,1
1.0,0.08823529411764706,0.5,0.002702702702702703,0.145867723120942,1.0,0.25,0.0,0.3333333333333333,0.0,1.0,0.0,0.21428571428571427,1.0,0.0,0.0,0.6666666666666666,0.0,0.0,0.0,1
1.0,0.07352941176470588,0.5,0.008108108108108109,0.06756905469351822,0.0,0.75,1.0,0.6666666666666666,0.0,0.3333333333333333,0.6666666666666666,0.05357142857142857,1.0,0.5,0.0,0.6666666666666666,0.0,0.0,0.0,2
0.6666666666666666,0.20588235294117646,0.5,0.005405405405405406,0.15401122482667548,0.0,0.25,0.0,0.3333333333333333,0.0,0.0,0.3333333333333333,0.4642857142857143,0.5,0.5,0.0,0.3333333333333333,0.0,0.0,0.0,1
0.0,0.14705882352941177,0.5,0.0,0.20485308682733575,0.0,0.0,0.0,0.6666666666666666,0.0,1.0,1.0,0.05357142857142857,1.0,1.0,0.0,0.6666666666666666,0.0,0.0,0.0,1
0.0,0.6470588235294118,0.5,0.002702702702702703,0.5528227137669198,0.0,0.75,1.0,0.6666666666666666,0.0,1.0,1.0,0.35714285714285715,0.5,1.0,0.6666666666666666,0.6666666666666666,1.0,1.0,0.0,2
1.0,0.11764705882352941,0.0,0.005405405405405406,0.1380543633762518,0.0,1.0,0.3333333333333333,0.6666666666666666,0.0,1.0,0.3333333333333333,0.26785714285714285,1.0,0.5,0.3333333333333333,0.6666666666666666,0.0,0.0,0.0,1
0.3333333333333333,0.058823529411764705,0.5,0.024324324324324326,0.03615054473423572,0.0,0.25,0.6666666666666666,1.0,0.0,0.3333333333333333,0.0,0.125,1.0,0.5,0.0,0.6666666666666666,0.0,1.0,0.0,1
0.0,0.16176470588235295,1.0,0.005405405405405406,0.06756905469351822,0.0,1.0,1.0,0.6666666666666666,0.0,1.0,0.6666666666666666,0.44642857142857145,1.0,0.5,0.3333333333333333,0.6666666666666666,1.0,1.0,0.0,1
0.0,0.6470588235294118,0.5,0.0,0.20254209310003302,0.0,0.75,1.0,0.6666666666666666,0.0,1.0,1.0,0.48214285714285715,1.0,1.0,0.0,0.6666666666666666,1.0,0.0,0.0,2
0.6666666666666666,0.29411764705882354,0.5,0.005405405405405406,0.19252778694838782,0.0,0.25,0.3333333333333333,0.3333333333333333,0.0,1.0,0.6666666666666666,0.125,1.0,0.5,0.0,0.6666666666666666,0.0,0.0,0.0,1
0.0,0.029411764705882353,1.0,0.005405405405405406,0.17244415098492352,0.0,0.5,0.0,0.0,0.0,1.0,0.0,0.44642857142857145,1.0,0.0,0.0,1.0,0.0,1.0,0.0,2
0.0,0.1323529411764706,1.0,0.024324324324324326,0.08512160228898426,0.0,0.25,0.6666666666666666,0.6666666666666666,0.0,0.0,0.3333333333333333,0.16071428571428573,0.0,0.5,0.3333333333333333,0.3333333333333333,0.0,0.0,0.0,1
0.3333333333333333,0.20588235294117646,0.0,0.0,0.11158798283261803,0.25,0.25,0.6666666666666666,0.3333333333333333,0.0,0.6666666666666666,0.6666666666666666,0.16071428571428573,1.0,0.5,0.3333333333333333,0.6666666666666666,0.0,0.0,0.0,2
0.3333333333333333,0.29411764705882354,0.75,0.008108108108108109,0.33856058104985143,0.0,0.25,0.0,0.6666666666666666,0.0,0.3333333333333333,0.6666666666666666,0.25,1.0,0.5,0.0,0.6666666666666666,0.0,0.0,0.0,1
1.0,0.20588235294117646,1.0,0.008108108108108109,0.11852096401452625,0.0,0.5,0.3333333333333333,0.3333333333333333,0.0,0.3333333333333333,0.6666666666666666,0.125,1.0,0.5,0.3333333333333333,0.6666666666666666,0.0,0.0,0.0,1
0.3333333333333333,0.38235294117647056,0.5,0.005405405405405406,0.1970947507428194,0.0,0.25,0.3333333333333333,1.0,0.0,0.0,0.3333333333333333,0.05357142857142857,1.0,0.5,0.0,0.6666666666666666,0.0,0.0,0.0,1
0.3333333333333333,0.07352941176470588,0.5,0.0,0.001430615164520744,0.0,0.5,1.0,1.0,0.0,1.0,0.0,0.05357142857142857,1.0,0.0,0.0,0.3333333333333333,0.0,0.0,0.0,1
0.3333333333333333,0.08823529411764706,0.25,0.008108108108108109,0.043908880818752064,0.0,0.5,1.0,0.6666666666666666,0.0,1.0,0.0,0.07142857142857142,0.5,0.5,0.0,0.3333333333333333,0.0,0.0,0.0,1
0.3333333333333333,0.20588235294117646,0.5,0.0,0.3090128755364807,0.25,0.5,0.3333333333333333,0.6666666666666666,0.0,0.3333333333333333,0.6666666666666666,0.19642857142857142,1.0,0.5,0.3333333333333333,0.6666666666666666,0.0,1.0,0.0,1
1.0,0.11764705882352941,1.0,0.016216216216216217,0.18240343347639484,1.0,0.25,0.3333333333333333,0.6666666666666666,0.0,0.0,0.3333333333333333,0.32142857142857145,1.0,0.5,0.3333333333333333,0.3333333333333333,1.0,0.0,0.0,1
0.6666666666666666,0.5588235294117647,0.0,0.024324324324324326,0.3322878837900297,0.0,0.25,0.3333333333333333,0.0,0.0,0.0,0.3333333333333333,0.25,1.0,0.5,0.3333333333333333,0.6666666666666666,0.0,0.0,0.0,1
1.0,0.29411764705882354,0.75,0.0,0.025696049301199515,1.0,1.0,1.0,1.0,0.0,1.0,0.6666666666666666,0.625,1.0,0.5,0.3333333333333333,0.6666666666666666,0.0,1.0,0.0,1
0.0,0.47058823529411764,1.0,0.005405405405405406,0.11543963904478927,0.0,0.5,0.6666666666666666,1.0,0.0,0.3333333333333333,0.3333333333333333,0.48214285714285715,1.0,0.5,0.3333333333333333,0.6666666666666666,0.0,1.0,0.0,1
1.0,0.29411764705882354,1.0,0.008108108108108109,0.13392758886321118,0.0,0.5,1.0,0.6666666666666666,0.0,0.3333333333333333,0.0,0.2857142857142857,1.0,0.5,0.3333333333333333,0.3333333333333333,0.0,0.0,0.0,1
1.0,0.14705882352941177,0.75,0.0,0.03037306041597887,0.0,0.5,1.0,0.6666666666666666,0.0,0.3333333333333333,0.6666666666666666,0.14285714285714285,1.0,0.5,0.3333333333333333,0.3333333333333333,0.0,0.0,0.0,1
0.3333333333333333,0.47058823529411764,1.0,0.008108108108108109,0.11483437878287664,0.0,1.0,1.0,0.6666666666666666,0.0,1.0,0.0,0.30357142857142855,1.0,0.5,0.0,0.6666666666666666,0.0,0.0,0.0,1
1.0,0.11764705882352941,1.0,0.008108108108108109,0.05447342357213602,1.0,1.0,1.0,0.3333333333333333,0.0,0.3333333333333333,0.0,0.3392857142857143,1.0,0.5,0.3333333333333333,0.6666666666666666,0.0,1.0,0.0,1
0.0,0.5588235294117647,0.75,0.008108108108108109,0.22669747991636405,0.0,0.75,0.6666666666666666,0.6666666666666666,0.0,0.3333333333333333,0.3333333333333333,0.125,0.0,0.5,0.3333333333333333,0.6666666666666666,1.0,1.0,0.0,2
1.0,0.47058823529411764,1.0,0.002702702702702703,0.3004842082095301,0.75,1.0,1.0,0.6666666666666666,0.0,0.3333333333333333,0.6666666666666666,0.3392857142857143,1.0,0.5,0.3333333333333333,1.0,0.0,1.0,0.0,1
1.0,0.11764705882352941,1.0,0.024324324324324326,0.051447122262572906,0.0,0.5,0.6666666666666666,0.3333333333333333,0.0,0.3333333333333333,0.0,0.14285714285714285,1.0,0.5,0.3333333333333333,0.6666666666666666,0.0,0.0,0.0,1
1.0,0.11764705882352941,0.5,0.0,0.08990866072411137,0.0,1.0,1.0,0.6666666666666666,0.0,1.0,0.6666666666666666,0.35714285714285715,1.0,0.5,0.0,1.0,0.0,1.0,0.0,1
0.3333333333333333,0.07352941176470588,0.5,0.008108108108108109,0.05260261912622428,0.0,1.0,1.0,0.3333333333333333,0.0,1.0,0.0,0.10714285714285714,1.0,0.5,0.0,0.6666666666666666,0.0,0.0,0.0,1
0.0,0.08823529411764706,1.0,0.005405405405405406,0.10355452844723231,1.0,0.25,0.3333333333333333,0.3333333333333333,0.5,0.6666666666666666,0.0,0.14285714285714285,1.0,0.0,0.3333333333333333,0.6666666666666666,0.0,0.0,1.0,1
1.0,0.029411764705882353,0.5,0.005405405405405406,0.23995818201826785,0.0,0.25,0.0,0.3333333333333333,0.0,1.0,0.3333333333333333,0.23214285714285715,1.0,0.5,0.0,0.6666666666666666,0.0,0.0,0.0,2
1.0,0.029411764705882353,1.0,0.0,0.0061626499394739735,0.25,0.5,1.0,0.3333333333333333,0.0,1.0,0.6666666666666666,0.5892857142857143,1.0,0.5,0.3333333333333333,0.3333333333333333,0.0,0.0,0.0,1
1.0,0.029411764705882353,1.0,0.008108108108108109,0.07175085286673269,0.0,0.75,0.0,0.3333333333333333,0.0,0.3333333333333333,0.6666666666666666,0.08928571428571429,1.0,0.0,0.3333333333333333,0.6666666666666666,0.0,1.0,0.0,1
1.0,0.25,0.5,0.005405405405405406,0.10955210740618467,0.0,1.0,1.0,0.6666666666666666,0.0,0.3333333333333333,0.0,0.5535714285714286,1.0,0.5,0.3333333333333333,0.6666666666666666,0.0,0.0,0.0,1
0.3333333333333333,0.47058823529411764,0.5,0.016216216216216217,0.19043688786178056,1.0,0.5,0.3333333333333333,1.0,0.0,0.3333333333333333,0.6666666666666666,0.14285714285714285,1.0,0.5,0.0,0.6666666666666666,0.0,0.0,0.0,1
1.0,0.08823529411764706,0.5,0.0,0.05827005612413338,1.0,0.5,1.0,0.6666666666666666,1.0,1.0,0.3333333333333333,0.14285714285714285,1.0,0.5,0.0,0.3333333333333333,0.0,0.0,0.0,2
0.0,0.38235294117647056,0.5,0.005405405405405406,0.1572576207769341,0.0,0.25,0.3333333333333333,0.0,0.0,1.0,0.3333333333333333,0.21428571428571427,1.0,0.5,0.0,0.3333333333333333,0.0,0.0,0.0,2
0.3333333333333333,0.20588235294117646,0.75,0.013513513513513514,0.32761087267525035,0.0,0.5,0.3333333333333333,0.6666666666666666,0.0,1.0,0.0,0.44642857142857145,1.0,0.5,0.0,0.3333333333333333,1.0,1.0,0.0,1
0.3333333333333333,0.29411764705882354,1.0,0.008108108108108109,0.08215032463959503,0.0,1.0,1.0,0.6666666666666666,0.0,0.3333333333333333,0.3333333333333333,0.5178571428571429,1.0,0.5,0.3333333333333333,0.3333333333333333,0.0,0.0,0.0,1
0.3333333333333333,0.47058823529411764,0.25,0.010810810810810811,0.20578848905029162,1.0,0.25,0.6666666666666666,0.3333333333333333,0.0,0.3333333333333333,1.0,0.17857142857142858,0.0,0.5,0.0,0.0,0.0,0.0,0.0,1
1.0,0.29411764705882354,0.5,0.008108108108108109,0.0412127214702322,1.0,1.0,1.0,0.6666666666666666,0.0,0.3333333333333333,0.6666666666666666,0.10714285714285714,1.0,0.5,0.3333333333333333,0.6666666666666666,0.0,0.0,0.0,1
0.6666666666666666,0.11764705882352941,0.5,0.005405405405405406,0.06459777704412897,1.0,1.0,0.6666666666666666,0.3333333333333333,0.0,1.0,0.0,0.6428571428571429,1.0,0.5,0.0,1.0,0.0,1.0,0.0,1
0.3333333333333333,0.029411764705882353,0.5,0.008108108108108109,0.012875536480686695,0.0,0.75,0.6666666666666666,1.0,1.0,0.6666666666666666,0.0,0.16071428571428573,0.0,0.5,0.0,0.3333333333333333,0.0,0.0,0.0,1
1.0,0.20588235294117646,1.0,0.008108108108108109,0.05056674369979091,1.0,0.5,1.0,0.6666666666666666,0.0,0.6666666666666666,0.3333333333333333,0.17857142857142858,1.0,0.5,0.3333333333333333,0.6666666666666666,0.0,1.0,0.0,1
0.0,0.29411764705882354,1.0,0.002702702702702703,0.3502255970067129,0.0,0.0,0.3333333333333333,0.6666666666666666,0.0,1.0,1.0,1.0,1.0,1.0,0.3333333333333333,1.0,0.0,1.0,0.0,1
1.0,0.11764705882352941,1.0,0.013513513513513514,0.041047650489710576,1.0,0.75,1.0,0.3333333333333333,0.0,1.0,0.0,0.07142857142857142,1.0,0.5,0.3333333333333333,0.6666666666666666,0.0,0.0,0.0,1
0.3333333333333333,0.47058823529411764,0.5,0.013513513513513514,0.11742049081104874,0.0,0.25,1.0,0.6666666666666666,0.0,0.0,1.0,0.25,1.0,0.0,0.0,0.3333333333333333,0.0,0.0,0.0,2
1.0,0.47058823529411764,1.0,0.0,0.4184549356223176,0.0,0.5,1.0,0.3333333333333333,0.0,0.3333333333333333,0.0,0.10714285714285714,0.5,0.5,0.3333333333333333,0.6666666666666666,0.0,1.0,0.0,2
0.3333333333333333,0.07352941176470588,1.0,0.016216216216216217,0.04875096291405304,0.75,1.0,1.0,0.6666666666666666,0.0,0.6666666666666666,1.0,0.23214285714285715,1.0,1.0,0.3333333333333333,0.6666666666666666,1.0,0.0,0.0,2
0.0,0.38235294117647056,0.5,0.005405405405405406,0.1855397821063057,0.75,1.0,1.0,0.3333333333333333,0.0,1.0,0.3333333333333333,0.6785714285714286,1.0,0.0,0.3333333333333333,0.6666666666666666,0.0,1.0,0.0,1
1.0,0.29411764705882354,0.5,0.008108108108108109,0.06399251678221635,0.0,0.5,1.0,1.0,0.0,0.3333333333333333,0.3333333333333333,0.16071428571428573,1.0,0.5,0.0,0.6666666666666666,0.0,0.0,0.0,1
1.0,0.11764705882352941,0.5,0.016216216216216217,0.025806096621547266,0.0,1.0,1.0,0.6666666666666666,0.0,1.0,0.6666666666666666,0.39285714285714285,0.0,0.5,0.0,0.3333333333333333,1.0,0.0,0.0,2
0.3333333333333333,0.029411764705882353,0.25,0.016216216216216217,0.010069329811819083,0.75,0.25,1.0,0.3333333333333333,0.0,0.3333333333333333,0.3333333333333333,0.08928571428571429,0.0,0.0,0.0,0.6666666666666666,1.0,0.0,0.0,2
0.0,0.47058823529411764,0.5,0.005405405405405406,0.20408275558490152,0.0,0.0,1.0,0.6666666666666666,0.0,0.6666666666666666,0.3333333333333333,0.19642857142857142,1.0,0.5,0.0,1.0,0.0,1.0,0.0,1
0.0,0.11764705882352941,1.0,0.0,0.02426543413667877,0.0,1.0,1.0,0.6666666666666666,0.0,0.6666666666666666,0.3333333333333333,0.2857142857142857,1.0,0.5,0.3333333333333333,0.6666666666666666,0.0,0.0,0.0,2
0.6666666666666666,0.25,0.5,0.0,0.14707824364476724,0.25,0.5,0.0,0.3333333333333333,0.0,0.0,0.6666666666666666,0.16071428571428573,0.0,0.5,0.0,1.0,0.0,1.0,0.0,1
0.0,0.5588235294117647,1.0,0.013513513513513514,0.17299438758666227,0.0,0.0,1.0,0.6666666666666666,0.5,1.0,0.6666666666666666,0.8214285714285714,1.0,0.5,0.3333333333333333,0.0,0.0,0.0,0.0,1
0.3333333333333333,0.058823529411764705,0.5,0.005405405405405406,0.054308352591614394,0.0,0.5,0.6666666666666666,0.3333333333333333,0.0,1.0,0.0,0.08928571428571429,1.0,0.5,0.0,0.6666666666666666,0.0,0.0,0.0,2
1.0,0.029411764705882353,0.5,0.016216216216216217,0.0708704743039507,0.0,0.25,0.0,0.3333333333333333,0.0,0.3333333333333333,1.0,0.6607142857142857,1.0,0.5,0.0,0.6666666666666666,0.0,0.0,0.0,1
0.3333333333333333,0.07352941176470588,0.5,0.008108108108108109,0.10278419720479806,0.0,0.5,0.3333333333333333,0.6666666666666666,0.0,0.3333333333333333,0.0,0.32142857142857145,1.0,0.5,0.0,0.3333333333333333,1.0,0.0,0.0,1
0.0,0.11764705882352941,0.25,0.021621621621621623,0.004897105755474854,0.0,1.0,1.0,1.0,0.0,0.0,0.6666666666666666,0.4642857142857143,0.0,0.5,0.0,0.3333333333333333,0.0,0.0,0.0,1
1.0,0.25,0.0,0.0,0.26152745680642675,1.0,0.5,0.0,0.3333333333333333,0.0,1.0,0.3333333333333333,0.17857142857142858,0.0,0.5,0.3333333333333333,0.6666666666666666,0.0,1.0,0.0,2
0.3333333333333333,0.6470588235294118,0.0,0.0,0.44613183668977663,0.5,0.25,0.0,0.3333333333333333,0.0,0.0,0.6666666666666666,0.19642857142857142,1.0,0.5,0.3333333333333333,0.6666666666666666,0.0,0.0,0.0,1
0.3333333333333333,0.11764705882352941,0.5,0.005405405405405406,0.038571585781886214,0.25,0.25,1.0,0.3333333333333333,0.0,1.0,0.6666666666666666,0.14285714285714285,0.0,0.0,1.0,0.6666666666666666,0.0,0.0,0.0,2
0.0,0.11764705882352941,1.0,0.002702702702702703,0.06377242214152086,0.0,1.0,1.0,0.6666666666666666,0.0,0.6666666666666666,0.0,0.625,1.0,0.5,0.0,0.6666666666666666,0.0,0.0,0.0,1
1.0,0.29411764705882354,1.0,0.008108108108108109,0.12809508088478044,0.75,1.0,0.3333333333333333,0.6666666666666666,0.0,0.3333333333333333,0.6666666666666666,0.26785714285714285,1.0,0.5,0.0,0.6666666666666666,0.0,0.0,0.0,1
0.0,0.38235294117647056,0.5,0.013513513513513514,0.6464179597226808,0.0,0.25,0.0,0.0,0.0,0.0,1.0,0.26785714285714285,1.0,0.5,0.0,0.3333333333333333,0.0,1.0,0.0,2
0.6666666666666666,0.29411764705882354,0.5,0.0,0.03835149114119071,0.0,0.75,1.0,0.6666666666666666,0.0,0.6666666666666666,1.0,0.3392857142857143,0.0,1.0,0.0,0.6666666666666666,1.0,0.0,0.0,2
0.0,0.11764705882352941,0.5,0.008108108108108109,0.04715527676901068,0.0,0.5,0.3333333333333333,0.6666666666666666,0.0,0.3333333333333333,0.0,0.017857142857142856,1.0,0.0,0.0,1.0,1.0,1.0,0.0,1
1.0,0.07352941176470588,0.5,0.005405405405405406,0.11285352701661715,0.25,0.25,0.3333333333333333,0.3333333333333333,0.0,1.0,0.3333333333333333,0.05357142857142857,1.0,0.0,0.0,0.6666666666666666,0.0,0.0,0.0,1
1.0,0.11764705882352941,0.5,0.024324324324324326,0.0710905689446462,0.0,0.75,0.3333333333333333,0.6666666666666666,0.0,1.0,0.6666666666666666,0.30357142857142855,1.0,0.5,0.0,0.6666666666666666,0.0,1.0,0.0,1
0.3333333333333333,0.38235294117647056,0.75,0.008108108108108109,0.09183448883019699,0.25,0.25,1.0,0.6666666666666666,0.0,0.6666666666666666,1.0,0.19642857142857142,0.5,0.5,0.3333333333333333,1.0,0.0,0.0,0.0,2
0.3333333333333333,0.07352941176470588,0.5,0.008108108108108109,0.07813359744690217,0.0,0.25,1.0,0.3333333333333333,0.0,0.3333333333333333,0.6666666666666666,0.05357142857142857,1.0,0.5,0.0,0.6666666666666666,0.0,1.0,0.0,2
0.3333333333333333,0.3382352941176471,0.5,0.024324324324324326,0.1253438978760867,0.0,0.25,1.0,0.3333333333333333,0.0,0.0,0.3333333333333333,0.23214285714285715,1.0,0.5,0.0,0.6666666666666666,1.0,1.0,0.0,1
0.3333333333333333,0.29411764705882354,0.25,0.016216216216216217,0.08732254869593925,0.0,0.75,1.0,0.3333333333333333,0.0,1.0,1.0,0.26785714285714285,0.0,1.0,0.0,0.3333333333333333,0.0,0.0,0.0,2
1.0,0.29411764705882354,0.25,0.024324324324324326,0.07202597116760207,0.0,0.75,1.0,0.6666666666666666,0.0,1.0,0.6666666666666666,0.5535714285714286,0.0,0.5,0.0,0.6666666666666666,0.0,1.0,0.0,1
0.0,0.20588235294117646,0.0,0.005405405405405406,0.15758776273797734,0.0,0.25,0.0,0.3333333333333333,0.0,1.0,0.3333333333333333,0.125,1.0,0.0,0.0,0.6666666666666666,0.0,0.0,0.0,2
0.0,0.11764705882352941,0.5,0.0,0.053813139650049524,0.0,0.5,1.0,0.3333333333333333,0.0,0.3333333333333333,0.0,0.08928571428571429,1.0,0.5,0.0,0.3333333333333333,0.0,0.0,0.0,2
0.3333333333333333,0.6470588235294118,0.5,0.008108108108108109,0.15461648508858808,0.0,0.75,1.0,0.6666666666666666,0.0,1.0,0.0,0.16071428571428573,1.0,0.5,0.3333333333333333,0.6666666666666666,0.0,0.0,0.0,2
1.0,0.11764705882352941,0.5,0.002702702702702703,0.24347969626939583,1.0,0.25,0.0,0.3333333333333333,0.0,1.0,0.6666666666666666,0.017857142857142856,1.0,0.0,0.0,0.6666666666666666,0.0,0.0,0.0,1
0.0,0.20588235294117646,0.5,0.008108108108108109,0.16176956091119182,0.0,0.5,0.3333333333333333,0.3333333333333333,0.0,0.3333333333333333,0.0,0.08928571428571429,1.0,0.5,0.0,0.6666666666666666,0.0,0.0,0.0,2
0.3333333333333333,0.1323529411764706,1.0,0.008108108108108109,0.034774953229888855,0.0,0.25,1.0,0.6666666666666666,1.0,1.0,0.0,0.07142857142857142,1.0,0.5,0.3333333333333333,0.6666666666666666,0.0,0.0,0.0,1
0.0,0.029411764705882353,1.0,0.008108108108108109,0.05056674369979091,1.0,1.0,1.0,0.6666666666666666,0.0,1.0,0.0,0.8571428571428571,1.0,0.5,0.3333333333333333,0.6666666666666666,0.0,1.0,0.0,1
0.3333333333333333,0.20588235294117646,1.0,0.005405405405405406,0.39198855507868385,0.0,0.0,1.0,0.6666666666666666,0.0,1.0,0.3333333333333333,0.375,0.5,0.5,0.3333333333333333,1.0,0.0,1.0,0.0,1
1.0,0.20588235294117646,1.0,0.008108108108108109,0.32023770221195114,0.0,1.0,0.6666666666666666,0.6666666666666666,0.0,1.0,0.6666666666666666,0.25,1.0,0.5,0.3333333333333333,0.6666666666666666,0.0,1.0,0.0,1
0.0,0.11764705882352941,0.5,0.016216216216216217,0.02388026851546165,0.0,0.5,1.0,0.6666666666666666,0.0,1.0,0.6666666666666666,0.375,1.0,0.0,0.0,0.3333333333333333,1.0,0.0,0.0,2
0.0,0.20588235294117646,0.5,0.005405405405405406,0.1870804445911742,0.0,0.25,0.0,0.3333333333333333,0.0,1.0,0.6666666666666666,0.05357142857142857,1.0,0.0,0.0,0.6666666666666666,0.0,0.0,0.0,1
0.0,0.5588235294117647,0.5,0.008108108108108109,0.20441289754594474,0.0,0.25,1.0,0.6666666666666666,0.0,0.6666666666666666,0.6666666666666666,0.26785714285714285,1.0,0.5,0.0,0.6666666666666666,0.0,0.0,0.0,2
0.0,0.11764705882352941,0.5,0.016216216216216217,0.052272477165181026,1.0,0.5,1.0,0.3333333333333333,0.0,1.0,0.3333333333333333,0.07142857142857142,0.0,0.0,0.0,0.6666666666666666,0.0,1.0,0.0,1
0.3333333333333333,0.47058823529411764,0.75,0.0,0.14372180037416088,0.25,1.0,1.0,0.6666666666666666,0.0,0.6666666666666666,1.0,0.19642857142857142,1.0,1.0,0.0,0.6666666666666666,0.0,0.0,0.0,1
1.0,0.38235294117647056,1.0,0.008108108108108109,0.15555188731154396,1.0,1.0,0.6666666666666666,0.6666666666666666,0.0,0.3333333333333333,0.6666666666666666,0.375,1.0,0.5,0.3333333333333333,0.6666666666666666,1.0,1.0,0.0,1
0.6666666666666666,0.029411764705882353,1.0,0.016216216216216217,0.04385385715857819,0.0,0.5,0.3333333333333333,0.3333333333333333,0.0,1.0,0.3333333333333333,0.5535714285714286,1.0,0.5,0.0,0.3333333333333333,0.0,0.0,0.0,1
0.6666666666666666,0.16176470588235295,0.5,0.016216216216216217,0.007813359744690216,0.0,0.25,1.0,0.3333333333333333,0.0,1.0,0.3333333333333333,0.07142857142857142,1.0,0.0,0.0,0.6666666666666666,0.0,1.0,0.0,1
0.0,0.16176470588235295,1.0,0.005405405405405406,0.039892153626059204,0.0,0.5,0.3333333333333333,0.0,0.0,0.6666666666666666,0.3333333333333333,0.10714285714285714,1.0,0.5,0.3333333333333333,0.6666666666666666,0.0,0.0,0.0,1
0.3333333333333333,0.11764705882352941,0.5,0.008108108108108109,0.04996148343787829,0.5,0.5,0.6666666666666666,0.0,0.0,0.0,0.6666666666666666,0.125,1.0,0.5,0.0,0.6666666666666666,0.0,1.0,0.0,1
0.3333333333333333,0.11764705882352941,1.0,0.0,0.09601628700341147,0.25,0.25,1.0,0.6666666666666666,0.0,0.0,0.6666666666666666,0.14285714285714285,1.0,0.5,0.0,0.6666666666666666,0.0,0.0,0.0,1
1.0,0.029411764705882353,1.0,0.0,0.3582590513920986,0.0,0.75,0.0,0.6666666666666666,0.0,0.6666666666666666,1.0,0.4642857142857143,1.0,0.5,0.3333333333333333,1.0,1.0,1.0,0.0,1
0.0,0.47058823529411764,0.5,0.005405405405405406,0.2712116209970287,0.0,0.75,1.0,0.6666666666666666,0.0,0.3333333333333333,0.3333333333333333,0.17857142857142858,1.0,0.5,0.0,0.6666666666666666,0.0,0.0,0.0,2
0.0,0.47058823529411764,0.5,0.002702702702702703,0.43903378452734676,0.0,0.5,0.3333333333333333,0.6666666666666666,0.0,0.3333333333333333,0.3333333333333333,0.125,1.0,0.5,0.0,0.6666666666666666,1.0,0.0,0.0,2
0.3333333333333333,0.6470588235294118,0.75,0.016216216216216217,0.32871134587872786,0.0,1.0,1.0,0.6666666666666666,0.0,1.0,1.0,0.5535714285714286,1.0,1.0,0.0,0.6666666666666666,0.0,0.0,0.0,2
0.3333333333333333,0.20588235294117646,0.5,0.013513513513513514,0.1992956971497744,0.0,0.0,0.3333333333333333,0.3333333333333333,0.0,1.0,0.6666666666666666,0.8571428571428571,1.0,0.5,0.0,0.6666666666666666,0.0,1.0,0.0,1
1.0,0.16176470588235295,1.0,0.008108108108108109,0.06718388907230109,0.0,0.5,1.0,0.6666666666666666,0.0,1.0,1.0,0.2857142857142857,1.0,1.0,0.3333333333333333,0.6666666666666666,0.0,1.0,0.0,1
1.0,0.29411764705882354,1.0,0.005405405405405406,0.07345658633212282,0.0,0.75,1.0,0.6666666666666666,0.0,0.6666666666666666,0.3333333333333333,0.375,1.0,0.5,0.3333333333333333,0.6666666666666666,0.0,0.0,0.0,1
1.0,0.29411764705882354,0.5,0.0,0.39303400462198745,0.0,0.5,0.0,0.6666666666666666,0.0,1.0,0.3333333333333333,0.42857142857142855,1.0,0.5,0.0,0.3333333333333333,1.0,0.0,0.0,1
1.0,0.29411764705882354,0.5,0.002702702702702703,0.3336084516342027,1.0,1.0,0.6666666666666666,0.6666666666666666,0.0,1.0,0.6666666666666666,0.39285714285714285,1.0,0.5,0.0,1.0,1.0,1.0,0.0,1
1.0,0.29411764705882354,1.0,0.002702702702702703,0.1990756025090789,0.0,1.0,1.0,0.3333333333333333,0.0,0.3333333333333333,0.6666666666666666,0.39285714285714285,1.0,0.0,0.3333333333333333,1.0,0.0,1.0,0.0,1
0.3333333333333333,0.029411764705882353,0.25,0.0,0.03747111257840872,0.25,0.25,0.0,0.3333333333333333,0.0,0.0,0.3333333333333333,0.23214285714285715,0.5,0.5,0.0,0.3333333333333333,0.0,0.0,0.0,2
1.0,0.20588235294117646,0.5,0.008108108108108109,0.06619346318917134,0.0,0.25,0.6666666666666666,0.3333333333333333,0.0,0.0,0.0,0.125,1.0,0.5,0.0,0.6666666666666666,0.0,0.0,0.0,1
0.6666666666666666,0.29411764705882354,1.0,0.0,0.060195884230218995,1.0,0.75,1.0,0.6666666666666666,0.0,0.3333333333333333,0.0,0.32142857142857145,0.0,0.5,0.3333333333333333,0.3333333333333333,1.0,0.0,0.0,2
0.0,0.47058823529411764,0.75,0.024324324324324326,0.10426983602949268,0.0,0.75,0.3333333333333333,0.6666666666666666,0.0,0.0,0.6666666666666666,0.08928571428571429,1.0,0.5,0.3333333333333333,0.6666666666666666,0.0,1.0,0.0,2
1.0,0.11764705882352941,0.25,0.021621621621621623,0.17591064157587763,0.5,0.5,1.0,0.3333333333333333,0.0,0.6666666666666666,0.0,0.2857142857142857,1.0,0.5,0.0,0.3333333333333333,1.0,0.0,0.0,1
0.0,0.20588235294117646,0.5,0.005405405405405406,0.1223175965665236,0.0,0.0,1.0,0.6666666666666666,0.0,0.0,0.6666666666666666,0.10714285714285714,1.0,0.5,0.0,0.0,0.0,0.0,0.0,2
0.0,0.029411764705882353,0.25,0.016216216216216217,0.052162429844833276,0.0,1.0,1.0,0.3333333333333333,0.0,1.0,1.0,0.2857142857142857,1.0,1.0,0.0,0.6666666666666666,0.0,0.0,0.0,2
0.3333333333333333,0.47058823529411764,0.5,0.008108108108108109,0.11406404754044239,0.0,0.75,1.0,0.6666666666666666,0.0,1.0,0.6666666666666666,0.08928571428571429,1.0,0.0,0.0,0.6666666666666666,0.0,0.0,0.0,1
1.0,0.16176470588235295,0.5,0.002702702702702703,0.0577748431825685,1.0,1.0,1.0,0.6666666666666666,0.0,1.0,1.0,0.4642857142857143,0.0,1.0,0.0,0.6666666666666666,1.0,0.0,0.0,1
0.0,0.6470588235294118,0.5,0.016216216216216217,0.39760096841641906,0.0,0.75,1.0,0.6666666666666666,0.0,0.0,1.0,0.5535714285714286,1.0,1.0,0.0,1.0,0.0,1.0,0.0,1
1.0,0.6470588235294118,0.75,0.008108108108108109,0.6877407285132607,0.5,0.75,1.0,0.6666666666666666,0.0,0.0,0.6666666666666666,0.32142857142857145,1.0,0.5,0.0,1.0,0.0,1.0,0.0,1
1.0,0.29411764705882354,0.5,0.024324324324324326,0.23885770881479035,0.75,0.5,0.3333333333333333,0.6666666666666666,0.0,0.6666666666666666,0.3333333333333333,0.625,1.0,0.5,0.6666666666666666,1.0,0.0,1.0,0.0,2
0.3333333333333333,0.6470588235294118,0.5,0.0,0.45322988885220644,1.0,0.75,0.0,0.3333333333333333,0.0,0.3333333333333333,0.6666666666666666,0.08928571428571429,1.0,0.5,0.0,0.6666666666666666,0.0,0.0,0.0,1
1.0,0.07352941176470588,0.5,0.005405405405405406,0.05849015076482888,0.0,1.0,0.0,0.6666666666666666,0.0,1.0,0.6666666666666666,0.017857142857142856,1.0,0.5,0.0,0.6666666666666666,0.0,0.0,0.0,1
0.0,0.20588235294117646,1.0,0.005405405405405406,0.10311433916584131,0.0,0.5,1.0,0.3333333333333333,0.0,1.0,0.0,0.08928571428571429,1.0,0.0,0.3333333333333333,0.6666666666666666,0.0,0.0,0.0,2
0.3333333333333333,0.25,0.5,0.005405405405405406,0.20501815780785737,1.0,0.75,0.3333333333333333,0.6666666666666666,0.0,0.6666666666666666,0.6666666666666666,0.2857142857142857,1.0,0.5,0.0,0.6666666666666666,0.0,1.0,0.0,1
1.0,0.29411764705882354,0.5,0.008108108108108109,0.313249697369869,1.0,0.25,0.0,0.3333333333333333,0.0,0.0,0.6666666666666666,0.44642857142857145,1.0,0.5,0.3333333333333333,0.6666666666666666,0.0,1.0,0.0,2
0.3333333333333333,0.25,1.0,0.024324324324324326,0.18719049191152196,0.0,0.75,0.3333333333333333,0.6666666666666666,0.0,0.6666666666666666,0.3333333333333333,0.14285714285714285,1.0,0.5,0.3333333333333333,0.6666666666666666,0.0,0.0,0.0,1
0.3333333333333333,0.10294117647058823,1.0,0.0,0.05898536370639375,0.75,0.5,1.0,0.3333333333333333,0.0,1.0,0.6666666666666666,0.375,1.0,0.5,0.3333333333333333,0.6666666666666666,0.0,0.0,0.0,1
1.0,0.08823529411764706,1.0,0.0,0.05397821063057114,0.0,1.0,0.6666666666666666,0.6666666666666666,0.0,1.0,0.0,0.23214285714285715,1.0,0.5,0.3333333333333333,0.3333333333333333,1.0,0.0,1.0,1
0.3333333333333333,0.20588235294117646,0.5,0.024324324324324326,0.09304500935402223,0.75,0.5,1.0,0.6666666666666666,0.0,0.3333333333333333,0.3333333333333333,0.2857142857142857,1.0,0.5,0.0,0.3333333333333333,0.0,1.0,0.0,1
0.3333333333333333,0.11764705882352941,0.5,0.002702702702702703,0.09783206778914934,1.0,0.5,1.0,0.6666666666666666,0.0,0.3333333333333333,0.6666666666666666,0.19642857142857142,1.0,0.5,0.0,0.6666666666666666,0.0,0.0,0.0,1
1.0,0.29411764705882354,0.5,0.002702702702702703,0.2851876306811929,1.0,0.0,0.3333333333333333,0.3333333333333333,0.0,1.0,0.3333333333333333,0.125,1.0,0.0,0.0,1.0,0.0,1.0,0.0,1
1.0,0.08823529411764706,0.5,0.005405405405405406,0.10784637394079453,0.0,0.5,0.3333333333333333,0.6666666666666666,0.0,0.3333333333333333,0.0,0.10714285714285714,0.0,0.0,0.0,0.3333333333333333,0.0,0.0,0.0,2
1.0,0.10294117647058823,1.0,0.008108108108108109,0.04974138879718279,0.25,0.0,1.0,0.3333333333333333,0.0,1.0,0.0,0.6785714285714286,1.0,0.5,0.6666666666666666,0.3333333333333333,0.0,0.0,0.0,1
0.3333333333333333,0.47058823529411764,0.5,0.005405405405405406,0.48332783096731596,0.25,0.25,1.0,0.6666666666666666,0.5,0.0,1.0,0.17857142857142858,1.0,0.0,0.0,1.0,0.0,1.0,0.0,2
1.0,0.29411764705882354,0.5,0.0,0.1929679762297788,0.0,1.0,1.0,0.3333333333333333,0.5,1.0,1.0,0.7678571428571429,1.0,1.0,0.0,0.6666666666666666,0.0,1.0,0.0,1
1.0,0.3382352941176471,0.5,0.013513513513513514,0.2718168812589413,1.0,1.0,1.0,0.6666666666666666,0.0,1.0,0.3333333333333333,0.5178571428571429,1.0,0.5,1.0,0.6666666666666666,1.0,1.0,0.0,1
0.0,0.29411764705882354,0.5,0.005405405405405406,0.1510949708374601,1.0,0.5,0.3333333333333333,1.0,0.0,1.0,0.6666666666666666,0.017857142857142856,1.0,0.5,0.0,0.6666666666666666,0.0,0.0,0.0,2
1.0,0.11764705882352941,0.5,0.0,0.18031253438978762,1.0,0.25,0.3333333333333333,0.6666666666666666,0.0,0.6666666666666666,0.3333333333333333,0.4642857142857143,1.0,0.5,0.0,1.0,1.0,1.0,0.0,1
1.0,0.16176470588235295,0.25,0.008108108108108109,0.07257620776934082,0.25,1.0,1.0,0.6666666666666666,0.0,1.0,0.6666666666666666,0.26785714285714285,0.0,0.5,0.0,0.3333333333333333,1.0,0.0,0.0,1
1.0,0.20588235294117646,0.5,0.024324324324324326,0.0935402222955871,0.0,0.75,1.0,0.6666666666666666,0.0,0.0,0.6666666666666666,0.26785714285714285,0.5,0.5,0.3333333333333333,0.6666666666666666,0.0,1.0,0.0,1
1.0,0.47058823529411764,0.0,0.013513513513513514,0.13002090899086607,0.0,0.5,1.0,0.6666666666666666,0.0,0.3333333333333333,0.6666666666666666,0.14285714285714285,1.0,0.5,0.3333333333333333,0.6666666666666666,0.0,0.0,0.0,1
0.3333333333333333,0.20588235294117646,1.0,0.0,0.0348850005502366,0.0,1.0,1.0,0.6666666666666666,0.0,1.0,0.6666666666666666,0.30357142857142855,0.0,0.5,0.0,0.6666666666666666,1.0,1.0,0.0,2
1.0,0.11764705882352941,1.0,0.005405405405405406,0.16952789699570817,0.0,1.0,0.3333333333333333,0.6666666666666666,0.0,1.0,0.3333333333333333,0.4107142857142857,0.5,0.5,0.0,0.6666666666666666,0.0,0.0,0.0,1
0.3333333333333333,0.16176470588235295,0.25,0.0,0.055793991416309016,0.25,0.5,0.3333333333333333,1.0,0.0,0.3333333333333333,0.3333333333333333,0.10714285714285714,1.0,0.0,0.0,0.6666666666666666,0.0,0.0,0.0,2
1.0,0.25,0.75,0.005405405405405406,0.07378672829316606,0.25,0.75,1.0,0.6666666666666666,0.0,0.6666666666666666,0.0,0.26785714285714285,1.0,0.5,0.3333333333333333,1.0,0.0,0.0,0.0,1
0.3333333333333333,0.29411764705882354,0.75,0.0,0.09436557719819523,1.0,0.5,1.0,0.3333333333333333,0.0,1.0,0.6666666666666666,0.4107142857142857,1.0,0.0,0.3333333333333333,0.6666666666666666,0.0,1.0,0.0,1
1.0,0.3382352941176471,0.75,0.002702702702702703,0.46016287003411466,0.75,0.5,0.3333333333333333,0.6666666666666666,0.0,0.3333333333333333,0.6666666666666666,0.14285714285714285,1.0,0.5,0.3333333333333333,0.6666666666666666,0.0,0.0,0.0,1
1.0,0.029411764705882353,0.5,0.005405405405405406,0.08341586882359414,0.0,0.5,0.0,1.0,0.0,0.3333333333333333,0.3333333333333333,0.03571428571428571,1.0,0.0,0.0,0.6666666666666666,0.0,0.0,0.0,1
1.0,0.029411764705882353,0.5,0.008108108108108109,0.014746340926598437,0.0,0.5,0.6666666666666666,0.3333333333333333,0.0,0.0,0.0,0.17857142857142858,1.0,0.5,0.0,0.6666666666666666,0.0,0.0,0.0,1
0.0,0.16176470588235295,0.5,0.005405405405405406,0.08776273797733025,0.0,0.25,1.0,0.3333333333333333,1.0,0.0,0.3333333333333333,0.48214285714285715,1.0,0.0,0.0,0.6666666666666666,0.0,0.0,0.0,1
0.3333333333333333,0.47058823529411764,0.5,0.0,0.7740728513260702,0.0,1.0,1.0,0.6666666666666666,0.0,0.3333333333333333,1.0,0.6785714285714286,1.0,1.0,0.0,1.0,0.0,1.0,0.0,2
1.0,0.29411764705882354,0.75,0.0,0.09805216242984484,0.0,1.0,1.0,0.6666666666666666,0.0,1.0,1.0,0.7321428571428571,1.0,1.0,0.3333333333333333,0.6666666666666666,0.0,1.0,0.0,1
1.0,0.16176470588235295,0.5,0.002702702702702703,0.24248927038626608,0.0,0.5,0.6666666666666666,0.6666666666666666,0.0,0.3333333333333333,0.6666666666666666,0.19642857142857142,1.0,0.5,0.0,0.6666666666666666,0.0,1.0,0.0,1
0.3333333333333333,0.20588235294117646,0.75,0.005405405405405406,0.2226807527236712,0.0,1.0,1.0,0.0,0.0,0.6666666666666666,1.0,0.375,1.0,0.5,0.0,1.0,0.0,1.0,0.0,2
0.3333333333333333,0.16176470588235295,1.0,0.008108108108108109,0.07081545064377683,1.0,1.0,1.0,0.6666666666666666,1.0,1.0,0.0,0.5535714285714286,1.0,0.5,0.3333333333333333,0.6666666666666666,0.0,1.0,0.0,1
0.3333333333333333,0.23529411764705882,0.75,0.002702702702702703,0.3745460548035655,1.0,0.75,0.6666666666666666,0.6666666666666666,0.0,1.0,0.3333333333333333,0.30357142857142855,0.0,0.0,0.3333333333333333,1.0,1.0,1.0,0.0,1
1.0,0.29411764705882354,0.5,0.008108108108108109,0.15709254979641246,1.0,0.25,1.0,0.6666666666666666,0.0,0.3333333333333333,0.6666666666666666,0.10714285714285714,1.0,0.5,0.3333333333333333,0.6666666666666666,0.0,0.0,0.0,1
1.0,0.29411764705882354,0.5,0.008108108108108109,0.11813579839330912,0.5,1.0,0.6666666666666666,0.6666666666666666,0.0,0.3333333333333333,0.6666666666666666,0.2857142857142857,0.0,0.5,0.3333333333333333,0.6666666666666666,0.0,1.0,0.0,2
1.0,0.47058823529411764,1.0,0.008108108108108109,0.17013315725762077,1.0,1.0,1.0,0.6666666666666666,0.0,0.3333333333333333,0.6666666666666666,0.5714285714285714,1.0,0.5,0.0,0.6666666666666666,0.0,1.0,0.0,1
0.0,0.029411764705882353,0.5,0.0,0.8058765269065699,0.0,1.0,0.0,0.6666666666666666,0.0,1.0,1.0,0.875,0.0,0.5,0.0,1.0,0.0,1.0,0.0,2
1.0,0.20588235294117646,1.0,0.008108108108108109,0.0466600638274458,0.0,0.0,1.0,0.3333333333333333,0.0,1.0,0.6666666666666666,0.8214285714285714,1.0,0.5,0.3333333333333333,0.0,0.0,0.0,0.0,1
1.0,0.11764705882352941,0.5,0.008108108108108109,0.055683944095961266,0.0,0.5,0.6666666666666666,0.6666666666666666,0.0,0.3333333333333333,0.6666666666666666,0.10714285714285714,1.0,0.5,0.0,0.6666666666666666,0.0,0.0,0.0,1
0.6666666666666666,0.16176470588235295,1.0,0.002702702702702703,0.11609992296687575,0.5,0.5,0.3333333333333333,0.6666666666666666,0.0,0.3333333333333333,0.6666666666666666,0.30357142857142855,1.0,0.5,0.0,0.6666666666666666,0.0,1.0,0.0,1
0.0,0.11764705882352941,0.5,0.010810810810810811,0.02701661714537251,0.25,0.0,1.0,0.3333333333333333,0.0,0.6666666666666666,0.3333333333333333,0.05357142857142857,1.0,0.5,0.0,0.6666666666666666,0.0,0.0,0.0,2
1.0,0.38235294117647056,0.75,0.024324324324324326,0.2213051612193243,0.25,0.5,0.3333333333333333,0.6666666666666666,0.0,0.3333333333333333,0.3333333333333333,0.125,1.0,0.5,0.3333333333333333,0.3333333333333333,0.0,0.0,0.0,1
1.0,0.11764705882352941,1.0,0.024324324324324326,0.11235831407505227,0.0,0.0,1.0,0.6666666666666666,0.0,0.3333333333333333,0.6666666666666666,0.4107142857142857,0.5,0.5,0.3333333333333333,1.0,0.0,1.0,0.0,2
1.0,0.16176470588235295,1.0,0.0,0.2638384505337295,1.0,1.0,0.0,0.3333333333333333,0.0,1.0,0.6666666666666666,0.7142857142857143,1.0,0.5,0.0,0.6666666666666666,0.0,1.0,0.0,1
1.0,0.29411764705882354,0.5,0.002702702702702703,0.13315725762077693,0.0,1.0,1.0,0.6666666666666666,0.0,1.0,0.6666666666666666,0.2857142857142857,1.0,0.5,0.0,1.0,0.0,1.0,0.0,1
1.0,0.29411764705882354,1.0,0.002702702702702703,0.30560140860570045,0.75,0.5,1.0,0.6666666666666666,0.0,0.3333333333333333,0.0,0.14285714285714285,1.0,0.5,0.3333333333333333,0.6666666666666666,0.0,0.0,0.0,1
0.0,0.29411764705882354,0.5,0.0,0.06558820292725873,0.0,0.75,1.0,0.3333333333333333,0.0,1.0,0.6666666666666666,0.07142857142857142,1.0,0.0,0.3333333333333333,0.6666666666666666,0.0,0.0,0.0,2
1.0,0.029411764705882353,0.0,0.008108108108108109,0.009684164190601958,0.0,1.0,1.0,1.0,0.0,1.0,0.6666666666666666,0.35714285714285715,1.0,0.5,0.0,0.3333333333333333,0.0,0.0,0.0,1
0.3333333333333333,0.20588235294117646,1.0,0.024324324324324326,0.090073731704633,1.0,0.5,1.0,1.0,0.0,1.0,0.0,0.16071428571428573,0.0,0.5,0.3333333333333333,0.6666666666666666,0.0,0.0,0.0,1
0.0,0.5588235294117647,0.5,0.005405405405405406,0.4199405744470122,0.0,0.75,0.3333333333333333,0.6666666666666666,1.0,1.0,0.3333333333333333,0.4642857142857143,1.0,1.0,0.0,0.6666666666666666,1.0,0.0,0.0,1
0.0,0.29411764705882354,0.5,0.008108108108108109,0.056784417299438755,0.25,0.5,1.0,0.3333333333333333,0.0,0.3333333333333333,0.6666666666666666,0.23214285714285715,1.0,0.5,0.0,0.3333333333333333,0.0,0.0,0.0,2
1.0,0.29411764705882354,0.5,0.021621621621621623,0.03780125453945196,0.0,0.25,1.0,1.0,0.0,0.6666666666666666,0.6666666666666666,0.14285714285714285,1.0,0.5,0.3333333333333333,0.3333333333333333,0.0,0.0,0.0,1
1.0,0.20588235294117646,0.25,0.0,0.34158688235941453,0.0,1.0,0.3333333333333333,0.6666666666666666,0.0,1.0,1.0,0.35714285714285715,0.0,0.5,0.3333333333333333,1.0,1.0,1.0,0.0,2
0.0,0.07352941176470588,1.0,0.013513513513513514,0.057114559260482006,0.25,1.0,0.6666666666666666,0.6666666666666666,1.0,1.0,0.0,0.5178571428571429,1.0,0.5,0.3333333333333333,0.6666666666666666,1.0,0.0,1.0,1
1.0,0.29411764705882354,0.75,0.002702702702702703,0.24369979091009134,0.0,0.75,0.6666666666666666,0.6666666666666666,0.0,0.6666666666666666,0.6666666666666666,0.2857142857142857,1.0,0.5,0.3333333333333333,0.3333333333333333,0.0,1.0,0.0,1
0.0,0.20588235294117646,0.25,0.005405405405405406,0.07169582920655881,0.0,0.5,1.0,0.6666666666666666,0.0,0.6666666666666666,0.6666666666666666,0.44642857142857145,0.0,0.5,0.0,0.6666666666666666,0.0,0.0,0.0,2
1.0,0.07352941176470588,1.0,0.008108108108108109,0.15538681633102233,1.0,0.5,0.0,0.6666666666666666,0.0,0.3333333333333333,0.0,0.25,1.0,0.5,0.3333333333333333,0.6666666666666666,1.0,0.0,0.0,1
1.0,0.5147058823529411,0.5,0.002702702702702703,0.4587872785297678,0.25,1.0,1.0,0.6666666666666666,0.0,0.3333333333333333,0.6666666666666666,0.4642857142857143,1.0,0.5,0.0,1.0,0.0,1.0,0.0,1
0.3333333333333333,0.11764705882352941,0.5,0.008108108108108109,0.07246616044899307,0.0,0.5,0.0,0.3333333333333333,0.0,0.0,0.6666666666666666,0.05357142857142857,1.0,0.5,0.0,0.6666666666666666,0.0,1.0,0.0,1
1.0,0.6470588235294118,0.5,0.024324324324324326,0.20160669087707714,1.0,0.5,1.0,0.0,0.0,0.3333333333333333,0.0,0.3392857142857143,0.0,0.5,0.0,0.6666666666666666,0.0,0.0,0.0,2
1.0,0.20588235294117646,1.0,0.008108108108108109,0.020853967205898535,0.5,1.0,1.0,0.6666666666666666,0.0,0.6666666666666666,0.3333333333333333,0.23214285714285715,0.0,0.5,0.3333333333333333,1.0,0.0,1.0,0.0,1
0.3333333333333333,0.029411764705882353,0.5,0.013513513513513514,0.011224826675470452,0.0,0.25,0.6666666666666666,1.0,0.0,0.0,0.3333333333333333,0.05357142857142857,1.0,0.5,0.0,0.3333333333333333,0.0,0.0,0.0,1
0.0,0.29411764705882354,1.0,0.0,0.05221745350500715,0.0,1.0,1.0,0.6666666666666666,0.0,1.0,0.6666666666666666,0.7321428571428571,1.0,0.5,0.3333333333333333,0.3333333333333333,0.0,0.0,0.0,2
0.3333333333333333,0.47058823529411764,1.0,0.002702702702702703,0.30538131396500495,0.0,0.5,0.6666666666666666,0.6666666666666666,0.0,1.0,0.6666666666666666,0.26785714285714285,1.0,0.5,0.3333333333333333,0.6666666666666666,0.0,1.0,0.0,1
0.6666666666666666,0.11764705882352941,1.0,0.0,0.03791130185979971,0.5,0.75,1.0,1.0,0.0,0.3333333333333333,0.0,0.16071428571428573,1.0,0.5,0.6666666666666666,0.6666666666666666,0.0,1.0,0.0,2
0.0,0.5147058823529411,1.0,0.005405405405405406,0.7664245625619016,1.0,0.75,1.0,0.6666666666666666,0.0,1.0,0.3333333333333333,0.19642857142857142,1.0,0.5,0.3333333333333333,1.0,0.0,1.0,0.0,1
0.3333333333333333,0.20588235294117646,0.5,0.024324324324324326,0.2304941124683614,0.0,1.0,0.0,0.6666666666666666,0.5,0.0,0.0,0.25,0.0,0.5,0.0,1.0,0.0,1.0,0.0,1
0.0,0.11764705882352941,0.25,0.008108108108108109,0.10448993067018818,0.0,0.5,1.0,0.0,0.0,0.0,1.0,0.17857142857142858,1.0,1.0,0.0,0.6666666666666666,0.0,0.0,0.0,2
0.3333333333333333,0.29411764705882354,1.0,0.0,0.19962583911081766,0.25,0.25,1.0,0.0,0.0,0.3333333333333333,0.6666666666666666,0.32142857142857145,1.0,0.5,0.0,0.6666666666666666,0.0,1.0,0.0,1
1.0,0.11764705882352941,1.0,0.008108108108108109,0.0926598437328051,0.0,1.0,0.3333333333333333,0.6666666666666666,0.0,0.3333333333333333,1.0,0.125,1.0,0.5,0.3333333333333333,0.6666666666666666,0.0,0.0,0.0,1
1.0,0.029411764705882353,0.75,0.008108108108108109,0.03752613623858259,0.0,0.5,0.6666666666666666,0.3333333333333333,0.0,0.3333333333333333,0.0,0.08928571428571429,1.0,0.5,0.0,0.6666666666666666,0.0,0.0,0.0,1
0.0,0.8235294117647058,0.75,0.024324324324324326,0.36238582590513924,0.0,1.0,0.6666666666666666,0.6666666666666666,0.0,1.0,1.0,0.7857142857142857,1.0,0.5,0.3333333333333333,0.6666666666666666,0.0,1.0,0.0,2
0.6666666666666666,0.20588235294117646,0.5,0.005405405405405406,0.14383184769450863,0.0,0.5,0.3333333333333333,0.6666666666666666,0.0,0.0,0.0,0.26785714285714285,1.0,0.5,0.0,0.3333333333333333,1.0,0.0,0.0,2
0.0,0.29411764705882354,1.0,0.002702702702702703,0.148949048090679,0.0,1.0,1.0,0.6666666666666666,0.0,1.0,0.3333333333333333,0.7857142857142857,1.0,0.5,0.3333333333333333,0.6666666666666666,0.0,1.0,0.0,1
1.0,0.2647058823529412,0.5,0.0,0.05683944095961263,1.0,0.75,1.0,0.3333333333333333,0.0,1.0,0.3333333333333333,0.10714285714285714,1.0,0.0,0.0,0.6666666666666666,0.0,0.0,0.0,1
0.0,0.20588235294117646,0.5,0.008108108108108109,0.1293056014086057,0.0,0.5,1.0,0.6666666666666666,0.0,1.0,1.0,0.8214285714285714,1.0,1.0,0.3333333333333333,0.6666666666666666,0.0,0.0,0.0,2
1.0,0.11764705882352941,1.0,0.008108108108108109,0.11450423682183339,1.0,1.0,0.0,0.6666666666666666,0.5,1.0,0.0,0.5357142857142857,1.0,0.5,0.0,0.6666666666666666,0.0,1.0,0.0,1
0.0,0.058823529411764705,1.0,0.0,0.026466380543633764,0.0,1.0,1.0,0.6666666666666666,0.0,1.0,0.0,0.5,1.0,0.5,0.3333333333333333,0.3333333333333333,0.0,0.0,0.0,1
1.0,0.20588235294117646,0.0,0.024324324324324326,0.21541762958071972,0.0,0.5,0.3333333333333333,0.6666666666666666,0.0,0.3333333333333333,0.6666666666666666,0.30357142857142855,0.5,0.5,0.3333333333333333,0.6666666666666666,1.0,0.0,0.0,2
1.0,0.20588235294117646,1.0,0.008108108108108109,0.08528667326950588,0.0,0.5,1.0,0.6666666666666666,0.0,0.3333333333333333,0.6666666666666666,0.08928571428571429,1.0,0.5,0.3333333333333333,0.6666666666666666,0.0,0.0,0.0,1
0.0,0.29411764705882354,0.5,0.005405405405405406,0.1702982282381424,0.0,1.0,1.0,0.6666666666666666,0.0,0.3333333333333333,0.3333333333333333,0.35714285714285715,1.0,0.0,0.0,1.0,0.0,1.0,0.0,2
0.3333333333333333,0.11764705882352941,0.5,0.0,0.041652910751623196,0.75,0.5,1.0,1.0,0.0,0.0,0.0,0.05357142857142857,1.0,0.5,0.0,0.6666666666666666,0.0,0.0,0.0,1
0.3333333333333333,0.04411764705882353,0.5,0.008108108108108109,0.11439418950148564,0.0,0.25,0.0,0.3333333333333333,1.0,0.0,0.0,0.4642857142857143,1.0,0.5,0.0,0.6666666666666666,0.0,0.0,0.0,1
0.0,0.11764705882352941,0.5,0.005405405405405406,0.022119511389897657,0.0,1.0,1.0,0.3333333333333333,0.0,1.0,0.3333333333333333,0.08928571428571429,1.0,0.0,0.0,0.6666666666666666,0.0,0.0,0.0,1
1.0,0.47058823529411764,0.5,0.005405405405405406,0.1705183228788379,0.0,0.5,1.0,0.3333333333333333,0.0,0.3333333333333333,0.6666666666666666,0.16071428571428573,1.0,0.5,0.0,1.0,0.0,1.0,0.0,2
0.0,0.23529411764705882,0.5,0.005405405405405406,0.10795642126114229,1.0,0.75,1.0,0.6666666666666666,0.0,1.0,0.6666666666666666,0.35714285714285715,1.0,0.5,0.0,0.6666666666666666,0.0,1.0,0.0,1
0.3333333333333333,0.11764705882352941,0.5,0.008108108108108109,0.020633872565203038,0.0,0.25,1.0,1.0,1.0,0.0,0.0,0.125,0.0,0.5,0.0,0.3333333333333333,0.0,0.0,0.0,1
1.0,0.08823529411764706,0.5,0.0,0.0713106635853417,0.0,0.5,0.6666666666666666,0.6666666666666666,0.0,0.3333333333333333,0.0,0.21428571428571427,1.0,0.5,0.0,0.3333333333333333,1.0,0.0,1.0,1
0.3333333333333333,0.6470588235294118,0.25,0.0,0.6558270056124134,1.0,0.0,1.0,0.6666666666666666,0.5,1.0,1.0,0.30357142857142855,1.0,1.0,0.0,1.0,0.0,1.0,0.0,1
0.3333333333333333,0.16176470588235295,0.5,0.008108108108108109,0.03037306041597887,0.0,1.0,1.0,0.6666666666666666,0.0,0.6666666666666666,0.6666666666666666,0.32142857142857145,1.0,0.5,0.0,0.6666666666666666,1.0,0.0,0.0,2
0.3333333333333333,0.6029411764705882,1.0,0.002702702702702703,0.23803235391218225,0.25,0.0,0.6666666666666666,0.6666666666666666,0.0,1.0,0.6666666666666666,0.14285714285714285,1.0,0.5,0.0,0.6666666666666666,0.0,0.0,0.0,1
1.0,0.0,1.0,0.0,0.17222405634422802,0.0,0.75,0.0,0.3333333333333333,0.0,0.0,0.0,0.32142857142857145,1.0,0.5,0.0,0.6666666666666666,1.0,0.0,0.0,1
0.3333333333333333,0.38235294117647056,0.5,0.0,0.10454495433036205,0.0,0.5,1.0,0.3333333333333333,1.0,0.3333333333333333,1.0,0.08928571428571429,0.0,0.5,0.0,0.6666666666666666,0.0,0.0,0.0,2
1.0,0.8235294117647058,0.5,0.0,0.3453835149114119,1.0,0.5,1.0,0.6666666666666666,0.0,1.0,1.0,0.26785714285714285,1.0,1.0,0.0,0.6666666666666666,1.0,1.0,0.0,1
0.6666666666666666,0.29411764705882354,1.0,0.008108108108108109,0.15945856718388907,1.0,0.5,0.6666666666666666,0.6666666666666666,0.0,0.3333333333333333,0.6666666666666666,0.21428571428571427,1.0,0.5,0.3333333333333333,0.6666666666666666,0.0,1.0,0.0,1
1.0,0.47058823529411764,1.0,0.024324324324324326,0.3331132386926378,1.0,1.0,1.0,0.6666666666666666,0.0,1.0,0.0,0.30357142857142855,1.0,0.5,0.3333333333333333,0.6666666666666666,0.0,0.0,0.0,1
1.0,0.29411764705882354,1.0,0.002702702702702703,0.10713106635853417,1.0,0.75,1.0,0.6666666666666666,0.0,1.0,0.6666666666666666,0.42857142857142855,1.0,0.5,0.3333333333333333,0.6666666666666666,1.0,1.0,0.0,1
0.3333333333333333,0.11764705882352941,1.0,0.002702702702702703,0.08550676791020138,0.25,0.25,0.6666666666666666,0.6666666666666666,0.0,1.0,0.3333333333333333,0.44642857142857145,1.0,0.5,0.0,0.6666666666666666,0.0,0.0,0.0,1
0.0,0.16176470588235295,0.5,0.024324324324324326,0.03059315505667437,0.0,0.5,1.0,0.3333333333333333,0.0,1.0,0.3333333333333333,0.05357142857142857,1.0,0.5,0.0,0.3333333333333333,0.0,0.0,0.0,1
1.0,0.20588235294117646,0.5,0.024324324324324326,0.07252118410916694,0.25,0.5,0.6666666666666666,0.3333333333333333,0.0,1.0,0.3333333333333333,0.08928571428571429,1.0,0.0,0.0,0.3333333333333333,0.0,0.0,0.0,1
1.0,0.11764705882352941,1.0,0.024324324324324326,0.06393749312204247,0.0,0.5,1.0,0.3333333333333333,1.0,0.3333333333333333,0.0,0.17857142857142858,1.0,0.5,0.3333333333333333,1.0,0.0,1.0,0.0,1
1.0,0.20588235294117646,0.5,0.0,0.13271706833938593,1.0,0.75,1.0,0.6666666666666666,0.0,0.6666666666666666,0.3333333333333333,0.23214285714285715,1.0,0.5,0.0,0.6666666666666666,0.0,0.0,1.0,1
1.0,0.16176470588235295,0.75,0.005405405405405406,0.039066798723451084,0.75,0.75,0.6666666666666666,0.3333333333333333,0.0,0.3333333333333333,0.3333333333333333,0.19642857142857142,1.0,0.5,0.3333333333333333,0.6666666666666666,0.0,0.0,0.0,1
0.3333333333333333,0.29411764705882354,1.0,0.008108108108108109,0.05315285572796302,0.25,0.25,1.0,0.6666666666666666,0.0,1.0,1.0,0.3392857142857143,0.0,0.5,0.3333333333333333,0.6666666666666666,1.0,0.0,0.0,2
0.3333333333333333,0.29411764705882354,0.75,0.008108108108108109,0.07169582920655881,0.25,0.75,0.6666666666666666,0.3333333333333333,0.0,0.3333333333333333,0.3333333333333333,0.07142857142857142,1.0,0.0,0.3333333333333333,0.6666666666666666,0.0,1.0,0.0,1
0.6666666666666666,0.07352941176470588,0.0,0.008108108108108109,0.05981071860900187,0.0,0.25,1.0,0.6666666666666666,0.0,0.3333333333333333,0.6666666666666666,0.26785714285714285,1.0,0.5,0.3333333333333333,1.0,0.0,1.0,0.0,2
1.0,0.11764705882352941,0.5,0.008108108108108109,0.09425552987784748,0.0,0.75,1.0,0.6666666666666666,0.0,0.3333333333333333,0.6666666666666666,0.21428571428571427,1.0,0.0,0.3333333333333333,1.0,1.0,1.0,0.0,1
1.0,0.20588235294117646,0.5,0.008108108108108109,0.23902277979531197,0.0,0.25,0.6666666666666666,0.6666666666666666,0.0,0.3333333333333333,0.6666666666666666,0.23214285714285715,1.0,0.5,0.0,0.6666666666666666,0.0,1.0,0.0,1
0.0,0.29411764705882354,0.5,0.002702702702702703,0.14097061736546715,1.0,1.0,0.3333333333333333,0.3333333333333333,0.0,1.0,0.0,0.125,1.0,0.0,0.0,0.6666666666666666,0.0,0.0,0.0,1
1.0,0.8235294117647058,0.75,0.008108108108108109,0.847529437658193,0.0,0.75,0.3333333333333333,0.6666666666666666,0.0,1.0,0.6666666666666666,0.03571428571428571,1.0,0.5,0.3333333333333333,0.6666666666666666,0.0,1.0,0.0,1
0.6666666666666666,0.11764705882352941,0.25,0.024324324324324326,0.019753494002421042,0.0,0.25,1.0,0.3333333333333333,0.0,0.0,0.0,0.125,1.0,0.5,0.0,0.0,0.0,0.0,0.0,2
0.0,0.16176470588235295,0.5,0.008108108108108109,0.04418399911962144,0.0,0.25,1.0,1.0,0.0,0.3333333333333333,0.0,0.14285714285714285,1.0,0.5,0.0,0.6666666666666666,0.0,0.0,1.0,1
1.0,0.29411764705882354,0.5,0.002702702702702703,0.4966985803895675,1.0,0.5,0.3333333333333333,0.0,0.0,1.0,1.0,0.5178571428571429,1.0,1.0,0.0,0.6666666666666666,0.0,1.0,0.0,1
0.0,0.029411764705882353,1.0,0.0,0.03356443270606361,0.0,1.0,0.0,0.3333333333333333,0.0,1.0,1.0,0.35714285714285715,1.0,0.5,0.3333333333333333,0.6666666666666666,0.0,1.0,0.0,1
0.0,0.16176470588235295,0.5,0.0,0.20408275558490152,0.0,0.5,0.6666666666666666,0.3333333333333333,0.0,0.3333333333333333,0.3333333333333333,0.17857142857142858,1.0,0.5,0.0,0.6666666666666666,0.0,1.0,0.0,2
1.0,0.029411764705882353,1.0,0.0,0.0,0.75,0.5,0.3333333333333333,0.3333333333333333,0.0,0.3333333333333333,0.0,0.39285714285714285,0.0,0.5,0.3333333333333333,0.3333333333333333,0.0,0.0,0.0,1
1.0,0.29411764705882354,0.5,0.024324324324324326,0.055463849455265765,0.0,0.75,1.0,0.6666666666666666,0.0,0.0,0.0,0.10714285714285714,1.0,0.5,0.0,0.6666666666666666,0.0,1.0,0.0,1
0.0,0.29411764705882354,0.75,0.008108108108108109,0.042588312974579066,0.0,0.25,1.0,1.0,0.0,1.0,0.0,0.5178571428571429,0.5,0.5,0.0,0.6666666666666666,0.0,0.0,0.0,2
1.0,0.11764705882352941,0.75,0.013513513513513514,0.07180587652690656,0.75,1.0,1.0,0.6666666666666666,0.0,1.0,1.0,0.6428571428571429,1.0,1.0,0.3333333333333333,0.6666666666666666,1.0,0.0,0.0,2
0.3333333333333333,0.11764705882352941,0.5,0.0,0.03224386486189061,0.25,0.25,1.0,0.3333333333333333,0.0,0.3333333333333333,0.3333333333333333,0.07142857142857142,0.0,0.5,0.0,0.3333333333333333,0.0,0.0,0.0,2
0.3333333333333333,0.11764705882352941,0.5,0.024324324324324326,0.043303620556839444,0.25,0.75,0.6666666666666666,0.6666666666666666,0.0,1.0,0.0,0.35714285714285715,1.0,0.5,0.0,0.3333333333333333,0.0,0.0,0.0,1
0.0,0.38235294117647056,0.5,0.002702702702702703,0.19847034224716628,0.0,0.5,1.0,0.0,0.0,1.0,0.3333333333333333,0.375,1.0,0.5,0.0,1.0,0.0,1.0,0.0,1
1.0,0.11764705882352941,1.0,0.0,0.03719599427753934,0.0,0.0,0.0,0.3333333333333333,0.0,0.3333333333333333,0.3333333333333333,0.3392857142857143,1.0,0.5,0.0,0.0,0.0,0.0,0.0,1
1.0,0.029411764705882353,0.0,0.0,0.05249257180587653,0.25,0.5,1.0,0.6666666666666666,0.0,0.0,1.0,0.2857142857142857,0.0,0.0,0.0,0.6666666666666666,0.0,0.0,1.0,1
0.0,0.20588235294117646,0.5,0.005405405405405406,0.04847584461318367,0.0,0.0,1.0,0.3333333333333333,0.0,0.3333333333333333,0.6666666666666666,0.25,1.0,0.5,0.0,0.6666666666666666,0.0,0.0,0.0,2
1.0,0.07352941176470588,0.5,0.0,0.18306371739848135,0.25,0.5,0.0,0.6666666666666666,1.0,0.3333333333333333,0.0,0.125,1.0,0.0,0.0,0.6666666666666666,1.0,0.0,1.0,1
0.0,0.29411764705882354,0.5,0.005405405405405406,0.15247056234180698,0.0,0.5,0.3333333333333333,0.0,0.0,0.3333333333333333,0.0,0.08928571428571429,1.0,0.0,0.0,0.3333333333333333,0.0,0.0,0.0,1
0.3333333333333333,0.6470588235294118,0.5,0.024324324324324326,0.8485748872014967,0.0,0.5,0.3333333333333333,0.6666666666666666,0.0,0.3333333333333333,0.6666666666666666,0.07142857142857142,1.0,0.5,0.0,0.6666666666666666,0.0,1.0,0.0,2
0.0,0.16176470588235295,0.5,0.010810810810810811,0.056399251678221636,1.0,0.5,1.0,0.3333333333333333,0.0,0.3333333333333333,0.6666666666666666,0.08928571428571429,1.0,0.0,0.0,0.6666666666666666,0.0,0.0,0.0,2
0.6666666666666666,0.29411764705882354,1.0,0.024324324324324326,0.056399251678221636,0.75,0.5,0.3333333333333333,0.0,0.0,1.0,0.0,0.30357142857142855,1.0,0.5,0.3333333333333333,0.6666666666666666,0.0,1.0,0.0,1
0.3333333333333333,0.8235294117647058,0.5,0.0,0.7580609662154727,0.0,0.75,1.0,0.6666666666666666,0.0,0.3333333333333333,1.0,0.14285714285714285,1.0,0.5,0.0,1.0,0.0,1.0,0.0,2
0.3333333333333333,0.29411764705882354,0.5,0.0,0.05480356553317927,0.0,0.25,1.0,0.6666666666666666,0.0,0.3333333333333333,0.0,0.07142857142857142,0.5,0.5,0.0,0.3333333333333333,0.0,0.0,0.0,2
0.3333333333333333,0.29411764705882354,0.75,0.024324324324324326,0.3695939253879168,0.25,0.75,1.0,0.6666666666666666,0.0,1.0,0.6666666666666666,0.30357142857142855,1.0,0.0,0.0,1.0,0.0,1.0,0.0,1
0.3333333333333333,0.11764705882352941,0.5,0.0,0.39738087377572356,1.0,0.0,0.0,0.3333333333333333,0.0,0.3333333333333333,0.0,0.08928571428571429,1.0,0.0,0.0,0.0,0.0,0.0,0.0,1
0.0,0.10294117647058823,1.0,0.0,0.20111147793551226,0.0,0.5,0.3333333333333333,0.6666666666666666,0.0,0.3333333333333333,0.0,0.30357142857142855,1.0,0.0,0.3333333333333333,0.6666666666666666,1.0,0.0,0.0,1
1.0,0.16176470588235295,1.0,0.008108108108108109,0.06652360515021459,0.0,0.5,1.0,0.3333333333333333,0.0,0.3333333333333333,0.6666666666666666,0.42857142857142855,1.0,0.5,0.0,0.3333333333333333,0.0,0.0,0.0,1
1.0,0.20588235294117646,0.5,0.005405405405405406,0.09541102674149884,0.0,0.5,1.0,0.6666666666666666,0.0,1.0,1.0,0.5,0.0,1.0,0.3333333333333333,0.6666666666666666,0.0,0.0,0.0,1
0.6666666666666666,0.16176470588235295,0.5,0.024324324324324326,0.1340926598437328,0.0,0.75,0.3333333333333333,0.6666666666666666,0.0,1.0,0.3333333333333333,0.125,1.0,0.0,0.0,0.6666666666666666,0.0,1.0,0.0,1
0.3333333333333333,0.11764705882352941,1.0,0.0,0.116430064927919,0.5,0.75,0.6666666666666666,0.0,0.0,0.6666666666666666,0.6666666666666666,0.30357142857142855,1.0,0.5,0.0,1.0,0.0,1.0,0.0,1
1.0,0.029411764705882353,0.5,0.013513513513513514,0.022559700671288655,0.5,0.75,0.3333333333333333,1.0,0.0,1.0,0.0,0.07142857142857142,1.0,0.0,0.0,0.3333333333333333,0.0,0.0,0.0,1
0.0,0.47058823529411764,0.75,0.016216216216216217,0.36519203257400684,0.0,0.5,1.0,0.6666666666666666,0.0,0.6666666666666666,0.3333333333333333,0.17857142857142858,0.5,0.5,0.0,0.6666666666666666,0.0,1.0,0.0,2
1.0,0.16176470588235295,0.5,0.005405405405405406,0.10845163420270716,0.5,0.5,0.3333333333333333,0.3333333333333333,0.0,1.0,0.6666666666666666,0.017857142857142856,1.0,0.0,0.0,0.6666666666666666,0.0,0.0,0.0,1
0.3333333333333333,0.07352941176470588,0.25,0.0,0.06531308462638935,0.25,0.75,0.3333333333333333,0.6666666666666666,0.0,0.6666666666666666,1.0,0.17857142857142858,1.0,0.5,0.0,0.6666666666666666,0.0,0.0,0.0,2
0.3333333333333333,0.47058823529411764,0.5,0.008108108108108109,0.2500825354902608,0.0,0.25,1.0,0.3333333333333333,0.0,0.0,1.0,0.19642857142857142,1.0,0.5,0.0,1.0,0.0,1.0,0.0,1
0.3333333333333333,0.11764705882352941,0.5,0.005405405405405406,0.09199955981071861,0.0,0.5,1.0,0.6666666666666666,0.0,0.3333333333333333,0.3333333333333333,0.32142857142857145,1.0,0.5,0.0,0.3333333333333333,0.0,0.0,0.0,2
0.0,0.29411764705882354,0.5,0.0,0.1129635743369649,0.0,1.0,1.0,0.6666666666666666,0.5,0.0,0.0,0.4642857142857143,1.0,0.5,0.0,0.6666666666666666,0.0,0.0,0.0,2
1.0,0.29411764705882354,1.0,0.0,0.09750192582810609,0.0,0.5,1.0,0.3333333333333333,0.0,1.0,0.6666666666666666,0.32142857142857145,1.0,0.5,0.0,0.6666666666666666,0.0,1.0,0.0,1
0.0,0.29411764705882354,0.5,0.005405405405405406,0.20743919885550788,0.0,0.5,0.3333333333333333,0.6666666666666666,0.0,0.3333333333333333,0.6666666666666666,0.14285714285714285,0.5,0.5,0.0,0.6666666666666666,0.0,0.0,0.0,1
0.3333333333333333,0.6470588235294118,0.75,0.024324324324324326,0.3538571585781886,1.0,0.5,1.0,0.6666666666666666,0.0,1.0,1.0,0.3392857142857143,1.0,1.0,0.0,0.6666666666666666,1.0,1.0,0.0,1
0.3333333333333333,0.11764705882352941,0.5,0.005405405405405406,0.15225046770111147,0.0,0.25,0.6666666666666666,0.3333333333333333,0.0,0.0,0.0,0.26785714285714285,1.0,0.0,0.0,1.0,0.0,0.0,0.0,1
0.0,0.17647058823529413,1.0,0.0,0.13068119291295258,0.0,1.0,0.3333333333333333,0.6666666666666666,1.0,1.0,0.3333333333333333,0.42857142857142855,0.0,0.0,0.0,0.6666666666666666,0.0,1.0,0.0,2
1.0,0.47058823529411764,0.75,0.008108108108108109,0.23181468031253438,0.0,0.5,1.0,0.6666666666666666,0.0,0.3333333333333333,0.6666666666666666,0.125,1.0,0.5,0.3333333333333333,1.0,0.0,1.0,0.0,2
1.0,0.16176470588235295,0.75,0.008108108108108109,0.06756905469351822,0.0,0.5,1.0,1.0,0.0,0.6666666666666666,0.0,0.25,0.0,0.5,0.3333333333333333,0.6666666666666666,0.0,0.0,0.0,1
0.0,0.29411764705882354,0.25,0.005405405405405406,0.1705183228788379,0.5,0.25,1.0,0.6666666666666666,0.0,1.0,1.0,0.19642857142857142,1.0,1.0,0.0,0.6666666666666666,1.0,1.0,0.0,2
0.3333333333333333,0.16176470588235295,0.25,0.0,0.36315615714757343,0.25,0.0,0.0,0.6666666666666666,0.0,0.3333333333333333,0.3333333333333333,0.26785714285714285,1.0,0.5,0.0,1.0,1.0,1.0,0.0,2
1.0,0.029411764705882353,0.5,0.010810810810810811,0.059865742269175744,0.5,0.5,0.0,0.0,0.0,1.0,0.0,0.7678571428571429,1.0,0.5,0.0,0.6666666666666666,0.0,0.0,0.0,1
0.0,0.29411764705882354,1.0,0.002702702702702703,0.33944095961263343,0.0,1.0,0.3333333333333333,0.3333333333333333,0.0,1.0,1.0,0.44642857142857145,1.0,1.0,0.3333333333333333,1.0,1.0,1.0,0.0,1
0.0,0.14705882352941177,0.5,0.0,0.48024650599757895,0.0,1.0,0.0,0.0,0.0,1.0,0.3333333333333333,0.4642857142857143,1.0,0.5,0.0,1.0,0.0,1.0,1.0,2
0.3333333333333333,0.47058823529411764,0.5,0.002702702702702703,0.3685484758446132,0.0,0.5,0.3333333333333333,0.6666666666666666,0.0,0.3333333333333333,0.6666666666666666,0.2857142857142857,1.0,0.0,0.0,1.0,0.0,1.0,0.0,1
0.3333333333333333,0.29411764705882354,0.5,0.005405405405405406,0.15511169803015296,0.25,1.0,1.0,0.6666666666666666,0.0,1.0,1.0,0.19642857142857142,1.0,1.0,0.0,0.6666666666666666,0.0,0.0,0.0,1
0.3333333333333333,0.38235294117647056,0.5,0.008108108108108109,0.08060966215472654,1.0,0.5,1.0,0.3333333333333333,0.0,0.0,0.6666666666666666,0.125,1.0,0.5,0.0,0.6666666666666666,0.0,0.0,0.0,1
1.0,0.20588235294117646,0.75,0.024324324324324326,0.10559040387366568,0.0,0.5,1.0,1.0,0.0,0.3333333333333333,0.6666666666666666,0.16071428571428573,1.0,0.5,0.0,0.6666666666666666,0.0,1.0,0.0,2
1.0,0.07352941176470588,0.5,0.024324324324324326,0.06597336854847584,0.0,0.75,0.6666666666666666,0.3333333333333333,0.0,0.3333333333333333,0.6666666666666666,0.14285714285714285,1.0,0.5,0.3333333333333333,0.6666666666666666,0.0,0.0,0.0,1
1.0,0.29411764705882354,1.0,0.005405405405405406,0.26961593485198637,0.0,1.0,1.0,0.6666666666666666,0.0,1.0,0.6666666666666666,0.25,1.0,0.5,0.0,0.6666666666666666,0.0,1.0,0.0,1
1.0,0.38235294117647056,1.0,0.008108108108108109,0.35721360184879497,1.0,0.75,0.3333333333333333,0.6666666666666666,0.0,0.6666666666666666,0.3333333333333333,0.30357142857142855,1.0,0.5,0.3333333333333333,0.6666666666666666,0.0,0.0,0.0,1
0.3333333333333333,0.20588235294117646,0.5,0.008108108108108109,0.03389457466710685,0.0,0.5,1.0,1.0,1.0,0.3333333333333333,0.0,0.10714285714285714,1.0,0.5,0.0,0.3333333333333333,0.0,0.0,0.0,1
1.0,0.25,0.5,0.024324324324324326,0.07274127874986244,0.75,1.0,1.0,0.3333333333333333,0.0,1.0,0.0,0.30357142857142855,0.0,0.5,0.0,0.3333333333333333,0.0,0.0,0.0,1
1.0,0.29411764705882354,1.0,0.0,0.09298998569384835,0.75,1.0,1.0,0.6666666666666666,0.0,1.0,0.0,0.7321428571428571,1.0,0.5,0.0,0.6666666666666666,0.0,1.0,0.0,1
0.0,0.029411764705882353,1.0,0.0,0.061131286453174866,0.0,0.25,0.3333333333333333,0.6666666666666666,0.0,1.0,0.0,0.375,1.0,0.5,0.0,0.3333333333333333,1.0,0.0,1.0,1
0.3333333333333333,0.20588235294117646,1.0,0.005405405405405406,0.18498954550456698,0.0,1.0,0.6666666666666666,0.3333333333333333,0.0,1.0,0.3333333333333333,0.32142857142857145,1.0,0.5,0.0,0.6666666666666666,0.0,1.0,0.0,1
0.3333333333333333,0.17647058823529413,1.0,0.0,0.05089688566083416,0.0,0.0,0.3333333333333333,0.6666666666666666,0.0,0.6666666666666666,0.6666666666666666,0.875,1.0,1.0,0.6666666666666666,0.0,0.0,1.0,0.0,1
0.0,0.20588235294117646,1.0,0.0,0.27797953119841534,0.0,1.0,0.3333333333333333,0.6666666666666666,0.0,1.0,1.0,0.30357142857142855,1.0,1.0,0.6666666666666666,1.0,0.0,1.0,0.0,1
0.0,0.47058823529411764,0.5,0.002702702702702703,0.2884890502916254,0.0,1.0,0.3333333333333333,0.6666666666666666,0.0,1.0,1.0,0.4107142857142857,1.0,1.0,0.0,0.6666666666666666,1.0,0.0,0.0,1
0.0,0.29411764705882354,0.25,0.024324324324324326,0.16017387476614944,0.0,0.5,1.0,0.6666666666666666,0.0,0.3333333333333333,0.3333333333333333,0.21428571428571427,1.0,0.0,0.0,0.6666666666666666,0.0,1.0,0.0,2
0.0,0.6470588235294118,0.5,0.0,0.4133927588863211,0.0,1.0,1.0,0.6666666666666666,0.0,1.0,1.0,0.4107142857142857,0.0,1.0,0.0,1.0,0.0,0.0,0.0,2
0.0,0.029411764705882353,0.5,0.016216216216216217,0.010894684714427203,0.0,0.25,1.0,0.3333333333333333,0.0,1.0,0.3333333333333333,0.07142857142857142,1.0,0.5,0.0,0.6666666666666666,0.0,0.0,0.0,2
0.3333333333333333,0.47058823529411764,0.75,0.0,0.10867172884340266,0.0,1.0,1.0,0.6666666666666666,0.0,1.0,1.0,0.6785714285714286,0.0,1.0,0.3333333333333333,0.6666666666666666,0.0,1.0,0.0,2
0.0,0.29411764705882354,0.5,0.0,0.05694948827996038,1.0,0.75,1.0,0.3333333333333333,0.0,1.0,1.0,0.23214285714285715,1.0,0.0,0.0,0.6666666666666666,0.0,0.0,0.0,2
1.0,0.11764705882352941,0.5,0.0,0.046825134807967426,0.0,0.5,0.6666666666666666,1.0,0.0,0.3333333333333333,0.0,0.14285714285714285,1.0,0.5,0.3333333333333333,0.6666666666666666,0.0,1.0,0.0,1
1.0,0.20588235294117646,0.5,0.005405405405405406,0.12462859029382635,0.0,0.5,0.6666666666666666,0.6666666666666666,0.0,1.0,0.0,0.42857142857142855,1.0,0.5,0.0,0.6666666666666666,0.0,1.0,0.0,1
0.0,0.20588235294117646,1.0,0.013513513513513514,0.05172224056344228,0.0,0.0,0.3333333333333333,0.3333333333333333,0.0,1.0,1.0,0.6428571428571429,1.0,1.0,0.6666666666666666,0.0,1.0,0.0,0.0,2
0.0,0.11764705882352941,0.25,0.008108108108108109,0.020688896225376913,0.0,0.5,1.0,0.3333333333333333,0.0,1.0,0.0,0.08928571428571429,0.0,0.5,0.0,0.3333333333333333,0.0,0.0,0.0,2
0.3333333333333333,0.04411764705882353,0.5,0.008108108108108109,0.11912622427643887,0.0,0.5,0.6666666666666666,0.6666666666666666,1.0,0.3333333333333333,0.0,0.26785714285714285,1.0,0.5,0.0,0.6666666666666666,0.0,0.0,0.0,1
1.0,0.47058823529411764,0.5,0.005405405405405406,0.590073731704633,0.0,0.0,1.0,0.3333333333333333,0.0,0.3333333333333333,0.6666666666666666,0.125,1.0,0.5,0.3333333333333333,1.0,0.0,1.0,0.0,2
0.0,0.029411764705882353,1.0,0.005405405405405406,0.08924837680202487,0.0,0.0,1.0,0.6666666666666666,0.0,1.0,1.0,0.30357142857142855,1.0,1.0,0.6666666666666666,1.0,0.0,1.0,0.0,1
0.6666666666666666,0.47058823529411764,0.5,0.008108108108108109,0.30802244965335096,0.0,0.5,1.0,0.6666666666666666,0.0,0.0,0.6666666666666666,0.08928571428571429,1.0,0.5,0.0,0.6666666666666666,0.0,0.0,0.0,1
0.6666666666666666,0.20588235294117646,0.25,0.008108108108108109,0.06575327390778035,1.0,0.75,1.0,0.6666666666666666,0.0,1.0,0.6666666666666666,0.5357142857142857,0.0,0.5,0.0,0.3333333333333333,0.0,0.0,0.0,1
0.0,0.47058823529411764,0.5,0.005405405405405406,0.1354682513480797,0.0,1.0,0.3333333333333333,0.6666666666666666,0.0,0.3333333333333333,0.3333333333333333,0.39285714285714285,0.0,0.5,0.0,0.6666666666666666,1.0,0.0,0.0,2
0.3333333333333333,0.20588235294117646,0.5,0.024324324324324326,0.09150434686915374,0.75,0.25,0.6666666666666666,1.0,0.0,0.6666666666666666,0.0,0.30357142857142855,0.0,0.5,0.0,0.6666666666666666,0.0,1.0,0.0,1
0.0,0.20588235294117646,0.5,0.005405405405405406,0.09843732805106195,0.0,0.5,0.0,0.3333333333333333,0.0,1.0,0.0,0.017857142857142856,0.0,0.0,0.0,0.6666666666666666,0.0,0.0,0.0,2
0.3333333333333333,0.38235294117647056,0.5,0.008108108108108109,0.15081985253659072,1.0,1.0,0.3333333333333333,0.3333333333333333,0.0,1.0,0.6666666666666666,0.10714285714285714,1.0,0.5,0.0,0.6666666666666666,0.0,0.0,0.0,1
1.0,0.16176470588235295,0.5,0.005405405405405406,0.1352481567073842,0.0,0.25,0.3333333333333333,0.6666666666666666,0.0,0.6666666666666666,0.3333333333333333,0.14285714285714285,0.0,0.5,0.3333333333333333,0.3333333333333333,0.0,0.0,0.0,1
0.0,0.29411764705882354,0.5,0.002702702702702703,0.14933421371189612,1.0,1.0,1.0,0.6666666666666666,0.0,1.0,1.0,0.5357142857142857,0.0,1.0,0.0,0.6666666666666666,1.0,1.0,0.0,1
1.0,0.47058823529411764,0.75,0.002702702702702703,0.47854077253218885,1.0,0.75,0.6666666666666666,0.6666666666666666,0.0,0.3333333333333333,0.6666666666666666,0.21428571428571427,0.5,0.5,0.0,1.0,1.0,1.0,0.0,1
1.0,0.11764705882352941,0.5,0.008108108108108109,0.028942445251458126,0.0,0.5,1.0,1.0,0.0,0.3333333333333333,0.0,0.16071428571428573,1.0,0.5,0.0,0.6666666666666666,0.0,0.0,0.0,1
1.0,0.11764705882352941,1.0,0.0,0.06850445691647408,0.0,1.0,1.0,0.6666666666666666,0.0,0.0,0.0,0.3392857142857143,1.0,0.5,0.3333333333333333,0.3333333333333333,1.0,0.0,0.0,1
0.3333333333333333,0.6470588235294118,0.5,0.008108108108108109,0.205183228788379,1.0,0.75,1.0,0.6666666666666666,0.0,0.0,0.6666666666666666,0.39285714285714285,1.0,0.5,0.3333333333333333,0.6666666666666666,1.0,1.0,0.0,1
0.6666666666666666,0.08823529411764706,0.5,0.0,0.05447342357213602,0.25,1.0,0.0,0.3333333333333333,0.0,1.0,1.0,0.5178571428571429,1.0,1.0,0.0,0.3333333333333333,1.0,0.0,0.0,2
0.0,0.29411764705882354,0.5,0.0,0.06223175965665236,1.0,0.5,1.0,0.3333333333333333,0.0,0.3333333333333333,0.3333333333333333,0.2857142857142857,1.0,0.5,0.0,0.6666666666666666,0.0,0.0,0.0,2
1.0,0.29411764705882354,1.0,0.0,0.05705953560030813,0.75,1.0,1.0,0.3333333333333333,0.0,1.0,0.0,0.32142857142857145,1.0,0.5,0.3333333333333333,0.6666666666666666,0.0,1.0,0.0,1
0.3333333333333333,0.11764705882352941,0.5,0.008108108108108109,0.059480576647958625,0.0,0.25,0.3333333333333333,0.6666666666666666,0.0,0.0,0.6666666666666666,0.05357142857142857,0.5,0.5,0.0,0.6666666666666666,0.0,0.0,0.0,2
0.3333333333333333,0.29411764705882354,0.5,0.0,0.060801144492131615,0.0,0.25,0.6666666666666666,0.3333333333333333,0.0,1.0,0.6666666666666666,0.10714285714285714,1.0,0.5,0.0,0.3333333333333333,0.0,1.0,0.0,2
1.0,0.11764705882352941,0.5,0.0,0.117750632772092,1.0,1.0,1.0,0.6666666666666666,0.0,0.6666666666666666,0.6666666666666666,0.5535714285714286,1.0,0.5,0.0,0.6666666666666666,0.0,1.0,0.0,1
0.3333333333333333,0.11764705882352941,0.5,0.008108108108108109,0.04693518212831518,0.0,0.75,1.0,0.6666666666666666,1.0,0.6666666666666666,0.0,0.17857142857142858,1.0,0.5,0.3333333333333333,0.6666666666666666,0.0,0.0,1.0,1
0.0,0.29411764705882354,0.25,0.002702702702702703,0.18609001870804445,0.0,0.5,0.0,0.3333333333333333,1.0,1.0,0.6666666666666666,0.05357142857142857,0.0,0.0,0.0,0.6666666666666666,0.0,0.0,1.0,1
1.0,0.20588235294117646,1.0,0.002702702702702703,0.16391548365797293,1.0,0.0,0.3333333333333333,0.6666666666666666,0.0,1.0,1.0,0.3392857142857143,1.0,0.5,0.0,1.0,0.0,1.0,0.0,1
1.0,0.29411764705882354,1.0,0.008108108108108109,0.11962143721800374,1.0,1.0,1.0,0.6666666666666666,0.0,1.0,0.3333333333333333,0.6071428571428571,1.0,0.5,0.3333333333333333,0.6666666666666666,0.0,0.0,0.0,1
1.0,0.0,1.0,0.008108108108108109,0.06894464619786508,0.0,0.75,0.3333333333333333,0.6666666666666666,0.0,0.0,0.0,0.4107142857142857,1.0,0.5,0.3333333333333333,0.3333333333333333,1.0,0.0,0.0,1
1.0,0.20588235294117646,1.0,0.0,0.04429404643996919,0.0,0.25,1.0,0.3333333333333333,0.0,0.0,0.3333333333333333,0.19642857142857142,1.0,0.5,0.3333333333333333,0.6666666666666666,0.0,0.0,0.0,1
1.0,0.29411764705882354,1.0,0.013513513513513514,0.28925938153405967,0.0,1.0,0.6666666666666666,0.6666666666666666,0.0,1.0,1.0,0.44642857142857145,1.0,1.0,0.3333333333333333,0.6666666666666666,0.0,0.0,0.0,1
1.0,0.11764705882352941,1.0,0.005405405405405406,0.09271486739297898,0.0,1.0,1.0,0.6666666666666666,0.0,1.0,0.0,0.42857142857142855,1.0,0.5,0.6666666666666666,0.6666666666666666,0.0,1.0,0.0,1
0.3333333333333333,0.16176470588235295,0.5,0.008108108108108109,0.06569825024760648,1.0,0.25,1.0,0.6666666666666666,0.0,0.0,0.3333333333333333,0.07142857142857142,1.0,0.5,0.0,0.6666666666666666,0.0,0.0,0.0,1
1.0,0.29411764705882354,0.5,0.002702702702702703,0.12947067238912732,0.75,0.5,0.3333333333333333,0.3333333333333333,0.0,1.0,0.6666666666666666,0.16071428571428573,1.0,0.0,0.0,0.6666666666666666,0.0,1.0,0.0,1
1.0,0.16176470588235295,0.5,0.010810810810810811,0.055683944095961266,0.5,0.75,1.0,0.6666666666666666,0.0,0.6666666666666666,0.3333333333333333,0.30357142857142855,1.0,0.5,0.3333333333333333,0.6666666666666666,0.0,1.0,0.0,1
1.0,0.16176470588235295,1.0,0.008108108108108109,0.06107626279300099,0.0,0.5,1.0,0.6666666666666666,0.0,0.3333333333333333,0.3333333333333333,0.21428571428571427,1.0,0.5,0.3333333333333333,0.6666666666666666,0.0,0.0,0.0,1
1.0,0.20588235294117646,1.0,0.002702702702702703,0.19808517662594916,0.0,0.75,0.6666666666666666,0.6666666666666666,0.0,0.0,0.6666666666666666,0.14285714285714285,1.0,0.5,0.3333333333333333,0.6666666666666666,0.0,0.0,0.0,1
1.0,0.11764705882352941,0.5,0.002702702702702703,0.06399251678221635,0.75,0.75,0.6666666666666666,0.6666666666666666,0.0,0.3333333333333333,0.3333333333333333,0.6428571428571429,1.0,0.5,0.0,0.6666666666666666,0.0,0.0,1.0,1
0.0,0.11764705882352941,0.5,0.008108108108108109,0.02481567073841752,0.0,0.5,1.0,1.0,0.0,0.3333333333333333,0.0,0.375,1.0,0.5,0.0,0.3333333333333333,0.0,0.0,0.0,1
1.0,0.029411764705882353,1.0,0.008108108108108109,0.06228678331682624,0.0,0.5,0.0,0.3333333333333333,0.0,0.0,0.6666666666666666,0.16071428571428573,1.0,0.5,0.3333333333333333,0.6666666666666666,0.0,1.0,0.0,1
1.0,0.16176470588235295,0.5,0.008108108108108109,0.0529877847474414,0.5,1.0,1.0,0.6666666666666666,0.0,0.6666666666666666,0.3333333333333333,0.5,0.5,0.5,0.0,0.6666666666666666,0.0,1.0,0.0,1
0.0,0.20588235294117646,0.5,0.005405405405405406,0.12171233630461098,0.0,0.5,0.3333333333333333,0.6666666666666666,0.0,0.3333333333333333,0.6666666666666666,0.05357142857142857,1.0,0.5,0.0,0.6666666666666666,0.0,0.0,0.0,2
0.3333333333333333,0.10294117647058823,0.5,0.005405405405405406,0.07301639705073182,0.75,0.25,1.0,0.3333333333333333,0.0,0.0,0.0,0.017857142857142856,1.0,0.5,0.0,0.6666666666666666,0.0,0.0,0.0,1
0.3333333333333333,0.47058823529411764,0.75,0.024324324324324326,0.5286123032904149,0.25,0.75,0.0,0.6666666666666666,0.0,0.6666666666666666,0.3333333333333333,0.21428571428571427,1.0,0.5,0.3333333333333333,0.3333333333333333,1.0,1.0,0.0,1
0.3333333333333333,0.38235294117647056,0.0,0.024324324324324326,0.2217453505007153,0.25,0.5,1.0,0.3333333333333333,0.0,1.0,0.6666666666666666,0.125,1.0,0.0,0.3333333333333333,0.3333333333333333,0.0,0.0,0.0,2
1.0,0.6470588235294118,1.0,0.016216216216216217,0.32243864861890614,0.0,0.5,0.0,0.6666666666666666,0.0,0.6666666666666666,1.0,0.21428571428571427,0.0,1.0,0.0,0.6666666666666666,0.0,1.0,0.0,1
0.3333333333333333,0.38235294117647056,0.75,0.024324324324324326,0.12396830637173985,0.25,1.0,1.0,0.6666666666666666,0.0,0.3333333333333333,0.3333333333333333,0.39285714285714285,0.5,0.5,0.3333333333333333,0.6666666666666666,0.0,0.0,0.0,1
0.3333333333333333,0.11764705882352941,0.5,0.008108108108108109,0.04632992186640255,0.0,0.5,1.0,0.3333333333333333,1.0,1.0,0.0,0.5357142857142857,1.0,0.5,0.3333333333333333,0.6666666666666666,0.0,1.0,0.0,1
0.3333333333333333,0.29411764705882354,0.0,0.024324324324324326,0.21959942775393418,0.0,0.5,0.0,0.6666666666666666,0.0,1.0,0.0,0.30357142857142855,1.0,0.5,0.6666666666666666,0.3333333333333333,0.0,1.0,0.0,2
0.0,0.25,0.5,0.0,0.19329811819082204,1.0,0.75,0.3333333333333333,0.6666666666666666,0.5,0.3333333333333333,0.0,0.08928571428571429,1.0,0.5,0.0,0.3333333333333333,0.0,0.0,1.0,1
0.0,0.25,0.5,0.005405405405405406,0.1842742379223066,0.0,0.75,0.0,0.3333333333333333,0.0,1.0,0.6666666666666666,0.125,1.0,0.0,0.0,0.3333333333333333,0.0,0.0,0.0,1
1.0,0.4264705882352941,0.75,0.024324324324324326,0.13832948167712117,0.0,0.5,0.3333333333333333,0.3333333333333333,0.0,0.3333333333333333,0.6666666666666666,0.125,1.0,0.5,0.3333333333333333,0.6666666666666666,0.0,1.0,0.0,1
0.3333333333333333,0.11764705882352941,1.0,0.002702702702702703,0.08858809287993838,0.0,0.0,1.0,0.6666666666666666,0.0,0.3333333333333333,0.6666666666666666,0.26785714285714285,1.0,0.5,0.3333333333333333,1.0,0.0,1.0,0.0,1
1.0,0.38235294117647056,1.0,0.002702702702702703,0.40420380763728403,1.0,1.0,0.0,0.6666666666666666,0.0,1.0,0.6666666666666666,0.7857142857142857,1.0,0.5,0.3333333333333333,0.6666666666666666,0.0,0.0,0.0,1
0.0,0.08823529411764706,1.0,0.0,0.10955210740618467,0.0,0.25,0.0,0.6666666666666666,0.0,0.6666666666666666,0.0,0.5178571428571429,1.0,0.0,0.3333333333333333,0.3333333333333333,1.0,0.0,1.0,1
1.0,0.29411764705882354,1.0,0.024324324324324326,0.2352811709034885,0.0,0.5,0.6666666666666666,0.6666666666666666,0.0,0.3333333333333333,0.0,0.9821428571428571,1.0,0.5,0.0,1.0,0.0,1.0,0.0,1
0.0,0.29411764705882354,0.5,0.005405405405405406,0.08237041928029053,0.0,0.25,1.0,0.6666666666666666,0.5,0.0,0.3333333333333333,0.08928571428571429,1.0,0.5,0.0,0.3333333333333333,0.0,0.0,1.0,1
0.0,0.20588235294117646,0.25,0.0,0.06558820292725873,0.0,0.75,1.0,0.6666666666666666,0.0,1.0,1.0,0.23214285714285715,1.0,1.0,0.3333333333333333,0.3333333333333333,1.0,0.0,0.0,2
0.3333333333333333,0.23529411764705882,0.5,0.002702702702702703,0.3421371189611533,1.0,0.0,0.0,0.0,0.0,1.0,0.0,0.7321428571428571,1.0,0.5,0.0,1.0,0.0,1.0,0.0,1
1.0,0.20588235294117646,0.5,0.008108108108108109,0.09909761197314845,0.0,0.25,1.0,0.6666666666666666,0.0,0.0,0.0,0.25,1.0,0.5,0.0,0.6666666666666666,0.0,0.0,0.0,1
0.0,0.11764705882352941,0.5,0.0,0.061736546715087486,0.0,0.75,0.3333333333333333,0.0,0.0,0.6666666666666666,0.6666666666666666,0.30357142857142855,1.0,0.5,0.0,0.6666666666666666,0.0,0.0,0.0,2
1.0,0.11764705882352941,1.0,0.008108108108108109,0.020248706943985915,0.0,1.0,1.0,0.6666666666666666,0.0,1.0,0.0,0.6607142857142857,1.0,0.5,0.0,0.6666666666666666,0.0,0.0,0.0,1
0.0,0.07352941176470588,0.5,0.008108108108108109,0.06140640475404424,0.0,0.25,0.6666666666666666,0.3333333333333333,0.0,1.0,0.3333333333333333,0.05357142857142857,1.0,0.0,0.0,0.6666666666666666,0.0,0.0,0.0,2
0.3333333333333333,0.14705882352941177,0.5,0.024324324324324326,0.06382744580169473,0.5,1.0,0.0,1.0,0.0,0.3333333333333333,0.0,0.2857142857142857,1.0,0.5,0.0,0.6666666666666666,0.0,1.0,0.0,1
0.3333333333333333,0.47058823529411764,0.0,0.024324324324324326,0.09370529327610873,0.0,1.0,1.0,0.6666666666666666,0.0,1.0,1.0,0.75,1.0,1.0,0.0,1.0,0.0,1.0,0.0,2
0.3333333333333333,0.07352941176470588,1.0,0.008108108108108109,0.04974138879718279,0.0,1.0,0.3333333333333333,0.6666666666666666,0.0,1.0,0.0,0.32142857142857145,1.0,0.5,0.6666666666666666,0.3333333333333333,0.0,0.0,0.0,1
0.0,0.20588235294117646,1.0,0.0,0.20446792120611862,0.0,1.0,0.0,0.3333333333333333,0.0,1.0,0.0,0.25,0.0,0.0,0.6666666666666666,0.6666666666666666,0.0,1.0,0.0,2
0.0,0.11764705882352941,0.5,0.008108108108108109,0.06866952789699571,0.0,0.5,1.0,0.3333333333333333,0.0,0.0,0.6666666666666666,0.07142857142857142,0.0,0.5,0.0,0.6666666666666666,0.0,0.0,0.0,1
0.3333333333333333,0.029411764705882353,0.5,0.008108108108108109,0.006492791900517223,1.0,1.0,1.0,0.6666666666666666,0.0,1.0,0.3333333333333333,0.3392857142857143,1.0,0.5,0.0,0.6666666666666666,0.0,0.0,0.0,1
0.3333333333333333,0.6470588235294118,0.5,0.0,0.3471992956971498,0.25,0.75,0.6666666666666666,0.6666666666666666,0.0,0.3333333333333333,0.3333333333333333,0.08928571428571429,1.0,0.5,0.0,0.6666666666666666,0.0,0.0,0.0,2
0.3333333333333333,0.11764705882352941,0.5,0.008108108108108109,0.14746340926598436,0.0,0.75,0.3333333333333333,0.3333333333333333,0.0,0.0,0.0,0.14285714285714285,1.0,0.5,0.0,0.6666666666666666,0.0,0.0,0.0,1
0.6666666666666666,0.11764705882352941,0.5,0.008108108108108109,0.17326950588753165,1.0,1.0,0.3333333333333333,0.6666666666666666,0.0,0.6666666666666666,0.6666666666666666,0.32142857142857145,1.0,0.5,0.0,1.0,0.0,0.0,0.0,1
1.0,0.29411764705882354,0.5,0.0,0.1103224386486189,1.0,0.25,1.0,0.6666666666666666,0.0,0.0,0.3333333333333333,0.625,1.0,0.5,0.0,0.6666666666666666,0.0,0.0,0.0,1
0.6666666666666666,0.29411764705882354,0.5,0.008108108108108109,0.06201166501595686,0.25,1.0,1.0,0.3333333333333333,0.0,0.3333333333333333,1.0,0.5,1.0,1.0,0.0,0.6666666666666666,0.0,1.0,0.0,1
1.0,0.11764705882352941,0.5,0.005405405405405406,0.04803565533179267,0.5,0.5,1.0,0.3333333333333333,0.0,1.0,0.6666666666666666,0.17857142857142858,1.0,0.0,0.0,0.3333333333333333,0.0,0.0,0.0,2
0.3333333333333333,0.029411764705882353,1.0,0.021621621621621623,0.03752613623858259,1.0,0.75,0.0,0.3333333333333333,0.0,0.6666666666666666,0.3333333333333333,0.35714285714285715,1.0,0.5,0.3333333333333333,0.3333333333333333,0.0,0.0,0.0,1
1.0,0.6470588235294118,0.75,0.008108108108108109,0.3845053372950369,1.0,1.0,0.6666666666666666,0.6666666666666666,0.0,0.6666666666666666,0.6666666666666666,0.23214285714285715,0.0,0.5,0.3333333333333333,0.6666666666666666,1.0,0.0,0.0,1
1.0,0.029411764705882353,0.5,0.0,0.17981732144822274,0.0,0.5,0.3333333333333333,0.6666666666666666,1.0,0.6666666666666666,0.3333333333333333,0.125,1.0,0.0,0.0,0.6666666666666666,0.0,0.0,0.0,1
0.3333333333333333,0.20588235294117646,0.5,0.008108108108108109,0.16303510509519092,0.5,0.25,0.0,1.0,0.0,0.6666666666666666,0.0,0.10714285714285714,1.0,0.0,0.0,0.6666666666666666,0.0,0.0,0.0,1
1.0,0.47058823529411764,1.0,0.0,0.18075272367117862,0.0,0.75,1.0,0.6666666666666666,0.0,1.0,0.6666666666666666,0.32142857142857145,1.0,0.5,0.3333333333333333,0.6666666666666666,0.0,1.0,0.0,1
1.0,0.20588235294117646,0.5,0.002702702702702703,0.17211400902388027,1.0,0.5,0.3333333333333333,0.6666666666666666,0.0,0.0,0.3333333333333333,0.21428571428571427,1.0,0.5,0.0,0.6666666666666666,0.0,1.0,0.0,1
0.3333333333333333,0.29411764705882354,0.75,0.024324324324324326,0.24551557169582922,1.0,0.5,1.0,0.6666666666666666,0.0,0.3333333333333333,0.3333333333333333,0.32142857142857145,0.0,0.5,0.3333333333333333,1.0,0.0,1.0,0.0,1
1.0,0.029411764705882353,0.25,0.008108108108108109,0.08253549026081215,0.5,1.0,0.3333333333333333,0.6666666666666666,0.0,1.0,0.3333333333333333,0.4642857142857143,0.0,0.5,0.0,0.3333333333333333,1.0,0.0,0.0,1
1.0,0.29411764705882354,1.0,0.008108108108108109,0.14427203697589963,0.25,1.0,0.6666666666666666,0.6666666666666666,0.0,1.0,0.0,0.30357142857142855,1.0,0.5,0.0,0.6666666666666666,1.0,1.0,0.0,1
1.0,0.08823529411764706,0.5,0.0,0.07411687025420931,0.5,0.5,0.6666666666666666,0.6666666666666666,0.0,0.3333333333333333,1.0,0.375,1.0,0.0,0.0,0.3333333333333333,1.0,0.0,1.0,1
0.0,0.6470588235294118,0.0,0.005405405405405406,0.37795752173434577,0.0,0.5,0.6666666666666666,0.6666666666666666,0.0,1.0,1.0,0.6071428571428571,1.0,1.0,0.3333333333333333,0.6666666666666666,1.0,0.0,0.0,2
0.0,0.29411764705882354,0.25,0.0,0.11417409486079014,0.25,0.75,0.3333333333333333,0.6666666666666666,0.0,0.6666666666666666,0.6666666666666666,0.23214285714285715,0.0,0.5,0.0,0.6666666666666666,0.0,0.0,0.0,1
0.0,0.29411764705882354,0.75,0.0,0.25420931000330144,0.0,0.5,0.6666666666666666,0.6666666666666666,0.0,1.0,1.0,0.6071428571428571,1.0,1.0,0.3333333333333333,0.6666666666666666,1.0,0.0,0.0,2
0.3333333333333333,0.7352941176470589,0.0,0.024324324324324326,0.8635963464289644,0.0,0.25,0.6666666666666666,0.6666666666666666,0.0,1.0,1.0,0.6964285714285714,1.0,0.0,0.0,0.6666666666666666,0.0,1.0,0.0,2
0.0,0.29411764705882354,0.25,1.0,0.06096621547265324,1.0,1.0,1.0,0.6666666666666666,0.0,0.6666666666666666,0.6666666666666666,0.375,0.5,0.5,0.0,1.0,0.0,1.0,0.0,2
1.0,0.11764705882352941,0.5,0.008108108108108109,0.06839440959612633,0.0,0.25,1.0,0.3333333333333333,0.0,0.6666666666666666,0.6666666666666666,0.26785714285714285,1.0,0.5,0.0,0.6666666666666666,1.0,0.0,0.0,1
1.0,0.29411764705882354,1.0,0.002702702702702703,0.36271596786618243,1.0,0.5,0.3333333333333333,0.6666666666666666,0.0,1.0,0.3333333333333333,0.48214285714285715,1.0,0.5,0.3333333333333333,1.0,1.0,1.0,0.0,1
0.6666666666666666,0.38235294117647056,1.0,0.008108108108108109,0.15225046770111147,0.0,1.0,1.0,0.6666666666666666,0.0,1.0,0.3333333333333333,0.5,1.0,0.5,0.0,0.6666666666666666,0.0,0.0,0.0,1
0.3333333333333333,0.11764705882352941,1.0,0.0,0.1581379993397161,0.0,0.25,0.0,0.6666666666666666,0.0,0.6666666666666666,0.0,0.5357142857142857,0.0,0.5,0.3333333333333333,0.3333333333333333,1.0,0.0,0.0,1
0.6666666666666666,0.11764705882352941,0.5,0.008108108108108109,0.1521954440409376,0.0,0.5,0.6666666666666666,1.0,0.0,0.0,0.6666666666666666,0.08928571428571429,1.0,0.5,0.0,0.6666666666666666,0.0,0.0,0.0,1
0.3333333333333333,0.29411764705882354,0.5,0.002702702702702703,0.13810938703642567,1.0,1.0,1.0,0.6666666666666666,0.0,1.0,1.0,0.30357142857142855,0.0,1.0,0.0,0.6666666666666666,0.0,1.0,0.0,1
0.3333333333333333,0.10294117647058823,0.75,0.008108108108108109,0.24876196764608782,0.0,0.75,0.3333333333333333,0.6666666666666666,0.0,1.0,0.3333333333333333,0.5714285714285714,1.0,0.5,0.0,0.6666666666666666,0.0,0.0,0.0,1
0.0,0.47058823529411764,1.0,0.005405405405405406,0.3289864641795972,0.0,0.25,1.0,0.3333333333333333,0.5,1.0,1.0,0.07142857142857142,1.0,0.0,0.3333333333333333,0.3333333333333333,0.0,1.0,0.0,2
1.0,0.29411764705882354,0.75,0.024324324324324326,0.19880048420820953,0.0,0.5,0.0,0.6666666666666666,0.0,0.3333333333333333,1.0,0.23214285714285715,1.0,1.0,0.0,0.6666666666666666,0.0,0.0,0.0,1
0.0,0.47058823529411764,0.5,0.005405405405405406,0.18542973478595795,0.0,0.5,0.0,0.6666666666666666,1.0,0.3333333333333333,0.3333333333333333,0.32142857142857145,1.0,0.5,0.0,0.6666666666666666,1.0,0.0,0.0,1
0.0,0.6029411764705882,0.0,0.024324324324324326,0.6364036535710356,0.0,1.0,0.3333333333333333,0.6666666666666666,0.0,1.0,0.6666666666666666,0.17857142857142858,1.0,0.0,0.3333333333333333,0.6666666666666666,0.0,0.0,0.0,2
1.0,0.11764705882352941,0.5,0.008108108108108109,0.10404974138879718,0.25,0.75,0.6666666666666666,0.6666666666666666,0.0,0.0,1.0,0.2857142857142857,1.0,0.5,0.0,0.6666666666666666,0.0,0.0,0.0,1
1.0,0.29411764705882354,1.0,0.005405405405405406,0.1940684494332563,0.75,0.5,1.0,0.6666666666666666,0.0,1.0,0.0,0.5535714285714286,1.0,0.5,0.0,0.6666666666666666,0.0,1.0,0.0,1
1.0,0.20588235294117646,0.5,0.008108108108108109,0.06729393639264884,0.0,0.25,0.6666666666666666,1.0,0.0,1.0,0.0,0.35714285714285715,1.0,0.5,0.0,0.6666666666666666,0.0,1.0,0.0,1
1.0,0.47058823529411764,0.5,0.002702702702702703,0.24408495653130846,0.0,0.5,0.3333333333333333,0.6666666666666666,0.0,0.3333333333333333,1.0,0.23214285714285715,1.0,1.0,0.0,1.0,0.0,1.0,0.0,1
0.0,0.16176470588235295,0.5,0.0,0.08093980411576979,0.0,0.25,0.3333333333333333,0.6666666666666666,0.0,0.6666666666666666,0.0,0.30357142857142855,1.0,0.5,0.0,0.6666666666666666,0.0,0.0,0.0,1
1.0,0.29411764705882354,0.5,0.005405405405405406,0.14223616154946628,0.5,1.0,0.6666666666666666,0.6666666666666666,0.0,1.0,0.3333333333333333,0.6071428571428571,1.0,0.5,0.0,0.6666666666666666,0.0,0.0,0.0,1
0.0,0.47058823529411764,0.5,0.005405405405405406,0.17585561791570375,0.0,1.0,1.0,0.6666666666666666,0.0,0.3333333333333333,0.6666666666666666,0.4107142857142857,1.0,0.5,0.0,0.6666666666666666,1.0,0.0,0.0,2
0.3333333333333333,0.16176470588235295,0.5,0.013513513513513514,0.0582150324639595,0.0,1.0,1.0,0.6666666666666666,0.0,1.0,0.6666666666666666,0.3392857142857143,1.0,0.5,0.3333333333333333,0.3333333333333333,0.0,0.0,0.0,1
0.3333333333333333,0.29411764705882354,0.5,0.008108108108108109,0.19302299988995267,0.5,0.0,0.0,0.3333333333333333,0.0,1.0,1.0,0.07142857142857142,1.0,0.0,0.0,0.0,0.0,0.0,0.0,1
0.3333333333333333,0.6470588235294118,0.5,0.008108108108108109,0.31368988665126,0.0,0.5,0.3333333333333333,0.3333333333333333,0.0,0.3333333333333333,0.0,0.05357142857142857,1.0,0.5,0.0,0.6666666666666666,0.0,0.0,0.0,2
0.3333333333333333,0.058823529411764705,0.5,0.008108108108108109,0.06404754044239022,0.0,0.5,1.0,0.6666666666666666,1.0,0.3333333333333333,0.0,0.25,1.0,0.5,0.0,0.6666666666666666,0.0,0.0,1.0,1
1.0,0.29411764705882354,0.5,0.002702702702702703,0.1336524705623418,0.0,0.25,1.0,0.3333333333333333,0.0,0.0,1.0,0.17857142857142858,1.0,0.5,0.0,1.0,0.0,1.0,0.0,1
0.0,0.029411764705882353,1.0,0.0,0.019753494002421042,0.0,0.75,1.0,0.3333333333333333,0.0,0.6666666666666666,0.3333333333333333,0.32142857142857145,1.0,0.5,0.3333333333333333,0.6666666666666666,0.0,0.0,1.0,1
1.0,0.47058823529411764,1.0,0.002702702702702703,0.3076923076923077,0.0,1.0,0.3333333333333333,0.6666666666666666,0.0,0.3333333333333333,0.3333333333333333,0.2857142857142857,1.0,0.5,0.3333333333333333,0.6666666666666666,1.0,1.0,0.0,1
0.0,0.11764705882352941,0.5,0.005405405405405406,0.12804005722460657,0.0,0.5,0.3333333333333333,0.0,0.0,0.0,0.6666666666666666,0.4107142857142857,1.0,0.5,0.0,0.6666666666666666,0.0,0.0,0.0,1
0.0,0.029411764705882353,1.0,0.008108108108108109,0.004842082095300979,0.5,1.0,1.0,0.6666666666666666,0.0,1.0,0.6666666666666666,0.5892857142857143,1.0,0.5,0.3333333333333333,0.6666666666666666,0.0,0.0,0.0,1
1.0,0.29411764705882354,0.5,0.008108108108108109,0.061956641355782986,0.5,0.75,1.0,0.3333333333333333,0.0,0.0,0.6666666666666666,0.16071428571428573,1.0,0.5,0.0,0.6666666666666666,0.0,0.0,0.0,1
0.0,0.20588235294117646,0.5,0.005405405405405406,0.1325519973588643,0.75,0.5,1.0,0.6666666666666666,0.0,0.3333333333333333,0.6666666666666666,0.16071428571428573,1.0,0.5,0.0,0.6666666666666666,0.0,0.0,0.0,1
1.0,0.11764705882352941,0.5,0.002702702702702703,0.12077693408165512,1.0,0.25,0.3333333333333333,1.0,0.0,1.0,0.6666666666666666,0.125,1.0,0.0,0.0,0.6666666666666666,0.0,1.0,0.0,1
0.3333333333333333,0.20588235294117646,0.5,0.0,0.33069219764498736,0.0,0.75,0.6666666666666666,0.6666666666666666,0.0,0.6666666666666666,0.0,0.16071428571428573,1.0,0.0,0.0,0.3333333333333333,0.0,0.0,0.0,1
0.0,0.38235294117647056,0.5,0.008108108108108109,0.12501375591504346,0.0,1.0,0.0,0.6666666666666666,1.0,0.6666666666666666,0.3333333333333333,0.35714285714285715,1.0,0.5,0.0,0.6666666666666666,1.0,0.0,0.0,1
1.0,0.16176470588235295,0.5,0.002702702702702703,0.19599427753934193,0.25,0.25,0.0,0.3333333333333333,0.0,1.0,0.6666666666666666,0.07142857142857142,1.0,0.5,0.0,0.6666666666666666,0.0,1.0,0.0,1
1.0,0.11764705882352941,1.0,0.008108108108108109,0.03994717728623308,1.0,1.0,1.0,0.6666666666666666,0.0,1.0,0.6666666666666666,0.2857142857142857,1.0,0.5,0.3333333333333333,0.6666666666666666,0.0,0.0,0.0,1
1.0,0.11764705882352941,1.0,0.016216216216216217,0.09695168922636734,1.0,0.75,1.0,0.3333333333333333,0.0,0.3333333333333333,0.6666666666666666,0.75,1.0,0.5,0.0,0.6666666666666666,0.0,0.0,0.0,1
0.3333333333333333,0.29411764705882354,1.0,0.016216216216216217,0.3022449653350941,0.0,0.25,0.3333333333333333,0.3333333333333333,0.0,1.0,1.0,0.08928571428571429,1.0,1.0,0.3333333333333333,0.6666666666666666,0.0,1.0,0.0,1
1.0,0.29411764705882354,0.75,0.024324324324324326,0.15010454495433037,1.0,0.5,1.0,0.6666666666666666,0.0,1.0,0.0,0.23214285714285715,1.0,0.5,0.3333333333333333,0.6666666666666666,1.0,1.0,0.0,1
0.0,0.47058823529411764,0.5,0.016216216216216217,0.09502586112028172,1.0,1.0,1.0,0.6666666666666666,0.0,1.0,1.0,0.375,1.0,0.5,0.0,1.0,0.0,1.0,0.0,2
0.0,0.11764705882352941,1.0,0.0,0.10300429184549356,0.0,0.5,0.6666666666666666,0.6666666666666666,0.0,0.3333333333333333,0.0,0.35714285714285715,1.0,0.0,0.3333333333333333,0.3333333333333333,1.0,0.0,1.0,1
0.0,0.11764705882352941,0.5,0.005405405405405406,0.08847804555959063,0.0,0.25,1.0,0.3333333333333333,0.0,0.0,0.6666666666666666,0.05357142857142857,1.0,0.0,0.0,0.6666666666666666,0.0,0.0,0.0,1
1.0,0.029411764705882353,1.0,0.005405405405405406,0.0534279740288324,1.0,0.5,0.0,1.0,0.0,0.3333333333333333,0.3333333333333333,0.14285714285714285,1.0,0.5,0.3333333333333333,0.6666666666666666,0.0,0.0,0.0,1
0.3333333333333333,0.6470588235294118,0.0,0.024324324324324326,0.1977550346649059,0.25,0.75,1.0,0.6666666666666666,0.0,1.0,1.0,0.26785714285714285,1.0,1.0,0.0,0.3333333333333333,1.0,0.0,0.0,2
1.0,0.38235294117647056,1.0,0.008108108108108109,0.14201606690877078,0.0,0.5,1.0,0.3333333333333333,0.0,0.3333333333333333,0.6666666666666666,0.25,1.0,0.5,0.0,0.6666666666666666,0.0,1.0,0.0,1
1.0,0.20588235294117646,0.5,0.005405405405405406,0.17453505007153075,0.0,1.0,1.0,0.6666666666666666,0.0,1.0,0.3333333333333333,0.5,0.0,0.5,0.6666666666666666,0.6666666666666666,1.0,1.0,0.0,1
1.0,0.04411764705882353,1.0,0.008108108108108109,0.02641135688345989,1.0,1.0,1.0,0.6666666666666666,0.0,0.3333333333333333,0.3333333333333333,0.48214285714285715,1.0,0.0,0.3333333333333333,0.3333333333333333,0.0,1.0,0.0,1
1.0,0.16176470588235295,1.0,0.008108108108108109,0.08688235941454825,0.0,1.0,1.0,0.6666666666666666,0.0,1.0,0.6666666666666666,0.48214285714285715,1.0,0.5,0.3333333333333333,0.6666666666666666,0.0,1.0,0.0,1
0.0,0.29411764705882354,0.5,0.002702702702702703,0.1463629360625069,0.0,0.75,0.3333333333333333,0.6666666666666666,0.0,0.0,1.0,0.26785714285714285,1.0,1.0,0.0,1.0,0.0,1.0,0.0,1
0.0,0.6470588235294118,0.25,0.024324324324324326,0.4091009133927589,0.0,0.75,0.3333333333333333,0.3333333333333333,1.0,1.0,0.6666666666666666,0.32142857142857145,1.0,0.0,0.0,0.6666666666666666,0.0,0.0,0.0,2
0.6666666666666666,0.07352941176470588,0.5,0.008108108108108109,0.04820072631231429,0.25,1.0,0.3333333333333333,0.0,0.0,1.0,0.0,0.5357142857142857,1.0,0.5,0.0,0.6666666666666666,0.0,0.0,0.0,1
0.0,0.29411764705882354,0.5,0.008108108108108109,0.11742049081104874,0.0,1.0,1.0,0.6666666666666666,0.0,1.0,0.0,0.8035714285714286,0.0,0.0,0.0,0.3333333333333333,0.0,0.0,0.0,1
0.0,0.11764705882352941,0.5,0.008108108108108109,0.10806646858149004,0.0,0.5,1.0,0.6666666666666666,0.0,0.6666666666666666,0.3333333333333333,0.08928571428571429,1.0,0.5,0.0,0.3333333333333333,0.0,0.0,0.0,1
0.3333333333333333,0.07352941176470588,1.0,0.005405405405405406,0.09183448883019699,0.0,0.75,1.0,0.6666666666666666,0.0,0.6666666666666666,0.6666666666666666,0.2857142857142857,1.0,0.0,0.0,0.6666666666666666,0.0,1.0,0.0,1
1.0,0.029411764705882353,0.5,0.008108108108108109,0.07400682293386156,0.0,0.75,0.6666666666666666,0.6666666666666666,0.0,0.3333333333333333,0.3333333333333333,0.5714285714285714,1.0,0.5,0.0,0.6666666666666666,1.0,0.0,0.0,1
0.6666666666666666,0.16176470588235295,0.5,0.016216216216216217,0.09106415758776273,0.0,1.0,1.0,0.6666666666666666,0.0,1.0,0.6666666666666666,0.375,1.0,0.0,0.0,1.0,0.0,1.0,0.0,1
0.3333333333333333,0.029411764705882353,0.75,0.024324324324324326,0.06597336854847584,0.25,1.0,0.0,0.0,0.0,0.3333333333333333,0.6666666666666666,0.21428571428571427,0.0,0.5,0.3333333333333333,0.6666666666666666,1.0,0.0,0.0,1
1.0,0.29411764705882354,0.5,0.005405405405405406,0.15472653240893583,0.5,1.0,1.0,0.6666666666666666,0.0,0.6666666666666666,1.0,0.23214285714285715,1.0,0.0,0.0,0.6666666666666666,0.0,1.0,0.0,1
1.0,0.10294117647058823,1.0,0.0,0.38395510069329813,0.0,0.5,0.0,0.6666666666666666,0.0,1.0,0.3333333333333333,0.35714285714285715,1.0,0.5,0.3333333333333333,0.3333333333333333,0.0,0.0,0.0,1
1.0,0.16176470588235295,0.5,0.016216216216216217,0.24061846594035435,0.25,0.5,0.6666666666666666,0.6666666666666666,0.0,0.3333333333333333,0.3333333333333333,0.375,1.0,0.5,0.0,1.0,0.0,1.0,0.0,2
0.3333333333333333,0.38235294117647056,1.0,0.005405405405405406,0.4476724991746451,0.0,0.75,0.3333333333333333,0.6666666666666666,0.0,0.3333333333333333,0.3333333333333333,0.5357142857142857,1.0,0.5,0.0,0.6666666666666666,0.0,0.0,0.0,2
1.0,0.20588235294117646,0.5,0.005405405405405406,0.07059535600308132,0.0,0.25,1.0,1.0,0.5,0.0,0.3333333333333333,0.42857142857142855,1.0,0.5,0.0,0.3333333333333333,1.0,0.0,0.0,2
0.0,0.29411764705882354,0.5,0.005405405405405406,0.11604489930670188,0.25,0.0,0.0,0.0,0.0,0.0,0.3333333333333333,0.25,1.0,0.5,0.0,0.6666666666666666,0.0,0.0,0.0,2
1.0,0.16176470588235295,0.5,0.005405405405405406,0.10652580609662154,1.0,0.75,0.0,0.3333333333333333,0.0,1.0,0.0,0.25,0.0,0.0,0.0,0.3333333333333333,0.0,0.0,0.0,1
0.3333333333333333,0.11764705882352941,0.75,0.008108108108108109,0.018432926158248045,0.0,0.5,1.0,1.0,0.5,1.0,0.0,0.017857142857142856,1.0,0.0,0.3333333333333333,0.6666666666666666,0.0,0.0,0.0,1
0.3333333333333333,0.47058823529411764,0.5,0.0,0.6679322108506658,1.0,0.5,0.0,0.6666666666666666,0.0,1.0,1.0,0.32142857142857145,1.0,1.0,0.0,0.6666666666666666,0.0,1.0,0.0,2
0.3333333333333333,0.3382352941176471,0.5,0.024324324324324326,0.201661714537251,0.0,0.5,1.0,0.6666666666666666,0.0,0.3333333333333333,0.6666666666666666,0.30357142857142855,1.0,0.5,0.0,0.6666666666666666,1.0,1.0,0.0,2
1.0,0.47058823529411764,0.5,0.016216216216216217,0.4844833278309673,1.0,0.5,0.3333333333333333,0.6666666666666666,0.0,1.0,1.0,0.2857142857142857,1.0,1.0,0.0,0.3333333333333333,1.0,1.0,0.0,1
0.0,0.29411764705882354,0.75,0.008108108108108109,0.07752833718498954,0.0,0.25,1.0,0.3333333333333333,0.0,0.3333333333333333,0.6666666666666666,0.17857142857142858,1.0,0.0,0.0,0.3333333333333333,0.0,1.0,0.0,2
1.0,0.20588235294117646,0.5,0.008108108108108109,0.010069329811819083,0.0,0.0,0.6666666666666666,0.3333333333333333,0.5,1.0,0.0,0.05357142857142857,1.0,0.0,0.0,0.6666666666666666,0.0,0.0,0.0,2
1.0,0.38235294117647056,1.0,0.008108108108108109,0.235501265544184,0.0,0.75,1.0,0.3333333333333333,0.0,1.0,0.6666666666666666,0.125,1.0,0.0,0.0,1.0,0.0,1.0,0.0,1
1.0,0.07352941176470588,0.5,0.005405405405405406,0.09519093210080334,0.0,0.25,0.3333333333333333,0.3333333333333333,0.5,0.3333333333333333,0.6666666666666666,0.0,1.0,0.0,0.3333333333333333,0.6666666666666666,0.0,0.0,0.0,2
0.0,0.029411764705882353,0.5,0.002702702702702703,0.06063607351160999,0.5,0.0,0.0,0.3333333333333333,0.0,0.3333333333333333,0.3333333333333333,0.07142857142857142,1.0,0.0,0.0,0.0,0.0,1.0,0.0,1
0.0,0.11764705882352941,1.0,0.0,0.1787718719049191,0.0,0.5,0.6666666666666666,0.3333333333333333,0.5,0.3333333333333333,0.0,0.17857142857142858,1.0,0.5,0.3333333333333333,0.6666666666666666,0.0,0.0,0.0,2
0.3333333333333333,0.5147058823529411,1.0,0.008108108108108109,0.25767580059425554,0.0,0.75,0.3333333333333333,0.6666666666666666,1.0,0.3333333333333333,0.0,0.10714285714285714,1.0,0.5,0.3333333333333333,0.6666666666666666,0.0,0.0,0.0,2
0.0,0.029411764705882353,1.0,0.0,0.18851105975569496,0.0,0.5,0.0,0.6666666666666666,0.0,0.6666666666666666,0.0,0.32142857142857145,1.0,0.0,0.6666666666666666,0.6666666666666666,1.0,0.0,0.0,1
0.0,0.29411764705882354,0.25,0.005405405405405406,0.3643666776713987,0.0,0.25,0.3333333333333333,0.0,0.0,0.0,0.3333333333333333,0.6428571428571429,0.0,0.5,0.0,0.6666666666666666,0.0,1.0,0.0,2
1.0,0.029411764705882353,0.5,0.005405405405405406,0.07114559260482008,0.75,0.5,1.0,0.0,0.0,0.3333333333333333,0.0,0.25,1.0,0.5,0.0,0.6666666666666666,0.0,0.0,0.0,1
0.0,0.6470588235294118,0.5,0.008108108108108109,0.358093980411577,0.0,0.5,0.6666666666666666,0.3333333333333333,0.0,0.3333333333333333,0.6666666666666666,0.21428571428571427,1.0,0.5,0.0,0.6666666666666666,0.0,1.0,0.0,2
0.6666666666666666,0.07352941176470588,0.5,0.008108108108108109,0.02723671178606801,0.0,0.5,0.6666666666666666,0.3333333333333333,0.0,0.3333333333333333,0.0,0.16071428571428573,1.0,0.5,0.0,0.3333333333333333,0.0,0.0,0.0,2
0.6666666666666666,0.11764705882352941,0.25,0.008108108108108109,0.008748761967646087,0.75,0.5,0.6666666666666666,0.3333333333333333,0.0,0.6666666666666666,0.0,0.4107142857142857,1.0,0.0,0.3333333333333333,0.6666666666666666,0.0,0.0,0.0,1
0.0,0.11764705882352941,0.5,0.0,0.050511720039617035,0.0,0.5,1.0,1.0,0.0,0.6666666666666666,0.0,0.14285714285714285,1.0,0.5,0.0,0.3333333333333333,0.0,0.0,0.0,1
0.3333333333333333,0.08823529411764706,0.5,0.0,0.3883569935072081,0.0,0.0,0.3333333333333333,0.6666666666666666,0.0,1.0,1.0,0.9107142857142857,0.0,1.0,0.0,1.0,0.0,1.0,0.0,1
0.3333333333333333,0.29411764705882354,0.5,0.008108108108108109,0.2659843732805106,1.0,1.0,0.3333333333333333,0.3333333333333333,0.0,1.0,0.6666666666666666,0.4107142857142857,1.0,0.5,0.0,0.6666666666666666,0.0,1.0,0.0,1
0.6666666666666666,0.47058823529411764,0.5,0.008108108108108109,0.20155166721690326,0.0,0.5,0.3333333333333333,0.6666666666666666,0.0,0.3333333333333333,0.0,0.07142857142857142,1.0,0.5,0.0,0.6666666666666666,0.0,1.0,0.0,1
1.0,0.07352941176470588,1.0,0.005405405405405406,0.118631011334874,0.0,0.0,0.3333333333333333,0.6666666666666666,0.0,0.6666666666666666,0.6666666666666666,0.21428571428571427,1.0,0.5,0.0,1.0,0.0,0.0,0.0,1
0.6666666666666666,0.029411764705882353,1.0,0.0,0.06014086057004512,0.0,1.0,0.0,0.6666666666666666,0.0,1.0,0.0,0.48214285714285715,1.0,0.5,0.3333333333333333,0.6666666666666666,1.0,0.0,1.0,1
0.3333333333333333,0.38235294117647056,0.5,0.005405405405405406,0.17558049961483438,0.25,0.5,0.3333333333333333,0.3333333333333333,0.5,1.0,0.6666666666666666,0.03571428571428571,1.0,0.0,0.0,0.6666666666666666,0.0,0.0,0.0,2
0.3333333333333333,0.25,1.0,0.005405405405405406,0.13728403213381754,0.75,0.75,0.6666666666666666,0.6666666666666666,0.0,0.3333333333333333,0.6666666666666666,0.23214285714285715,1.0,0.5,0.3333333333333333,0.6666666666666666,0.0,1.0,0.0,1
0.6666666666666666,0.08823529411764706,0.5,0.0,0.20353251898316277,0.0,0.25,0.0,0.6666666666666666,1.0,0.0,0.3333333333333333,0.32142857142857145,1.0,0.5,0.0,0.3333333333333333,1.0,0.0,0.0,1
0.3333333333333333,0.08823529411764706,0.5,0.005405405405405406,0.06993507208099482,0.0,0.5,1.0,0.0,0.0,0.3333333333333333,0.6666666666666666,0.21428571428571427,1.0,0.5,0.0,0.3333333333333333,0.0,0.0,0.0,1
0.0,0.5588235294117647,0.5,0.008108108108108109,0.3809838230439089,1.0,0.75,1.0,0.3333333333333333,0.0,0.6666666666666666,0.6666666666666666,0.19642857142857142,1.0,0.5,0.0,1.0,0.0,1.0,0.0,2
0.3333333333333333,1.0,0.5,0.008108108108108109,0.2941014636293606,0.25,0.5,0.3333333333333333,1.0,0.0,0.3333333333333333,0.6666666666666666,0.08928571428571429,1.0,0.5,0.0,0.6666666666666666,0.0,0.0,0.0,2
1.0,0.25,0.5,0.002702702702702703,0.12248266754704523,1.0,1.0,1.0,0.6666666666666666,0.0,1.0,0.0,0.48214285714285715,1.0,0.5,0.0,1.0,0.0,1.0,0.0,1
0.0,0.3382352941176471,0.0,0.024324324324324326,0.27748431825685044,0.0,0.0,0.3333333333333333,0.6666666666666666,0.0,1.0,0.3333333333333333,0.5535714285714286,0.5,0.5,0.3333333333333333,0.6666666666666666,0.0,1.0,0.0,2
0.3333333333333333,0.11764705882352941,1.0,0.008108108108108109,0.18284362275778585,0.0,0.5,0.0,0.3333333333333333,0.0,0.0,0.0,0.07142857142857142,1.0,0.5,0.0,0.3333333333333333,0.0,0.0,0.0,1
0.6666666666666666,0.08823529411764706,1.0,0.008108108108108109,0.06036095521074062,1.0,0.75,1.0,0.6666666666666666,0.0,0.3333333333333333,0.3333333333333333,0.14285714285714285,1.0,0.5,0.3333333333333333,0.6666666666666666,0.0,1.0,0.0,1
0.3333333333333333,0.29411764705882354,0.75,0.005405405405405406,0.11461428414218114,1.0,0.25,1.0,0.6666666666666666,0.0,0.3333333333333333,0.3333333333333333,0.17857142857142858,0.0,0.5,0.0,0.3333333333333333,0.0,0.0,0.0,1
1.0,0.029411764705882353,1.0,0.0,0.10069329811819082,0.5,0.5,0.0,1.0,0.0,0.3333333333333333,0.6666666666666666,0.08928571428571429,1.0,0.5,0.0,0.6666666666666666,0.0,0.0,0.0,1
