0.3333333333333333,0.20588235294117646,0.5,0.024324324324324326,0.13051612193243095,0.25,0.5,1.0,0.6666666666666666,0.0,1.0,0.6666666666666666,0.26785714285714285,1.0,0.5,0.0,0.6666666666666666,0.0,0.0,0.0,1
1.0,0.29411764705882354,1.0,0.008108108108108109,0.26702982282381427,0.0,0.25,0.6666666666666666,1.0,0.0,0.6666666666666666,1.0,0.5,1.0,1.0,0.6666666666666666,0.6666666666666666,0.0,1.0,0.0,1
0.6666666666666666,0.29411764705882354,0.5,0.005405405405405406,0.14537251017937713,0.0,1.0,0.6666666666666666,0.0,0.0,1.0,1.0,0.5714285714285714,1.0,1.0,0.0,0.6666666666666666,0.0,0.0,0.0,1
0.3333333333333333,0.11764705882352941,0.5,0.008108108108108109,0.3421371189611533,1.0,0.0,0.3333333333333333,0.6666666666666666,0.0,0.0,1.0,0.5892857142857143,1.0,0.5,0.0,1.0,0.0,1.0,0.0,2
0.0,0.5588235294117647,0.75,0.008108108108108109,0.22669747991636405,0.0,0.75,0.6666666666666666,0.6666666666666666,0.0,0.3333333333333333,0.3333333333333333,0.125,0.0,0.5,0.3333333333333333,0.6666666666666666,1.0,1.0,0.0,2
1.0,0.20588235294117646,1.0,0.008108108108108109,0.049466270496313414,0.75,0.5,1.0,0.6666666666666666,0.0,0.6666666666666666,0.0,0.48214285714285715,1.0,0.5,0.3333333333333333,0.6666666666666666,0.0,0.0,0.0,1
0.0,0.17647058823529413,1.0,0.0,0.13068119291295258,0.0,1.0,0.3333333333333333,0.6666666666666666,1.0,1.0,0.3333333333333333,0.42857142857142855,0.0,0.0,0.0,0.6666666666666666,0.0,1.0,0.0,2
0.0,0.11764705882352941,0.0,0.013513513513513514,0.04721030042918455,0.0,0.75,1.0,0.6666666666666666,0.0,0.6666666666666666,0.0,0.16071428571428573,1.0,0.5,0.3333333333333333,0.6666666666666666,0.0,0.0,0.0,2
0.6666666666666666,0.29411764705882354,0.5,0.008108108108108109,0.055463849455265765,0.5,0.5,0.6666666666666666,0.3333333333333333,0.0,0.6666666666666666,0.6666666666666666,0.6785714285714286,1.0,0.5,0.0,0.3333333333333333,0.0,0.0,0.0,1
0.0,0.5588235294117647,1.0,0.013513513513513514,0.17299438758666227,0.0,0.0,1.0,0.6666666666666666,0.5,1.0,0.6666666666666666,0.8214285714285714,1.0,0.5,0.3333333333333333,0.0,0.0,0.0,0.0,1
0.0,0.47058823529411764,0.5,0.0,0.16501595686145043,0.0,0.75,0.3333333333333333,0.6666666666666666,0.0,1.0,1.0,0.35714285714285715,0.0,1.0,0.0,1.0,1.0,1.0,0.0,1
1.0,0.29411764705882354,1.0,0.008108108108108109,0.0880928799383735,0.0,0.75,1.0,1.0,1.0,0.3333333333333333,0.6666666666666666,0.25,1.0,0.5,0.3333333333333333,0.6666666666666666,0.0,1.0,0.0,1
1.0,0.11764705882352941,0.5,0.0,0.10360955210740619,1.0,1.0,1.0,0.3333333333333333,0.0,1.0,1.0,0.5892857142857143,1.0,1.0,0.0,1.0,0.0,1.0,0.0,1
0.0,0.11764705882352941,0.5,0.016216216216216217,0.052272477165181026,1.0,0.5,1.0,0.3333333333333333,0.0,1.0,0.3333333333333333,0.07142857142857142,0.0,0.0,0.0,0.6666666666666666,0.0,1.0,0.0,1
0.0,0.11764705882352941,0.5,0.005405405405405406,0.18377902498074172,0.0,0.5,0.3333333333333333,0.6666666666666666,0.5,0.3333333333333333,0.3333333333333333,0.17857142857142858,1.0,0.5,0.0,0.3333333333333333,1.0,0.0,0.0,1
0.3333333333333333,0.47058823529411764,0.5,0.016216216216216217,0.19043688786178056,1.0,0.5,0.3333333333333333,1.0,0.0,0.3333333333333333,0.6666666666666666,0.14285714285714285,1.0,0.5,0.0,0.6666666666666666,0.0,0.0,0.0,1
0.0,0.11764705882352941,0.5,0.0,0.09040387366567625,0.0,0.5,1.0,0.3333333333333333,1.0,1.0,0.3333333333333333,0.17857142857142858,1.0,0.5,0.0,0.6666666666666666,0.0,1.0,0.0,1
1.0,0.11764705882352941,0.0,0.005405405405405406,0.1380543633762518,0.0,1.0,0.3333333333333333,0.6666666666666666,0.0,1.0,0.3333333333333333,0.26785714285714285,1.0,0.5,0.3333333333333333,0.6666666666666666,0.0,0.0,0.0,1
1.0,0.20588235294117646,1.0,0.0,0.04280840761527457,0.0,0.5,1.0,0.3333333333333333,0.0,0.6666666666666666,0.0,0.30357142857142855,1.0,0.5,0.3333333333333333,0.6666666666666666,0.0,0.0,0.0,1
1.0,0.29411764705882354,0.5,0.005405405405405406,0.03736106525806097,1.0,0.75,1.0,0.6666666666666666,0.0,0.3333333333333333,0.6666666666666666,0.21428571428571427,0.5,0.5,0.0,0.6666666666666666,0.0,1.0,0.0,1
1.0,0.11764705882352941,0.5,0.008108108108108109,0.15456146142841423,0.75,0.75,0.3333333333333333,0.0,0.0,1.0,0.0,0.75,1.0,0.5,0.0,0.3333333333333333,0.0,0.0,0.0,1
1.0,0.11764705882352941,1.0,0.008108108108108109,0.014966435567293936,0.5,1.0,1.0,0.6666666666666666,0.0,1.0,0.3333333333333333,0.4107142857142857,1.0,0.5,0.3333333333333333,0.6666666666666666,1.0,1.0,0.0,1
0.3333333333333333,0.11764705882352941,0.5,0.024324324324324326,0.03251898316275999,0.25,0.75,0.3333333333333333,0.3333333333333333,0.0,1.0,0.0,0.07142857142857142,1.0,0.0,0.0,0.3333333333333333,0.0,0.0,0.0,1
0.0,0.25,0.5,0.005405405405405406,0.1842742379223066,0.0,0.75,0.0,0.3333333333333333,0.0,1.0,0.6666666666666666,0.125,1.0,0.0,0.0,0.3333333333333333,0.0,0.0,0.0,1
1.0,0.08823529411764706,0.5,0.0,0.0713106635853417,0.0,0.5,0.6666666666666666,0.6666666666666666,0.0,0.3333333333333333,0.0,0.21428571428571427,1.0,0.5,0.0,0.3333333333333333,1.0,0.0,1.0,1
1.0,0.11764705882352941,1.0,0.008108108108108109,0.05727963024100363,0.0,0.5,1.0,0.3333333333333333,0.0,0.3333333333333333,0.3333333333333333,0.2857142857142857,1.0,0.5,0.3333333333333333,0.6666666666666666,0.0,0.0,0.0,1
1.0,0.29411764705882354,0.5,0.002702702702702703,0.12947067238912732,0.75,0.5,0.3333333333333333,0.3333333333333333,0.0,1.0,0.6666666666666666,0.16071428571428573,1.0,0.0,0.0,0.6666666666666666,0.0,1.0,0.0,1
0.0,0.38235294117647056,1.0,0.002702702702702703,0.570760426983603,0.0,1.0,0.6666666666666666,0.6666666666666666,0.0,1.0,1.0,0.3392857142857143,1.0,1.0,0.6666666666666666,1.0,1.0,1.0,0.0,1
0.3333333333333333,0.16176470588235295,0.5,0.008108108108108109,0.03037306041597887,0.0,1.0,1.0,0.6666666666666666,0.0,0.6666666666666666,0.6666666666666666,0.32142857142857145,1.0,0.5,0.0,0.6666666666666666,1.0,0.0,0.0,2
1.0,0.47058823529411764,0.5,0.024324324324324326,0.39391438318476946,1.0,1.0,0.6666666666666666,0.6666666666666666,0.0,0.3333333333333333,0.3333333333333333,0.32142857142857145,1.0,0.5,0.3333333333333333,0.6666666666666666,0.0,0.0,0.0,1
1.0,0.0,1.0,0.0,0.06630351050951909,0.0,0.75,0.3333333333333333,0.6666666666666666,0.0,0.0,0.0,0.4107142857142857,1.0,0.5,0.6666666666666666,0.3333333333333333,1.0,0.0,0.0,1
0.3333333333333333,0.29411764705882354,0.75,0.024324324324324326,0.24551557169582922,1.0,0.5,1.0,0.6666666666666666,0.0,0.3333333333333333,0.3333333333333333,0.32142857142857145,0.0,0.5,0.3333333333333333,1.0,0.0,1.0,0.0,1
0.3333333333333333,0.29411764705882354,0.5,0.002702702702702703,0.2125563992516782,0.5,0.25,0.6666666666666666,0.3333333333333333,0.0,1.0,0.6666666666666666,0.16071428571428573,1.0,0.0,0.0,0.6666666666666666,0.0,0.0,0.0,2
1.0,0.08823529411764706,0.5,0.005405405405405406,0.10784637394079453,0.0,0.5,0.3333333333333333,0.6666666666666666,0.0,0.3333333333333333,0.0,0.10714285714285714,0.0,0.0,0.0,0.3333333333333333,0.0,0.0,0.0,2
1.0,0.11764705882352941,0.5,0.008108108108108109,0.1116430064927919,1.0,0.5,1.0,0.6666666666666666,0.0,1.0,1.0,0.32142857142857145,1.0,1.0,0.0,0.6666666666666666,0.0,1.0,0.0,1
0.3333333333333333,0.29411764705882354,1.0,1.0,0.6431165401122483,0.0,0.5,0.3333333333333333,0.6666666666666666,0.5,0.6666666666666666,0.6666666666666666,0.35714285714285715,1.0,0.5,0.3333333333333333,1.0,1.0,1.0,0.0,2
0.3333333333333333,0.8235294117647058,0.5,0.0,0.39385935952459555,0.25,0.25,1.0,0.3333333333333333,0.0,0.3333333333333333,0.3333333333333333,0.08928571428571429,1.0,0.5,0.0,1.0,0.0,0.0,0.0,2
1.0,0.029411764705882353,1.0,0.0,0.0,0.75,0.5,0.3333333333333333,0.3333333333333333,0.0,0.3333333333333333,0.0,0.39285714285714285,0.0,0.5,0.3333333333333333,0.3333333333333333,0.0,0.0,0.0,1
1.0,0.11764705882352941,0.5,0.0,0.117750632772092,1.0,1.0,1.0,0.6666666666666666,0.0,0.6666666666666666,0.6666666666666666,0.5535714285714286,1.0,0.5,0.0,0.6666666666666666,0.0,1.0,0.0,1
0.3333333333333333,0.16176470588235295,1.0,0.008108108108108109,0.07081545064377683,1.0,1.0,1.0,0.6666666666666666,1.0,1.0,0.0,0.5535714285714286,1.0,0.5,0.3333333333333333,0.6666666666666666,0.0,1.0,0.0,1
0.3333333333333333,0.07352941176470588,1.0,0.008108108108108109,0.04974138879718279,0.0,1.0,0.3333333333333333,0.6666666666666666,0.0,1.0,0.0,0.32142857142857145,1.0,0.5,0.6666666666666666,0.3333333333333333,0.0,0.0,0.0,1
0.0,0.29411764705882354,0.25,0.0,0.05188731154396391,0.0,0.0,0.0,0.3333333333333333,0.5,1.0,1.0,0.17857142857142858,1.0,0.0,0.3333333333333333,0.0,0.0,0.0,0.0,2
0.3333333333333333,0.29411764705882354,0.75,0.024324324324324326,0.3695939253879168,0.25,0.75,1.0,0.6666666666666666,0.0,1.0,0.6666666666666666,0.30357142857142855,1.0,0.0,0.0,1.0,0.0,1.0,0.0,1
1.0,0.2647058823529412,0.5,0.008108108108108109,0.1334323759216463,0.5,1.0,0.6666666666666666,0.6666666666666666,0.0,1.0,0.6666666666666666,0.375,1.0,0.5,0.0,0.6666666666666666,0.0,0.0,0.0,1
0.0,0.29411764705882354,0.5,0.008108108108108109,0.09557609772202047,0.0,0.5,0.3333333333333333,0.6666666666666666,0.0,1.0,0.0,0.03571428571428571,1.0,0.0,0.0,0.3333333333333333,1.0,0.0,0.0,2
0.3333333333333333,0.38235294117647056,0.75,0.008108108108108109,0.09183448883019699,0.25,0.25,1.0,0.6666666666666666,0.0,0.6666666666666666,1.0,0.19642857142857142,0.5,0.5,0.3333333333333333,1.0,0.0,0.0,0.0,2
0.3333333333333333,0.29411764705882354,0.5,0.008108108108108109,0.2659843732805106,1.0,1.0,0.3333333333333333,0.3333333333333333,0.0,1.0,0.6666666666666666,0.4107142857142857,1.0,0.5,0.0,0.6666666666666666,0.0,1.0,0.0,1
1.0,0.8235294117647058,1.0,0.0,0.7431495543083526,1.0,1.0,0.3333333333333333,0.6666666666666666,0.0,1.0,1.0,0.7857142857142857,0.0,1.0,0.0,1.0,0.0,1.0,0.0,1
0.3333333333333333,0.16176470588235295,1.0,0.008108108108108109,0.13634862991086166,1.0,0.75,1.0,0.6666666666666666,1.0,0.3333333333333333,0.0,0.2857142857142857,0.0,0.5,0.6666666666666666,0.6666666666666666,0.0,1.0,0.0,1
1.0,0.029411764705882353,0.0,0.008108108108108109,0.009684164190601958,0.0,1.0,1.0,1.0,0.0,1.0,0.6666666666666666,0.35714285714285715,1.0,0.5,0.0,0.3333333333333333,0.0,0.0,0.0,1
0.3333333333333333,0.38235294117647056,0.75,0.024324324324324326,0.12396830637173985,0.25,1.0,1.0,0.6666666666666666,0.0,0.3333333333333333,0.3333333333333333,0.39285714285714285,0.5,0.5,0.3333333333333333,0.6666666666666666,0.0,0.0,0.0,1
1.0,0.29411764705882354,0.5,0.0,0.06734896005282272,0.25,0.25,1.0,1.0,0.0,0.6666666666666666,0.0,0.25,1.0,0.5,0.0,0.6666666666666666,0.0,1.0,0.0,1
1.0,0.29411764705882354,1.0,0.0,0.09298998569384835,0.75,1.0,1.0,0.6666666666666666,0.0,1.0,0.0,0.7321428571428571,1.0,0.5,0.0,0.6666666666666666,0.0,1.0,0.0,1
0.0,0.16176470588235295,0.5,0.008108108108108109,0.04418399911962144,0.0,0.25,1.0,1.0,0.0,0.3333333333333333,0.0,0.14285714285714285,1.0,0.5,0.0,0.6666666666666666,0.0,0.0,1.0,1
1.0,0.25,0.5,0.002702702702702703,0.2750082535490261,1.0,0.5,0.0,0.6666666666666666,0.0,0.6666666666666666,0.6666666666666666,0.125,1.0,0.5,0.0,0.6666666666666666,0.0,0.0,0.0,1
1.0,0.10294117647058823,1.0,0.008108108108108109,0.04974138879718279,0.25,0.0,1.0,0.3333333333333333,0.0,1.0,0.0,0.6785714285714286,1.0,0.5,0.6666666666666666,0.3333333333333333,0.0,0.0,0.0,1
0.3333333333333333,0.20588235294117646,0.5,0.013513513513513514,0.1992956971497744,0.0,0.0,0.3333333333333333,0.3333333333333333,0.0,1.0,0.6666666666666666,0.8571428571428571,1.0,0.5,0.0,0.6666666666666666,0.0,1.0,0.0,1
0.3333333333333333,0.20588235294117646,1.0,0.005405405405405406,0.18498954550456698,0.0,1.0,0.6666666666666666,0.3333333333333333,0.0,1.0,0.3333333333333333,0.32142857142857145,1.0,0.5,0.0,0.6666666666666666,0.0,1.0,0.0,1
0.0,0.47058823529411764,0.5,0.002702702702702703,0.43903378452734676,0.0,0.5,0.3333333333333333,0.6666666666666666,0.0,0.3333333333333333,0.3333333333333333,0.125,1.0,0.5,0.0,0.6666666666666666,1.0,0.0,0.0,2
0.0,0.38235294117647056,0.5,0.013513513513513514,0.6464179597226808,0.0,0.25,0.0,0.0,0.0,0.0,1.0,0.26785714285714285,1.0,0.5,0.0,0.3333333333333333,0.0,1.0,0.0,2
1.0,0.6470588235294118,0.5,0.008108108108108109,0.5486959392538792,1.0,0.75,1.0,0.6666666666666666,0.0,0.6666666666666666,0.6666666666666666,0.32142857142857145,0.5,0.5,0.0,0.6666666666666666,0.0,1.0,0.0,1
0.3333333333333333,0.6470588235294118,0.0,0.0,0.44613183668977663,0.5,0.25,0.0,0.3333333333333333,0.0,0.0,0.6666666666666666,0.19642857142857142,1.0,0.5,0.3333333333333333,0.6666666666666666,0.0,0.0,0.0,1
1.0,0.16176470588235295,0.5,0.002702702702702703,0.0577748431825685,1.0,1.0,1.0,0.6666666666666666,0.0,1.0,1.0,0.4642857142857143,0.0,1.0,0.0,0.6666666666666666,1.0,0.0,0.0,1
0.3333333333333333,0.29411764705882354,0.5,0.002702702702702703,0.6223175965665236,0.0,0.5,0.0,0.3333333333333333,0.0,1.0,0.6666666666666666,0.07142857142857142,1.0,0.0,0.3333333333333333,1.0,0.0,0.0,0.0,2
1.0,0.16176470588235295,0.5,0.002702702702702703,0.19599427753934193,0.25,0.25,0.0,0.3333333333333333,0.0,1.0,0.6666666666666666,0.07142857142857142,1.0,0.5,0.0,0.6666666666666666,0.0,1.0,0.0,1
1.0,0.16176470588235295,0.25,0.008108108108108109,0.07257620776934082,0.25,1.0,1.0,0.6666666666666666,0.0,1.0,0.6666666666666666,0.26785714285714285,0.0,0.5,0.0,0.3333333333333333,1.0,0.0,0.0,1
0.3333333333333333,0.6470588235294118,0.75,0.024324324324324326,0.3538571585781886,1.0,0.5,1.0,0.6666666666666666,0.0,1.0,1.0,0.3392857142857143,1.0,1.0,0.0,0.6666666666666666,1.0,1.0,0.0,1
1.0,0.029411764705882353,0.0,0.0,0.05249257180587653,0.25,0.5,1.0,0.6666666666666666,0.0,0.0,1.0,0.2857142857142857,0.0,0.0,0.0,0.6666666666666666,0.0,0.0,1.0,1
1.0,0.6470588235294118,1.0,0.002702702702702703,0.6239683063717398,0.25,0.5,0.3333333333333333,0.3333333333333333,0.0,1.0,0.6666666666666666,0.08928571428571429,0.0,0.0,0.3333333333333333,0.3333333333333333,0.0,0.0,0.0,2
0.3333333333333333,0.20588235294117646,0.5,0.005405405405405406,0.09210960713106636,1.0,0.25,1.0,0.3333333333333333,0.0,0.6666666666666666,0.0,0.14285714285714285,1.0,0.0,0.0,0.6666666666666666,0.0,0.0,0.0,2
1.0,0.29411764705882354,0.5,0.008108108108108109,0.0412127214702322,1.0,1.0,1.0,0.6666666666666666,0.0,0.3333333333333333,0.6666666666666666,0.10714285714285714,1.0,0.5,0.3333333333333333,0.6666666666666666,0.0,0.0,0.0,1
0.6666666666666666,0.29411764705882354,1.0,0.005405405405405406,0.18526466380543632,1.0,1.0,1.0,0.6666666666666666,0.5,1.0,1.0,0.017857142857142856,1.0,0.0,0.3333333333333333,0.6666666666666666,0.0,0.0,0.0,1
1.0,0.029411764705882353,0.5,0.005405405405405406,0.08341586882359414,0.0,0.5,0.0,1.0,0.0,0.3333333333333333,0.3333333333333333,0.03571428571428571,1.0,0.0,0.0,0.6666666666666666,0.0,0.0,0.0,1
1.0,0.11764705882352941,0.5,0.008108108108108109,0.10570045119401343,0.0,0.25,0.3333333333333333,0.3333333333333333,0.0,0.3333333333333333,0.6666666666666666,0.17857142857142858,0.0,0.5,0.0,0.6666666666666666,0.0,0.0,0.0,1
1.0,0.11764705882352941,1.0,0.016216216216216217,0.10157367668097282,0.0,0.75,0.3333333333333333,0.6666666666666666,0.0,0.6666666666666666,0.0,0.5357142857142857,1.0,0.5,0.0,0.3333333333333333,1.0,0.0,0.0,1
0.3333333333333333,0.029411764705882353,0.25,0.016216216216216217,0.010069329811819083,0.75,0.25,1.0,0.3333333333333333,0.0,0.3333333333333333,0.3333333333333333,0.08928571428571429,0.0,0.0,0.0,0.6666666666666666,1.0,0.0,0.0,2
0.0,0.16176470588235295,0.5,0.010810810810810811,0.056399251678221636,1.0,0.5,1.0,0.3333333333333333,0.0,0.3333333333333333,0.6666666666666666,0.08928571428571429,1.0,0.0,0.0,0.6666666666666666,0.0,0.0,0.0,2
0.6666666666666666,0.029411764705882353,0.5,0.005405405405405406,0.10267414988445031,0.0,0.5,0.3333333333333333,0.6666666666666666,0.0,0.3333333333333333,0.0,0.39285714285714285,1.0,0.5,0.0,0.6666666666666666,0.0,1.0,0.0,1
0.0,0.07352941176470588,1.0,0.013513513513513514,0.057114559260482006,0.25,1.0,0.6666666666666666,0.6666666666666666,1.0,1.0,0.0,0.5178571428571429,1.0,0.5,0.3333333333333333,0.6666666666666666,1.0,0.0,1.0,1
0.6666666666666666,0.11764705882352941,0.5,0.008108108108108109,0.08974358974358974,0.0,0.5,0.3333333333333333,0.3333333333333333,0.0,0.3333333333333333,0.6666666666666666,0.44642857142857145,1.0,0.0,0.0,0.3333333333333333,0.0,1.0,0.0,1
1.0,0.11764705882352941,0.5,0.0,0.08990866072411137,0.0,1.0,1.0,0.6666666666666666,0.0,1.0,0.6666666666666666,0.35714285714285715,1.0,0.5,0.0,1.0,0.0,1.0,0.0,1
0.0,0.47058823529411764,1.0,0.005405405405405406,0.11543963904478927,0.0,0.5,0.6666666666666666,1.0,0.0,0.3333333333333333,0.3333333333333333,0.48214285714285715,1.0,0.5,0.3333333333333333,0.6666666666666666,0.0,1.0,0.0,1
1.0,0.25,1.0,0.005405405405405406,0.11213821943435677,0.0,0.25,1.0,0.3333333333333333,0.0,1.0,0.3333333333333333,0.07142857142857142,1.0,0.5,0.0,0.6666666666666666,0.0,1.0,0.0,1
1.0,0.6470588235294118,1.0,0.002702702702702703,0.1376141740948608,1.0,1.0,1.0,0.6666666666666666,0.0,0.6666666666666666,0.6666666666666666,0.3392857142857143,1.0,0.5,0.3333333333333333,0.6666666666666666,1.0,1.0,0.0,1
1.0,0.29411764705882354,0.5,0.008108108108108109,0.07164080554638494,0.0,0.75,0.6666666666666666,0.6666666666666666,0.0,0.0,0.6666666666666666,0.23214285714285715,0.0,0.5,0.0,0.6666666666666666,1.0,0.0,0.0,1
0.3333333333333333,0.07352941176470588,0.5,0.0,0.001430615164520744,0.0,0.5,1.0,1.0,0.0,1.0,0.0,0.05357142857142857,1.0,0.0,0.0,0.3333333333333333,0.0,0.0,0.0,1
0.3333333333333333,0.029411764705882353,0.5,0.008108108108108109,0.006492791900517223,1.0,1.0,1.0,0.6666666666666666,0.0,1.0,0.3333333333333333,0.3392857142857143,1.0,0.5,0.0,0.6666666666666666,0.0,0.0,0.0,1
0.0,0.6470588235294118,0.5,0.002702702702702703,0.2496973698690437,0.0,0.75,1.0,0.6666666666666666,0.0,0.6666666666666666,0.3333333333333333,0.125,1.0,0.5,0.0,0.6666666666666666,1.0,0.0,0.0,1
0.0,0.11764705882352941,1.0,0.002702702702702703,0.06377242214152086,0.0,1.0,1.0,0.6666666666666666,0.0,0.6666666666666666,0.0,0.625,1.0,0.5,0.0,0.6666666666666666,0.0,0.0,0.0,1
0.3333333333333333,0.38235294117647056,0.5,0.005405405405405406,0.1970947507428194,0.0,0.25,0.3333333333333333,1.0,0.0,0.0,0.3333333333333333,0.05357142857142857,1.0,0.5,0.0,0.6666666666666666,0.0,0.0,0.0,1
0.0,0.029411764705882353,0.5,0.005405405405405406,0.009794211510949708,0.0,1.0,0.3333333333333333,0.3333333333333333,0.0,0.0,0.3333333333333333,0.5357142857142857,0.0,0.5,0.0,0.6666666666666666,0.0,1.0,0.0,1
1.0,0.11764705882352941,0.5,0.024324324324324326,0.045449543303620554,0.0,0.5,0.3333333333333333,1.0,0.0,0.3333333333333333,0.0,0.125,1.0,0.5,0.0,0.6666666666666666,0.0,1.0,1.0,1
0.3333333333333333,0.5588235294117647,1.0,0.024324324324324326,0.3138549576317817,0.0,0.75,0.3333333333333333,0.3333333333333333,0.0,0.0,0.0,0.39285714285714285,0.0,0.5,0.3333333333333333,0.3333333333333333,0.0,0.0,0.0,1
0.0,0.29411764705882354,0.25,0.002702702702702703,0.18609001870804445,0.0,0.5,0.0,0.3333333333333333,1.0,1.0,0.6666666666666666,0.05357142857142857,0.0,0.0,0.0,0.6666666666666666,0.0,0.0,1.0,1
1.0,0.29411764705882354,0.5,0.002702702702702703,0.4161989655551887,0.0,0.75,0.6666666666666666,0.6666666666666666,0.0,0.6666666666666666,0.6666666666666666,0.3392857142857143,1.0,0.5,0.0,1.0,0.0,1.0,0.0,1
1.0,0.29411764705882354,1.0,0.005405405405405406,0.1940684494332563,0.75,0.5,1.0,0.6666666666666666,0.0,1.0,0.0,0.5535714285714286,1.0,0.5,0.0,0.6666666666666666,0.0,1.0,0.0,1
0.3333333333333333,0.07352941176470588,0.5,0.008108108108108109,0.045779685264663805,0.0,1.0,1.0,0.6666666666666666,0.0,1.0,0.6666666666666666,0.14285714285714285,1.0,0.5,0.3333333333333333,0.3333333333333333,0.0,0.0,0.0,1
0.3333333333333333,0.25,0.5,0.005405405405405406,0.20501815780785737,1.0,0.75,0.3333333333333333,0.6666666666666666,0.0,0.6666666666666666,0.6666666666666666,0.2857142857142857,1.0,0.5,0.0,0.6666666666666666,0.0,1.0,0.0,1
1.0,0.47058823529411764,1.0,0.024324324324324326,0.3331132386926378,1.0,1.0,1.0,0.6666666666666666,0.0,1.0,0.0,0.30357142857142855,1.0,0.5,0.3333333333333333,0.6666666666666666,0.0,0.0,0.0,1
1.0,0.20588235294117646,0.5,0.024324324324324326,0.07252118410916694,0.25,0.5,0.6666666666666666,0.3333333333333333,0.0,1.0,0.3333333333333333,0.08928571428571429,1.0,0.0,0.0,0.3333333333333333,0.0,0.0,0.0,1
0.0,0.11764705882352941,0.5,0.016216216216216217,0.02388026851546165,0.0,0.5,1.0,0.6666666666666666,0.0,1.0,0.6666666666666666,0.375,1.0,0.0,0.0,0.3333333333333333,1.0,0.0,0.0,2
0.3333333333333333,0.47058823529411764,0.75,0.0,0.14372180037416088,0.25,1.0,1.0,0.6666666666666666,0.0,0.6666666666666666,1.0,0.19642857142857142,1.0,1.0,0.0,0.6666666666666666,0.0,0.0,0.0,1
0.3333333333333333,0.29411764705882354,1.0,0.008108108108108109,0.05315285572796302,0.25,0.25,1.0,0.6666666666666666,0.0,1.0,1.0,0.3392857142857143,0.0,0.5,0.3333333333333333,0.6666666666666666,1.0,0.0,0.0,2
0.0,0.29411764705882354,0.5,0.0,0.05265764278639815,0.0,0.25,1.0,0.3333333333333333,0.0,1.0,0.3333333333333333,0.08928571428571429,1.0,0.0,0.0,0.6666666666666666,0.0,0.0,0.0,2
0.0,0.20588235294117646,0.25,0.005405405405405406,0.07169582920655881,0.0,0.5,1.0,0.6666666666666666,0.0,0.6666666666666666,0.6666666666666666,0.44642857142857145,0.0,0.5,0.0,0.6666666666666666,0.0,0.0,0.0,2
1.0,0.20588235294117646,1.0,0.005405405405405406,0.19423352041377792,0.0,0.25,0.6666666666666666,0.0,0.0,0.3333333333333333,0.6666666666666666,0.2857142857142857,1.0,0.5,0.3333333333333333,1.0,0.0,1.0,0.0,1
0.0,0.4264705882352941,1.0,0.005405405405405406,0.22180037416088919,0.5,0.5,0.0,0.3333333333333333,0.0,1.0,0.6666666666666666,0.07142857142857142,1.0,0.5,0.3333333333333333,0.6666666666666666,0.0,0.0,0.0,2
1.0,0.029411764705882353,1.0,0.0,0.10069329811819082,0.5,0.5,0.0,1.0,0.0,0.3333333333333333,0.6666666666666666,0.08928571428571429,1.0,0.5,0.0,0.6666666666666666,0.0,0.0,0.0,1
0.0,0.11764705882352941,0.5,0.005405405405405406,0.12804005722460657,0.0,0.5,0.3333333333333333,0.0,0.0,0.0,0.6666666666666666,0.4107142857142857,1.0,0.5,0.0,0.6666666666666666,0.0,0.0,0.0,1
1.0,0.25,0.5,0.0,0.1393199075602509,0.5,0.75,0.0,0.3333333333333333,0.0,0.3333333333333333,0.6666666666666666,0.21428571428571427,0.0,0.5,0.0,1.0,0.0,0.0,0.0,1
1.0,0.11764705882352941,0.5,0.0,0.18031253438978762,1.0,0.25,0.3333333333333333,0.6666666666666666,0.0,0.6666666666666666,0.3333333333333333,0.4642857142857143,1.0,0.5,0.0,1.0,1.0,1.0,0.0,1
1.0,0.29411764705882354,0.5,0.002702702702702703,0.4966985803895675,1.0,0.5,0.3333333333333333,0.0,0.0,1.0,1.0,0.5178571428571429,1.0,1.0,0.0,0.6666666666666666,0.0,1.0,0.0,1
1.0,0.38235294117647056,1.0,0.008108108108108109,0.235501265544184,0.0,0.75,1.0,0.3333333333333333,0.0,1.0,0.6666666666666666,0.125,1.0,0.0,0.0,1.0,0.0,1.0,0.0,1
1.0,0.20588235294117646,0.5,0.0,0.13271706833938593,1.0,0.75,1.0,0.6666666666666666,0.0,0.6666666666666666,0.3333333333333333,0.23214285714285715,1.0,0.5,0.0,0.6666666666666666,0.0,0.0,1.0,1
1.0,0.5147058823529411,0.5,0.002702702702702703,0.4587872785297678,0.25,1.0,1.0,0.6666666666666666,0.0,0.3333333333333333,0.6666666666666666,0.4642857142857143,1.0,0.5,0.0,1.0,0.0,1.0,0.0,1
0.3333333333333333,0.20588235294117646,1.0,0.008108108108108109,0.054748541873005395,0.0,0.5,1.0,1.0,0.0,0.3333333333333333,0.6666666666666666,0.25,1.0,0.5,0.0,0.6666666666666666,0.0,0.0,0.0,2
0.3333333333333333,0.3382352941176471,0.5,0.024324324324324326,0.201661714537251,0.0,0.5,1.0,0.6666666666666666,0.0,0.3333333333333333,0.6666666666666666,0.30357142857142855,1.0,0.5,0.0,0.6666666666666666,1.0,1.0,0.0,2
0.3333333333333333,0.29411764705882354,0.75,0.008108108108108109,0.33856058104985143,0.0,0.25,0.0,0.6666666666666666,0.0,0.3333333333333333,0.6666666666666666,0.25,1.0,0.5,0.0,0.6666666666666666,0.0,0.0,0.0,1
1.0,0.11764705882352941,0.5,0.008108108108108109,0.025145812699460767,0.0,0.5,1.0,0.6666666666666666,0.0,0.3333333333333333,0.0,0.19642857142857142,0.0,0.5,0.3333333333333333,0.6666666666666666,0.0,0.0,0.0,1
0.3333333333333333,0.1323529411764706,0.5,0.008108108108108109,0.1018487949818422,0.0,0.25,0.3333333333333333,0.3333333333333333,1.0,1.0,0.3333333333333333,0.07142857142857142,1.0,0.5,0.0,0.3333333333333333,0.0,0.0,0.0,1
0.6666666666666666,0.16176470588235295,0.5,0.016216216216216217,0.09106415758776273,0.0,1.0,1.0,0.6666666666666666,0.0,1.0,0.6666666666666666,0.375,1.0,0.0,0.0,1.0,0.0,1.0,0.0,1
0.0,0.20588235294117646,0.5,0.005405405405405406,0.1870804445911742,0.0,0.25,0.0,0.3333333333333333,0.0,1.0,0.6666666666666666,0.05357142857142857,1.0,0.0,0.0,0.6666666666666666,0.0,0.0,0.0,1
1.0,0.16176470588235295,0.75,0.005405405405405406,0.039066798723451084,0.75,0.75,0.6666666666666666,0.3333333333333333,0.0,0.3333333333333333,0.3333333333333333,0.19642857142857142,1.0,0.5,0.3333333333333333,0.6666666666666666,0.0,0.0,0.0,1
1.0,0.29411764705882354,1.0,0.005405405405405406,0.09783206778914934,0.0,0.75,0.3333333333333333,0.6666666666666666,0.0,0.3333333333333333,0.3333333333333333,0.19642857142857142,1.0,0.5,0.3333333333333333,0.3333333333333333,0.0,0.0,0.0,1
0.3333333333333333,0.029411764705882353,0.5,0.008108108108108109,0.01870804445911742,0.0,0.25,0.6666666666666666,1.0,0.0,0.6666666666666666,0.0,0.125,1.0,0.5,0.0,0.3333333333333333,0.0,0.0,1.0,1
1.0,0.35294117647058826,0.25,0.002702702702702703,0.41674920215692746,1.0,0.25,0.6666666666666666,0.6666666666666666,1.0,1.0,0.0,0.375,0.0,0.0,0.3333333333333333,0.6666666666666666,1.0,1.0,0.0,1
1.0,0.11764705882352941,1.0,0.005405405405405406,0.06338725652030373,0.5,0.75,0.6666666666666666,0.3333333333333333,0.0,1.0,0.6666666666666666,0.32142857142857145,1.0,0.0,0.0,0.6666666666666666,0.0,1.0,0.0,1
0.3333333333333333,0.11764705882352941,0.5,0.0,0.05876526906569825,0.75,1.0,1.0,0.6666666666666666,0.0,1.0,0.0,0.625,1.0,0.5,0.0,0.6666666666666666,0.0,1.0,0.0,1
1.0,0.7352941176470589,0.0,0.002702702702702703,0.5054473423572136,1.0,0.5,0.3333333333333333,0.6666666666666666,0.0,0.3333333333333333,0.3333333333333333,0.35714285714285715,1.0,0.5,0.0,0.3333333333333333,1.0,0.0,0.0,1
0.3333333333333333,0.11764705882352941,0.5,0.008108108108108109,0.04693518212831518,0.0,0.75,1.0,0.6666666666666666,1.0,0.6666666666666666,0.0,0.17857142857142858,1.0,0.5,0.3333333333333333,0.6666666666666666,0.0,0.0,1.0,1
0.0,0.29411764705882354,0.25,0.0,0.11417409486079014,0.25,0.75,0.3333333333333333,0.6666666666666666,0.0,0.6666666666666666,0.6666666666666666,0.23214285714285715,0.0,0.5,0.0,0.6666666666666666,0.0,0.0,0.0,1
0.3333333333333333,0.07352941176470588,0.5,0.008108108108108109,0.07813359744690217,0.0,0.25,1.0,0.3333333333333333,0.0,0.3333333333333333,0.6666666666666666,0.05357142857142857,1.0,0.5,0.0,0.6666666666666666,0.0,1.0,0.0,2
1.0,0.029411764705882353,0.5,0.0,0.17981732144822274,0.0,0.5,0.3333333333333333,0.6666666666666666,1.0,0.6666666666666666,0.3333333333333333,0.125,1.0,0.0,0.0,0.6666666666666666,0.0,0.0,0.0,1
1.0,0.0,0.5,0.005405405405405406,0.019313304721030045,0.0,0.25,0.0,0.3333333333333333,0.0,0.6666666666666666,0.0,0.07142857142857142,1.0,0.0,0.0,0.3333333333333333,1.0,0.0,0.0,1
1.0,0.16176470588235295,1.0,0.005405405405405406,0.06988004842082095,1.0,1.0,1.0,0.6666666666666666,0.0,1.0,0.3333333333333333,0.7857142857142857,1.0,0.5,0.0,0.6666666666666666,0.0,0.0,0.0,1
0.0,0.11764705882352941,0.5,0.0,0.18713546825134808,0.75,0.5,0.0,0.6666666666666666,0.0,0.6666666666666666,0.3333333333333333,0.21428571428571427,1.0,0.5,0.0,0.6666666666666666,1.0,0.0,0.0,1
1.0,0.11764705882352941,1.0,0.008108108108108109,0.020248706943985915,0.0,1.0,1.0,0.6666666666666666,0.0,1.0,0.0,0.6607142857142857,1.0,0.5,0.0,0.6666666666666666,0.0,0.0,0.0,1
1.0,0.16176470588235295,1.0,0.008108108108108109,0.058655221745350504,0.5,0.5,0.3333333333333333,1.0,0.0,0.3333333333333333,0.3333333333333333,0.5,1.0,0.5,0.3333333333333333,0.3333333333333333,0.0,0.0,0.0,1
0.3333333333333333,0.25,0.5,0.024324324324324326,0.05161219324309453,0.0,1.0,0.3333333333333333,0.3333333333333333,0.0,1.0,0.3333333333333333,0.35714285714285715,1.0,0.5,0.0,0.6666666666666666,1.0,0.0,0.0,2
1.0,0.38235294117647056,0.5,0.008108108108108109,0.11461428414218114,0.5,1.0,1.0,0.6666666666666666,0.0,0.3333333333333333,0.6666666666666666,0.19642857142857142,0.0,0.5,0.0,1.0,0.0,0.0,0.0,1
1.0,0.47058823529411764,0.5,0.0,0.1556619346318917,1.0,0.5,1.0,0.6666666666666666,0.0,1.0,0.0,0.30357142857142855,1.0,0.5,0.0,0.6666666666666666,0.0,0.0,0.0,1
0.0,0.47058823529411764,0.75,0.016216216216216217,0.36519203257400684,0.0,0.5,1.0,0.6666666666666666,0.0,0.6666666666666666,0.3333333333333333,0.17857142857142858,0.5,0.5,0.0,0.6666666666666666,0.0,1.0,0.0,2
1.0,0.29411764705882354,0.5,0.005405405405405406,0.15472653240893583,0.5,1.0,1.0,0.6666666666666666,0.0,0.6666666666666666,1.0,0.23214285714285715,1.0,0.0,0.0,0.6666666666666666,0.0,1.0,0.0,1
1.0,0.29411764705882354,0.5,0.008108108108108109,0.16424562561901618,0.5,1.0,0.6666666666666666,0.0,0.0,0.3333333333333333,0.6666666666666666,0.125,1.0,0.5,0.0,1.0,0.0,1.0,0.0,1
0.0,0.11764705882352941,0.5,0.005405405405405406,0.022119511389897657,0.0,1.0,1.0,0.3333333333333333,0.0,1.0,0.3333333333333333,0.08928571428571429,1.0,0.0,0.0,0.6666666666666666,0.0,0.0,0.0,1
0.0,0.6470588235294118,1.0,0.002702702702702703,0.33459887751733247,0.0,1.0,1.0,0.6666666666666666,0.0,1.0,1.0,0.48214285714285715,1.0,1.0,0.3333333333333333,0.6666666666666666,0.0,1.0,0.0,2
1.0,0.11764705882352941,0.5,0.008108108108108109,0.10030813249697369,0.25,0.5,1.0,0.3333333333333333,0.5,0.3333333333333333,0.0,0.16071428571428573,1.0,0.5,0.0,0.6666666666666666,0.0,0.0,0.0,1
0.3333333333333333,0.29411764705882354,1.0,0.002702702702702703,0.41311764058545175,0.75,1.0,0.3333333333333333,0.3333333333333333,0.0,1.0,1.0,0.17857142857142858,1.0,0.0,0.0,0.6666666666666666,0.0,0.0,0.0,1
0.0,0.29411764705882354,0.25,0.005405405405405406,0.1705183228788379,0.5,0.25,1.0,0.6666666666666666,0.0,1.0,1.0,0.19642857142857142,1.0,1.0,0.0,0.6666666666666666,1.0,1.0,0.0,2
0.0,0.29411764705882354,0.25,0.024324324324324326,0.16017387476614944,0.0,0.5,1.0,0.6666666666666666,0.0,0.3333333333333333,0.3333333333333333,0.21428571428571427,1.0,0.0,0.0,0.6666666666666666,0.0,1.0,0.0,2
0.0,0.6470588235294118,0.0,0.005405405405405406,0.37795752173434577,0.0,0.5,0.6666666666666666,0.6666666666666666,0.0,1.0,1.0,0.6071428571428571,1.0,1.0,0.3333333333333333,0.6666666666666666,1.0,0.0,0.0,2
0.3333333333333333,0.11764705882352941,0.5,0.0,0.03224386486189061,0.25,0.25,1.0,0.3333333333333333,0.0,0.3333333333333333,0.3333333333333333,0.07142857142857142,0.0,0.5,0.0,0.3333333333333333,0.0,0.0,0.0,2
1.0,0.29411764705882354,0.5,0.0,0.06707384175195334,0.25,1.0,1.0,1.0,0.0,1.0,0.0,0.39285714285714285,1.0,0.0,0.0,0.3333333333333333,0.0,0.0,0.0,1
1.0,0.16176470588235295,0.75,0.008108108108108109,0.06756905469351822,0.0,0.5,1.0,1.0,0.0,0.6666666666666666,0.0,0.25,0.0,0.5,0.3333333333333333,0.6666666666666666,0.0,0.0,0.0,1
0.0,0.11764705882352941,0.5,0.0,0.028007043028502255,0.0,0.75,1.0,0.6666666666666666,0.0,0.3333333333333333,0.0,0.125,1.0,0.5,0.0,0.6666666666666666,0.0,0.0,0.0,2
1.0,0.20588235294117646,0.5,0.008108108108108109,0.04820072631231429,1.0,0.25,1.0,0.3333333333333333,0.0,0.3333333333333333,0.0,0.03571428571428571,1.0,0.0,0.0,0.6666666666666666,0.0,1.0,0.0,1
0.3333333333333333,0.6470588235294118,0.5,0.005405405405405406,0.534279740288324,0.0,0.25,0.0,0.3333333333333333,0.0,0.3333333333333333,0.6666666666666666,0.125,1.0,0.5,0.0,0.6666666666666666,0.0,1.0,0.0,2
1.0,0.29411764705882354,1.0,0.002702702702702703,0.30560140860570045,0.75,0.5,1.0,0.6666666666666666,0.0,0.3333333333333333,0.0,0.14285714285714285,1.0,0.5,0.3333333333333333,0.6666666666666666,0.0,0.0,0.0,1
0.3333333333333333,0.29411764705882354,1.0,0.016216216216216217,0.3022449653350941,0.0,0.25,0.3333333333333333,0.3333333333333333,0.0,1.0,1.0,0.08928571428571429,1.0,1.0,0.3333333333333333,0.6666666666666666,0.0,1.0,0.0,1
1.0,0.20588235294117646,1.0,0.008108108108108109,0.32023770221195114,0.0,1.0,0.6666666666666666,0.6666666666666666,0.0,1.0,0.6666666666666666,0.25,1.0,0.5,0.3333333333333333,0.6666666666666666,0.0,1.0,0.0,1
0.3333333333333333,0.07352941176470588,0.5,0.008108108108108109,0.10278419720479806,0.0,0.5,0.3333333333333333,0.6666666666666666,0.0,0.3333333333333333,0.0,0.32142857142857145,1.0,0.5,0.0,0.3333333333333333,1.0,0.0,0.0,1
1.0,0.08823529411764706,0.5,0.0,0.06129635743369649,0.0,0.5,0.3333333333333333,0.3333333333333333,0.0,1.0,0.6666666666666666,0.8035714285714286,1.0,0.5,0.0,0.6666666666666666,0.0,1.0,0.0,1
0.3333333333333333,0.38235294117647056,0.0,0.024324324324324326,0.2184989545504567,0.0,0.5,0.3333333333333333,0.3333333333333333,0.0,0.0,0.6666666666666666,0.16071428571428573,1.0,0.5,0.3333333333333333,0.6666666666666666,0.0,0.0,0.0,1
0.3333333333333333,0.47058823529411764,0.75,0.024324324324324326,0.5286123032904149,0.25,0.75,0.0,0.6666666666666666,0.0,0.6666666666666666,0.3333333333333333,0.21428571428571427,1.0,0.5,0.3333333333333333,0.3333333333333333,1.0,1.0,0.0,1
0.6666666666666666,0.47058823529411764,0.5,0.008108108108108109,0.20155166721690326,0.0,0.5,0.3333333333333333,0.6666666666666666,0.0,0.3333333333333333,0.0,0.07142857142857142,1.0,0.5,0.0,0.6666666666666666,0.0,1.0,0.0,1
1.0,0.29411764705882354,0.5,0.002702702702702703,0.13315725762077693,0.0,1.0,1.0,0.6666666666666666,0.0,1.0,0.6666666666666666,0.2857142857142857,1.0,0.5,0.0,1.0,0.0,1.0,0.0,1
0.3333333333333333,0.29411764705882354,0.25,0.016216216216216217,0.08732254869593925,0.0,0.75,1.0,0.3333333333333333,0.0,1.0,1.0,0.26785714285714285,0.0,1.0,0.0,0.3333333333333333,0.0,0.0,0.0,2
0.3333333333333333,0.6470588235294118,0.5,0.008108108108108109,0.205183228788379,1.0,0.75,1.0,0.6666666666666666,0.0,0.0,0.6666666666666666,0.39285714285714285,1.0,0.5,0.3333333333333333,0.6666666666666666,1.0,1.0,0.0,1
1.0,0.29411764705882354,0.5,0.008108108108108109,0.18548475844613183,0.25,1.0,0.3333333333333333,0.6666666666666666,0.0,1.0,0.6666666666666666,0.21428571428571427,1.0,0.5,0.3333333333333333,0.6666666666666666,0.0,0.0,0.0,2
1.0,0.47058823529411764,1.0,0.002702702702702703,0.594475624518543,1.0,0.5,1.0,0.6666666666666666,0.0,0.3333333333333333,0.6666666666666666,0.19642857142857142,1.0,0.5,0.0,1.0,0.0,1.0,0.0,1
0.3333333333333333,0.29411764705882354,0.0,0.024324324324324326,0.21959942775393418,0.0,0.5,0.0,0.6666666666666666,0.0,1.0,0.0,0.30357142857142855,1.0,0.5,0.6666666666666666,0.3333333333333333,0.0,1.0,0.0,2
1.0,0.29411764705882354,0.5,0.008108108108108109,0.15709254979641246,1.0,0.25,1.0,0.6666666666666666,0.0,0.3333333333333333,0.6666666666666666,0.10714285714285714,1.0,0.5,0.3333333333333333,0.6666666666666666,0.0,0.0,0.0,1
0.0,0.11764705882352941,0.5,0.005405405405405406,0.056784417299438755,0.0,0.5,0.3333333333333333,0.3333333333333333,0.0,1.0,0.6666666666666666,0.017857142857142856,1.0,0.0,0.0,0.6666666666666666,0.0,0.0,0.0,2
1.0,0.29411764705882354,0.5,0.008108108108108109,0.06399251678221635,0.0,0.5,1.0,1.0,0.0,0.3333333333333333,0.3333333333333333,0.16071428571428573,1.0,0.5,0.0,0.6666666666666666,0.0,0.0,0.0,1
1.0,0.29411764705882354,0.5,0.0,0.05496863651370089,0.0,0.25,1.0,1.0,0.0,0.3333333333333333,0.0,0.16071428571428573,1.0,0.5,0.0,0.6666666666666666,0.0,0.0,0.0,1
0.0,0.20588235294117646,0.5,0.008108108108108109,0.09276989105315285,1.0,0.75,0.3333333333333333,1.0,0.0,1.0,0.6666666666666666,0.07142857142857142,1.0,0.0,0.3333333333333333,0.3333333333333333,0.0,0.0,0.0,1
0.3333333333333333,0.11764705882352941,0.5,0.0,0.0351050951909321,0.0,1.0,1.0,0.6666666666666666,0.0,1.0,0.6666666666666666,0.39285714285714285,0.0,0.5,0.0,0.3333333333333333,1.0,0.0,0.0,2
1.0,0.29411764705882354,1.0,0.024324324324324326,0.2352811709034885,0.0,0.5,0.6666666666666666,0.6666666666666666,0.0,0.3333333333333333,0.0,0.9821428571428571,1.0,0.5,0.0,1.0,0.0,1.0,0.0,1
0.6666666666666666,0.25,1.0,0.016216216216216217,0.11384395289974689,0.0,0.25,0.3333333333333333,0.0,0.0,0.0,0.6666666666666666,0.25,1.0,0.0,0.0,0.6666666666666666,0.0,0.0,0.0,2
0.6666666666666666,0.029411764705882353,1.0,0.0,0.05904038736656762,0.25,1.0,0.3333333333333333,0.0,0.0,1.0,0.6666666666666666,0.16071428571428573,1.0,0.5,0.3333333333333333,0.6666666666666666,1.0,1.0,0.0,1
1.0,0.11764705882352941,1.0,0.0,0.05023660173874766,0.5,0.5,1.0,0.6666666666666666,0.0,1.0,0.0,0.44642857142857145,1.0,0.5,0.0,0.6666666666666666,0.0,1.0,0.0,1
1.0,0.029411764705882353,0.5,0.008108108108108109,0.014746340926598437,0.0,0.5,0.6666666666666666,0.3333333333333333,0.0,0.0,0.0,0.17857142857142858,1.0,0.5,0.0,0.6666666666666666,0.0,0.0,0.0,1
1.0,0.29411764705882354,0.5,0.005405405405405406,0.14223616154946628,0.5,1.0,0.6666666666666666,0.6666666666666666,0.0,1.0,0.3333333333333333,0.6071428571428571,1.0,0.5,0.0,0.6666666666666666,0.0,0.0,0.0,1
0.0,0.29411764705882354,0.25,0.005405405405405406,0.18168812589413447,0.0,0.75,0.6666666666666666,0.6666666666666666,0.0,1.0,0.6666666666666666,0.14285714285714285,0.0,0.5,0.0,0.6666666666666666,0.0,0.0,0.0,2
0.6666666666666666,0.29411764705882354,1.0,0.024324324324324326,0.056399251678221636,0.75,0.5,0.3333333333333333,0.0,0.0,1.0,0.0,0.30357142857142855,1.0,0.5,0.3333333333333333,0.6666666666666666,0.0,1.0,0.0,1
0.0,0.029411764705882353,0.25,0.016216216216216217,0.052162429844833276,0.0,1.0,1.0,0.3333333333333333,0.0,1.0,1.0,0.2857142857142857,1.0,1.0,0.0,0.6666666666666666,0.0,0.0,0.0,2
0.3333333333333333,0.10294117647058823,1.0,0.0,0.05898536370639375,0.75,0.5,1.0,0.3333333333333333,0.0,1.0,0.6666666666666666,0.375,1.0,0.5,0.3333333333333333,0.6666666666666666,0.0,0.0,0.0,1
0.3333333333333333,0.11764705882352941,0.5,0.008108108108108109,0.028392208649719378,0.5,0.5,1.0,0.6666666666666666,0.0,0.6666666666666666,0.0,0.8392857142857143,1.0,0.5,0.0,0.3333333333333333,0.0,0.0,0.0,2
0.0,0.058823529411764705,1.0,1.0,0.050291625398921534,0.0,1.0,0.6666666666666666,0.6666666666666666,0.0,1.0,1.0,0.5714285714285714,0.0,1.0,0.3333333333333333,1.0,1.0,1.0,0.0,1
0.6666666666666666,0.11764705882352941,1.0,0.0,0.03791130185979971,0.5,0.75,1.0,1.0,0.0,0.3333333333333333,0.0,0.16071428571428573,1.0,0.5,0.6666666666666666,0.6666666666666666,0.0,1.0,0.0,2
0.3333333333333333,0.11764705882352941,0.5,0.008108108108108109,0.020633872565203038,0.0,0.25,1.0,1.0,1.0,0.0,0.0,0.125,0.0,0.5,0.0,0.3333333333333333,0.0,0.0,0.0,1
1.0,0.16176470588235295,0.5,0.002702702702702703,0.24248927038626608,0.0,0.5,0.6666666666666666,0.6666666666666666,0.0,0.3333333333333333,0.6666666666666666,0.19642857142857142,1.0,0.5,0.0,0.6666666666666666,0.0,1.0,0.0,1
0.0,0.07352941176470588,0.5,0.0,0.06448772972378122,0.0,0.25,0.6666666666666666,0.6666666666666666,0.0,0.3333333333333333,1.0,0.14285714285714285,1.0,1.0,0.0,1.0,0.0,1.0,0.0,2
1.0,0.10294117647058823,0.5,0.024324324324324326,0.10410476504897105,0.75,1.0,0.0,0.0,0.0,0.3333333333333333,0.0,0.16071428571428573,1.0,0.5,0.0,0.6666666666666666,0.0,1.0,0.0,1
0.3333333333333333,0.11764705882352941,0.5,0.024324324324324326,0.043303620556839444,0.25,0.75,0.6666666666666666,0.6666666666666666,0.0,1.0,0.0,0.35714285714285715,1.0,0.5,0.0,0.3333333333333333,0.0,0.0,0.0,1
0.3333333333333333,0.8235294117647058,0.25,1.0,0.7996038296467481,0.25,1.0,0.6666666666666666,0.3333333333333333,0.0,1.0,1.0,0.7321428571428571,0.0,1.0,0.3333333333333333,1.0,0.0,1.0,0.0,2
0.0,0.20588235294117646,1.0,0.013513513513513514,0.05172224056344228,0.0,0.0,0.3333333333333333,0.3333333333333333,0.0,1.0,1.0,0.6428571428571429,1.0,1.0,0.6666666666666666,0.0,1.0,0.0,0.0,2
1.0,0.11764705882352941,0.5,0.008108108108108109,0.15555188731154396,0.0,0.5,0.3333333333333333,0.6666666666666666,0.0,1.0,0.6666666666666666,0.5892857142857143,1.0,0.5,0.0,0.6666666666666666,0.0,1.0,0.0,1
1.0,0.29411764705882354,0.5,0.021621621621621623,0.03780125453945196,0.0,0.25,1.0,1.0,0.0,0.6666666666666666,0.6666666666666666,0.14285714285714285,1.0,0.5,0.3333333333333333,0.3333333333333333,0.0,0.0,0.0,1
1.0,0.20588235294117646,0.5,0.024324324324324326,0.0935402222955871,0.0,0.75,1.0,0.6666666666666666,0.0,0.0,0.6666666666666666,0.26785714285714285,0.5,0.5,0.3333333333333333,0.6666666666666666,0.0,1.0,0.0,1
1.0,0.6470588235294118,0.75,0.008108108108108109,0.3845053372950369,1.0,1.0,0.6666666666666666,0.6666666666666666,0.0,0.6666666666666666,0.6666666666666666,0.23214285714285715,0.0,0.5,0.3333333333333333,0.6666666666666666,1.0,0.0,0.0,1
1.0,0.20588235294117646,0.5,0.008108108108108109,0.23902277979531197,0.0,0.25,0.6666666666666666,0.6666666666666666,0.0,0.3333333333333333,0.6666666666666666,0.23214285714285715,1.0,0.5,0.0,0.6666666666666666,0.0,1.0,0.0,1
0.0,0.16176470588235295,0.5,0.0,0.08093980411576979,0.0,0.25,0.3333333333333333,0.6666666666666666,0.0,0.6666666666666666,0.0,0.30357142857142855,1.0,0.5,0.0,0.6666666666666666,0.0,0.0,0.0,1
1.0,0.47058823529411764,1.0,0.0,0.350170573346539,0.0,1.0,1.0,0.6666666666666666,0.0,1.0,0.6666666666666666,0.26785714285714285,1.0,0.5,0.3333333333333333,1.0,0.0,1.0,0.0,1
0.0,0.6470588235294118,0.5,0.002702702702702703,0.5528227137669198,0.0,0.75,1.0,0.6666666666666666,0.0,1.0,1.0,0.35714285714285715,0.5,1.0,0.6666666666666666,0.6666666666666666,1.0,1.0,0.0,2
0.0,0.11764705882352941,0.5,0.021621621621621623,0.035875426433366345,0.0,0.75,1.0,1.0,0.0,1.0,0.3333333333333333,0.03571428571428571,1.0,0.0,0.0,0.6666666666666666,0.0,0.0,0.0,2
1.0,0.20588235294117646,0.5,0.013513513513513514,0.09315505667436998,0.0,0.25,1.0,0.3333333333333333,0.0,1.0,0.0,0.07142857142857142,1.0,0.5,0.0,0.6666666666666666,0.0,0.0,0.0,2
1.0,0.29411764705882354,0.5,0.008108108108108109,0.07059535600308132,0.0,0.25,1.0,0.3333333333333333,0.0,0.6666666666666666,0.6666666666666666,0.3392857142857143,0.5,0.5,0.0,0.6666666666666666,0.0,1.0,0.0,1
1.0,0.029411764705882353,1.0,0.008108108108108109,0.054308352591614394,0.25,0.5,0.0,0.3333333333333333,0.0,0.0,0.3333333333333333,0.14285714285714285,1.0,0.5,0.3333333333333333,0.6666666666666666,0.0,0.0,0.0,1
0.0,0.029411764705882353,1.0,0.0,0.18851105975569496,0.0,0.5,0.0,0.6666666666666666,0.0,0.6666666666666666,0.0,0.32142857142857145,1.0,0.0,0.6666666666666666,0.6666666666666666,1.0,0.0,0.0,1
1.0,0.029411764705882353,0.5,0.008108108108108109,0.060305931550566745,0.25,1.0,0.3333333333333333,0.6666666666666666,0.0,1.0,1.0,0.4107142857142857,0.0,1.0,0.0,0.6666666666666666,1.0,1.0,0.0,1
1.0,0.16176470588235295,0.5,0.002702702702702703,0.15291075162319798,0.0,0.75,0.3333333333333333,0.6666666666666666,0.0,0.3333333333333333,0.6666666666666666,0.25,1.0,0.5,0.0,0.6666666666666666,0.0,0.0,0.0,1
0.6666666666666666,0.11764705882352941,0.75,0.0,0.1098822493672279,0.0,0.5,0.3333333333333333,0.3333333333333333,0.0,0.3333333333333333,0.6666666666666666,0.30357142857142855,0.5,0.5,0.3333333333333333,0.6666666666666666,0.0,1.0,0.0,1
1.0,0.8235294117647058,0.5,0.0,0.5566193463189172,0.0,1.0,0.3333333333333333,0.6666666666666666,0.0,1.0,0.3333333333333333,0.4107142857142857,1.0,0.5,0.0,1.0,0.0,1.0,0.0,1
1.0,0.38235294117647056,1.0,0.008108108108108109,0.3037856278199626,0.0,0.75,1.0,0.3333333333333333,0.0,0.3333333333333333,0.6666666666666666,0.10714285714285714,1.0,0.5,0.3333333333333333,0.6666666666666666,0.0,0.0,0.0,1
1.0,0.38235294117647056,1.0,0.008108108108108109,0.3138549576317817,0.0,0.75,0.6666666666666666,0.6666666666666666,0.5,0.3333333333333333,0.6666666666666666,0.3392857142857143,1.0,0.5,0.0,0.6666666666666666,0.0,0.0,0.0,1
0.3333333333333333,0.47058823529411764,0.5,0.008108108108108109,0.11406404754044239,0.0,0.75,1.0,0.6666666666666666,0.0,1.0,0.6666666666666666,0.08928571428571429,1.0,0.0,0.0,0.6666666666666666,0.0,0.0,0.0,1
1.0,0.29411764705882354,0.75,0.0,0.12589413447782546,0.0,1.0,1.0,0.6666666666666666,0.0,1.0,0.6666666666666666,0.5,1.0,0.5,0.3333333333333333,0.3333333333333333,1.0,0.0,0.0,2
0.0,0.29411764705882354,0.25,0.005405405405405406,0.14185099592824915,0.5,0.5,1.0,0.6666666666666666,0.0,1.0,0.0,0.05357142857142857,0.5,0.5,0.0,0.6666666666666666,0.0,1.0,0.0,1
1.0,0.20588235294117646,1.0,0.008108108108108109,0.05056674369979091,1.0,0.5,1.0,0.6666666666666666,0.0,0.6666666666666666,0.3333333333333333,0.17857142857142858,1.0,0.5,0.3333333333333333,0.6666666666666666,0.0,1.0,0.0,1
0.6666666666666666,0.29411764705882354,0.5,0.005405405405405406,0.09216463079124024,0.0,0.5,0.3333333333333333,0.6666666666666666,0.0,0.3333333333333333,0.0,0.125,1.0,0.5,0.0,0.6666666666666666,0.0,0.0,0.0,1
0.0,0.47058823529411764,0.75,0.024324324324324326,0.10426983602949268,0.0,0.75,0.3333333333333333,0.6666666666666666,0.0,0.0,0.6666666666666666,0.08928571428571429,1.0,0.5,0.3333333333333333,0.6666666666666666,0.0,1.0,0.0,2
1.0,0.25,0.5,0.005405405405405406,0.10955210740618467,0.0,1.0,1.0,0.6666666666666666,0.0,0.3333333333333333,0.0,0.5535714285714286,1.0,0.5,0.3333333333333333,0.6666666666666666,0.0,0.0,0.0,1
0.3333333333333333,0.6470588235294118,0.5,0.008108108108108109,0.31368988665126,0.0,0.5,0.3333333333333333,0.3333333333333333,0.0,0.3333333333333333,0.0,0.05357142857142857,1.0,0.5,0.0,0.6666666666666666,0.0,0.0,0.0,2
1.0,0.16176470588235295,0.5,0.0,0.16154946627049632,0.75,0.75,0.3333333333333333,0.3333333333333333,0.0,0.6666666666666666,0.6666666666666666,0.017857142857142856,1.0,0.0,0.0,0.6666666666666666,0.0,0.0,0.0,1
0.3333333333333333,0.38235294117647056,1.0,0.0,0.22003961703532518,0.0,0.0,1.0,1.0,0.0,0.3333333333333333,0.6666666666666666,0.16071428571428573,1.0,0.5,0.3333333333333333,1.0,0.0,0.0,0.0,2
0.0,0.11764705882352941,0.5,0.005405405405405406,0.41900517222405637,0.0,1.0,1.0,0.6666666666666666,0.0,1.0,1.0,0.6071428571428571,1.0,1.0,0.0,1.0,0.0,1.0,0.0,2
0.0,0.29411764705882354,0.5,0.002702702702702703,0.14097061736546715,1.0,1.0,0.3333333333333333,0.3333333333333333,0.0,1.0,0.0,0.125,1.0,0.0,0.0,0.6666666666666666,0.0,0.0,0.0,1
0.0,0.6029411764705882,0.5,0.008108108108108109,0.08776273797733025,0.0,0.5,1.0,0.6666666666666666,0.0,1.0,1.0,0.07142857142857142,1.0,1.0,0.0,0.6666666666666666,0.0,1.0,0.0,2
0.3333333333333333,0.16176470588235295,0.25,0.0,0.36315615714757343,0.25,0.0,0.0,0.6666666666666666,0.0,0.3333333333333333,0.3333333333333333,0.26785714285714285,1.0,0.5,0.0,1.0,1.0,1.0,0.0,2
1.0,0.25,1.0,0.002702702702702703,0.16644657202597116,0.0,1.0,0.0,0.6666666666666666,0.0,1.0,0.6666666666666666,0.30357142857142855,1.0,0.5,0.0,1.0,0.0,1.0,0.0,1
0.0,0.8235294117647058,0.75,0.024324324324324326,0.36238582590513924,0.0,1.0,0.6666666666666666,0.6666666666666666,0.0,1.0,1.0,0.7857142857142857,1.0,0.5,0.3333333333333333,0.6666666666666666,0.0,1.0,0.0,2
0.0,0.5588235294117647,0.5,0.008108108108108109,0.20441289754594474,0.0,0.25,1.0,0.6666666666666666,0.0,0.6666666666666666,0.6666666666666666,0.26785714285714285,1.0,0.5,0.0,0.6666666666666666,0.0,0.0,0.0,2
1.0,0.29411764705882354,1.0,0.016216216216216217,0.07411687025420931,0.0,1.0,1.0,0.6666666666666666,0.0,1.0,1.0,0.625,1.0,1.0,0.3333333333333333,0.6666666666666666,1.0,0.0,0.0,1
0.3333333333333333,0.25,1.0,0.005405405405405406,0.13728403213381754,0.75,0.75,0.6666666666666666,0.6666666666666666,0.0,0.3333333333333333,0.6666666666666666,0.23214285714285715,1.0,0.5,0.3333333333333333,0.6666666666666666,0.0,1.0,0.0,1
0.3333333333333333,0.16176470588235295,0.5,0.013513513513513514,0.13101133487399583,0.25,0.5,0.6666666666666666,0.3333333333333333,0.0,0.3333333333333333,0.0,0.10714285714285714,1.0,0.5,0.0,0.3333333333333333,0.0,0.0,0.0,1
1.0,0.16176470588235295,0.75,0.002702702702702703,0.18399911962143722,0.0,0.25,0.0,0.3333333333333333,0.0,0.3333333333333333,0.3333333333333333,0.48214285714285715,1.0,0.5,0.3333333333333333,0.3333333333333333,0.0,0.0,0.0,1
0.6666666666666666,0.20588235294117646,0.5,0.005405405405405406,0.14383184769450863,0.0,0.5,0.3333333333333333,0.6666666666666666,0.0,0.0,0.0,0.26785714285714285,1.0,0.5,0.0,0.3333333333333333,1.0,0.0,0.0,2
1.0,0.25,0.75,0.005405405405405406,0.07378672829316606,0.25,0.75,1.0,0.6666666666666666,0.0,0.6666666666666666,0.0,0.26785714285714285,1.0,0.5,0.3333333333333333,1.0,0.0,0.0,0.0,1
1.0,0.07352941176470588,1.0,0.016216216216216217,0.037746230879278087,0.5,1.0,1.0,0.6666666666666666,0.0,0.3333333333333333,0.6666666666666666,0.5892857142857143,1.0,0.5,0.3333333333333333,0.6666666666666666,0.0,1.0,0.0,1
0.6666666666666666,0.5588235294117647,0.0,0.024324324324324326,0.3322878837900297,0.0,0.25,0.3333333333333333,0.0,0.0,0.0,0.3333333333333333,0.25,1.0,0.5,0.3333333333333333,0.6666666666666666,0.0,0.0,0.0,1
0.0,0.38235294117647056,0.5,0.008108108108108109,0.12501375591504346,0.0,1.0,0.0,0.6666666666666666,1.0,0.6666666666666666,0.3333333333333333,0.35714285714285715,1.0,0.5,0.0,0.6666666666666666,1.0,0.0,0.0,1
0.6666666666666666,0.16176470588235295,1.0,0.008108108108108109,0.056179157037526135,1.0,0.5,0.6666666666666666,0.6666666666666666,0.0,1.0,1.0,0.35714285714285715,1.0,1.0,0.3333333333333333,0.6666666666666666,0.0,1.0,0.0,2
1.0,0.11764705882352941,1.0,0.008108108108108109,0.030097942115109497,1.0,1.0,1.0,0.3333333333333333,0.0,0.6666666666666666,0.3333333333333333,0.25,0.0,0.5,0.0,0.3333333333333333,1.0,0.0,0.0,2
0.3333333333333333,0.20588235294117646,0.5,0.008108108108108109,0.04748541873005392,0.0,0.5,1.0,0.3333333333333333,1.0,1.0,0.0,0.125,1.0,0.5,0.0,0.3333333333333333,1.0,0.0,0.0,1
1.0,0.16176470588235295,0.5,0.008108108108108109,0.18256850445691647,0.0,1.0,1.0,0.3333333333333333,0.0,0.3333333333333333,0.6666666666666666,0.625,0.0,0.0,0.0,1.0,0.0,1.0,0.0,1
0.0,0.20588235294117646,0.5,0.008108108108108109,0.16176956091119182,0.0,0.5,0.3333333333333333,0.3333333333333333,0.0,0.3333333333333333,0.0,0.08928571428571429,1.0,0.5,0.0,0.6666666666666666,0.0,0.0,0.0,2
0.3333333333333333,0.20588235294117646,0.5,0.002702702702702703,0.7002310993727303,0.0,0.0,0.6666666666666666,0.3333333333333333,0.0,1.0,1.0,0.3392857142857143,1.0,1.0,0.0,1.0,0.0,1.0,0.0,2
1.0,0.20588235294117646,1.0,0.008108108108108109,0.08528667326950588,0.0,0.5,1.0,0.6666666666666666,0.0,0.3333333333333333,0.6666666666666666,0.08928571428571429,1.0,0.5,0.3333333333333333,0.6666666666666666,0.0,0.0,0.0,1
1.0,0.20588235294117646,0.5,0.0,0.08638714647298339,0.0,0.5,0.3333333333333333,1.0,0.0,0.3333333333333333,0.3333333333333333,0.19642857142857142,1.0,0.5,0.0,1.0,0.0,1.0,0.0,1
0.0,0.25,0.5,0.008108108108108109,0.0872125013755915,0.0,0.5,0.6666666666666666,0.3333333333333333,0.0,0.3333333333333333,0.0,0.10714285714285714,1.0,0.5,0.3333333333333333,0.6666666666666666,0.0,1.0,0.0,2
1.0,0.29411764705882354,0.5,0.0,0.1929679762297788,0.0,1.0,1.0,0.3333333333333333,0.5,1.0,1.0,0.7678571428571429,1.0,1.0,0.0,0.6666666666666666,0.0,1.0,0.0,1
0.0,0.20588235294117646,0.5,0.005405405405405406,0.1325519973588643,0.75,0.5,1.0,0.6666666666666666,0.0,0.3333333333333333,0.6666666666666666,0.16071428571428573,1.0,0.5,0.0,0.6666666666666666,0.0,0.0,0.0,1
1.0,0.29411764705882354,0.5,0.024324324324324326,0.23885770881479035,0.75,0.5,0.3333333333333333,0.6666666666666666,0.0,0.6666666666666666,0.3333333333333333,0.625,1.0,0.5,0.6666666666666666,1.0,0.0,1.0,0.0,2
0.6666666666666666,0.38235294117647056,1.0,0.008108108108108109,0.15225046770111147,0.0,1.0,1.0,0.6666666666666666,0.0,1.0,0.3333333333333333,0.5,1.0,0.5,0.0,0.6666666666666666,0.0,0.0,0.0,1
1.0,0.20588235294117646,0.25,0.0,0.34158688235941453,0.0,1.0,0.3333333333333333,0.6666666666666666,0.0,1.0,1.0,0.35714285714285715,0.0,0.5,0.3333333333333333,1.0,1.0,1.0,0.0,2
1.0,0.11764705882352941,0.5,0.002702702702702703,0.12077693408165512,1.0,0.25,0.3333333333333333,1.0,0.0,1.0,0.6666666666666666,0.125,1.0,0.0,0.0,0.6666666666666666,0.0,1.0,0.0,1
0.0,0.1323529411764706,1.0,0.024324324324324326,0.08512160228898426,0.0,0.25,0.6666666666666666,0.6666666666666666,0.0,0.0,0.3333333333333333,0.16071428571428573,0.0,0.5,0.3333333333333333,0.3333333333333333,0.0,0.0,0.0,1
1.0,0.29411764705882354,0.5,0.008108108108108109,0.05838010344448113,0.25,0.75,1.0,1.0,0.0,0.6666666666666666,0.3333333333333333,0.125,1.0,0.5,0.0,0.6666666666666666,0.0,1.0,0.0,1
1.0,0.38235294117647056,0.5,0.002702702702702703,0.25096291405304283,1.0,0.75,0.3333333333333333,0.3333333333333333,0.0,1.0,0.3333333333333333,0.08928571428571429,0.5,0.0,0.0,0.3333333333333333,0.0,0.0,0.0,1
0.0,0.29411764705882354,0.5,0.024324324324324326,0.34763948497854075,0.0,0.5,0.3333333333333333,1.0,0.0,0.3333333333333333,0.6666666666666666,0.03571428571428571,0.5,0.5,0.0,0.3333333333333333,0.0,0.0,0.0,1
1.0,0.11764705882352941,1.0,0.005405405405405406,0.3054363376251788,1.0,1.0,0.3333333333333333,0.6666666666666666,0.0,1.0,0.3333333333333333,0.5357142857142857,1.0,0.0,0.0,0.6666666666666666,0.0,1.0,0.0,1
1.0,0.29411764705882354,1.0,0.008108108108108109,0.11962143721800374,1.0,1.0,1.0,0.6666666666666666,0.0,1.0,0.3333333333333333,0.6071428571428571,1.0,0.5,0.3333333333333333,0.6666666666666666,0.0,0.0,0.0,1
0.3333333333333333,0.11764705882352941,0.5,0.002702702702702703,0.09783206778914934,1.0,0.5,1.0,0.6666666666666666,0.0,0.3333333333333333,0.6666666666666666,0.19642857142857142,1.0,0.5,0.0,0.6666666666666666,0.0,0.0,0.0,1
0.0,0.11764705882352941,0.5,0.0,0.053813139650049524,0.0,0.5,1.0,0.3333333333333333,0.0,0.3333333333333333,0.0,0.08928571428571429,1.0,0.5,0.0,0.3333333333333333,0.0,0.0,0.0,2
0.3333333333333333,0.029411764705882353,0.75,0.0,0.0527676901067459,0.0,0.0,1.0,0.6666666666666666,0.0,1.0,0.3333333333333333,0.5,1.0,0.5,0.0,1.0,0.0,1.0,0.0,2
1.0,0.16176470588235295,1.0,0.008108108108108109,0.06652360515021459,0.0,0.5,1.0,0.3333333333333333,0.0,0.3333333333333333,0.6666666666666666,0.42857142857142855,1.0,0.5,0.0,0.3333333333333333,0.0,0.0,0.0,1
1.0,0.08823529411764706,0.5,0.0,0.05705953560030813,1.0,1.0,1.0,0.6666666666666666,0.5,0.3333333333333333,0.3333333333333333,0.4642857142857143,1.0,0.5,0.0,0.3333333333333333,0.0,0.0,1.0,1
0.0,0.29411764705882354,0.25,1.0,0.06096621547265324,1.0,1.0,1.0,0.6666666666666666,0.0,0.6666666666666666,0.6666666666666666,0.375,0.5,0.5,0.0,1.0,0.0,1.0,0.0,2
0.3333333333333333,0.5588235294117647,0.25,0.002702702702702703,0.49702872235061074,0.0,0.0,0.0,0.6666666666666666,0.0,0.3333333333333333,1.0,0.6428571428571429,0.0,1.0,0.0,1.0,0.0,1.0,0.0,1
1.0,0.6470588235294118,0.25,0.024324324324324326,0.18482447452404535,0.0,0.5,0.0,0.3333333333333333,0.0,0.0,0.0,0.14285714285714285,0.5,0.5,0.0,0.6666666666666666,0.0,0.0,0.0,1
0.3333333333333333,0.29411764705882354,0.5,1.0,0.6095521074061847,0.0,0.5,0.3333333333333333,0.6666666666666666,0.5,0.6666666666666666,0.6666666666666666,0.17857142857142858,0.0,0.5,0.3333333333333333,1.0,0.0,1.0,0.0,2
0.0,0.11764705882352941,0.5,0.0,0.05634422801804776,0.0,0.25,0.6666666666666666,0.3333333333333333,0.0,0.0,0.0,0.32142857142857145,1.0,0.5,0.0,0.3333333333333333,0.0,0.0,0.0,2
0.0,0.029411764705882353,0.5,0.0,0.8058765269065699,0.0,1.0,0.0,0.6666666666666666,0.0,1.0,1.0,0.875,0.0,0.5,0.0,1.0,0.0,1.0,0.0,2
0.3333333333333333,0.29411764705882354,0.5,0.008108108108108109,0.14559260482007264,0.25,0.25,0.3333333333333333,0.6666666666666666,0.0,0.0,0.6666666666666666,0.17857142857142858,1.0,0.5,0.0,0.6666666666666666,0.0,0.0,0.0,1
1.0,0.47058823529411764,0.5,0.008108108108108109,0.1840541432816111,0.0,1.0,1.0,0.6666666666666666,0.0,0.3333333333333333,0.6666666666666666,0.16071428571428573,1.0,0.5,0.0,0.6666666666666666,0.0,0.0,0.0,1
0.3333333333333333,0.47058823529411764,0.5,0.013513513513513514,0.11742049081104874,0.0,0.25,1.0,0.6666666666666666,0.0,0.0,1.0,0.25,1.0,0.0,0.0,0.3333333333333333,0.0,0.0,0.0,2
1.0,0.20588235294117646,1.0,0.0,0.04429404643996919,0.0,0.25,1.0,0.3333333333333333,0.0,0.0,0.3333333333333333,0.19642857142857142,1.0,0.5,0.3333333333333333,0.6666666666666666,0.0,0.0,0.0,1
1.0,0.029411764705882353,0.25,0.008108108108108109,0.08253549026081215,0.5,1.0,0.3333333333333333,0.6666666666666666,0.0,1.0,0.3333333333333333,0.4642857142857143,0.0,0.5,0.0,0.3333333333333333,1.0,0.0,0.0,1
1.0,0.29411764705882354,0.5,0.005405405405405406,0.20479806316716187,0.0,0.75,0.3333333333333333,0.3333333333333333,0.0,1.0,0.3333333333333333,0.10714285714285714,1.0,0.0,0.0,0.6666666666666666,0.0,1.0,0.0,1
0.3333333333333333,0.29411764705882354,0.75,0.005405405405405406,0.09981291955540883,0.0,0.0,0.6666666666666666,0.3333333333333333,0.0,0.3333333333333333,0.3333333333333333,0.26785714285714285,1.0,0.5,0.0,1.0,0.0,1.0,0.0,2
0.3333333333333333,0.47058823529411764,0.75,0.024324324324324326,0.23137449103114338,0.0,0.5,0.3333333333333333,0.0,0.0,0.3333333333333333,0.0,0.19642857142857142,0.5,0.5,0.3333333333333333,1.0,0.0,1.0,0.0,2
0.0,0.47058823529411764,0.5,0.005405405405405406,0.1354682513480797,0.0,1.0,0.3333333333333333,0.6666666666666666,0.0,0.3333333333333333,0.3333333333333333,0.39285714285714285,0.0,0.5,0.0,0.6666666666666666,1.0,0.0,0.0,2
0.3333333333333333,0.08823529411764706,0.25,0.008108108108108109,0.043908880818752064,0.0,0.5,1.0,0.6666666666666666,0.0,1.0,0.0,0.07142857142857142,0.5,0.5,0.0,0.3333333333333333,0.0,0.0,0.0,1
0.0,0.47058823529411764,0.25,0.005405405405405406,0.13733905579399142,0.0,1.0,1.0,0.6666666666666666,0.0,1.0,0.6666666666666666,0.21428571428571427,0.0,0.5,0.0,0.6666666666666666,0.0,0.0,0.0,2
0.0,0.20588235294117646,1.0,0.008108108108108109,0.08968856608341587,0.0,0.75,1.0,1.0,0.0,0.0,0.3333333333333333,0.23214285714285715,1.0,0.5,0.3333333333333333,1.0,0.0,1.0,0.0,1
0.3333333333333333,0.16176470588235295,1.0,0.024324324324324326,0.11422911852096401,0.5,0.5,0.3333333333333333,0.6666666666666666,0.0,1.0,0.6666666666666666,0.14285714285714285,0.0,0.5,0.0,0.6666666666666666,0.0,0.0,0.0,1
0.0,0.47058823529411764,0.5,0.005405405405405406,0.18542973478595795,0.0,0.5,0.0,0.6666666666666666,1.0,0.3333333333333333,0.3333333333333333,0.32142857142857145,1.0,0.5,0.0,0.6666666666666666,1.0,0.0,0.0,1
0.3333333333333333,0.5147058823529411,1.0,0.008108108108108109,0.25767580059425554,0.0,0.75,0.3333333333333333,0.6666666666666666,1.0,0.3333333333333333,0.0,0.10714285714285714,1.0,0.5,0.3333333333333333,0.6666666666666666,0.0,0.0,0.0,2
0.3333333333333333,0.11764705882352941,0.5,0.0,0.32067789149334214,0.0,0.75,0.3333333333333333,0.6666666666666666,0.0,0.3333333333333333,0.6666666666666666,0.23214285714285715,1.0,0.5,0.0,0.6666666666666666,0.0,0.0,0.0,1
0.6666666666666666,0.029411764705882353,1.0,0.016216216216216217,0.04385385715857819,0.0,0.5,0.3333333333333333,0.3333333333333333,0.0,1.0,0.3333333333333333,0.5535714285714286,1.0,0.5,0.0,0.3333333333333333,0.0,0.0,0.0,1
0.0,0.029411764705882353,0.5,0.0,0.061846594035435236,1.0,0.0,1.0,0.3333333333333333,0.0,0.6666666666666666,0.3333333333333333,1.0,1.0,0.5,0.0,1.0,0.0,1.0,0.0,1
0.0,0.08823529411764706,1.0,0.005405405405405406,0.10355452844723231,1.0,0.25,0.3333333333333333,0.3333333333333333,0.5,0.6666666666666666,0.0,0.14285714285714285,1.0,0.0,0.3333333333333333,0.6666666666666666,0.0,0.0,1.0,1
0.3333333333333333,0.16176470588235295,0.5,0.0,0.13101133487399583,0.25,0.5,0.3333333333333333,0.3333333333333333,0.0,1.0,0.6666666666666666,0.16071428571428573,1.0,0.0,0.3333333333333333,0.6666666666666666,0.0,1.0,0.0,2
1.0,0.11764705882352941,1.0,0.024324324324324326,0.055793991416309016,1.0,1.0,1.0,0.6666666666666666,0.0,1.0,1.0,0.6785714285714286,1.0,0.0,0.0,0.3333333333333333,0.0,0.0,0.0,1
0.6666666666666666,0.29411764705882354,0.5,0.008108108108108109,0.2697259821723341,0.0,0.75,1.0,0.6666666666666666,0.0,0.3333333333333333,0.6666666666666666,0.10714285714285714,0.0,0.5,0.0,0.6666666666666666,0.0,0.0,0.0,1
1.0,0.16176470588235295,1.0,0.008108108108108109,0.06107626279300099,0.0,0.5,1.0,0.6666666666666666,0.0,0.3333333333333333,0.3333333333333333,0.21428571428571427,1.0,0.5,0.3333333333333333,0.6666666666666666,0.0,0.0,0.0,1
0.0,0.11764705882352941,0.75,0.0,0.060195884230218995,0.0,0.5,1.0,0.6666666666666666,0.0,0.3333333333333333,0.0,0.42857142857142855,1.0,0.5,0.3333333333333333,0.3333333333333333,1.0,0.0,0.0,1
1.0,0.29411764705882354,0.75,0.0,0.025696049301199515,1.0,1.0,1.0,1.0,0.0,1.0,0.6666666666666666,0.625,1.0,0.5,0.3333333333333333,0.6666666666666666,0.0,1.0,0.0,1
1.0,0.1323529411764706,0.5,0.008108108108108109,0.06377242214152086,0.25,0.0,0.3333333333333333,0.3333333333333333,0.0,1.0,0.0,0.8035714285714286,1.0,0.5,0.0,0.6666666666666666,0.0,0.0,0.0,1
0.3333333333333333,0.6470588235294118,0.75,0.016216216216216217,0.32871134587872786,0.0,1.0,1.0,0.6666666666666666,0.0,1.0,1.0,0.5535714285714286,1.0,1.0,0.0,0.6666666666666666,0.0,0.0,0.0,2
1.0,0.25,0.75,0.024324324324324326,0.1282051282051282,0.5,0.25,1.0,0.6666666666666666,0.0,0.3333333333333333,0.0,0.39285714285714285,0.0,0.5,0.0,0.3333333333333333,1.0,0.0,0.0,2
1.0,0.029411764705882353,0.5,0.005405405405405406,0.07114559260482008,0.75,0.5,1.0,0.0,0.0,0.3333333333333333,0.0,0.25,1.0,0.5,0.0,0.6666666666666666,0.0,0.0,0.0,1
0.3333333333333333,0.6470588235294118,0.5,0.008108108108108109,0.5893584241223726,0.75,0.75,0.0,0.6666666666666666,0.5,0.3333333333333333,1.0,0.14285714285714285,0.0,0.5,0.3333333333333333,0.6666666666666666,0.0,1.0,0.0,2
1.0,0.08823529411764706,0.5,0.0,0.05827005612413338,1.0,0.5,1.0,0.6666666666666666,1.0,1.0,0.3333333333333333,0.14285714285714285,1.0,0.5,0.0,0.3333333333333333,0.0,0.0,0.0,2
0.0,0.29411764705882354,0.5,0.0,0.1129635743369649,0.0,1.0,1.0,0.6666666666666666,0.5,0.0,0.0,0.4642857142857143,1.0,0.5,0.0,0.6666666666666666,0.0,0.0,0.0,2
0.3333333333333333,0.16176470588235295,0.5,0.013513513513513514,0.06954990645977771,0.25,0.5,1.0,0.6666666666666666,1.0,0.3333333333333333,0.0,0.05357142857142857,1.0,0.5,0.0,0.6666666666666666,0.0,0.0,0.0,1
1.0,0.25,0.5,0.002702702702702703,0.12248266754704523,1.0,1.0,1.0,0.6666666666666666,0.0,1.0,0.0,0.48214285714285715,1.0,0.5,0.0,1.0,0.0,1.0,0.0,1
0.0,0.08823529411764706,1.0,0.0,0.04335864421701332,0.0,0.75,1.0,0.6666666666666666,0.5,0.6666666666666666,0.3333333333333333,0.5357142857142857,1.0,0.5,0.3333333333333333,0.6666666666666666,0.0,1.0,0.0,1
0.3333333333333333,0.47058823529411764,0.75,0.0,0.10867172884340266,0.0,1.0,1.0,0.6666666666666666,0.0,1.0,1.0,0.6785714285714286,0.0,1.0,0.3333333333333333,0.6666666666666666,0.0,1.0,0.0,2
0.0,0.47058823529411764,0.5,0.005405405405405406,0.2712116209970287,0.0,0.75,1.0,0.6666666666666666,0.0,0.3333333333333333,0.3333333333333333,0.17857142857142858,1.0,0.5,0.0,0.6666666666666666,0.0,0.0,0.0,2
0.6666666666666666,0.08823529411764706,1.0,0.0,0.0292175635523275,0.0,1.0,1.0,0.6666666666666666,0.0,1.0,1.0,0.7857142857142857,1.0,1.0,0.3333333333333333,0.6666666666666666,0.0,1.0,0.0,1
1.0,0.0,1.0,0.008108108108108109,0.06894464619786508,0.0,0.75,0.3333333333333333,0.6666666666666666,0.0,0.0,0.0,0.4107142857142857,1.0,0.5,0.3333333333333333,0.3333333333333333,1.0,0.0,0.0,1
1.0,0.11764705882352941,1.0,0.008108108108108109,0.03741608891823484,1.0,1.0,1.0,0.6666666666666666,0.0,1.0,0.0,0.8214285714285714,1.0,0.5,1.0,0.6666666666666666,0.0,0.0,0.0,1
0.3333333333333333,0.11764705882352941,0.5,0.0,0.023935292175635524,0.0,0.75,0.3333333333333333,1.0,0.0,0.6666666666666666,0.6666666666666666,0.10714285714285714,0.0,0.5,0.0,0.3333333333333333,0.0,0.0,0.0,2
1.0,0.29411764705882354,1.0,0.008108108108108109,0.13392758886321118,0.0,0.5,1.0,0.6666666666666666,0.0,0.3333333333333333,0.0,0.2857142857142857,1.0,0.5,0.3333333333333333,0.3333333333333333,0.0,0.0,0.0,1
0.0,0.20588235294117646,0.5,0.005405405405405406,0.09843732805106195,0.0,0.5,0.0,0.3333333333333333,0.0,1.0,0.0,0.017857142857142856,0.0,0.0,0.0,0.6666666666666666,0.0,0.0,0.0,2
0.3333333333333333,0.07352941176470588,0.5,0.008108108108108109,0.029712776493892375,0.5,0.5,1.0,0.3333333333333333,0.0,0.6666666666666666,0.0,0.8392857142857143,1.0,0.5,0.0,0.3333333333333333,0.0,0.0,0.0,1
0.0,0.38235294117647056,0.5,0.005405405405405406,0.33564432706063607,1.0,1.0,1.0,0.6666666666666666,0.0,1.0,0.3333333333333333,0.21428571428571427,1.0,0.5,0.0,0.6666666666666666,0.0,0.0,0.0,2
0.3333333333333333,0.11764705882352941,0.75,0.008108108108108109,0.018432926158248045,0.0,0.5,1.0,1.0,0.5,1.0,0.0,0.017857142857142856,1.0,0.0,0.3333333333333333,0.6666666666666666,0.0,0.0,0.0,1
0.0,0.029411764705882353,0.5,0.002702702702702703,0.06063607351160999,0.5,0.0,0.0,0.3333333333333333,0.0,0.3333333333333333,0.3333333333333333,0.07142857142857142,1.0,0.0,0.0,0.0,0.0,1.0,0.0,1
0.3333333333333333,0.16176470588235295,0.5,0.008108108108108109,0.06569825024760648,1.0,0.25,1.0,0.6666666666666666,0.0,0.0,0.3333333333333333,0.07142857142857142,1.0,0.5,0.0,0.6666666666666666,0.0,0.0,0.0,1
0.3333333333333333,0.20588235294117646,0.0,0.0,0.11158798283261803,0.25,0.25,0.6666666666666666,0.3333333333333333,0.0,0.6666666666666666,0.6666666666666666,0.16071428571428573,1.0,0.5,0.3333333333333333,0.6666666666666666,0.0,0.0,0.0,2
0.6666666666666666,0.47058823529411764,0.5,0.008108108108108109,0.23236491691427313,0.0,1.0,1.0,0.6666666666666666,0.0,0.3333333333333333,0.6666666666666666,0.21428571428571427,1.0,0.5,0.0,0.6666666666666666,0.0,0.0,0.0,1
0.3333333333333333,0.20588235294117646,0.5,0.024324324324324326,0.09304500935402223,0.75,0.5,1.0,0.6666666666666666,0.0,0.3333333333333333,0.3333333333333333,0.2857142857142857,1.0,0.5,0.0,0.3333333333333333,0.0,1.0,0.0,1
1.0,0.47058823529411764,1.0,0.0,0.18075272367117862,0.0,0.75,1.0,0.6666666666666666,0.0,1.0,0.6666666666666666,0.32142857142857145,1.0,0.5,0.3333333333333333,0.6666666666666666,0.0,1.0,0.0,1
1.0,0.11764705882352941,1.0,0.008108108108108109,0.05447342357213602,1.0,1.0,1.0,0.3333333333333333,0.0,0.3333333333333333,0.0,0.3392857142857143,1.0,0.5,0.3333333333333333,0.6666666666666666,0.0,1.0,0.0,1
0.0,0.29411764705882354,0.5,0.008108108108108109,0.12044679212061186,0.0,0.25,1.0,0.3333333333333333,0.0,1.0,0.0,0.2857142857142857,1.0,0.5,0.0,0.6666666666666666,0.0,1.0,0.0,2
0.0,0.29411764705882354,0.5,0.005405405405405406,0.08237041928029053,0.0,0.25,1.0,0.6666666666666666,0.5,0.0,0.3333333333333333,0.08928571428571429,1.0,0.5,0.0,0.3333333333333333,0.0,0.0,1.0,1
0.6666666666666666,0.08823529411764706,0.5,0.005405405405405406,0.056399251678221636,0.0,0.25,1.0,0.3333333333333333,0.0,0.3333333333333333,0.3333333333333333,0.07142857142857142,1.0,0.5,0.0,0.6666666666666666,0.0,0.0,0.0,1
1.0,0.11764705882352941,1.0,0.005405405405405406,0.055463849455265765,0.0,0.25,0.3333333333333333,0.3333333333333333,0.0,1.0,0.3333333333333333,0.05357142857142857,1.0,0.0,0.3333333333333333,0.3333333333333333,0.0,0.0,0.0,1
0.3333333333333333,0.29411764705882354,0.5,0.008108108108108109,0.09447562451854297,0.0,1.0,1.0,0.3333333333333333,0.0,1.0,0.6666666666666666,0.017857142857142856,1.0,0.5,0.0,0.6666666666666666,0.0,1.0,0.0,1
1.0,0.29411764705882354,0.75,0.005405405405405406,0.21464729833828547,0.25,0.5,0.3333333333333333,0.6666666666666666,0.0,0.6666666666666666,0.3333333333333333,0.2857142857142857,1.0,0.5,0.3333333333333333,0.6666666666666666,0.0,0.0,0.0,1
1.0,0.16176470588235295,0.5,0.005405405405405406,0.10845163420270716,0.5,0.5,0.3333333333333333,0.3333333333333333,0.0,1.0,0.6666666666666666,0.017857142857142856,1.0,0.0,0.0,0.6666666666666666,0.0,0.0,0.0,1
1.0,0.6470588235294118,0.5,0.024324324324324326,0.2527786948387807,0.0,0.0,0.6666666666666666,0.6666666666666666,0.0,0.3333333333333333,0.6666666666666666,0.25,0.0,0.0,0.0,1.0,0.0,1.0,0.0,2
0.0,0.6470588235294118,0.5,0.0,0.4133927588863211,0.0,1.0,1.0,0.6666666666666666,0.0,1.0,1.0,0.4107142857142857,0.0,1.0,0.0,1.0,0.0,0.0,0.0,2
1.0,0.11764705882352941,0.5,0.008108108108108109,0.055683944095961266,0.0,0.5,0.6666666666666666,0.6666666666666666,0.0,0.3333333333333333,0.6666666666666666,0.10714285714285714,1.0,0.5,0.0,0.6666666666666666,0.0,0.0,0.0,1
1.0,0.20588235294117646,0.5,0.005405405405405406,0.12462859029382635,0.0,0.5,0.6666666666666666,0.6666666666666666,0.0,1.0,0.0,0.42857142857142855,1.0,0.5,0.0,0.6666666666666666,0.0,1.0,0.0,1
0.6666666666666666,0.25,0.5,0.0,0.14707824364476724,0.25,0.5,0.0,0.3333333333333333,0.0,0.0,0.6666666666666666,0.16071428571428573,0.0,0.5,0.0,1.0,0.0,1.0,0.0,1
1.0,0.11764705882352941,1.0,0.0,0.05529877847474414,0.0,1.0,1.0,0.6666666666666666,0.0,1.0,0.0,0.75,1.0,0.5,0.3333333333333333,0.3333333333333333,0.0,0.0,0.0,1
0.0,0.47058823529411764,0.5,0.002702702702702703,0.2884890502916254,0.0,1.0,0.3333333333333333,0.6666666666666666,0.0,1.0,1.0,0.4107142857142857,1.0,1.0,0.0,0.6666666666666666,1.0,0.0,0.0,1
0.0,0.16176470588235295,0.5,0.005405405405405406,0.08776273797733025,0.0,0.25,1.0,0.3333333333333333,1.0,0.0,0.3333333333333333,0.48214285714285715,1.0,0.0,0.0,0.6666666666666666,0.0,0.0,0.0,1
0.3333333333333333,0.47058823529411764,0.5,0.005405405405405406,0.48332783096731596,0.25,0.25,1.0,0.6666666666666666,0.5,0.0,1.0,0.17857142857142858,1.0,0.0,0.0,1.0,0.0,1.0,0.0,2
1.0,0.29411764705882354,0.5,0.008108108108108109,0.061956641355782986,0.5,0.75,1.0,0.3333333333333333,0.0,0.0,0.6666666666666666,0.16071428571428573,1.0,0.5,0.0,0.6666666666666666,0.0,0.0,0.0,1
0.3333333333333333,0.47058823529411764,0.5,0.016216216216216217,0.11131286453174866,0.0,0.75,0.6666666666666666,0.6666666666666666,0.0,0.0,0.6666666666666666,0.23214285714285715,1.0,0.5,0.3333333333333333,0.6666666666666666,1.0,0.0,0.0,1
0.3333333333333333,0.11764705882352941,0.5,0.008108108108108109,0.0706503796632552,0.0,0.25,0.0,1.0,0.0,0.0,0.0,0.07142857142857142,1.0,0.0,0.0,0.6666666666666666,0.0,0.0,0.0,2
1.0,0.08823529411764706,0.5,0.002702702702702703,0.145867723120942,1.0,0.25,0.0,0.3333333333333333,0.0,1.0,0.0,0.21428571428571427,1.0,0.0,0.0,0.6666666666666666,0.0,0.0,0.0,1
0.0,0.25,0.5,0.0,0.19329811819082204,1.0,0.75,0.3333333333333333,0.6666666666666666,0.5,0.3333333333333333,0.0,0.08928571428571429,1.0,0.5,0.0,0.3333333333333333,0.0,0.0,1.0,1
1.0,0.2647058823529412,0.5,0.0,0.05683944095961263,1.0,0.75,1.0,0.3333333333333333,0.0,1.0,0.3333333333333333,0.10714285714285714,1.0,0.0,0.0,0.6666666666666666,0.0,0.0,0.0,1
0.0,0.11764705882352941,1.0,0.0,0.10300429184549356,0.0,0.5,0.6666666666666666,0.6666666666666666,0.0,0.3333333333333333,0.0,0.35714285714285715,1.0,0.0,0.3333333333333333,0.3333333333333333,1.0,0.0,1.0,1
0.0,0.11764705882352941,0.5,0.005405405405405406,0.07741828986464179,0.0,0.5,0.3333333333333333,0.6666666666666666,0.0,0.3333333333333333,0.0,0.14285714285714285,1.0,0.5,0.0,0.6666666666666666,0.0,0.0,0.0,1
0.3333333333333333,0.3382352941176471,0.75,0.002702702702702703,0.31446021789369427,0.0,1.0,0.0,0.6666666666666666,0.0,0.3333333333333333,0.6666666666666666,0.19642857142857142,1.0,0.5,0.3333333333333333,1.0,0.0,1.0,0.0,1
0.3333333333333333,0.11764705882352941,0.0,0.021621621621621623,0.06382744580169473,0.0,0.5,0.3333333333333333,0.6666666666666666,0.0,0.3333333333333333,0.0,0.21428571428571427,1.0,0.5,0.0,0.3333333333333333,0.0,1.0,0.0,1
0.0,0.20588235294117646,1.0,0.0,0.27797953119841534,0.0,1.0,0.3333333333333333,0.6666666666666666,0.0,1.0,1.0,0.30357142857142855,1.0,1.0,0.6666666666666666,1.0,0.0,1.0,0.0,1
0.0,0.11764705882352941,0.25,0.008108108108108109,0.020688896225376913,0.0,0.5,1.0,0.3333333333333333,0.0,1.0,0.0,0.08928571428571429,0.0,0.5,0.0,0.3333333333333333,0.0,0.0,0.0,2
1.0,0.29411764705882354,0.5,0.0,0.07015516672169032,0.75,0.75,1.0,0.3333333333333333,0.0,0.6666666666666666,0.6666666666666666,0.26785714285714285,1.0,0.5,0.0,0.6666666666666666,1.0,1.0,0.0,1
0.3333333333333333,0.07352941176470588,0.5,0.0,0.07147573456586333,1.0,0.25,1.0,0.6666666666666666,0.0,0.3333333333333333,0.0,0.2857142857142857,1.0,0.5,0.0,0.0,0.0,0.0,0.0,1
0.0,0.29411764705882354,1.0,0.002702702702702703,0.33944095961263343,0.0,1.0,0.3333333333333333,0.3333333333333333,0.0,1.0,1.0,0.44642857142857145,1.0,1.0,0.3333333333333333,1.0,1.0,1.0,0.0,1
0.3333333333333333,0.25,0.75,0.0,0.11571475734565863,0.0,0.5,0.0,0.0,0.0,1.0,0.3333333333333333,0.5,1.0,0.5,0.3333333333333333,0.6666666666666666,0.0,0.0,0.0,1
0.6666666666666666,0.029411764705882353,0.5,0.0,0.025255860019808517,0.75,0.25,0.3333333333333333,1.0,0.0,0.3333333333333333,0.0,0.14285714285714285,1.0,0.5,0.0,0.0,0.0,0.0,1.0,1
1.0,0.6470588235294118,0.75,0.008108108108108109,0.6877407285132607,0.5,0.75,1.0,0.6666666666666666,0.0,0.0,0.6666666666666666,0.32142857142857145,1.0,0.5,0.0,1.0,0.0,1.0,0.0,1
0.0,0.14705882352941177,0.5,0.0,0.20485308682733575,0.0,0.0,0.0,0.6666666666666666,0.0,1.0,1.0,0.05357142857142857,1.0,1.0,0.0,0.6666666666666666,0.0,0.0,0.0,1
0.3333333333333333,0.38235294117647056,0.5,0.008108108108108109,0.15081985253659072,1.0,1.0,0.3333333333333333,0.3333333333333333,0.0,1.0,0.6666666666666666,0.10714285714285714,1.0,0.5,0.0,0.6666666666666666,0.0,0.0,0.0,1
1.0,0.29411764705882354,1.0,0.002702702702702703,0.1990756025090789,0.0,1.0,1.0,0.3333333333333333,0.0,0.3333333333333333,0.6666666666666666,0.39285714285714285,1.0,0.0,0.3333333333333333,1.0,0.0,1.0,0.0,1
0.0,0.5147058823529411,1.0,0.005405405405405406,0.7664245625619016,1.0,0.75,1.0,0.6666666666666666,0.0,1.0,0.3333333333333333,0.19642857142857142,1.0,0.5,0.3333333333333333,1.0,0.0,1.0,0.0,1
1.0,0.29411764705882354,0.75,0.024324324324324326,0.11692527786948388,0.5,0.5,1.0,0.6666666666666666,0.0,0.3333333333333333,0.6666666666666666,0.44642857142857145,1.0,0.5,0.3333333333333333,0.6666666666666666,1.0,1.0,0.0,1
0.3333333333333333,0.47058823529411764,0.25,0.010810810810810811,0.20578848905029162,1.0,0.25,0.6666666666666666,0.3333333333333333,0.0,0.3333333333333333,1.0,0.17857142857142858,0.0,0.5,0.0,0.0,0.0,0.0,0.0,1
0.0,0.47058823529411764,0.5,0.002702702702702703,0.44486629250577747,1.0,1.0,0.6666666666666666,0.6666666666666666,0.0,1.0,1.0,0.5,1.0,1.0,0.0,0.6666666666666666,0.0,0.0,0.0,2
0.0,0.23529411764705882,1.0,0.0,0.10922196544514141,0.0,0.5,1.0,1.0,1.0,0.3333333333333333,0.3333333333333333,0.25,0.0,0.0,0.3333333333333333,0.6666666666666666,0.0,0.0,1.0,2
0.0,0.47058823529411764,0.5,1.0,0.8587542643336635,0.0,0.0,0.3333333333333333,0.0,0.5,0.6666666666666666,0.6666666666666666,0.42857142857142855,1.0,0.5,0.0,1.0,0.0,0.0,0.0,1
0.0,0.29411764705882354,0.5,0.002702702702702703,0.1463629360625069,0.0,0.75,0.3333333333333333,0.6666666666666666,0.0,0.0,1.0,0.26785714285714285,1.0,1.0,0.0,1.0,0.0,1.0,0.0,1
0.0,0.058823529411764705,1.0,0.0,0.026466380543633764,0.0,1.0,1.0,0.6666666666666666,0.0,1.0,0.0,0.5,1.0,0.5,0.3333333333333333,0.3333333333333333,0.0,0.0,0.0,1
0.0,0.11764705882352941,1.0,0.008108108108108109,0.007428194123473094,0.0,0.75,1.0,0.3333333333333333,0.0,0.6666666666666666,0.0,0.6964285714285714,1.0,0.5,1.0,0.3333333333333333,0.0,1.0,0.0,1
1.0,0.07352941176470588,1.0,0.016216216216216217,0.05469351821283152,1.0,1.0,1.0,0.3333333333333333,0.0,1.0,0.3333333333333333,0.39285714285714285,1.0,0.0,0.3333333333333333,0.3333333333333333,0.0,0.0,0.0,1
1.0,0.14705882352941177,0.75,0.0,0.03037306041597887,0.0,0.5,1.0,0.6666666666666666,0.0,0.3333333333333333,0.6666666666666666,0.14285714285714285,1.0,0.5,0.3333333333333333,0.3333333333333333,0.0,0.0,0.0,1
0.3333333333333333,0.3382352941176471,0.0,0.024324324324324326,0.4439308902828216,0.0,1.0,0.3333333333333333,0.3333333333333333,0.0,1.0,1.0,0.4107142857142857,1.0,1.0,0.3333333333333333,1.0,0.0,1.0,0.0,2
0.0,0.10294117647058823,1.0,0.0,0.20111147793551226,0.0,0.5,0.3333333333333333,0.6666666666666666,0.0,0.3333333333333333,0.0,0.30357142857142855,1.0,0.0,0.3333333333333333,0.6666666666666666,1.0,0.0,0.0,1
0.3333333333333333,0.29411764705882354,0.5,0.005405405405405406,0.22565203037306042,1.0,0.5,0.0,0.3333333333333333,0.0,1.0,0.3333333333333333,0.5178571428571429,1.0,0.5,0.0,0.3333333333333333,0.0,1.0,0.0,1
0.0,0.29411764705882354,1.0,0.002702702702702703,0.148949048090679,0.0,1.0,1.0,0.6666666666666666,0.0,1.0,0.3333333333333333,0.7857142857142857,1.0,0.5,0.3333333333333333,0.6666666666666666,0.0,1.0,0.0,1
1.0,0.029411764705882353,0.5,0.013513513513513514,0.022559700671288655,0.5,0.75,0.3333333333333333,1.0,0.0,1.0,0.0,0.07142857142857142,1.0,0.0,0.0,0.3333333333333333,0.0,0.0,0.0,1
1.0,0.11764705882352941,0.25,0.021621621621621623,0.17591064157587763,0.5,0.5,1.0,0.3333333333333333,0.0,0.6666666666666666,0.0,0.2857142857142857,1.0,0.5,0.0,0.3333333333333333,1.0,0.0,0.0,1
0.3333333333333333,0.3382352941176471,0.5,0.024324324324324326,0.1253438978760867,0.0,0.25,1.0,0.3333333333333333,0.0,0.0,0.3333333333333333,0.23214285714285715,1.0,0.5,0.0,0.6666666666666666,1.0,1.0,0.0,1
0.3333333333333333,0.029411764705882353,0.5,0.0,0.7871134587872786,1.0,0.0,0.0,0.6666666666666666,0.0,0.3333333333333333,0.3333333333333333,0.07142857142857142,1.0,0.5,0.0,0.0,0.0,1.0,0.0,2
1.0,0.29411764705882354,1.0,0.008108108108108109,0.06965995378012545,0.75,0.5,1.0,0.3333333333333333,0.0,0.0,0.0,0.42857142857142855,1.0,0.5,0.3333333333333333,0.3333333333333333,0.0,0.0,0.0,1
1.0,0.11764705882352941,1.0,0.024324324324324326,0.06393749312204247,0.0,0.5,1.0,0.3333333333333333,1.0,0.3333333333333333,0.0,0.17857142857142858,1.0,0.5,0.3333333333333333,1.0,0.0,1.0,0.0,1
0.3333333333333333,0.47058823529411764,0.5,0.008108108108108109,0.2500825354902608,0.0,0.25,1.0,0.3333333333333333,0.0,0.0,1.0,0.19642857142857142,1.0,0.5,0.0,1.0,0.0,1.0,0.0,1
0.0,0.11764705882352941,1.0,0.0,0.2527236711786068,0.0,1.0,0.6666666666666666,0.6666666666666666,0.5,1.0,0.3333333333333333,0.42857142857142855,1.0,0.0,0.3333333333333333,0.6666666666666666,0.0,1.0,0.0,2
0.0,0.11764705882352941,0.5,0.005405405405405406,0.07538241443820842,0.0,0.5,0.3333333333333333,0.3333333333333333,0.5,0.6666666666666666,0.3333333333333333,0.19642857142857142,1.0,0.5,0.0,0.6666666666666666,0.0,0.0,0.0,1
0.0,0.07352941176470588,0.5,0.0,0.022229558710245404,0.0,0.5,1.0,0.6666666666666666,0.0,0.6666666666666666,0.6666666666666666,0.16071428571428573,1.0,0.5,0.0,0.3333333333333333,0.0,0.0,0.0,2
0.6666666666666666,0.11764705882352941,0.5,0.008108108108108109,0.17326950588753165,1.0,1.0,0.3333333333333333,0.6666666666666666,0.0,0.6666666666666666,0.6666666666666666,0.32142857142857145,1.0,0.5,0.0,1.0,0.0,0.0,0.0,1
0.0,0.11764705882352941,0.5,0.008108108108108109,0.10806646858149004,0.0,0.5,1.0,0.6666666666666666,0.0,0.6666666666666666,0.3333333333333333,0.08928571428571429,1.0,0.5,0.0,0.3333333333333333,0.0,0.0,0.0,1
0.0,0.029411764705882353,0.5,0.016216216216216217,0.010894684714427203,0.0,0.25,1.0,0.3333333333333333,0.0,1.0,0.3333333333333333,0.07142857142857142,1.0,0.5,0.0,0.6666666666666666,0.0,0.0,0.0,2
1.0,0.20588235294117646,0.5,0.008108108108108109,0.010069329811819083,0.0,0.0,0.6666666666666666,0.3333333333333333,0.5,1.0,0.0,0.05357142857142857,1.0,0.0,0.0,0.6666666666666666,0.0,0.0,0.0,2
0.6666666666666666,0.08823529411764706,0.5,0.010810810810810811,0.0536480686695279,0.0,0.5,0.3333333333333333,0.6666666666666666,0.0,0.3333333333333333,0.6666666666666666,0.32142857142857145,1.0,0.5,0.0,0.6666666666666666,0.0,1.0,0.0,1
1.0,0.29411764705882354,0.5,0.0,0.1103224386486189,1.0,0.25,1.0,0.6666666666666666,0.0,0.0,0.3333333333333333,0.625,1.0,0.5,0.0,0.6666666666666666,0.0,0.0,0.0,1
0.0,0.20588235294117646,0.5,0.005405405405405406,0.04847584461318367,0.0,0.0,1.0,0.3333333333333333,0.0,0.3333333333333333,0.6666666666666666,0.25,1.0,0.5,0.0,0.6666666666666666,0.0,0.0,0.0,2
1.0,0.47058823529411764,0.5,0.0,0.03626059205458347,0.5,1.0,1.0,0.6666666666666666,0.0,1.0,0.3333333333333333,0.30357142857142855,1.0,0.5,0.0,0.6666666666666666,0.0,0.0,0.0,1
0.3333333333333333,0.029411764705882353,0.5,0.008108108108108109,0.027676901067459007,0.0,0.5,0.3333333333333333,0.3333333333333333,1.0,0.6666666666666666,0.0,0.8035714285714286,1.0,0.5,0.0,0.6666666666666666,0.0,0.0,0.0,1
0.3333333333333333,0.6470588235294118,0.5,0.0,0.45322988885220644,1.0,0.75,0.0,0.3333333333333333,0.0,0.3333333333333333,0.6666666666666666,0.08928571428571429,1.0,0.5,0.0,0.6666666666666666,0.0,0.0,0.0,1
0.0,0.29411764705882354,0.5,0.005405405405405406,0.1510949708374601,1.0,0.5,0.3333333333333333,1.0,0.0,1.0,0.6666666666666666,0.017857142857142856,1.0,0.5,0.0,0.6666666666666666,0.0,0.0,0.0,2
0.0,0.6470588235294118,0.5,0.010810810810810811,0.15412127214702323,0.0,0.5,0.6666666666666666,0.6666666666666666,0.0,1.0,0.6666666666666666,0.625,1.0,0.5,0.0,0.6666666666666666,0.0,0.0,0.0,2
0.6666666666666666,0.08823529411764706,0.5,0.0,0.05447342357213602,0.25,1.0,0.0,0.3333333333333333,0.0,1.0,1.0,0.5178571428571429,1.0,1.0,0.0,0.3333333333333333,1.0,0.0,0.0,2
1.0,0.4264705882352941,0.75,0.024324324324324326,0.13832948167712117,0.0,0.5,0.3333333333333333,0.3333333333333333,0.0,0.3333333333333333,0.6666666666666666,0.125,1.0,0.5,0.3333333333333333,0.6666666666666666,0.0,1.0,0.0,1
1.0,0.11764705882352941,0.75,0.013513513513513514,0.07180587652690656,0.75,1.0,1.0,0.6666666666666666,0.0,1.0,1.0,0.6428571428571429,1.0,1.0,0.3333333333333333,0.6666666666666666,1.0,0.0,0.0,2
0.3333333333333333,0.47058823529411764,1.0,0.002702702702702703,0.30538131396500495,0.0,0.5,0.6666666666666666,0.6666666666666666,0.0,1.0,0.6666666666666666,0.26785714285714285,1.0,0.5,0.3333333333333333,0.6666666666666666,0.0,1.0,0.0,1
1.0,0.20588235294117646,0.5,0.008108108108108109,0.06729393639264884,0.0,0.25,0.6666666666666666,1.0,0.0,1.0,0.0,0.35714285714285715,1.0,0.5,0.0,0.6666666666666666,0.0,1.0,0.0,1
1.0,0.38235294117647056,0.25,0.002702702702702703,0.3980961813579839,1.0,0.0,1.0,0.3333333333333333,0.0,0.0,0.0,0.6071428571428571,0.0,0.5,0.0,1.0,0.0,1.0,0.0,2
0.0,0.29411764705882354,0.0,0.005405405405405406,0.2123913282711566,0.0,1.0,0.6666666666666666,0.6666666666666666,0.0,1.0,1.0,0.07142857142857142,0.0,0.0,0.3333333333333333,0.6666666666666666,1.0,0.0,0.0,2
1.0,0.11764705882352941,0.5,0.005405405405405406,0.0817651590183779,0.0,0.75,0.6666666666666666,0.3333333333333333,0.0,1.0,0.0,0.21428571428571427,1.0,0.5,0.0,0.3333333333333333,0.0,0.0,0.0,1
0.0,0.20588235294117646,0.75,0.016216216216216217,0.45234951028942444,1.0,0.5,0.0,0.3333333333333333,0.0,0.3333333333333333,0.6666666666666666,0.07142857142857142,1.0,0.0,0.3333333333333333,0.6666666666666666,0.0,1.0,0.0,1
0.3333333333333333,0.20588235294117646,1.0,0.0,0.0348850005502366,0.0,1.0,1.0,0.6666666666666666,0.0,1.0,0.6666666666666666,0.30357142857142855,0.0,0.5,0.0,0.6666666666666666,1.0,1.0,0.0,2
0.6666666666666666,0.11764705882352941,0.25,0.008108108108108109,0.008748761967646087,0.75,0.5,0.6666666666666666,0.3333333333333333,0.0,0.6666666666666666,0.0,0.4107142857142857,1.0,0.0,0.3333333333333333,0.6666666666666666,0.0,0.0,0.0,1
0.0,0.029411764705882353,1.0,0.008108108108108109,0.004842082095300979,0.5,1.0,1.0,0.6666666666666666,0.0,1.0,0.6666666666666666,0.5892857142857143,1.0,0.5,0.3333333333333333,0.6666666666666666,0.0,0.0,0.0,1
0.0,0.29411764705882354,0.75,0.008108108108108109,0.042588312974579066,0.0,0.25,1.0,1.0,0.0,1.0,0.0,0.5178571428571429,0.5,0.5,0.0,0.6666666666666666,0.0,0.0,0.0,2
1.0,0.20588235294117646,1.0,0.008108108108108109,0.0732915153516012,0.75,1.0,1.0,0.6666666666666666,0.0,1.0,0.6666666666666666,0.48214285714285715,1.0,0.5,0.3333333333333333,0.6666666666666666,0.0,0.0,0.0,1
0.0,0.20588235294117646,0.5,0.016216216216216217,0.027511830086937382,0.0,0.0,1.0,0.3333333333333333,0.0,0.0,0.0,0.14285714285714285,1.0,0.5,0.0,0.0,0.0,0.0,0.0,2
0.0,0.47058823529411764,1.0,0.005405405405405406,0.3289864641795972,0.0,0.25,1.0,0.3333333333333333,0.5,1.0,1.0,0.07142857142857142,1.0,0.0,0.3333333333333333,0.3333333333333333,0.0,1.0,0.0,2
1.0,0.3382352941176471,0.75,0.002702702702702703,0.46016287003411466,0.75,0.5,0.3333333333333333,0.6666666666666666,0.0,0.3333333333333333,0.6666666666666666,0.14285714285714285,1.0,0.5,0.3333333333333333,0.6666666666666666,0.0,0.0,0.0,1
1.0,0.11764705882352941,0.5,0.0,0.02145922746781116,0.0,0.5,1.0,0.0,0.0,0.3333333333333333,0.0,0.5357142857142857,1.0,0.5,0.0,0.3333333333333333,0.0,0.0,0.0,1
0.3333333333333333,0.11764705882352941,0.5,0.005405405405405406,0.13821943435677342,1.0,1.0,0.0,0.3333333333333333,0.0,0.3333333333333333,0.3333333333333333,0.10714285714285714,0.0,0.5,0.0,0.6666666666666666,0.0,1.0,0.0,2
0.0,0.11764705882352941,0.5,0.005405405405405406,0.025200836359634642,0.0,0.5,0.3333333333333333,0.6666666666666666,1.0,0.6666666666666666,0.3333333333333333,0.3392857142857143,1.0,0.5,0.0,0.3333333333333333,1.0,0.0,0.0,1
1.0,0.47058823529411764,0.75,0.008108108108108109,0.2313194673709695,0.0,0.5,1.0,0.3333333333333333,0.0,1.0,0.0,0.26785714285714285,1.0,0.5,0.3333333333333333,0.6666666666666666,0.0,0.0,0.0,1
1.0,0.8235294117647058,0.5,0.0,0.3453835149114119,1.0,0.5,1.0,0.6666666666666666,0.0,1.0,1.0,0.26785714285714285,1.0,1.0,0.0,0.6666666666666666,1.0,1.0,0.0,1
0.3333333333333333,0.20588235294117646,0.0,0.005405405405405406,0.16474083856058105,0.0,0.5,0.0,0.3333333333333333,0.0,1.0,0.6666666666666666,0.25,0.0,0.5,0.3333333333333333,0.6666666666666666,0.0,1.0,0.0,1
1.0,0.29411764705882354,1.0,0.002702702702702703,0.36271596786618243,1.0,0.5,0.3333333333333333,0.6666666666666666,0.0,1.0,0.3333333333333333,0.48214285714285715,1.0,0.5,0.3333333333333333,1.0,1.0,1.0,0.0,1
1.0,0.38235294117647056,0.5,0.008108108108108109,0.08897325850115549,1.0,1.0,1.0,0.6666666666666666,0.0,1.0,0.6666666666666666,0.6964285714285714,1.0,0.5,0.0,0.6666666666666666,0.0,1.0,0.0,1
0.6666666666666666,0.11764705882352941,0.25,0.024324324324324326,0.019753494002421042,0.0,0.25,1.0,0.3333333333333333,0.0,0.0,0.0,0.125,1.0,0.5,0.0,0.0,0.0,0.0,0.0,2
0.0,0.29411764705882354,0.5,0.0,0.06558820292725873,0.0,0.75,1.0,0.3333333333333333,0.0,1.0,0.6666666666666666,0.07142857142857142,1.0,0.0,0.3333333333333333,0.6666666666666666,0.0,0.0,0.0,2
1.0,0.16176470588235295,1.0,0.016216216216216217,0.07054033234290745,0.25,0.5,1.0,0.3333333333333333,0.0,0.6666666666666666,0.6666666666666666,0.21428571428571427,1.0,0.5,0.0,0.6666666666666666,0.0,0.0,0.0,1
0.3333333333333333,0.11764705882352941,0.5,0.008108108108108109,0.06789919665456146,1.0,0.5,0.3333333333333333,1.0,0.0,0.0,0.0,0.10714285714285714,1.0,0.5,0.0,0.6666666666666666,0.0,1.0,0.0,2
1.0,0.47058823529411764,0.75,0.024324324324324326,0.4253328931440519,1.0,0.25,1.0,0.6666666666666666,0.0,1.0,0.6666666666666666,0.14285714285714285,1.0,0.0,0.3333333333333333,0.6666666666666666,0.0,1.0,0.0,2
0.3333333333333333,0.47058823529411764,0.5,0.0,0.7740728513260702,0.0,1.0,1.0,0.6666666666666666,0.0,0.3333333333333333,1.0,0.6785714285714286,1.0,1.0,0.0,1.0,0.0,1.0,0.0,2
0.0,0.29411764705882354,0.5,0.005405405405405406,0.20743919885550788,0.0,0.5,0.3333333333333333,0.6666666666666666,0.0,0.3333333333333333,0.6666666666666666,0.14285714285714285,0.5,0.5,0.0,0.6666666666666666,0.0,0.0,0.0,1
1.0,0.11764705882352941,1.0,0.005405405405405406,0.16952789699570817,0.0,1.0,0.3333333333333333,0.6666666666666666,0.0,1.0,0.3333333333333333,0.4107142857142857,0.5,0.5,0.0,0.6666666666666666,0.0,0.0,0.0,1
1.0,0.04411764705882353,1.0,0.008108108108108109,0.02641135688345989,1.0,1.0,1.0,0.6666666666666666,0.0,0.3333333333333333,0.3333333333333333,0.48214285714285715,1.0,0.0,0.3333333333333333,0.3333333333333333,0.0,1.0,0.0,1
1.0,0.029411764705882353,1.0,0.008108108108108109,0.09067899196654561,1.0,0.5,0.0,0.6666666666666666,0.0,0.3333333333333333,0.0,0.26785714285714285,1.0,0.5,0.3333333333333333,0.3333333333333333,1.0,0.0,0.0,1
0.3333333333333333,0.3382352941176471,1.0,0.008108108108108109,0.12490370859469573,0.5,0.5,1.0,0.6666666666666666,0.0,0.3333333333333333,0.3333333333333333,0.07142857142857142,1.0,0.5,0.3333333333333333,0.3333333333333333,0.0,0.0,0.0,2
1.0,0.5588235294117647,1.0,0.005405405405405406,0.2086497193793331,0.5,0.5,1.0,0.6666666666666666,0.0,1.0,0.0,0.30357142857142855,1.0,0.5,0.3333333333333333,0.6666666666666666,0.0,1.0,0.0,1
0.3333333333333333,0.20588235294117646,1.0,0.024324324324324326,0.18377902498074172,0.0,0.0,0.6666666666666666,1.0,0.0,0.6666666666666666,0.6666666666666666,0.375,1.0,0.5,0.6666666666666666,0.0,1.0,1.0,0.0,1
0.3333333333333333,0.47058823529411764,0.5,0.002702702702702703,0.5033564432706064,0.0,0.25,0.0,1.0,0.0,1.0,0.6666666666666666,0.16071428571428573,1.0,0.0,0.0,1.0,0.0,1.0,0.0,2
1.0,0.0,1.0,0.008108108108108109,0.07120061626499395,0.0,0.75,0.3333333333333333,0.6666666666666666,0.0,0.0,0.0,0.4107142857142857,1.0,0.5,0.6666666666666666,0.3333333333333333,1.0,0.0,0.0,1
0.3333333333333333,0.07352941176470588,0.5,0.0,0.1620446792120612,1.0,0.5,0.0,0.3333333333333333,0.0,0.3333333333333333,0.0,0.25,1.0,0.5,0.0,0.3333333333333333,0.0,0.0,0.0,1
1.0,0.07352941176470588,0.5,0.010810810810810811,0.05425332893144052,0.0,0.25,0.0,0.3333333333333333,0.0,1.0,0.0,0.07142857142857142,1.0,0.0,0.0,0.6666666666666666,0.0,1.0,0.0,1
0.0,0.07352941176470588,1.0,0.0,0.14025530978320677,0.0,0.5,0.3333333333333333,0.6666666666666666,0.0,0.3333333333333333,0.0,0.30357142857142855,1.0,0.0,0.3333333333333333,0.6666666666666666,1.0,0.0,0.0,1
0.0,0.14705882352941177,0.5,0.0,0.48024650599757895,0.0,1.0,0.0,0.0,0.0,1.0,0.3333333333333333,0.4642857142857143,1.0,0.5,0.0,1.0,0.0,1.0,1.0,2
1.0,0.029411764705882353,1.0,0.0,0.3582590513920986,0.0,0.75,0.0,0.6666666666666666,0.0,0.6666666666666666,1.0,0.4642857142857143,1.0,0.5,0.3333333333333333,1.0,1.0,1.0,0.0,1
0.3333333333333333,0.47058823529411764,0.5,0.016216216216216217,0.6802024870694399,0.25,0.5,0.0,0.6666666666666666,0.0,1.0,1.0,0.5,1.0,1.0,0.0,0.6666666666666666,1.0,1.0,0.0,2
0.6666666666666666,0.11764705882352941,0.5,0.008108108108108109,0.1521954440409376,0.0,0.5,0.6666666666666666,1.0,0.0,0.0,0.6666666666666666,0.08928571428571429,1.0,0.5,0.0,0.6666666666666666,0.0,0.0,0.0,1
0.6666666666666666,0.029411764705882353,0.75,0.008108108108108109,0.023825244855287774,0.0,0.25,0.3333333333333333,0.3333333333333333,0.0,0.0,0.3333333333333333,0.17857142857142858,0.0,0.5,0.0,0.6666666666666666,0.0,0.0,0.0,1
1.0,0.11764705882352941,1.0,0.008108108108108109,0.07730824254429404,0.0,1.0,0.3333333333333333,0.6666666666666666,0.0,1.0,0.0,0.7857142857142857,1.0,0.5,0.3333333333333333,0.3333333333333333,0.0,1.0,0.0,1
1.0,0.11764705882352941,1.0,0.008108108108108109,0.11450423682183339,1.0,1.0,0.0,0.6666666666666666,0.5,1.0,0.0,0.5357142857142857,1.0,0.5,0.0,0.6666666666666666,0.0,1.0,0.0,1
0.3333333333333333,0.08823529411764706,0.5,0.005405405405405406,0.06993507208099482,0.0,0.5,1.0,0.0,0.0,0.3333333333333333,0.6666666666666666,0.21428571428571427,1.0,0.5,0.0,0.3333333333333333,0.0,0.0,0.0,1
1.0,0.11764705882352941,0.5,0.008108108108108109,0.06839440959612633,0.0,0.25,1.0,0.3333333333333333,0.0,0.6666666666666666,0.6666666666666666,0.26785714285714285,1.0,0.5,0.0,0.6666666666666666,1.0,0.0,0.0,1
1.0,0.20588235294117646,0.5,0.0,0.3582590513920986,1.0,0.5,0.3333333333333333,0.6666666666666666,0.0,1.0,0.6666666666666666,0.875,1.0,0.0,0.3333333333333333,0.6666666666666666,0.0,0.0,0.0,2
1.0,0.20588235294117646,1.0,0.005405405405405406,0.08622207549246176,0.0,0.5,1.0,0.3333333333333333,0.0,0.3333333333333333,1.0,0.16071428571428573,1.0,0.5,0.3333333333333333,0.6666666666666666,0.0,0.0,0.0,1
0.0,0.07352941176470588,0.5,0.008108108108108109,0.06129635743369649,0.0,0.75,0.6666666666666666,0.6666666666666666,0.0,1.0,0.0,0.7142857142857143,1.0,0.5,0.0,0.6666666666666666,0.0,0.0,0.0,1
1.0,0.11764705882352941,0.75,0.002702702702702703,0.06894464619786508,0.0,0.5,1.0,1.0,0.0,1.0,0.0,0.39285714285714285,1.0,0.0,0.0,0.6666666666666666,0.0,0.0,0.0,1
1.0,0.29411764705882354,0.5,0.0,0.06289204357873886,0.0,0.5,0.3333333333333333,0.6666666666666666,1.0,0.3333333333333333,0.0,0.21428571428571427,1.0,0.5,0.0,0.6666666666666666,0.0,1.0,0.0,1
0.0,0.029411764705882353,1.0,0.008108108108108109,0.05056674369979091,1.0,1.0,1.0,0.6666666666666666,0.0,1.0,0.0,0.8571428571428571,1.0,0.5,0.3333333333333333,0.6666666666666666,0.0,1.0,0.0,1
0.3333333333333333,0.20588235294117646,0.5,0.008108108108108109,0.03389457466710685,0.0,0.5,1.0,1.0,1.0,0.3333333333333333,0.0,0.10714285714285714,1.0,0.5,0.0,0.3333333333333333,0.0,0.0,0.0,1
1.0,0.29411764705882354,0.75,0.024324324324324326,0.46208869814020026,0.0,0.25,0.3333333333333333,0.6666666666666666,0.0,0.3333333333333333,0.6666666666666666,0.14285714285714285,0.0,0.5,0.3333333333333333,0.6666666666666666,0.0,1.0,0.0,2
0.0,0.11764705882352941,0.5,0.0,0.050511720039617035,0.0,0.5,1.0,1.0,0.0,0.6666666666666666,0.0,0.14285714285714285,1.0,0.5,0.0,0.3333333333333333,0.0,0.0,0.0,1
1.0,0.029411764705882353,0.5,0.005405405405405406,0.15010454495433037,0.5,0.5,0.0,0.6666666666666666,0.0,0.3333333333333333,0.6666666666666666,0.23214285714285715,1.0,0.5,0.0,0.6666666666666666,0.0,1.0,0.0,1
0.0,0.11764705882352941,0.25,0.0,0.02459557609772202,0.0,0.25,1.0,0.6666666666666666,0.0,0.3333333333333333,0.6666666666666666,0.48214285714285715,0.0,0.5,0.3333333333333333,0.6666666666666666,0.0,1.0,0.0,2
1.0,0.07352941176470588,0.5,0.008108108108108109,0.13772422141520854,0.25,1.0,0.6666666666666666,0.6666666666666666,0.5,1.0,0.6666666666666666,0.2857142857142857,1.0,0.5,0.0,0.6666666666666666,0.0,1.0,0.0,1
0.0,0.29411764705882354,0.5,0.005405405405405406,0.15951359084406294,0.0,0.25,1.0,0.6666666666666666,0.0,0.0,1.0,0.05357142857142857,0.0,1.0,0.0,0.6666666666666666,0.0,0.0,0.0,1
0.3333333333333333,0.29411764705882354,1.0,0.005405405405405406,0.2468361395400022,0.0,0.25,0.3333333333333333,0.3333333333333333,0.0,1.0,0.6666666666666666,0.10714285714285714,0.0,0.5,0.0,0.3333333333333333,0.0,0.0,0.0,2
0.6666666666666666,0.38235294117647056,0.75,0.024324324324324326,0.09122922856828436,0.0,1.0,1.0,0.6666666666666666,0.0,1.0,0.0,0.8392857142857143,1.0,0.5,0.0,1.0,0.0,1.0,0.0,2
1.0,0.029411764705882353,0.5,0.002702702702702703,0.05425332893144052,0.5,0.5,0.3333333333333333,0.6666666666666666,0.0,1.0,0.3333333333333333,0.5535714285714286,1.0,0.0,0.0,0.6666666666666666,0.0,0.0,0.0,1
1.0,0.11764705882352941,1.0,0.008108108108108109,0.0926598437328051,0.0,1.0,0.3333333333333333,0.6666666666666666,0.0,0.3333333333333333,1.0,0.125,1.0,0.5,0.3333333333333333,0.6666666666666666,0.0,0.0,0.0,1
0.0,0.29411764705882354,0.5,0.0,0.06168152305491361,1.0,0.5,1.0,0.3333333333333333,0.0,1.0,0.0,0.10714285714285714,1.0,0.0,0.0,0.6666666666666666,0.0,0.0,0.0,2
0.0,0.11764705882352941,0.5,0.0,0.061736546715087486,0.0,0.75,0.3333333333333333,0.0,0.0,0.6666666666666666,0.6666666666666666,0.30357142857142855,1.0,0.5,0.0,0.6666666666666666,0.0,0.0,0.0,2
1.0,0.11764705882352941,1.0,0.0,0.0237702211951139,0.25,0.75,1.0,0.3333333333333333,0.0,0.6666666666666666,0.6666666666666666,0.5714285714285714,1.0,0.5,0.3333333333333333,0.6666666666666666,0.0,1.0,0.0,1
1.0,0.10294117647058823,1.0,0.0,0.06289204357873886,0.0,0.25,1.0,0.3333333333333333,0.0,1.0,0.6666666666666666,0.2857142857142857,1.0,0.5,0.3333333333333333,1.0,0.0,0.0,0.0,1
0.3333333333333333,0.10294117647058823,0.5,0.005405405405405406,0.07301639705073182,0.75,0.25,1.0,0.3333333333333333,0.0,0.0,0.0,0.017857142857142856,1.0,0.5,0.0,0.6666666666666666,0.0,0.0,0.0,1
1.0,0.029411764705882353,0.5,0.021621621621621623,0.05436337625178827,1.0,0.0,1.0,0.6666666666666666,0.0,1.0,0.3333333333333333,0.30357142857142855,1.0,0.5,0.0,1.0,1.0,1.0,0.0,1
1.0,0.11764705882352941,0.5,0.008108108108108109,0.10404974138879718,0.25,0.75,0.6666666666666666,0.6666666666666666,0.0,0.0,1.0,0.2857142857142857,1.0,0.5,0.0,0.6666666666666666,0.0,0.0,0.0,1
0.0,0.25,0.5,0.008108108108108109,0.1709585121602289,0.75,0.25,1.0,0.3333333333333333,0.0,0.3333333333333333,0.6666666666666666,0.17857142857142858,0.0,0.5,0.0,0.6666666666666666,0.0,0.0,0.0,1
1.0,0.08823529411764706,1.0,0.005405405405405406,0.1000880378562782,1.0,0.5,0.3333333333333333,1.0,0.0,0.0,0.6666666666666666,0.125,1.0,0.5,0.3333333333333333,0.6666666666666666,0.0,0.0,1.0,1
0.0,0.29411764705882354,0.5,1.0,0.08281060856168153,0.0,1.0,1.0,0.3333333333333333,1.0,1.0,0.0,0.6964285714285714,1.0,0.5,0.0,0.3333333333333333,0.0,1.0,0.0,1
0.0,0.029411764705882353,1.0,0.008108108108108109,0.09392538791680423,0.0,0.75,0.0,0.3333333333333333,0.0,1.0,0.6666666666666666,0.21428571428571427,1.0,0.5,0.0,0.6666666666666666,0.0,0.0,0.0,1
1.0,0.08823529411764706,1.0,0.005405405405405406,0.10432485968966655,0.0,0.25,0.0,0.3333333333333333,0.0,0.6666666666666666,0.0,0.07142857142857142,1.0,0.0,0.3333333333333333,0.6666666666666666,0.0,0.0,0.0,1
0.3333333333333333,0.47058823529411764,0.0,0.024324324324324326,0.09370529327610873,0.0,1.0,1.0,0.6666666666666666,0.0,1.0,1.0,0.75,1.0,1.0,0.0,1.0,0.0,1.0,0.0,2
0.3333333333333333,0.11764705882352941,0.5,0.008108108108108109,0.059480576647958625,0.0,0.25,0.3333333333333333,0.6666666666666666,0.0,0.0,0.6666666666666666,0.05357142857142857,0.5,0.5,0.0,0.6666666666666666,0.0,0.0,0.0,2
0.0,0.20588235294117646,0.5,0.0,0.03994717728623308,0.0,0.25,0.0,0.3333333333333333,0.0,0.3333333333333333,0.6666666666666666,0.07142857142857142,1.0,0.5,0.0,0.3333333333333333,0.0,0.0,0.0,2
0.3333333333333333,0.47058823529411764,1.0,0.008108108108108109,0.11483437878287664,0.0,1.0,1.0,0.6666666666666666,0.0,1.0,0.0,0.30357142857142855,1.0,0.5,0.0,0.6666666666666666,0.0,0.0,0.0,1
1.0,0.07352941176470588,0.5,0.016216216216216217,0.1970947507428194,1.0,1.0,0.0,0.6666666666666666,0.0,1.0,0.0,0.8035714285714286,1.0,0.5,0.0,0.3333333333333333,0.0,0.0,0.0,1
1.0,0.5147058823529411,0.5,0.002702702702702703,0.1275998679432156,0.5,0.5,1.0,0.6666666666666666,0.0,1.0,0.6666666666666666,0.08928571428571429,1.0,0.5,0.0,0.6666666666666666,0.0,0.0,0.0,1
0.3333333333333333,0.029411764705882353,0.5,0.008108108108108109,0.09975789589523495,0.0,0.25,1.0,1.0,0.0,0.6666666666666666,0.6666666666666666,0.19642857142857142,1.0,0.0,0.0,1.0,0.0,1.0,0.0,1
1.0,0.16176470588235295,0.5,0.010810810810810811,0.055683944095961266,0.5,0.75,1.0,0.6666666666666666,0.0,0.6666666666666666,0.3333333333333333,0.30357142857142855,1.0,0.5,0.3333333333333333,0.6666666666666666,0.0,1.0,0.0,1
1.0,0.20588235294117646,0.75,0.008108108108108109,0.11389897655992076,0.0,0.0,0.3333333333333333,1.0,0.0,0.6666666666666666,0.0,0.26785714285714285,1.0,0.5,0.3333333333333333,0.6666666666666666,0.0,0.0,0.0,1
0.6666666666666666,0.29411764705882354,0.5,0.0,0.03835149114119071,0.0,0.75,1.0,0.6666666666666666,0.0,0.6666666666666666,1.0,0.3392857142857143,0.0,1.0,0.0,0.6666666666666666,1.0,0.0,0.0,2
0.3333333333333333,0.20588235294117646,0.5,0.008108108108108109,0.16303510509519092,0.5,0.25,0.0,1.0,0.0,0.6666666666666666,0.0,0.10714285714285714,1.0,0.0,0.0,0.6666666666666666,0.0,0.0,0.0,1
0.3333333333333333,0.11764705882352941,0.5,0.008108108108108109,0.07246616044899307,0.0,0.5,0.0,0.3333333333333333,0.0,0.0,0.6666666666666666,0.05357142857142857,1.0,0.5,0.0,0.6666666666666666,0.0,1.0,0.0,1
0.0,0.47058823529411764,0.5,0.008108108108108109,0.11290855067679102,0.0,0.5,1.0,0.0,0.0,1.0,0.6666666666666666,0.21428571428571427,1.0,0.0,0.0,0.6666666666666666,0.0,0.0,0.0,2
1.0,0.11764705882352941,1.0,0.016216216216216217,0.09695168922636734,1.0,0.75,1.0,0.3333333333333333,0.0,0.3333333333333333,0.6666666666666666,0.75,1.0,0.5,0.0,0.6666666666666666,0.0,0.0,0.0,1
0.6666666666666666,0.11764705882352941,0.5,0.008108108108108109,0.05760977220204688,0.0,0.5,0.6666666666666666,1.0,0.0,1.0,0.0,0.07142857142857142,1.0,0.0,0.0,0.6666666666666666,0.0,0.0,0.0,1
0.6666666666666666,0.16176470588235295,0.5,0.008108108108108109,0.11428414218113789,0.0,0.25,0.3333333333333333,0.3333333333333333,0.0,0.6666666666666666,0.0,0.10714285714285714,1.0,0.5,0.0,0.3333333333333333,0.0,0.0,0.0,2
0.0,0.20588235294117646,0.5,0.008108108108108109,0.08979861340376362,0.0,0.5,1.0,0.3333333333333333,0.0,1.0,0.6666666666666666,0.10714285714285714,0.0,0.0,0.3333333333333333,0.6666666666666666,0.0,0.0,0.0,2
0.6666666666666666,0.38235294117647056,1.0,0.008108108108108109,0.18741058655221746,1.0,1.0,1.0,0.6666666666666666,0.0,1.0,0.3333333333333333,0.5357142857142857,0.5,0.5,0.3333333333333333,0.3333333333333333,0.0,0.0,0.0,1
