1.0,0.6470588235294118,1.0,0.002702702702702703,0.6239683063717398,0.25,0.5,0.3333333333333333,0.3333333333333333,0.0,1.0,0.6666666666666666,0.08928571428571429,0.0,0.0,0.3333333333333333,0.3333333333333333,0.0,0.0,0.0,2
1.0,0.29411764705882354,0.25,0.024324324324324326,0.07202597116760207,0.0,0.75,1.0,0.6666666666666666,0.0,1.0,0.6666666666666666,0.5535714285714286,0.0,0.5,0.0,0.6666666666666666,0.0,1.0,0.0,1
1.0,0.20588235294117646,0.75,0.005405405405405406,0.08572686255089688,0.0,0.75,1.0,0.3333333333333333,0.0,0.0,0.0,0.05357142857142857,1.0,0.5,0.0,0.6666666666666666,0.0,0.0,0.0,2
1.0,0.5147058823529411,0.5,0.002702702702702703,0.1275998679432156,0.5,0.5,1.0,0.6666666666666666,0.0,1.0,0.6666666666666666,0.08928571428571429,1.0,0.5,0.0,0.6666666666666666,0.0,0.0,0.0,1
0.0,0.6470588235294118,1.0,0.002702702702702703,0.324254429404644,0.0,1.0,1.0,0.3333333333333333,0.0,1.0,1.0,0.6964285714285714,0.5,1.0,0.3333333333333333,0.3333333333333333,0.0,0.0,0.0,2
1.0,0.029411764705882353,0.0,0.0,0.05249257180587653,0.25,0.5,1.0,0.6666666666666666,0.0,0.0,1.0,0.2857142857142857,0.0,0.0,0.0,0.6666666666666666,0.0,0.0,1.0,1
0.3333333333333333,0.29411764705882354,0.75,0.0,0.09436557719819523,1.0,0.5,1.0,0.3333333333333333,0.0,1.0,0.6666666666666666,0.4107142857142857,1.0,0.0,0.3333333333333333,0.6666666666666666,0.0,1.0,0.0,1
0.0,0.14705882352941177,0.5,0.0,0.48024650599757895,0.0,1.0,0.0,0.0,0.0,1.0,0.3333333333333333,0.4642857142857143,1.0,0.5,0.0,1.0,0.0,1.0,1.0,2
1.0,0.16176470588235295,1.0,0.008108108108108109,0.06718388907230109,0.0,0.5,1.0,0.6666666666666666,0.0,1.0,1.0,0.2857142857142857,1.0,1.0,0.3333333333333333,0.6666666666666666,0.0,1.0,0.0,1
0.3333333333333333,0.29411764705882354,1.0,0.005405405405405406,0.2468361395400022,0.0,0.25,0.3333333333333333,0.3333333333333333,0.0,1.0,0.6666666666666666,0.10714285714285714,0.0,0.5,0.0,0.3333333333333333,0.0,0.0,0.0,2
0.0,0.16176470588235295,0.5,0.0,0.08093980411576979,0.0,0.25,0.3333333333333333,0.6666666666666666,0.0,0.6666666666666666,0.0,0.30357142857142855,1.0,0.5,0.0,0.6666666666666666,0.0,0.0,0.0,1
0.3333333333333333,0.29411764705882354,0.5,0.008108108108108109,0.14559260482007264,0.25,0.25,0.3333333333333333,0.6666666666666666,0.0,0.0,0.6666666666666666,0.17857142857142858,1.0,0.5,0.0,0.6666666666666666,0.0,0.0,0.0,1
0.6666666666666666,0.47058823529411764,0.5,0.008108108108108109,0.30802244965335096,0.0,0.5,1.0,0.6666666666666666,0.0,0.0,0.6666666666666666,0.08928571428571429,1.0,0.5,0.0,0.6666666666666666,0.0,0.0,0.0,1
1.0,0.07352941176470588,0.5,0.0,0.18306371739848135,0.25,0.5,0.0,0.6666666666666666,1.0,0.3333333333333333,0.0,0.125,1.0,0.0,0.0,0.6666666666666666,1.0,0.0,1.0,1
0.6666666666666666,0.029411764705882353,1.0,0.016216216216216217,0.04385385715857819,0.0,0.5,0.3333333333333333,0.3333333333333333,0.0,1.0,0.3333333333333333,0.5535714285714286,1.0,0.5,0.0,0.3333333333333333,0.0,0.0,0.0,1
1.0,0.29411764705882354,0.75,0.005405405405405406,0.21464729833828547,0.25,0.5,0.3333333333333333,0.6666666666666666,0.0,0.6666666666666666,0.3333333333333333,0.2857142857142857,1.0,0.5,0.3333333333333333,0.6666666666666666,0.0,0.0,0.0,1
1.0,0.29411764705882354,0.5,0.008108108108108109,0.15709254979641246,1.0,0.25,1.0,0.6666666666666666,0.0,0.3333333333333333,0.6666666666666666,0.10714285714285714,1.0,0.5,0.3333333333333333,0.6666666666666666,0.0,0.0,0.0,1
0.3333333333333333,0.16176470588235295,0.0,0.0,0.08407615274568064,0.0,0.25,0.3333333333333333,0.3333333333333333,0.0,0.0,0.0,0.125,1.0,0.0,0.3333333333333333,0.0,0.0,0.0,0.0,2
0.0,0.11764705882352941,1.0,0.0,0.02426543413667877,0.0,1.0,1.0,0.6666666666666666,0.0,0.6666666666666666,0.3333333333333333,0.2857142857142857,1.0,0.5,0.3333333333333333,0.6666666666666666,0.0,0.0,0.0,2
0.6666666666666666,0.11764705882352941,0.25,0.024324324324324326,0.019753494002421042,0.0,0.25,1.0,0.3333333333333333,0.0,0.0,0.0,0.125,1.0,0.5,0.0,0.0,0.0,0.0,0.0,2
0.3333333333333333,0.38235294117647056,0.0,0.024324324324324326,0.2184989545504567,0.0,0.5,0.3333333333333333,0.3333333333333333,0.0,0.0,0.6666666666666666,0.16071428571428573,1.0,0.5,0.3333333333333333,0.6666666666666666,0.0,0.0,0.0,1
0.0,0.47058823529411764,1.0,0.005405405405405406,0.3289864641795972,0.0,0.25,1.0,0.3333333333333333,0.5,1.0,1.0,0.07142857142857142,1.0,0.0,0.3333333333333333,0.3333333333333333,0.0,1.0,0.0,2
0.0,0.20588235294117646,0.5,0.008108108108108109,0.09276989105315285,1.0,0.75,0.3333333333333333,1.0,0.0,1.0,0.6666666666666666,0.07142857142857142,1.0,0.0,0.3333333333333333,0.3333333333333333,0.0,0.0,0.0,1
0.0,0.11764705882352941,1.0,0.0,0.10300429184549356,0.0,0.5,0.6666666666666666,0.6666666666666666,0.0,0.3333333333333333,0.0,0.35714285714285715,1.0,0.0,0.3333333333333333,0.3333333333333333,1.0,0.0,1.0,1
0.3333333333333333,0.04411764705882353,0.5,0.008108108108108109,0.11912622427643887,0.0,0.5,0.6666666666666666,0.6666666666666666,1.0,0.3333333333333333,0.0,0.26785714285714285,1.0,0.5,0.0,0.6666666666666666,0.0,0.0,0.0,1
0.3333333333333333,0.10294117647058823,0.5,0.005405405405405406,0.07301639705073182,0.75,0.25,1.0,0.3333333333333333,0.0,0.0,0.0,0.017857142857142856,1.0,0.5,0.0,0.6666666666666666,0.0,0.0,0.0,1
0.0,0.20588235294117646,0.5,0.005405405405405406,0.1870804445911742,0.0,0.25,0.0,0.3333333333333333,0.0,1.0,0.6666666666666666,0.05357142857142857,1.0,0.0,0.0,0.6666666666666666,0.0,0.0,0.0,1
0.3333333333333333,0.29411764705882354,0.75,0.005405405405405406,0.09981291955540883,0.0,0.0,0.6666666666666666,0.3333333333333333,0.0,0.3333333333333333,0.3333333333333333,0.26785714285714285,1.0,0.5,0.0,1.0,0.0,1.0,0.0,2
0.0,0.47058823529411764,0.5,0.002702702702702703,0.2884890502916254,0.0,1.0,0.3333333333333333,0.6666666666666666,0.0,1.0,1.0,0.4107142857142857,1.0,1.0,0.0,0.6666666666666666,1.0,0.0,0.0,1
0.3333333333333333,0.29411764705882354,0.5,0.0,0.05480356553317927,0.0,0.25,1.0,0.6666666666666666,0.0,0.3333333333333333,0.0,0.07142857142857142,0.5,0.5,0.0,0.3333333333333333,0.0,0.0,0.0,2
0.3333333333333333,0.47058823529411764,0.25,0.010810810810810811,0.20578848905029162,1.0,0.25,0.6666666666666666,0.3333333333333333,0.0,0.3333333333333333,1.0,0.17857142857142858,0.0,0.5,0.0,0.0,0.0,0.0,0.0,1
1.0,0.07352941176470588,0.5,0.005405405405405406,0.11285352701661715,0.25,0.25,0.3333333333333333,0.3333333333333333,0.0,1.0,0.3333333333333333,0.05357142857142857,1.0,0.0,0.0,0.6666666666666666,0.0,0.0,0.0,1
1.0,0.11764705882352941,0.5,0.0,0.10360955210740619,1.0,1.0,1.0,0.3333333333333333,0.0,1.0,1.0,0.5892857142857143,1.0,1.0,0.0,1.0,0.0,1.0,0.0,1
0.0,0.11764705882352941,0.5,0.0,0.053813139650049524,0.0,0.5,1.0,0.3333333333333333,0.0,0.3333333333333333,0.0,0.08928571428571429,1.0,0.5,0.0,0.3333333333333333,0.0,0.0,0.0,2
1.0,0.11764705882352941,1.0,0.008108108108108109,0.020248706943985915,0.0,1.0,1.0,0.6666666666666666,0.0,1.0,0.0,0.6607142857142857,1.0,0.5,0.0,0.6666666666666666,0.0,0.0,0.0,1
0.3333333333333333,0.29411764705882354,0.5,1.0,0.6095521074061847,0.0,0.5,0.3333333333333333,0.6666666666666666,0.5,0.6666666666666666,0.6666666666666666,0.17857142857142858,0.0,0.5,0.3333333333333333,1.0,0.0,1.0,0.0,2
1.0,0.29411764705882354,0.5,0.005405405405405406,0.15472653240893583,0.5,1.0,1.0,0.6666666666666666,0.0,0.6666666666666666,1.0,0.23214285714285715,1.0,0.0,0.0,0.6666666666666666,0.0,1.0,0.0,1
1.0,0.6470588235294118,1.0,0.016216216216216217,0.32243864861890614,0.0,0.5,0.0,0.6666666666666666,0.0,0.6666666666666666,1.0,0.21428571428571427,0.0,1.0,0.0,0.6666666666666666,0.0,1.0,0.0,1
1.0,0.3382352941176471,1.0,0.005405405405405406,0.2352811709034885,0.75,0.25,1.0,0.6666666666666666,0.0,0.3333333333333333,0.0,0.23214285714285715,0.5,0.5,0.3333333333333333,0.3333333333333333,1.0,1.0,0.0,1
1.0,0.3382352941176471,0.5,0.013513513513513514,0.2718168812589413,1.0,1.0,1.0,0.6666666666666666,0.0,1.0,0.3333333333333333,0.5178571428571429,1.0,0.5,1.0,0.6666666666666666,1.0,1.0,0.0,1
1.0,0.25,0.75,0.005405405405405406,0.07378672829316606,0.25,0.75,1.0,0.6666666666666666,0.0,0.6666666666666666,0.0,0.26785714285714285,1.0,0.5,0.3333333333333333,1.0,0.0,0.0,0.0,1
0.0,0.20588235294117646,1.0,0.005405405405405406,0.04396390447892594,0.0,0.25,1.0,0.3333333333333333,0.0,1.0,0.3333333333333333,0.03571428571428571,1.0,0.0,0.0,0.6666666666666666,0.0,0.0,0.0,1
1.0,0.29411764705882354,0.5,0.002702702702702703,0.1336524705623418,0.0,0.25,1.0,0.3333333333333333,0.0,0.0,1.0,0.17857142857142858,1.0,0.5,0.0,1.0,0.0,1.0,0.0,1
0.3333333333333333,0.11764705882352941,0.5,0.0,0.0351050951909321,0.0,1.0,1.0,0.6666666666666666,0.0,1.0,0.6666666666666666,0.39285714285714285,0.0,0.5,0.0,0.3333333333333333,1.0,0.0,0.0,2
1.0,0.47058823529411764,1.0,0.0,0.18075272367117862,0.0,0.75,1.0,0.6666666666666666,0.0,1.0,0.6666666666666666,0.32142857142857145,1.0,0.5,0.3333333333333333,0.6666666666666666,0.0,1.0,0.0,1
0.6666666666666666,0.08823529411764706,1.0,0.0,0.0292175635523275,0.0,1.0,1.0,0.6666666666666666,0.0,1.0,1.0,0.7857142857142857,1.0,1.0,0.3333333333333333,0.6666666666666666,0.0,1.0,0.0,1
0.0,0.11764705882352941,0.0,0.013513513513513514,0.04721030042918455,0.0,0.75,1.0,0.6666666666666666,0.0,0.6666666666666666,0.0,0.16071428571428573,1.0,0.5,0.3333333333333333,0.6666666666666666,0.0,0.0,0.0,2
0.3333333333333333,0.16176470588235295,0.5,0.008108108108108109,0.06569825024760648,1.0,0.25,1.0,0.6666666666666666,0.0,0.0,0.3333333333333333,0.07142857142857142,1.0,0.5,0.0,0.6666666666666666,0.0,0.0,0.0,1
1.0,0.029411764705882353,0.5,0.008108108108108109,0.10223396060305931,0.0,0.75,0.3333333333333333,1.0,0.0,0.3333333333333333,0.0,0.17857142857142858,1.0,0.0,0.0,0.6666666666666666,0.0,0.0,0.0,1
0.3333333333333333,0.29411764705882354,0.75,0.024324324324324326,0.24551557169582922,1.0,0.5,1.0,0.6666666666666666,0.0,0.3333333333333333,0.3333333333333333,0.32142857142857145,0.0,0.5,0.3333333333333333,1.0,0.0,1.0,0.0,1
0.3333333333333333,0.38235294117647056,0.5,0.005405405405405406,0.1970947507428194,0.0,0.25,0.3333333333333333,1.0,0.0,0.0,0.3333333333333333,0.05357142857142857,1.0,0.5,0.0,0.6666666666666666,0.0,0.0,0.0,1
0.0,0.11764705882352941,0.5,0.008108108108108109,0.07868383404864092,0.5,1.0,0.6666666666666666,1.0,0.0,0.0,0.0,0.2857142857142857,1.0,0.5,0.0,0.6666666666666666,0.0,0.0,0.0,1
1.0,0.16176470588235295,1.0,0.0,0.2638384505337295,1.0,1.0,0.0,0.3333333333333333,0.0,1.0,0.6666666666666666,0.7142857142857143,1.0,0.5,0.0,0.6666666666666666,0.0,1.0,0.0,1
1.0,0.47058823529411764,0.5,0.008108108108108109,0.1127434796962694,0.5,1.0,1.0,0.6666666666666666,0.0,1.0,0.6666666666666666,0.35714285714285715,1.0,0.5,0.0,0.6666666666666666,0.0,0.0,0.0,1
1.0,0.20588235294117646,1.0,0.005405405405405406,0.19423352041377792,0.0,0.25,0.6666666666666666,0.0,0.0,0.3333333333333333,0.6666666666666666,0.2857142857142857,1.0,0.5,0.3333333333333333,1.0,0.0,1.0,0.0,1
0.3333333333333333,0.47058823529411764,0.75,0.0,0.10867172884340266,0.0,1.0,1.0,0.6666666666666666,0.0,1.0,1.0,0.6785714285714286,0.0,1.0,0.3333333333333333,0.6666666666666666,0.0,1.0,0.0,2
1.0,0.029411764705882353,0.5,0.005405405405405406,0.08341586882359414,0.0,0.5,0.0,1.0,0.0,0.3333333333333333,0.3333333333333333,0.03571428571428571,1.0,0.0,0.0,0.6666666666666666,0.0,0.0,0.0,1
1.0,0.29411764705882354,1.0,0.008108108108108109,0.12809508088478044,0.75,1.0,0.3333333333333333,0.6666666666666666,0.0,0.3333333333333333,0.6666666666666666,0.26785714285714285,1.0,0.5,0.0,0.6666666666666666,0.0,0.0,0.0,1
1.0,0.08823529411764706,0.5,0.0,0.05827005612413338,1.0,0.5,1.0,0.6666666666666666,1.0,1.0,0.3333333333333333,0.14285714285714285,1.0,0.5,0.0,0.3333333333333333,0.0,0.0,0.0,2
1.0,0.08823529411764706,0.5,0.016216216216216217,0.026246285902938263,0.5,1.0,1.0,0.6666666666666666,0.0,1.0,1.0,0.48214285714285715,1.0,1.0,0.0,0.6666666666666666,0.0,1.0,0.0,1
0.0,0.47058823529411764,0.5,0.0,0.16501595686145043,0.0,0.75,0.3333333333333333,0.6666666666666666,0.0,1.0,1.0,0.35714285714285715,0.0,1.0,0.0,1.0,1.0,1.0,0.0,1
0.0,0.29411764705882354,0.5,0.0,0.05694948827996038,1.0,0.75,1.0,0.3333333333333333,0.0,1.0,1.0,0.23214285714285715,1.0,0.0,0.0,0.6666666666666666,0.0,0.0,0.0,2
1.0,0.11764705882352941,1.0,0.008108108108108109,0.014966435567293936,0.5,1.0,1.0,0.6666666666666666,0.0,1.0,0.3333333333333333,0.4107142857142857,1.0,0.5,0.3333333333333333,0.6666666666666666,1.0,1.0,0.0,1
0.3333333333333333,0.5147058823529411,0.75,0.016216216216216217,0.6333223286012986,0.25,0.75,0.3333333333333333,0.6666666666666666,0.0,0.6666666666666666,1.0,0.23214285714285715,1.0,0.0,0.0,0.6666666666666666,0.0,1.0,0.0,1
0.0,0.11764705882352941,1.0,0.002702702702702703,0.0702101903818642,0.0,1.0,1.0,0.6666666666666666,0.0,1.0,1.0,0.8392857142857143,1.0,1.0,0.3333333333333333,1.0,0.0,0.0,0.0,1
1.0,0.29411764705882354,1.0,0.013513513513513514,0.28925938153405967,0.0,1.0,0.6666666666666666,0.6666666666666666,0.0,1.0,1.0,0.44642857142857145,1.0,1.0,0.3333333333333333,0.6666666666666666,0.0,0.0,0.0,1
0.0,0.6470588235294118,0.25,0.024324324324324326,0.4091009133927589,0.0,0.75,0.3333333333333333,0.3333333333333333,1.0,1.0,0.6666666666666666,0.32142857142857145,1.0,0.0,0.0,0.6666666666666666,0.0,0.0,0.0,2
1.0,0.29411764705882354,0.5,0.002702702702702703,0.3336084516342027,1.0,1.0,0.6666666666666666,0.6666666666666666,0.0,1.0,0.6666666666666666,0.39285714285714285,1.0,0.5,0.0,1.0,1.0,1.0,0.0,1
1.0,0.29411764705882354,0.5,0.0,0.1929679762297788,0.0,1.0,1.0,0.3333333333333333,0.5,1.0,1.0,0.7678571428571429,1.0,1.0,0.0,0.6666666666666666,0.0,1.0,0.0,1
0.3333333333333333,0.16176470588235295,0.75,0.013513513513513514,0.06943985913942996,0.75,0.5,0.6666666666666666,1.0,0.0,0.6666666666666666,0.3333333333333333,0.75,0.5,0.5,0.3333333333333333,0.6666666666666666,0.0,0.0,0.0,2
1.0,0.25,0.0,0.0,0.26152745680642675,1.0,0.5,0.0,0.3333333333333333,0.0,1.0,0.3333333333333333,0.17857142857142858,0.0,0.5,0.3333333333333333,0.6666666666666666,0.0,1.0,0.0,2
1.0,0.47058823529411764,0.5,0.008108108108108109,0.19725982172334103,1.0,1.0,0.3333333333333333,0.3333333333333333,0.0,1.0,0.0,0.4642857142857143,1.0,0.5,0.0,0.3333333333333333,0.0,1.0,0.0,1
1.0,0.07352941176470588,0.5,0.005405405405405406,0.06261692527786948,0.0,0.5,1.0,0.3333333333333333,0.0,0.3333333333333333,0.0,0.125,1.0,0.0,0.0,0.6666666666666666,0.0,0.0,0.0,1
0.0,0.38235294117647056,1.0,0.002702702702702703,0.3266754704522945,0.25,0.75,0.0,1.0,0.0,1.0,0.6666666666666666,0.08928571428571429,1.0,0.0,0.3333333333333333,0.6666666666666666,0.0,0.0,0.0,1
1.0,0.11764705882352941,1.0,0.024324324324324326,0.06393749312204247,0.0,0.5,1.0,0.3333333333333333,1.0,0.3333333333333333,0.0,0.17857142857142858,1.0,0.5,0.3333333333333333,1.0,0.0,1.0,0.0,1
0.0,0.16176470588235295,0.5,0.005405405405405406,0.08776273797733025,0.0,0.25,1.0,0.3333333333333333,1.0,0.0,0.3333333333333333,0.48214285714285715,1.0,0.0,0.0,0.6666666666666666,0.0,0.0,0.0,1
1.0,0.029411764705882353,0.5,0.010810810810810811,0.059865742269175744,0.5,0.5,0.0,0.0,0.0,1.0,0.0,0.7678571428571429,1.0,0.5,0.0,0.6666666666666666,0.0,0.0,0.0,1
1.0,0.29411764705882354,1.0,0.008108108108108109,0.14427203697589963,0.25,1.0,0.6666666666666666,0.6666666666666666,0.0,1.0,0.0,0.30357142857142855,1.0,0.5,0.0,0.6666666666666666,1.0,1.0,0.0,1
1.0,0.16176470588235295,0.75,0.002702702702702703,0.18399911962143722,0.0,0.25,0.0,0.3333333333333333,0.0,0.3333333333333333,0.3333333333333333,0.48214285714285715,1.0,0.5,0.3333333333333333,0.3333333333333333,0.0,0.0,0.0,1
0.3333333333333333,0.029411764705882353,0.5,0.013513513513513514,0.011224826675470452,0.0,0.25,0.6666666666666666,1.0,0.0,0.0,0.3333333333333333,0.05357142857142857,1.0,0.5,0.0,0.3333333333333333,0.0,0.0,0.0,1
0.0,0.29411764705882354,0.25,0.005405405405405406,0.12286783316826236,0.5,0.5,1.0,0.6666666666666666,0.0,1.0,0.0,0.05357142857142857,0.5,0.5,0.0,0.6666666666666666,0.0,1.0,0.0,1
0.3333333333333333,0.11764705882352941,0.5,0.024324324324324326,0.043303620556839444,0.25,0.75,0.6666666666666666,0.6666666666666666,0.0,1.0,0.0,0.35714285714285715,1.0,0.5,0.0,0.3333333333333333,0.0,0.0,0.0,1
0.0,0.38235294117647056,1.0,0.002702702702702703,0.570760426983603,0.0,1.0,0.6666666666666666,0.6666666666666666,0.0,1.0,1.0,0.3392857142857143,1.0,1.0,0.6666666666666666,1.0,1.0,1.0,0.0,1
0.3333333333333333,0.11764705882352941,0.5,0.008108108108108109,0.020633872565203038,0.0,0.25,1.0,1.0,1.0,0.0,0.0,0.125,0.0,0.5,0.0,0.3333333333333333,0.0,0.0,0.0,1
1.0,0.47058823529411764,0.5,0.008108108108108109,0.1179707274127875,1.0,0.5,1.0,0.3333333333333333,0.0,1.0,0.6666666666666666,0.10714285714285714,1.0,0.5,0.0,0.6666666666666666,0.0,0.0,0.0,1
0.0,0.20588235294117646,0.5,0.0,0.10999229668757565,0.25,0.75,1.0,0.6666666666666666,0.0,0.6666666666666666,0.6666666666666666,0.19642857142857142,1.0,0.5,0.0,1.0,1.0,1.0,0.0,1
1.0,0.20588235294117646,0.5,0.005405405405405406,0.07059535600308132,0.0,0.25,1.0,1.0,0.5,0.0,0.3333333333333333,0.42857142857142855,1.0,0.5,0.0,0.3333333333333333,1.0,0.0,0.0,2
1.0,0.11764705882352941,1.0,0.008108108108108109,0.025696049301199515,0.0,1.0,1.0,0.6666666666666666,0.0,1.0,0.0,0.5892857142857143,1.0,0.5,0.6666666666666666,0.6666666666666666,0.0,0.0,0.0,1
1.0,0.29411764705882354,0.5,0.005405405405405406,0.03736106525806097,1.0,0.75,1.0,0.6666666666666666,0.0,0.3333333333333333,0.6666666666666666,0.21428571428571427,0.5,0.5,0.0,0.6666666666666666,0.0,1.0,0.0,1
1.0,0.07352941176470588,0.5,0.005405405405405406,0.09519093210080334,0.0,0.25,0.3333333333333333,0.3333333333333333,0.5,0.3333333333333333,0.6666666666666666,0.0,1.0,0.0,0.3333333333333333,0.6666666666666666,0.0,0.0,0.0,2
1.0,0.38235294117647056,1.0,0.008108108108108109,0.3138549576317817,0.0,0.75,0.6666666666666666,0.6666666666666666,0.5,0.3333333333333333,0.6666666666666666,0.3392857142857143,1.0,0.5,0.0,0.6666666666666666,0.0,0.0,0.0,1
0.6666666666666666,0.47058823529411764,0.5,0.008108108108108109,0.23236491691427313,0.0,1.0,1.0,0.6666666666666666,0.0,0.3333333333333333,0.6666666666666666,0.21428571428571427,1.0,0.5,0.0,0.6666666666666666,0.0,0.0,0.0,1
0.0,0.029411764705882353,1.0,0.0,0.022889842632331903,0.75,0.75,0.6666666666666666,0.3333333333333333,0.0,1.0,0.0,0.35714285714285715,1.0,0.5,0.3333333333333333,0.3333333333333333,0.0,1.0,0.0,1
0.0,0.11764705882352941,0.5,0.0,0.028007043028502255,0.0,0.75,1.0,0.6666666666666666,0.0,0.3333333333333333,0.0,0.125,1.0,0.5,0.0,0.6666666666666666,0.0,0.0,0.0,2
1.0,0.11764705882352941,0.5,0.024324324324324326,0.0710905689446462,0.0,0.75,0.3333333333333333,0.6666666666666666,0.0,1.0,0.6666666666666666,0.30357142857142855,1.0,0.5,0.0,0.6666666666666666,0.0,1.0,0.0,1
0.3333333333333333,0.6029411764705882,1.0,0.002702702702702703,0.23803235391218225,0.25,0.0,0.6666666666666666,0.6666666666666666,0.0,1.0,0.6666666666666666,0.14285714285714285,1.0,0.5,0.0,0.6666666666666666,0.0,0.0,0.0,1
0.3333333333333333,0.07352941176470588,1.0,0.008108108108108109,0.04974138879718279,0.0,1.0,0.3333333333333333,0.6666666666666666,0.0,1.0,0.0,0.32142857142857145,1.0,0.5,0.6666666666666666,0.3333333333333333,0.0,0.0,0.0,1
0.3333333333333333,0.38235294117647056,0.25,0.005405405405405406,0.17860680092439749,0.75,0.5,1.0,0.6666666666666666,0.0,0.3333333333333333,0.6666666666666666,0.26785714285714285,0.5,0.5,0.0,0.6666666666666666,1.0,1.0,0.0,1
0.3333333333333333,0.5147058823529411,1.0,0.008108108108108109,0.25767580059425554,0.0,0.75,0.3333333333333333,0.6666666666666666,1.0,0.3333333333333333,0.0,0.10714285714285714,1.0,0.5,0.3333333333333333,0.6666666666666666,0.0,0.0,0.0,2
1.0,0.07352941176470588,1.0,0.0,0.05359304500935402,0.0,0.5,0.6666666666666666,0.6666666666666666,0.0,0.0,0.0,0.19642857142857142,1.0,0.5,0.3333333333333333,0.6666666666666666,0.0,0.0,0.0,1
1.0,0.20588235294117646,0.5,0.005405405405405406,0.09541102674149884,0.0,0.5,1.0,0.6666666666666666,0.0,1.0,1.0,0.5,0.0,1.0,0.3333333333333333,0.6666666666666666,0.0,0.0,0.0,1
0.0,0.029411764705882353,0.5,0.0,0.061846594035435236,1.0,0.0,1.0,0.3333333333333333,0.0,0.6666666666666666,0.3333333333333333,1.0,1.0,0.5,0.0,1.0,0.0,1.0,0.0,1
0.3333333333333333,0.47058823529411764,0.75,0.024324324324324326,0.23137449103114338,0.0,0.5,0.3333333333333333,0.0,0.0,0.3333333333333333,0.0,0.19642857142857142,0.5,0.5,0.3333333333333333,1.0,0.0,1.0,0.0,2
0.3333333333333333,0.10294117647058823,1.0,0.0,0.05898536370639375,0.75,0.5,1.0,0.3333333333333333,0.0,1.0,0.6666666666666666,0.375,1.0,0.5,0.3333333333333333,0.6666666666666666,0.0,0.0,0.0,1
1.0,0.11764705882352941,1.0,0.008108108108108109,0.05727963024100363,0.0,0.5,1.0,0.3333333333333333,0.0,0.3333333333333333,0.3333333333333333,0.2857142857142857,1.0,0.5,0.3333333333333333,0.6666666666666666,0.0,0.0,0.0,1
0.3333333333333333,0.1323529411764706,1.0,0.008108108108108109,0.034774953229888855,0.0,0.25,1.0,0.6666666666666666,1.0,1.0,0.0,0.07142857142857142,1.0,0.5,0.3333333333333333,0.6666666666666666,0.0,0.0,0.0,1
0.3333333333333333,0.6470588235294118,0.5,1.0,0.28232640035215145,1.0,0.0,0.6666666666666666,0.6666666666666666,0.0,1.0,1.0,0.375,0.0,1.0,0.0,0.0,0.0,1.0,0.0,1
1.0,0.08823529411764706,0.5,0.0,0.06129635743369649,0.0,0.5,0.3333333333333333,0.3333333333333333,0.0,1.0,0.6666666666666666,0.8035714285714286,1.0,0.5,0.0,0.6666666666666666,0.0,1.0,0.0,1
1.0,0.2647058823529412,0.5,0.008108108108108109,0.1334323759216463,0.5,1.0,0.6666666666666666,0.6666666666666666,0.0,1.0,0.6666666666666666,0.375,1.0,0.5,0.0,0.6666666666666666,0.0,0.0,0.0,1
0.0,0.29411764705882354,0.5,0.002702702702702703,0.1463629360625069,0.0,0.75,0.3333333333333333,0.6666666666666666,0.0,0.0,1.0,0.26785714285714285,1.0,1.0,0.0,1.0,0.0,1.0,0.0,1
0.0,0.20588235294117646,0.5,0.005405405405405406,0.09843732805106195,0.0,0.5,0.0,0.3333333333333333,0.0,1.0,0.0,0.017857142857142856,0.0,0.0,0.0,0.6666666666666666,0.0,0.0,0.0,2
0.0,0.47058823529411764,0.5,0.005405405405405406,0.2712116209970287,0.0,0.75,1.0,0.6666666666666666,0.0,0.3333333333333333,0.3333333333333333,0.17857142857142858,1.0,0.5,0.0,0.6666666666666666,0.0,0.0,0.0,2
0.3333333333333333,0.47058823529411764,0.5,0.002702702702702703,0.3685484758446132,0.0,0.5,0.3333333333333333,0.6666666666666666,0.0,0.3333333333333333,0.6666666666666666,0.2857142857142857,1.0,0.0,0.0,1.0,0.0,1.0,0.0,1
1.0,0.29411764705882354,0.5,0.008108108108108109,0.11813579839330912,0.5,1.0,0.6666666666666666,0.6666666666666666,0.0,0.3333333333333333,0.6666666666666666,0.2857142857142857,0.0,0.5,0.3333333333333333,0.6666666666666666,0.0,1.0,0.0,2
0.6666666666666666,0.20588235294117646,0.5,0.005405405405405406,0.15401122482667548,0.0,0.25,0.0,0.3333333333333333,0.0,0.0,0.3333333333333333,0.4642857142857143,0.5,0.5,0.0,0.3333333333333333,0.0,0.0,0.0,1
1.0,0.16176470588235295,1.0,0.008108108108108109,0.058655221745350504,0.5,0.5,0.3333333333333333,1.0,0.0,0.3333333333333333,0.3333333333333333,0.5,1.0,0.5,0.3333333333333333,0.3333333333333333,0.0,0.0,0.0,1
0.3333333333333333,0.16176470588235295,1.0,0.008108108108108109,0.07081545064377683,1.0,1.0,1.0,0.6666666666666666,1.0,1.0,0.0,0.5535714285714286,1.0,0.5,0.3333333333333333,0.6666666666666666,0.0,1.0,0.0,1
0.6666666666666666,0.16176470588235295,0.5,0.016216216216216217,0.007813359744690216,0.0,0.25,1.0,0.3333333333333333,0.0,1.0,0.3333333333333333,0.07142857142857142,1.0,0.0,0.0,0.6666666666666666,0.0,1.0,0.0,1
0.3333333333333333,0.6470588235294118,0.5,0.008108108108108109,0.205183228788379,1.0,0.75,1.0,0.6666666666666666,0.0,0.0,0.6666666666666666,0.39285714285714285,1.0,0.5,0.3333333333333333,0.6666666666666666,1.0,1.0,0.0,1
0.3333333333333333,0.29411764705882354,0.75,0.008108108108108109,0.33856058104985143,0.0,0.25,0.0,0.6666666666666666,0.0,0.3333333333333333,0.6666666666666666,0.25,1.0,0.5,0.0,0.6666666666666666,0.0,0.0,0.0,1
0.0,0.11764705882352941,0.5,0.0,0.061736546715087486,0.0,0.75,0.3333333333333333,0.0,0.0,0.6666666666666666,0.6666666666666666,0.30357142857142855,1.0,0.5,0.0,0.6666666666666666,0.0,0.0,0.0,2
1.0,0.11764705882352941,1.0,0.013513513513513514,0.041047650489710576,1.0,0.75,1.0,0.3333333333333333,0.0,1.0,0.0,0.07142857142857142,1.0,0.5,0.3333333333333333,0.6666666666666666,0.0,0.0,0.0,1
0.0,0.29411764705882354,0.5,0.005405405405405406,0.11604489930670188,0.25,0.0,0.0,0.0,0.0,0.0,0.3333333333333333,0.25,1.0,0.5,0.0,0.6666666666666666,0.0,0.0,0.0,2
1.0,0.029411764705882353,0.5,0.008108108108108109,0.060305931550566745,0.25,1.0,0.3333333333333333,0.6666666666666666,0.0,1.0,1.0,0.4107142857142857,0.0,1.0,0.0,0.6666666666666666,1.0,1.0,0.0,1
0.6666666666666666,0.47058823529411764,0.5,0.008108108108108109,0.20155166721690326,0.0,0.5,0.3333333333333333,0.6666666666666666,0.0,0.3333333333333333,0.0,0.07142857142857142,1.0,0.5,0.0,0.6666666666666666,0.0,1.0,0.0,1
1.0,0.29411764705882354,1.0,0.002702702702702703,0.11532959172444152,0.0,0.75,1.0,0.6666666666666666,0.0,0.6666666666666666,0.6666666666666666,0.2857142857142857,1.0,0.5,0.3333333333333333,0.6666666666666666,0.0,1.0,0.0,1
0.0,0.47058823529411764,0.5,0.002702702702702703,0.44486629250577747,1.0,1.0,0.6666666666666666,0.6666666666666666,0.0,1.0,1.0,0.5,1.0,1.0,0.0,0.6666666666666666,0.0,0.0,0.0,2
1.0,0.29411764705882354,0.5,0.002702702702702703,0.17816661164300648,0.25,0.75,0.6666666666666666,0.3333333333333333,0.0,1.0,0.6666666666666666,0.07142857142857142,1.0,0.5,0.0,0.6666666666666666,0.0,0.0,0.0,1
0.0,0.8235294117647058,0.75,0.024324324324324326,0.36238582590513924,0.0,1.0,0.6666666666666666,0.6666666666666666,0.0,1.0,1.0,0.7857142857142857,1.0,0.5,0.3333333333333333,0.6666666666666666,0.0,1.0,0.0,2
0.0,0.47058823529411764,0.5,0.008108108108108109,0.11290855067679102,0.0,0.5,1.0,0.0,0.0,1.0,0.6666666666666666,0.21428571428571427,1.0,0.0,0.0,0.6666666666666666,0.0,0.0,0.0,2
1.0,0.11764705882352941,0.5,0.016216216216216217,0.06289204357873886,0.0,1.0,1.0,0.6666666666666666,0.0,1.0,0.3333333333333333,0.5,0.0,0.5,0.6666666666666666,0.6666666666666666,1.0,1.0,0.0,1
1.0,0.29411764705882354,0.5,0.008108108108108109,0.09084406294706723,0.25,0.5,1.0,0.6666666666666666,0.0,1.0,0.6666666666666666,0.17857142857142858,1.0,0.0,0.0,1.0,0.0,1.0,0.0,1
1.0,0.35294117647058826,0.25,0.002702702702702703,0.41674920215692746,1.0,0.25,0.6666666666666666,0.6666666666666666,1.0,1.0,0.0,0.375,0.0,0.0,0.3333333333333333,0.6666666666666666,1.0,1.0,0.0,1
1.0,0.3382352941176471,0.75,0.024324324324324326,0.26780015406624846,0.0,0.75,0.6666666666666666,0.6666666666666666,0.0,1.0,0.6666666666666666,0.125,1.0,0.5,0.3333333333333333,0.6666666666666666,0.0,0.0,0.0,1
0.3333333333333333,0.29411764705882354,1.0,0.008108108108108109,0.08215032463959503,0.0,1.0,1.0,0.6666666666666666,0.0,0.3333333333333333,0.3333333333333333,0.5178571428571429,1.0,0.5,0.3333333333333333,0.3333333333333333,0.0,0.0,0.0,1
1.0,0.6470588235294118,0.5,0.008108108108108109,0.5486959392538792,1.0,0.75,1.0,0.6666666666666666,0.0,0.6666666666666666,0.6666666666666666,0.32142857142857145,0.5,0.5,0.0,0.6666666666666666,0.0,1.0,0.0,1
1.0,0.29411764705882354,0.75,0.002702702702702703,0.24369979091009134,0.0,0.75,0.6666666666666666,0.6666666666666666,0.0,0.6666666666666666,0.6666666666666666,0.2857142857142857,1.0,0.5,0.3333333333333333,0.3333333333333333,0.0,1.0,0.0,1
1.0,0.20588235294117646,0.5,0.008108108108108109,0.06619346318917134,0.0,0.25,0.6666666666666666,0.3333333333333333,0.0,0.0,0.0,0.125,1.0,0.5,0.0,0.6666666666666666,0.0,0.0,0.0,1
0.0,0.16176470588235295,0.5,0.0,0.12440849565313085,0.0,0.0,0.0,0.3333333333333333,0.0,1.0,0.6666666666666666,0.07142857142857142,1.0,0.0,0.0,0.6666666666666666,0.0,0.0,0.0,1
1.0,0.08823529411764706,0.5,0.0,0.06426763508308572,0.25,0.5,0.6666666666666666,0.6666666666666666,0.0,0.3333333333333333,0.0,0.2857142857142857,1.0,0.0,0.0,0.3333333333333333,0.0,0.0,1.0,1
0.3333333333333333,0.29411764705882354,1.0,0.024324324324324326,0.14168592494772753,1.0,0.75,1.0,0.6666666666666666,0.0,0.6666666666666666,1.0,0.26785714285714285,1.0,0.5,0.3333333333333333,0.6666666666666666,1.0,1.0,0.0,1
0.0,0.07352941176470588,0.5,0.0,0.022229558710245404,0.0,0.5,1.0,0.6666666666666666,0.0,0.6666666666666666,0.6666666666666666,0.16071428571428573,1.0,0.5,0.0,0.3333333333333333,0.0,0.0,0.0,2
0.0,0.029411764705882353,1.0,0.008108108108108109,0.05056674369979091,1.0,1.0,1.0,0.6666666666666666,0.0,1.0,0.0,0.8571428571428571,1.0,0.5,0.3333333333333333,0.6666666666666666,0.0,1.0,0.0,1
0.3333333333333333,0.29411764705882354,0.75,0.024324324324324326,0.3695939253879168,0.25,0.75,1.0,0.6666666666666666,0.0,1.0,0.6666666666666666,0.30357142857142855,1.0,0.0,0.0,1.0,0.0,1.0,0.0,1
0.6666666666666666,0.25,0.5,0.0,0.14707824364476724,0.25,0.5,0.0,0.3333333333333333,0.0,0.0,0.6666666666666666,0.16071428571428573,0.0,0.5,0.0,1.0,0.0,1.0,0.0,1
0.3333333333333333,0.16176470588235295,0.5,0.013513513513513514,0.06954990645977771,0.25,0.5,1.0,0.6666666666666666,1.0,0.3333333333333333,0.0,0.05357142857142857,1.0,0.5,0.0,0.6666666666666666,0.0,0.0,0.0,1
0.0,0.6470588235294118,0.5,0.0,0.20254209310003302,0.0,0.75,1.0,0.6666666666666666,0.0,1.0,1.0,0.48214285714285715,1.0,1.0,0.0,0.6666666666666666,1.0,0.0,0.0,2
1.0,0.38235294117647056,0.5,0.008108108108108109,0.08897325850115549,1.0,1.0,1.0,0.6666666666666666,0.0,1.0,0.6666666666666666,0.6964285714285714,1.0,0.5,0.0,0.6666666666666666,0.0,1.0,0.0,1
0.0,0.29411764705882354,0.25,0.005405405405405406,0.1705183228788379,0.5,0.25,1.0,0.6666666666666666,0.0,1.0,1.0,0.19642857142857142,1.0,1.0,0.0,0.6666666666666666,1.0,1.0,0.0,2
0.0,0.11764705882352941,0.5,0.005405405405405406,0.12809508088478044,0.0,0.0,0.6666666666666666,0.3333333333333333,0.0,1.0,1.0,0.6428571428571429,1.0,1.0,0.0,1.0,0.0,0.0,0.0,1
0.0,0.29411764705882354,0.75,0.008108108108108109,0.042588312974579066,0.0,0.25,1.0,1.0,0.0,1.0,0.0,0.5178571428571429,0.5,0.5,0.0,0.6666666666666666,0.0,0.0,0.0,2
1.0,0.11764705882352941,1.0,0.0,0.05529877847474414,0.0,1.0,1.0,0.6666666666666666,0.0,1.0,0.0,0.75,1.0,0.5,0.3333333333333333,0.3333333333333333,0.0,0.0,0.0,1
1.0,0.47058823529411764,1.0,0.008108108108108109,0.17013315725762077,1.0,1.0,1.0,0.6666666666666666,0.0,0.3333333333333333,0.6666666666666666,0.5714285714285714,1.0,0.5,0.0,0.6666666666666666,0.0,1.0,0.0,1
0.3333333333333333,0.08823529411764706,0.25,0.008108108108108109,0.043908880818752064,0.0,0.5,1.0,0.6666666666666666,0.0,1.0,0.0,0.07142857142857142,0.5,0.5,0.0,0.3333333333333333,0.0,0.0,0.0,1
0.0,0.11764705882352941,0.5,0.016216216216216217,0.052272477165181026,1.0,0.5,1.0,0.3333333333333333,0.0,1.0,0.3333333333333333,0.07142857142857142,0.0,0.0,0.0,0.6666666666666666,0.0,1.0,0.0,1
0.0,0.5588235294117647,0.5,0.005405405405405406,0.4199405744470122,0.0,0.75,0.3333333333333333,0.6666666666666666,1.0,1.0,0.3333333333333333,0.4642857142857143,1.0,1.0,0.0,0.6666666666666666,1.0,0.0,0.0,1
1.0,0.029411764705882353,0.25,0.008108108108108109,0.08253549026081215,0.5,1.0,0.3333333333333333,0.6666666666666666,0.0,1.0,0.3333333333333333,0.4642857142857143,0.0,0.5,0.0,0.3333333333333333,1.0,0.0,0.0,1
0.0,0.6029411764705882,0.0,0.024324324324324326,0.6364036535710356,0.0,1.0,0.3333333333333333,0.6666666666666666,0.0,1.0,0.6666666666666666,0.17857142857142858,1.0,0.0,0.3333333333333333,0.6666666666666666,0.0,0.0,0.0,2
1.0,0.16176470588235295,0.5,0.008108108108108109,0.18256850445691647,0.0,1.0,1.0,0.3333333333333333,0.0,0.3333333333333333,0.6666666666666666,0.625,0.0,0.0,0.0,1.0,0.0,1.0,0.0,1
0.6666666666666666,0.029411764705882353,1.0,0.0,0.05771981952239463,0.0,0.5,0.0,0.6666666666666666,0.0,0.0,0.0,0.9821428571428571,1.0,0.5,0.6666666666666666,0.0,1.0,0.0,1.0,1
0.3333333333333333,0.6470588235294118,0.5,0.024324324324324326,0.8485748872014967,0.0,0.5,0.3333333333333333,0.6666666666666666,0.0,0.3333333333333333,0.6666666666666666,0.07142857142857142,1.0,0.5,0.0,0.6666666666666666,0.0,1.0,0.0,2
0.0,0.47058823529411764,0.5,0.0,0.08759766699680863,0.0,0.25,1.0,0.3333333333333333,0.0,1.0,0.6666666666666666,0.26785714285714285,1.0,0.5,0.0,0.6666666666666666,0.0,1.0,0.0,2
1.0,0.16176470588235295,0.5,0.002702702702702703,0.19599427753934193,0.25,0.25,0.0,0.3333333333333333,0.0,1.0,0.6666666666666666,0.07142857142857142,1.0,0.5,0.0,0.6666666666666666,0.0,1.0,0.0,1
0.3333333333333333,0.11764705882352941,0.5,0.005405405405405406,0.15225046770111147,0.0,0.25,0.6666666666666666,0.3333333333333333,0.0,0.0,0.0,0.26785714285714285,1.0,0.0,0.0,1.0,0.0,0.0,0.0,1
1.0,0.47058823529411764,1.0,0.024324324324324326,0.3331132386926378,1.0,1.0,1.0,0.6666666666666666,0.0,1.0,0.0,0.30357142857142855,1.0,0.5,0.3333333333333333,0.6666666666666666,0.0,0.0,0.0,1
0.3333333333333333,0.20588235294117646,1.0,0.024324324324324326,0.090073731704633,1.0,0.5,1.0,1.0,0.0,1.0,0.0,0.16071428571428573,0.0,0.5,0.3333333333333333,0.6666666666666666,0.0,0.0,0.0,1
0.0,0.16176470588235295,0.5,0.0,0.06344228018047761,0.0,0.5,0.3333333333333333,0.3333333333333333,0.0,1.0,0.6666666666666666,0.16071428571428573,1.0,0.0,0.0,0.6666666666666666,0.0,0.0,0.0,1
0.3333333333333333,0.25,1.0,0.024324324324324326,0.18719049191152196,0.0,0.75,0.3333333333333333,0.6666666666666666,0.0,0.6666666666666666,0.3333333333333333,0.14285714285714285,1.0,0.5,0.3333333333333333,0.6666666666666666,0.0,0.0,0.0,1
0.0,0.29411764705882354,0.5,0.0,0.15808297567954221,0.0,0.25,1.0,0.3333333333333333,0.0,0.0,0.3333333333333333,0.14285714285714285,1.0,0.5,0.0,0.6666666666666666,0.0,0.0,0.0,2
0.0,0.25,0.5,0.008108108108108109,0.1709585121602289,0.75,0.25,1.0,0.3333333333333333,0.0,0.3333333333333333,0.6666666666666666,0.17857142857142858,0.0,0.5,0.0,0.6666666666666666,0.0,0.0,0.0,1
0.0,0.29411764705882354,0.5,1.0,0.08281060856168153,0.0,1.0,1.0,0.3333333333333333,1.0,1.0,0.0,0.6964285714285714,1.0,0.5,0.0,0.3333333333333333,0.0,1.0,0.0,1
1.0,0.29411764705882354,0.5,0.0,0.06289204357873886,0.0,0.5,0.3333333333333333,0.6666666666666666,1.0,0.3333333333333333,0.0,0.21428571428571427,1.0,0.5,0.0,0.6666666666666666,0.0,1.0,0.0,1
0.3333333333333333,0.11764705882352941,1.0,0.0,0.116430064927919,0.5,0.75,0.6666666666666666,0.0,0.0,0.6666666666666666,0.6666666666666666,0.30357142857142855,1.0,0.5,0.0,1.0,0.0,1.0,0.0,1
1.0,0.11764705882352941,0.5,0.016216216216216217,0.025806096621547266,0.0,1.0,1.0,0.6666666666666666,0.0,1.0,0.6666666666666666,0.39285714285714285,0.0,0.5,0.0,0.3333333333333333,1.0,0.0,0.0,2
1.0,0.11764705882352941,0.5,0.008108108108108109,0.025145812699460767,0.0,0.5,1.0,0.6666666666666666,0.0,0.3333333333333333,0.0,0.19642857142857142,0.0,0.5,0.3333333333333333,0.6666666666666666,0.0,0.0,0.0,1
1.0,0.29411764705882354,1.0,0.024324324324324326,0.2352811709034885,0.0,0.5,0.6666666666666666,0.6666666666666666,0.0,0.3333333333333333,0.0,0.9821428571428571,1.0,0.5,0.0,1.0,0.0,1.0,0.0,1
0.0,0.16176470588235295,0.5,0.024324324324324326,0.03059315505667437,0.0,0.5,1.0,0.3333333333333333,0.0,1.0,0.3333333333333333,0.05357142857142857,1.0,0.5,0.0,0.3333333333333333,0.0,0.0,0.0,1
0.3333333333333333,0.29411764705882354,1.0,0.008108108108108109,0.05315285572796302,0.25,0.25,1.0,0.6666666666666666,0.0,1.0,1.0,0.3392857142857143,0.0,0.5,0.3333333333333333,0.6666666666666666,1.0,0.0,0.0,2
0.0,0.29411764705882354,0.5,0.0,0.06558820292725873,0.0,0.75,1.0,0.3333333333333333,0.0,1.0,0.6666666666666666,0.07142857142857142,1.0,0.0,0.3333333333333333,0.6666666666666666,0.0,0.0,0.0,2
0.0,0.29411764705882354,0.5,0.002702702702702703,0.14097061736546715,1.0,1.0,0.3333333333333333,0.3333333333333333,0.0,1.0,0.0,0.125,1.0,0.0,0.0,0.6666666666666666,0.0,0.0,0.0,1
0.3333333333333333,0.20588235294117646,0.5,0.008108108108108109,0.057829866842742376,0.0,1.0,1.0,1.0,1.0,0.3333333333333333,0.0,0.23214285714285715,1.0,0.5,0.0,0.3333333333333333,0.0,0.0,0.0,1
0.0,0.6470588235294118,0.0,0.005405405405405406,0.37795752173434577,0.0,0.5,0.6666666666666666,0.6666666666666666,0.0,1.0,1.0,0.6071428571428571,1.0,1.0,0.3333333333333333,0.6666666666666666,1.0,0.0,0.0,2
0.3333333333333333,0.47058823529411764,0.75,0.0,0.4311654011224827,0.25,1.0,0.3333333333333333,0.6666666666666666,0.0,1.0,0.6666666666666666,0.4107142857142857,1.0,0.5,1.0,1.0,0.0,1.0,0.0,2
0.3333333333333333,0.3382352941176471,0.5,0.024324324324324326,0.201661714537251,0.0,0.5,1.0,0.6666666666666666,0.0,0.3333333333333333,0.6666666666666666,0.30357142857142855,1.0,0.5,0.0,0.6666666666666666,1.0,1.0,0.0,2
1.0,0.16176470588235295,0.5,0.0,0.16154946627049632,0.75,0.75,0.3333333333333333,0.3333333333333333,0.0,0.6666666666666666,0.6666666666666666,0.017857142857142856,1.0,0.0,0.0,0.6666666666666666,0.0,0.0,0.0,1
1.0,0.29411764705882354,0.5,0.002702702702702703,0.4161989655551887,0.0,0.75,0.6666666666666666,0.6666666666666666,0.0,0.6666666666666666,0.6666666666666666,0.3392857142857143,1.0,0.5,0.0,1.0,0.0,1.0,0.0,1
0.0,0.38235294117647056,0.0,0.024324324324324326,0.43039506988004844,1.0,0.25,0.3333333333333333,0.6666666666666666,0.0,0.6666666666666666,0.6666666666666666,0.10714285714285714,0.0,0.5,0.6666666666666666,0.6666666666666666,0.0,0.0,0.0,1
1.0,0.08823529411764706,0.5,0.0,0.0713106635853417,0.0,0.5,0.6666666666666666,0.6666666666666666,0.0,0.3333333333333333,0.0,0.21428571428571427,1.0,0.5,0.0,0.3333333333333333,1.0,0.0,1.0,1
0.3333333333333333,0.25,0.5,0.024324324324324326,0.1384945526576428,0.25,1.0,1.0,0.0,0.0,0.3333333333333333,0.6666666666666666,0.75,0.0,0.0,0.3333333333333333,0.3333333333333333,0.0,0.0,0.0,2
0.6666666666666666,0.29411764705882354,0.5,0.008108108108108109,0.06201166501595686,0.25,1.0,1.0,0.3333333333333333,0.0,0.3333333333333333,1.0,0.5,1.0,1.0,0.0,0.6666666666666666,0.0,1.0,0.0,1
0.0,0.47058823529411764,0.75,0.024324324324324326,0.10426983602949268,0.0,0.75,0.3333333333333333,0.6666666666666666,0.0,0.0,0.6666666666666666,0.08928571428571429,1.0,0.5,0.3333333333333333,0.6666666666666666,0.0,1.0,0.0,2
1.0,0.029411764705882353,0.5,0.005405405405405406,0.23995818201826785,0.0,0.25,0.0,0.3333333333333333,0.0,1.0,0.3333333333333333,0.23214285714285715,1.0,0.5,0.0,0.6666666666666666,0.0,0.0,0.0,2
1.0,0.25,0.5,0.005405405405405406,0.10955210740618467,0.0,1.0,1.0,0.6666666666666666,0.0,0.3333333333333333,0.0,0.5535714285714286,1.0,0.5,0.3333333333333333,0.6666666666666666,0.0,0.0,0.0,1
0.3333333333333333,0.8235294117647058,0.75,0.008108108108108109,0.4900957411687025,1.0,0.5,0.3333333333333333,0.6666666666666666,0.0,0.3333333333333333,1.0,0.14285714285714285,1.0,1.0,0.0,1.0,0.0,0.0,0.0,1
1.0,0.47058823529411764,0.75,0.002702702702702703,0.47854077253218885,1.0,0.75,0.6666666666666666,0.6666666666666666,0.0,0.3333333333333333,0.6666666666666666,0.21428571428571427,0.5,0.5,0.0,1.0,1.0,1.0,0.0,1
0.3333333333333333,0.8235294117647058,0.5,0.0,0.7580609662154727,0.0,0.75,1.0,0.6666666666666666,0.0,0.3333333333333333,1.0,0.14285714285714285,1.0,0.5,0.0,1.0,0.0,1.0,0.0,2
0.0,0.25,1.0,0.0,0.0176625949158138,0.0,1.0,1.0,0.6666666666666666,0.0,1.0,0.0,0.8214285714285714,1.0,0.5,0.3333333333333333,0.6666666666666666,0.0,0.0,0.0,1
1.0,0.16176470588235295,0.5,0.005405405405405406,0.10845163420270716,0.5,0.5,0.3333333333333333,0.3333333333333333,0.0,1.0,0.6666666666666666,0.017857142857142856,1.0,0.0,0.0,0.6666666666666666,0.0,0.0,0.0,1
1.0,0.029411764705882353,1.0,0.0,0.10069329811819082,0.5,0.5,0.0,1.0,0.0,0.3333333333333333,0.6666666666666666,0.08928571428571429,1.0,0.5,0.0,0.6666666666666666,0.0,0.0,0.0,1
0.3333333333333333,0.20588235294117646,0.5,0.008108108108108109,0.03389457466710685,0.0,0.5,1.0,1.0,1.0,0.3333333333333333,0.0,0.10714285714285714,1.0,0.5,0.0,0.3333333333333333,0.0,0.0,0.0,1
1.0,0.29411764705882354,1.0,0.016216216216216217,0.07411687025420931,0.0,1.0,1.0,0.6666666666666666,0.0,1.0,1.0,0.625,1.0,1.0,0.3333333333333333,0.6666666666666666,1.0,0.0,0.0,1
0.0,0.47058823529411764,0.5,0.005405405405405406,0.17585561791570375,0.0,1.0,1.0,0.6666666666666666,0.0,0.3333333333333333,0.6666666666666666,0.4107142857142857,1.0,0.5,0.0,0.6666666666666666,1.0,0.0,0.0,2
1.0,0.07352941176470588,1.0,0.016216216216216217,0.037746230879278087,0.5,1.0,1.0,0.6666666666666666,0.0,0.3333333333333333,0.6666666666666666,0.5892857142857143,1.0,0.5,0.3333333333333333,0.6666666666666666,0.0,1.0,0.0,1
0.6666666666666666,0.11764705882352941,0.5,0.008108108108108109,0.05760977220204688,0.0,0.5,0.6666666666666666,1.0,0.0,1.0,0.0,0.07142857142857142,1.0,0.0,0.0,0.6666666666666666,0.0,0.0,0.0,1
0.3333333333333333,0.07352941176470588,0.25,0.002702702702702703,0.26846043798833497,0.0,1.0,0.3333333333333333,0.3333333333333333,0.0,1.0,1.0,0.9821428571428571,0.0,1.0,0.0,1.0,1.0,1.0,0.0,2
0.0,0.20588235294117646,0.75,0.016216216216216217,0.45234951028942444,1.0,0.5,0.0,0.3333333333333333,0.0,0.3333333333333333,0.6666666666666666,0.07142857142857142,1.0,0.0,0.3333333333333333,0.6666666666666666,0.0,1.0,0.0,1
0.3333333333333333,0.20588235294117646,0.5,0.008108108108108109,0.16303510509519092,0.5,0.25,0.0,1.0,0.0,0.6666666666666666,0.0,0.10714285714285714,1.0,0.0,0.0,0.6666666666666666,0.0,0.0,0.0,1
0.3333333333333333,0.20588235294117646,0.75,0.0,0.14575767580059426,1.0,1.0,1.0,0.6666666666666666,0.0,1.0,0.6666666666666666,0.42857142857142855,1.0,0.5,0.0,0.6666666666666666,1.0,0.0,0.0,1
1.0,0.47058823529411764,0.75,0.008108108108108109,0.2313194673709695,0.0,0.5,1.0,0.3333333333333333,0.0,1.0,0.0,0.26785714285714285,1.0,0.5,0.3333333333333333,0.6666666666666666,0.0,0.0,0.0,1
1.0,0.25,1.0,0.002702702702702703,0.16644657202597116,0.0,1.0,0.0,0.6666666666666666,0.0,1.0,0.6666666666666666,0.30357142857142855,1.0,0.5,0.0,1.0,0.0,1.0,0.0,1
0.6666666666666666,0.47058823529411764,0.5,0.008108108108108109,0.21789369428854408,0.0,0.5,1.0,0.6666666666666666,0.0,0.3333333333333333,0.6666666666666666,0.125,1.0,0.5,0.0,0.6666666666666666,0.0,0.0,0.0,2
0.3333333333333333,0.20588235294117646,0.5,0.005405405405405406,0.09210960713106636,1.0,0.25,1.0,0.3333333333333333,0.0,0.6666666666666666,0.0,0.14285714285714285,1.0,0.0,0.0,0.6666666666666666,0.0,0.0,0.0,2
1.0,0.29411764705882354,0.5,0.008108108108108109,0.11191812479366127,0.0,0.75,1.0,0.6666666666666666,0.0,0.3333333333333333,0.6666666666666666,0.16071428571428573,1.0,0.5,0.0,0.6666666666666666,0.0,1.0,0.0,1
1.0,0.14705882352941177,0.75,0.0,0.03037306041597887,0.0,0.5,1.0,0.6666666666666666,0.0,0.3333333333333333,0.6666666666666666,0.14285714285714285,1.0,0.5,0.3333333333333333,0.3333333333333333,0.0,0.0,0.0,1
0.3333333333333333,0.11764705882352941,0.5,0.002702702702702703,0.09783206778914934,1.0,0.5,1.0,0.6666666666666666,0.0,0.3333333333333333,0.6666666666666666,0.19642857142857142,1.0,0.5,0.0,0.6666666666666666,0.0,0.0,0.0,1
0.0,0.11764705882352941,1.0,0.008108108108108109,0.007428194123473094,0.0,0.75,1.0,0.3333333333333333,0.0,0.6666666666666666,0.0,0.6964285714285714,1.0,0.5,1.0,0.3333333333333333,0.0,1.0,0.0,1
0.3333333333333333,0.16176470588235295,0.25,0.0,0.055793991416309016,0.25,0.5,0.3333333333333333,1.0,0.0,0.3333333333333333,0.3333333333333333,0.10714285714285714,1.0,0.0,0.0,0.6666666666666666,0.0,0.0,0.0,2
0.6666666666666666,0.11764705882352941,0.5,0.008108108108108109,0.1521954440409376,0.0,0.5,0.6666666666666666,1.0,0.0,0.0,0.6666666666666666,0.08928571428571429,1.0,0.5,0.0,0.6666666666666666,0.0,0.0,0.0,1
0.3333333333333333,0.6470588235294118,0.75,0.016216216216216217,0.32871134587872786,0.0,1.0,1.0,0.6666666666666666,0.0,1.0,1.0,0.5535714285714286,1.0,1.0,0.0,0.6666666666666666,0.0,0.0,0.0,2
1.0,0.2647058823529412,0.5,0.0,0.05683944095961263,1.0,0.75,1.0,0.3333333333333333,0.0,1.0,0.3333333333333333,0.10714285714285714,1.0,0.0,0.0,0.6666666666666666,0.0,0.0,0.0,1
1.0,0.029411764705882353,0.75,0.008108108108108109,0.03752613623858259,0.0,0.5,0.6666666666666666,0.3333333333333333,0.0,0.3333333333333333,0.0,0.08928571428571429,1.0,0.5,0.0,0.6666666666666666,0.0,0.0,0.0,1
0.0,0.29411764705882354,0.5,0.0,0.05265764278639815,0.0,0.25,1.0,0.3333333333333333,0.0,1.0,0.3333333333333333,0.08928571428571429,1.0,0.0,0.0,0.6666666666666666,0.0,0.0,0.0,2
0.0,0.20588235294117646,0.0,0.005405405405405406,0.15758776273797734,0.0,0.25,0.0,0.3333333333333333,0.0,1.0,0.3333333333333333,0.125,1.0,0.0,0.0,0.6666666666666666,0.0,0.0,0.0,2
0.0,0.38235294117647056,0.5,0.008108108108108109,0.12501375591504346,0.0,1.0,0.0,0.6666666666666666,1.0,0.6666666666666666,0.3333333333333333,0.35714285714285715,1.0,0.5,0.0,0.6666666666666666,1.0,0.0,0.0,1
1.0,0.29411764705882354,0.5,0.002702702702702703,0.13315725762077693,0.0,1.0,1.0,0.6666666666666666,0.0,1.0,0.6666666666666666,0.2857142857142857,1.0,0.5,0.0,1.0,0.0,1.0,0.0,1
0.6666666666666666,0.08823529411764706,1.0,0.008108108108108109,0.06036095521074062,1.0,0.75,1.0,0.6666666666666666,0.0,0.3333333333333333,0.3333333333333333,0.14285714285714285,1.0,0.5,0.3333333333333333,0.6666666666666666,0.0,1.0,0.0,1
1.0,0.20588235294117646,1.0,0.0,0.04429404643996919,0.0,0.25,1.0,0.3333333333333333,0.0,0.0,0.3333333333333333,0.19642857142857142,1.0,0.5,0.3333333333333333,0.6666666666666666,0.0,0.0,0.0,1
0.6666666666666666,0.25,1.0,0.016216216216216217,0.11384395289974689,0.0,0.25,0.3333333333333333,0.0,0.0,0.0,0.6666666666666666,0.25,1.0,0.0,0.0,0.6666666666666666,0.0,0.0,0.0,2
0.0,0.25,0.25,0.0,0.07686805326290305,1.0,0.5,1.0,0.6666666666666666,0.0,0.3333333333333333,0.3333333333333333,0.375,1.0,0.5,0.3333333333333333,0.3333333333333333,1.0,0.0,0.0,2
0.3333333333333333,0.029411764705882353,0.5,0.008108108108108109,0.027676901067459007,0.0,0.5,0.3333333333333333,0.3333333333333333,1.0,0.6666666666666666,0.0,0.8035714285714286,1.0,0.5,0.0,0.6666666666666666,0.0,0.0,0.0,1
1.0,0.38235294117647056,0.75,0.024324324324324326,0.2213051612193243,0.25,0.5,0.3333333333333333,0.6666666666666666,0.0,0.3333333333333333,0.3333333333333333,0.125,1.0,0.5,0.3333333333333333,0.3333333333333333,0.0,0.0,0.0,1
1.0,0.47058823529411764,0.75,0.024324324324324326,0.5129305601408606,0.0,0.25,0.0,0.0,0.0,0.0,0.6666666666666666,0.16071428571428573,1.0,0.5,0.3333333333333333,0.6666666666666666,0.0,0.0,0.0,2
1.0,0.07352941176470588,1.0,0.008108108108108109,0.15538681633102233,1.0,0.5,0.0,0.6666666666666666,0.0,0.3333333333333333,0.0,0.25,1.0,0.5,0.3333333333333333,0.6666666666666666,1.0,0.0,0.0,1
0.0,0.5588235294117647,0.5,0.008108108108108109,0.3809838230439089,1.0,0.75,1.0,0.3333333333333333,0.0,0.6666666666666666,0.6666666666666666,0.19642857142857142,1.0,0.5,0.0,1.0,0.0,1.0,0.0,2
1.0,0.20588235294117646,1.0,0.0,0.04280840761527457,0.0,0.5,1.0,0.3333333333333333,0.0,0.6666666666666666,0.0,0.30357142857142855,1.0,0.5,0.3333333333333333,0.6666666666666666,0.0,0.0,0.0,1
0.0,0.29411764705882354,0.5,0.002702702702702703,0.3482447452404534,0.0,0.0,1.0,0.6666666666666666,0.0,0.3333333333333333,1.0,0.17857142857142858,1.0,1.0,0.0,1.0,0.0,1.0,0.0,1
1.0,0.29411764705882354,0.5,0.008108108108108109,0.0412127214702322,1.0,1.0,1.0,0.6666666666666666,0.0,0.3333333333333333,0.6666666666666666,0.10714285714285714,1.0,0.5,0.3333333333333333,0.6666666666666666,0.0,0.0,0.0,1
1.0,0.38235294117647056,1.0,0.008108108108108109,0.14201606690877078,0.0,0.5,1.0,0.3333333333333333,0.0,0.3333333333333333,0.6666666666666666,0.25,1.0,0.5,0.0,0.6666666666666666,0.0,1.0,0.0,1
1.0,0.47058823529411764,0.5,0.024324324324324326,0.39391438318476946,1.0,1.0,0.6666666666666666,0.6666666666666666,0.0,0.3333333333333333,0.3333333333333333,0.32142857142857145,1.0,0.5,0.3333333333333333,0.6666666666666666,0.0,0.0,0.0,1
1.0,0.20588235294117646,1.0,0.002702702702702703,0.19808517662594916,0.0,0.75,0.6666666666666666,0.6666666666666666,0.0,0.0,0.6666666666666666,0.14285714285714285,1.0,0.5,0.3333333333333333,0.6666666666666666,0.0,0.0,0.0,1
0.0,0.6323529411764706,0.5,0.0,0.5762077693408165,0.0,0.25,0.0,0.3333333333333333,0.0,0.0,0.0,0.2857142857142857,1.0,0.5,0.0,0.3333333333333333,0.0,1.0,0.0,1
1.0,0.11764705882352941,1.0,0.016216216216216217,0.13744910311433917,0.0,1.0,0.3333333333333333,0.3333333333333333,0.0,1.0,1.0,0.6785714285714286,0.0,1.0,0.6666666666666666,0.3333333333333333,0.0,0.0,0.0,1
1.0,0.47058823529411764,0.75,0.008108108108108109,0.23181468031253438,0.0,0.5,1.0,0.6666666666666666,0.0,0.3333333333333333,0.6666666666666666,0.125,1.0,0.5,0.3333333333333333,1.0,0.0,1.0,0.0,2
1.0,0.11764705882352941,0.5,0.0,0.14355672939363925,1.0,0.0,1.0,0.6666666666666666,0.0,1.0,1.0,0.3392857142857143,1.0,0.5,0.0,1.0,0.0,1.0,0.0,1
1.0,0.47058823529411764,1.0,0.0,0.4184549356223176,0.0,0.5,1.0,0.3333333333333333,0.0,0.3333333333333333,0.0,0.10714285714285714,0.5,0.5,0.3333333333333333,0.6666666666666666,0.0,1.0,0.0,2
1.0,0.07352941176470588,0.5,0.016216216216216217,0.1970947507428194,1.0,1.0,0.0,0.6666666666666666,0.0,1.0,0.0,0.8035714285714286,1.0,0.5,0.0,0.3333333333333333,0.0,0.0,0.0,1
1.0,0.29411764705882354,0.5,0.008108108108108109,0.07059535600308132,0.0,0.25,1.0,0.3333333333333333,0.0,0.6666666666666666,0.6666666666666666,0.3392857142857143,0.5,0.5,0.0,0.6666666666666666,0.0,1.0,0.0,1
1.0,0.20588235294117646,0.5,0.0,0.08638714647298339,0.0,0.5,0.3333333333333333,1.0,0.0,0.3333333333333333,0.3333333333333333,0.19642857142857142,1.0,0.5,0.0,1.0,0.0,1.0,0.0,1
0.0,0.11764705882352941,0.5,0.016216216216216217,0.02388026851546165,0.0,0.5,1.0,0.6666666666666666,0.0,1.0,0.6666666666666666,0.375,1.0,0.0,0.0,0.3333333333333333,1.0,0.0,0.0,2
0.3333333333333333,0.20588235294117646,0.5,0.0,0.33069219764498736,0.0,0.75,0.6666666666666666,0.6666666666666666,0.0,0.6666666666666666,0.0,0.16071428571428573,1.0,0.0,0.0,0.3333333333333333,0.0,0.0,0.0,1
1.0,0.0,1.0,0.008108108108108109,0.07120061626499395,0.0,0.75,0.3333333333333333,0.6666666666666666,0.0,0.0,0.0,0.4107142857142857,1.0,0.5,0.6666666666666666,0.3333333333333333,1.0,0.0,0.0,1
0.3333333333333333,0.38235294117647056,0.5,0.008108108108108109,0.08060966215472654,1.0,0.5,1.0,0.3333333333333333,0.0,0.0,0.6666666666666666,0.125,1.0,0.5,0.0,0.6666666666666666,0.0,0.0,0.0,1
1.0,0.6470588235294118,1.0,0.008108108108108109,0.18311874105865522,1.0,1.0,1.0,0.6666666666666666,0.0,0.0,0.0,0.5,1.0,0.5,0.0,0.6666666666666666,0.0,1.0,0.0,1
0.3333333333333333,0.38235294117647056,0.5,0.008108108108108109,0.15081985253659072,1.0,1.0,0.3333333333333333,0.3333333333333333,0.0,1.0,0.6666666666666666,0.10714285714285714,1.0,0.5,0.0,0.6666666666666666,0.0,0.0,0.0,1
1.0,0.47058823529411764,0.5,0.008108108108108109,0.1840541432816111,0.0,1.0,1.0,0.6666666666666666,0.0,0.3333333333333333,0.6666666666666666,0.16071428571428573,1.0,0.5,0.0,0.6666666666666666,0.0,0.0,0.0,1
0.3333333333333333,0.029411764705882353,0.5,0.008108108108108109,0.04500935402222956,0.0,1.0,1.0,0.6666666666666666,0.0,1.0,0.6666666666666666,0.16071428571428573,1.0,0.5,0.0,0.6666666666666666,1.0,0.0,0.0,1
1.0,0.11764705882352941,1.0,0.024324324324324326,0.11235831407505227,0.0,0.0,1.0,0.6666666666666666,0.0,0.3333333333333333,0.6666666666666666,0.4107142857142857,0.5,0.5,0.3333333333333333,1.0,0.0,1.0,0.0,2
0.3333333333333333,0.29411764705882354,0.5,0.0,0.060801144492131615,0.0,0.25,0.6666666666666666,0.3333333333333333,0.0,1.0,0.6666666666666666,0.10714285714285714,1.0,0.5,0.0,0.3333333333333333,0.0,1.0,0.0,2
1.0,0.20588235294117646,0.5,0.005405405405405406,0.17453505007153075,0.0,1.0,1.0,0.6666666666666666,0.0,1.0,0.3333333333333333,0.5,0.0,0.5,0.6666666666666666,0.6666666666666666,1.0,1.0,0.0,1
1.0,0.16176470588235295,1.0,0.005405405405405406,0.13965004952129415,0.0,0.75,0.3333333333333333,0.3333333333333333,0.5,0.6666666666666666,0.6666666666666666,0.08928571428571429,0.0,0.5,0.3333333333333333,0.6666666666666666,0.0,0.0,0.0,1
1.0,0.11764705882352941,1.0,0.008108108108108109,0.030097942115109497,1.0,1.0,1.0,0.3333333333333333,0.0,0.6666666666666666,0.3333333333333333,0.25,0.0,0.5,0.0,0.3333333333333333,1.0,0.0,0.0,2
0.3333333333333333,0.23529411764705882,0.75,1.0,0.13090128755364808,0.0,0.5,0.3333333333333333,0.6666666666666666,0.0,0.6666666666666666,0.6666666666666666,0.17857142857142858,0.0,0.5,0.3333333333333333,0.6666666666666666,0.0,1.0,0.0,1
1.0,0.11764705882352941,0.5,0.005405405405405406,0.08352591614394189,0.0,0.5,0.6666666666666666,0.6666666666666666,0.0,0.3333333333333333,0.0,0.08928571428571429,1.0,0.0,0.0,0.3333333333333333,0.0,0.0,0.0,1
1.0,0.11764705882352941,1.0,0.005405405405405406,0.07384175195333993,0.75,0.75,0.6666666666666666,0.3333333333333333,0.0,0.3333333333333333,0.3333333333333333,0.2857142857142857,1.0,0.5,0.0,0.6666666666666666,0.0,0.0,1.0,1
0.6666666666666666,0.0,0.5,0.0,0.06844943325630021,1.0,0.25,0.0,0.6666666666666666,0.0,0.3333333333333333,0.0,0.17857142857142858,1.0,0.5,0.0,0.3333333333333333,1.0,0.0,1.0,1
0.0,0.29411764705882354,0.0,0.005405405405405406,0.2123913282711566,0.0,1.0,0.6666666666666666,0.6666666666666666,0.0,1.0,1.0,0.07142857142857142,0.0,0.0,0.3333333333333333,0.6666666666666666,1.0,0.0,0.0,2
1.0,0.25,0.5,0.002702702702702703,0.2750082535490261,1.0,0.5,0.0,0.6666666666666666,0.0,0.6666666666666666,0.6666666666666666,0.125,1.0,0.5,0.0,0.6666666666666666,0.0,0.0,0.0,1
0.6666666666666666,0.16176470588235295,0.5,0.008108108108108109,0.11428414218113789,0.0,0.25,0.3333333333333333,0.3333333333333333,0.0,0.6666666666666666,0.0,0.10714285714285714,1.0,0.5,0.0,0.3333333333333333,0.0,0.0,0.0,2
1.0,0.16176470588235295,1.0,0.008108108108108109,0.06107626279300099,0.0,0.5,1.0,0.6666666666666666,0.0,0.3333333333333333,0.3333333333333333,0.21428571428571427,1.0,0.5,0.3333333333333333,0.6666666666666666,0.0,0.0,0.0,1
0.0,0.29411764705882354,0.5,0.0,0.1129635743369649,0.0,1.0,1.0,0.6666666666666666,0.5,0.0,0.0,0.4642857142857143,1.0,0.5,0.0,0.6666666666666666,0.0,0.0,0.0,2
0.3333333333333333,0.11764705882352941,0.5,0.021621621621621623,0.027731924727632883,1.0,1.0,1.0,0.6666666666666666,0.0,1.0,0.3333333333333333,0.3392857142857143,1.0,0.5,0.3333333333333333,0.6666666666666666,0.0,0.0,0.0,1
0.3333333333333333,0.20588235294117646,0.5,0.0,0.04357873885770881,1.0,0.5,1.0,0.3333333333333333,0.0,0.3333333333333333,0.3333333333333333,0.25,1.0,0.5,0.0,0.6666666666666666,0.0,0.0,0.0,2
1.0,0.29411764705882354,0.5,0.005405405405405406,0.20479806316716187,0.0,0.75,0.3333333333333333,0.3333333333333333,0.0,1.0,0.3333333333333333,0.10714285714285714,1.0,0.0,0.0,0.6666666666666666,0.0,1.0,0.0,1
1.0,0.029411764705882353,0.75,0.024324324324324326,0.08215032463959503,0.25,0.5,0.0,0.6666666666666666,0.0,0.3333333333333333,0.0,0.26785714285714285,1.0,0.5,0.3333333333333333,0.3333333333333333,0.0,0.0,0.0,1
1.0,0.6470588235294118,0.25,0.024324324324324326,0.18482447452404535,0.0,0.5,0.0,0.3333333333333333,0.0,0.0,0.0,0.14285714285714285,0.5,0.5,0.0,0.6666666666666666,0.0,0.0,0.0,1
1.0,0.20588235294117646,0.5,0.005405405405405406,0.12462859029382635,0.0,0.5,0.6666666666666666,0.6666666666666666,0.0,1.0,0.0,0.42857142857142855,1.0,0.5,0.0,0.6666666666666666,0.0,1.0,0.0,1
0.3333333333333333,0.029411764705882353,1.0,0.021621621621621623,0.03752613623858259,1.0,0.75,0.0,0.3333333333333333,0.0,0.6666666666666666,0.3333333333333333,0.35714285714285715,1.0,0.5,0.3333333333333333,0.3333333333333333,0.0,0.0,0.0,1
0.3333333333333333,0.29411764705882354,0.5,0.005405405405405406,0.15511169803015296,0.25,1.0,1.0,0.6666666666666666,0.0,1.0,1.0,0.19642857142857142,1.0,1.0,0.0,0.6666666666666666,0.0,0.0,0.0,1
0.3333333333333333,0.20588235294117646,1.0,0.005405405405405406,0.05749972488169913,0.0,0.25,1.0,0.3333333333333333,0.0,0.0,0.3333333333333333,0.14285714285714285,1.0,0.5,0.3333333333333333,0.6666666666666666,0.0,0.0,0.0,1
1.0,0.29411764705882354,1.0,0.008108108108108109,0.13392758886321118,0.0,0.5,1.0,0.6666666666666666,0.0,0.3333333333333333,0.0,0.2857142857142857,1.0,0.5,0.3333333333333333,0.3333333333333333,0.0,0.0,0.0,1
0.6666666666666666,0.29411764705882354,0.5,0.005405405405405406,0.19252778694838782,0.0,0.25,0.3333333333333333,0.3333333333333333,0.0,1.0,0.6666666666666666,0.125,1.0,0.5,0.0,0.6666666666666666,0.0,0.0,0.0,1
1.0,0.38235294117647056,0.25,0.002702702702702703,0.3980961813579839,1.0,0.0,1.0,0.3333333333333333,0.0,0.0,0.0,0.6071428571428571,0.0,0.5,0.0,1.0,0.0,1.0,0.0,2
1.0,0.07352941176470588,0.5,0.0,0.12418840101243535,0.5,1.0,0.3333333333333333,0.6666666666666666,0.0,1.0,1.0,0.5714285714285714,1.0,1.0,0.0,0.3333333333333333,0.0,0.0,0.0,1
1.0,0.16176470588235295,0.5,0.008108108108108109,0.0529877847474414,0.5,1.0,1.0,0.6666666666666666,0.0,0.6666666666666666,0.3333333333333333,0.5,0.5,0.5,0.0,0.6666666666666666,0.0,1.0,0.0,1
0.3333333333333333,0.07352941176470588,0.5,0.008108108108108109,0.011444921316165951,0.0,0.5,1.0,0.6666666666666666,0.0,0.6666666666666666,0.0,0.08928571428571429,1.0,0.5,0.0,0.6666666666666666,0.0,0.0,0.0,1
0.0,0.11764705882352941,1.0,0.005405405405405406,0.10982722570705403,0.0,1.0,0.6666666666666666,0.6666666666666666,0.0,0.6666666666666666,0.3333333333333333,0.7321428571428571,1.0,0.5,0.3333333333333333,0.6666666666666666,0.0,0.0,0.0,2
0.0,0.20588235294117646,0.5,0.0,0.03994717728623308,0.0,0.25,0.0,0.3333333333333333,0.0,0.3333333333333333,0.6666666666666666,0.07142857142857142,1.0,0.5,0.0,0.3333333333333333,0.0,0.0,0.0,2
0.0,0.07352941176470588,0.5,0.008108108108108109,0.06129635743369649,0.0,0.75,0.6666666666666666,0.6666666666666666,0.0,1.0,0.0,0.7142857142857143,1.0,0.5,0.0,0.6666666666666666,0.0,0.0,0.0,1
1.0,0.29411764705882354,1.0,0.016216216216216217,0.09227467811158799,1.0,0.5,0.6666666666666666,0.3333333333333333,0.0,0.3333333333333333,0.6666666666666666,0.25,1.0,0.5,0.3333333333333333,0.6666666666666666,0.0,1.0,0.0,1
1.0,0.29411764705882354,0.75,0.0,0.025696049301199515,1.0,1.0,1.0,1.0,0.0,1.0,0.6666666666666666,0.625,1.0,0.5,0.3333333333333333,0.6666666666666666,0.0,1.0,0.0,1
0.3333333333333333,0.07352941176470588,1.0,0.016216216216216217,0.06883459887751733,0.0,1.0,0.3333333333333333,0.3333333333333333,0.0,0.6666666666666666,0.6666666666666666,0.26785714285714285,1.0,0.5,0.3333333333333333,1.0,0.0,1.0,0.0,2
1.0,0.16176470588235295,0.5,0.0,0.18190822053482997,1.0,0.5,0.6666666666666666,0.6666666666666666,0.0,0.3333333333333333,1.0,0.17857142857142858,1.0,0.5,0.0,0.6666666666666666,0.0,0.0,0.0,1
0.0,0.11764705882352941,0.5,0.005405405405405406,0.05716958292065588,0.0,0.5,1.0,0.6666666666666666,1.0,0.0,0.3333333333333333,0.03571428571428571,1.0,0.5,0.0,0.3333333333333333,0.0,0.0,0.0,1
1.0,0.29411764705882354,1.0,0.005405405405405406,0.07345658633212282,0.0,0.75,1.0,0.6666666666666666,0.0,0.6666666666666666,0.3333333333333333,0.375,1.0,0.5,0.3333333333333333,0.6666666666666666,0.0,0.0,0.0,1
0.0,0.11764705882352941,1.0,0.0,0.10570045119401343,0.0,0.5,1.0,0.6666666666666666,0.0,1.0,0.3333333333333333,0.3392857142857143,0.0,0.5,0.3333333333333333,0.3333333333333333,0.0,0.0,1.0,1
0.3333333333333333,0.11764705882352941,0.5,0.008108108108108109,0.059480576647958625,0.0,0.25,0.3333333333333333,0.6666666666666666,0.0,0.0,0.6666666666666666,0.05357142857142857,0.5,0.5,0.0,0.6666666666666666,0.0,0.0,0.0,2
1.0,0.8235294117647058,0.5,0.0,0.3453835149114119,1.0,0.5,1.0,0.6666666666666666,0.0,1.0,1.0,0.26785714285714285,1.0,1.0,0.0,0.6666666666666666,1.0,1.0,0.0,1
0.0,0.20588235294117646,0.5,0.008108108108108109,0.16176956091119182,0.0,0.5,0.3333333333333333,0.3333333333333333,0.0,0.3333333333333333,0.0,0.08928571428571429,1.0,0.5,0.0,0.6666666666666666,0.0,0.0,0.0,2
0.3333333333333333,0.38235294117647056,1.0,0.005405405405405406,0.4476724991746451,0.0,0.75,0.3333333333333333,0.6666666666666666,0.0,0.3333333333333333,0.3333333333333333,0.5357142857142857,1.0,0.5,0.0,0.6666666666666666,0.0,0.0,0.0,2
0.3333333333333333,0.07352941176470588,0.25,0.0,0.06531308462638935,0.25,0.75,0.3333333333333333,0.6666666666666666,0.0,0.6666666666666666,1.0,0.17857142857142858,1.0,0.5,0.0,0.6666666666666666,0.0,0.0,0.0,2
1.0,0.29411764705882354,1.0,0.005405405405405406,0.1940684494332563,0.75,0.5,1.0,0.6666666666666666,0.0,1.0,0.0,0.5535714285714286,1.0,0.5,0.0,0.6666666666666666,0.0,1.0,0.0,1
0.3333333333333333,0.20588235294117646,1.0,0.005405405405405406,0.18498954550456698,0.0,1.0,0.6666666666666666,0.3333333333333333,0.0,1.0,0.3333333333333333,0.32142857142857145,1.0,0.5,0.0,0.6666666666666666,0.0,1.0,0.0,1
0.0,0.47058823529411764,0.75,0.016216216216216217,0.36519203257400684,0.0,0.5,1.0,0.6666666666666666,0.0,0.6666666666666666,0.3333333333333333,0.17857142857142858,0.5,0.5,0.0,0.6666666666666666,0.0,1.0,0.0,2
0.0,0.38235294117647056,0.5,0.013513513513513514,0.6464179597226808,0.0,0.25,0.0,0.0,0.0,0.0,1.0,0.26785714285714285,1.0,0.5,0.0,0.3333333333333333,0.0,1.0,0.0,2
0.0,0.8235294117647058,0.5,0.024324324324324326,0.3877517332452955,0.0,1.0,1.0,0.6666666666666666,0.5,1.0,1.0,0.30357142857142855,1.0,0.0,0.0,0.6666666666666666,0.0,0.0,0.0,2
1.0,0.11764705882352941,1.0,0.016216216216216217,0.09695168922636734,1.0,0.75,1.0,0.3333333333333333,0.0,0.3333333333333333,0.6666666666666666,0.75,1.0,0.5,0.0,0.6666666666666666,0.0,0.0,0.0,1
0.3333333333333333,0.08823529411764706,0.5,0.0,0.3883569935072081,0.0,0.0,0.3333333333333333,0.6666666666666666,0.0,1.0,1.0,0.9107142857142857,0.0,1.0,0.0,1.0,0.0,1.0,0.0,1
1.0,0.3382352941176471,0.5,0.0,0.12765489160338947,0.0,0.5,0.6666666666666666,0.3333333333333333,0.0,0.6666666666666666,0.0,0.03571428571428571,1.0,0.0,0.0,0.6666666666666666,0.0,0.0,0.0,2
0.3333333333333333,0.029411764705882353,0.75,0.0,0.0527676901067459,0.0,0.0,1.0,0.6666666666666666,0.0,1.0,0.3333333333333333,0.5,1.0,0.5,0.0,1.0,0.0,1.0,0.0,2
0.6666666666666666,0.29411764705882354,0.5,0.0,0.03835149114119071,0.0,0.75,1.0,0.6666666666666666,0.0,0.6666666666666666,1.0,0.3392857142857143,0.0,1.0,0.0,0.6666666666666666,1.0,0.0,0.0,2
1.0,0.38235294117647056,1.0,0.008108108108108109,0.235501265544184,0.0,0.75,1.0,0.3333333333333333,0.0,1.0,0.6666666666666666,0.125,1.0,0.0,0.0,1.0,0.0,1.0,0.0,1
1.0,0.11764705882352941,1.0,0.016216216216216217,0.10157367668097282,0.0,0.75,0.3333333333333333,0.6666666666666666,0.0,0.6666666666666666,0.0,0.5357142857142857,1.0,0.5,0.0,0.3333333333333333,1.0,0.0,0.0,1
0.3333333333333333,0.11764705882352941,0.5,0.0,0.05353802134918015,0.0,1.0,0.0,0.0,0.0,0.0,0.0,0.48214285714285715,1.0,0.0,0.3333333333333333,0.6666666666666666,0.0,0.0,0.0,2
1.0,0.5588235294117647,1.0,0.005405405405405406,0.2086497193793331,0.5,0.5,1.0,0.6666666666666666,0.0,1.0,0.0,0.30357142857142855,1.0,0.5,0.3333333333333333,0.6666666666666666,0.0,1.0,0.0,1
1.0,0.29411764705882354,1.0,0.002702702702702703,0.30560140860570045,0.75,0.5,1.0,0.6666666666666666,0.0,0.3333333333333333,0.0,0.14285714285714285,1.0,0.5,0.3333333333333333,0.6666666666666666,0.0,0.0,0.0,1
0.0,0.11764705882352941,0.5,0.0,0.12815010454495432,0.0,0.25,1.0,0.6666666666666666,0.0,0.0,0.0,0.25,1.0,0.5,0.0,0.3333333333333333,1.0,0.0,0.0,2
0.3333333333333333,0.29411764705882354,1.0,1.0,0.6431165401122483,0.0,0.5,0.3333333333333333,0.6666666666666666,0.5,0.6666666666666666,0.6666666666666666,0.35714285714285715,1.0,0.5,0.3333333333333333,1.0,1.0,1.0,0.0,2
0.3333333333333333,0.3382352941176471,0.5,0.024324324324324326,0.1253438978760867,0.0,0.25,1.0,0.3333333333333333,0.0,0.0,0.3333333333333333,0.23214285714285715,1.0,0.5,0.0,0.6666666666666666,1.0,1.0,0.0,1
0.6666666666666666,0.38235294117647056,1.0,0.008108108108108109,0.18741058655221746,1.0,1.0,1.0,0.6666666666666666,0.0,1.0,0.3333333333333333,0.5357142857142857,0.5,0.5,0.3333333333333333,0.3333333333333333,0.0,0.0,0.0,1
1.0,0.11764705882352941,0.0,0.005405405405405406,0.1380543633762518,0.0,1.0,0.3333333333333333,0.6666666666666666,0.0,1.0,0.3333333333333333,0.26785714285714285,1.0,0.5,0.3333333333333333,0.6666666666666666,0.0,0.0,0.0,1
0.0,0.058823529411764705,1.0,0.0,0.026466380543633764,0.0,1.0,1.0,0.6666666666666666,0.0,1.0,0.0,0.5,1.0,0.5,0.3333333333333333,0.3333333333333333,0.0,0.0,0.0,1
0.3333333333333333,0.29411764705882354,1.0,0.002702702702702703,0.41311764058545175,0.75,1.0,0.3333333333333333,0.3333333333333333,0.0,1.0,1.0,0.17857142857142858,1.0,0.0,0.0,0.6666666666666666,0.0,0.0,0.0,1
1.0,0.20588235294117646,0.5,0.0,0.3582590513920986,1.0,0.5,0.3333333333333333,0.6666666666666666,0.0,1.0,0.6666666666666666,0.875,1.0,0.0,0.3333333333333333,0.6666666666666666,0.0,0.0,0.0,2
0.0,0.029411764705882353,0.5,0.0,0.022669747991636402,0.0,0.25,0.6666666666666666,0.6666666666666666,0.0,1.0,0.0,0.39285714285714285,1.0,0.5,0.0,0.3333333333333333,1.0,1.0,0.0,1
0.0,0.11764705882352941,0.5,0.005405405405405406,0.07538241443820842,0.0,0.5,0.3333333333333333,0.3333333333333333,0.5,0.6666666666666666,0.3333333333333333,0.19642857142857142,1.0,0.5,0.0,0.6666666666666666,0.0,0.0,0.0,1
0.3333333333333333,0.029411764705882353,0.5,0.008108108108108109,0.09975789589523495,0.0,0.25,1.0,1.0,0.0,0.6666666666666666,0.6666666666666666,0.19642857142857142,1.0,0.0,0.0,1.0,0.0,1.0,0.0,1
0.3333333333333333,0.47058823529411764,0.5,0.0,0.6679322108506658,1.0,0.5,0.0,0.6666666666666666,0.0,1.0,1.0,0.32142857142857145,1.0,1.0,0.0,0.6666666666666666,0.0,1.0,0.0,2
0.3333333333333333,0.11764705882352941,1.0,0.002702702702702703,0.08858809287993838,0.0,0.0,1.0,0.6666666666666666,0.0,0.3333333333333333,0.6666666666666666,0.26785714285714285,1.0,0.5,0.3333333333333333,1.0,0.0,1.0,0.0,1
0.3333333333333333,0.29411764705882354,0.5,0.005405405405405406,0.22565203037306042,1.0,0.5,0.0,0.3333333333333333,0.0,1.0,0.3333333333333333,0.5178571428571429,1.0,0.5,0.0,0.3333333333333333,0.0,1.0,0.0,1
0.3333333333333333,0.29411764705882354,0.5,0.005405405405405406,0.20947507428194123,0.0,0.75,0.6666666666666666,0.0,0.0,0.6666666666666666,0.6666666666666666,0.42857142857142855,1.0,0.5,0.0,0.6666666666666666,0.0,1.0,0.0,2
1.0,0.29411764705882354,1.0,0.008108108108108109,0.10856168152305491,0.25,1.0,1.0,0.6666666666666666,0.0,1.0,0.3333333333333333,0.5892857142857143,0.0,0.5,0.3333333333333333,0.6666666666666666,0.0,0.0,0.0,1
0.3333333333333333,0.6470588235294118,0.25,0.024324324324324326,0.33927588863211183,0.0,1.0,1.0,0.3333333333333333,0.0,0.6666666666666666,1.0,0.7142857142857143,1.0,0.0,0.0,0.6666666666666666,0.0,0.0,0.0,2
1.0,0.11764705882352941,0.5,0.002702702702702703,0.24347969626939583,1.0,0.25,0.0,0.3333333333333333,0.0,1.0,0.6666666666666666,0.017857142857142856,1.0,0.0,0.0,0.6666666666666666,0.0,0.0,0.0,1
1.0,0.20588235294117646,1.0,0.008108108108108109,0.11852096401452625,0.0,0.5,0.3333333333333333,0.3333333333333333,0.0,0.3333333333333333,0.6666666666666666,0.125,1.0,0.5,0.3333333333333333,0.6666666666666666,0.0,0.0,0.0,1
1.0,0.6470588235294118,0.75,0.008108108108108109,0.6877407285132607,0.5,0.75,1.0,0.6666666666666666,0.0,0.0,0.6666666666666666,0.32142857142857145,1.0,0.5,0.0,1.0,0.0,1.0,0.0,1
1.0,0.29411764705882354,0.5,0.008108108108108109,0.07164080554638494,0.0,0.75,0.6666666666666666,0.6666666666666666,0.0,0.0,0.6666666666666666,0.23214285714285715,0.0,0.5,0.0,0.6666666666666666,1.0,0.0,0.0,1
1.0,0.029411764705882353,0.5,0.0,0.17981732144822274,0.0,0.5,0.3333333333333333,0.6666666666666666,1.0,0.6666666666666666,0.3333333333333333,0.125,1.0,0.0,0.0,0.6666666666666666,0.0,0.0,0.0,1
1.0,0.08823529411764706,0.5,0.002702702702702703,0.14295146913172666,0.25,0.5,0.0,0.6666666666666666,0.5,0.3333333333333333,0.0,0.23214285714285715,1.0,0.5,0.0,0.6666666666666666,1.0,0.0,0.0,1
1.0,0.029411764705882353,0.5,0.005405405405405406,0.15010454495433037,0.5,0.5,0.0,0.6666666666666666,0.0,0.3333333333333333,0.6666666666666666,0.23214285714285715,1.0,0.5,0.0,0.6666666666666666,0.0,1.0,0.0,1
0.3333333333333333,0.11764705882352941,0.5,0.0,0.023935292175635524,0.0,0.75,0.3333333333333333,1.0,0.0,0.6666666666666666,0.6666666666666666,0.10714285714285714,0.0,0.5,0.0,0.3333333333333333,0.0,0.0,0.0,2
0.6666666666666666,0.38235294117647056,0.75,0.024324324324324326,0.09122922856828436,0.0,1.0,1.0,0.6666666666666666,0.0,1.0,0.0,0.8392857142857143,1.0,0.5,0.0,1.0,0.0,1.0,0.0,2
0.3333333333333333,0.07352941176470588,1.0,0.016216216216216217,0.04875096291405304,0.75,1.0,1.0,0.6666666666666666,0.0,0.6666666666666666,1.0,0.23214285714285715,1.0,1.0,0.3333333333333333,0.6666666666666666,1.0,0.0,0.0,2
0.0,0.6470588235294118,1.0,0.002702702702702703,0.33459887751733247,0.0,1.0,1.0,0.6666666666666666,0.0,1.0,1.0,0.48214285714285715,1.0,1.0,0.3333333333333333,0.6666666666666666,0.0,1.0,0.0,2
1.0,0.29411764705882354,1.0,0.0,0.05705953560030813,0.75,1.0,1.0,0.3333333333333333,0.0,1.0,0.0,0.32142857142857145,1.0,0.5,0.3333333333333333,0.6666666666666666,0.0,1.0,0.0,1
1.0,0.029411764705882353,1.0,0.008108108108108109,0.0819852536590734,0.0,1.0,0.3333333333333333,1.0,0.0,0.3333333333333333,0.0,0.19642857142857142,1.0,0.0,0.3333333333333333,0.6666666666666666,0.0,0.0,0.0,1
0.0,0.29411764705882354,0.25,0.005405405405405406,0.14185099592824915,0.5,0.5,1.0,0.6666666666666666,0.0,1.0,0.0,0.05357142857142857,0.5,0.5,0.0,0.6666666666666666,0.0,1.0,0.0,1
1.0,0.8235294117647058,0.75,0.008108108108108109,0.847529437658193,0.0,0.75,0.3333333333333333,0.6666666666666666,0.0,1.0,0.6666666666666666,0.03571428571428571,1.0,0.5,0.3333333333333333,0.6666666666666666,0.0,1.0,0.0,1
1.0,0.47058823529411764,1.0,0.002702702702702703,0.594475624518543,1.0,0.5,1.0,0.6666666666666666,0.0,0.3333333333333333,0.6666666666666666,0.19642857142857142,1.0,0.5,0.0,1.0,0.0,1.0,0.0,1
1.0,0.11764705882352941,0.5,0.0,0.046825134807967426,0.0,0.5,0.6666666666666666,1.0,0.0,0.3333333333333333,0.0,0.14285714285714285,1.0,0.5,0.3333333333333333,0.6666666666666666,0.0,1.0,0.0,1
0.3333333333333333,0.11764705882352941,0.0,0.005405405405405406,0.1496093320127655,0.0,0.25,1.0,0.3333333333333333,0.0,0.6666666666666666,0.3333333333333333,0.10714285714285714,1.0,0.0,0.3333333333333333,0.6666666666666666,0.0,0.0,0.0,2
0.0,0.20588235294117646,1.0,0.0,0.27797953119841534,0.0,1.0,0.3333333333333333,0.6666666666666666,0.0,1.0,1.0,0.30357142857142855,1.0,1.0,0.6666666666666666,1.0,0.0,1.0,0.0,1
0.3333333333333333,0.47058823529411764,0.5,0.008108108108108109,0.1332122812809508,0.25,0.5,1.0,0.3333333333333333,0.5,1.0,1.0,0.5535714285714286,1.0,1.0,0.0,0.6666666666666666,0.0,0.0,0.0,2
0.0,0.11764705882352941,1.0,0.002702702702702703,0.06377242214152086,0.0,1.0,1.0,0.6666666666666666,0.0,0.6666666666666666,0.0,0.625,1.0,0.5,0.0,0.6666666666666666,0.0,0.0,0.0,1
0.3333333333333333,0.11764705882352941,1.0,0.002702702702702703,0.08550676791020138,0.25,0.25,0.6666666666666666,0.6666666666666666,0.0,1.0,0.3333333333333333,0.44642857142857145,1.0,0.5,0.0,0.6666666666666666,0.0,0.0,0.0,1
1.0,0.4264705882352941,0.75,0.024324324324324326,0.13832948167712117,0.0,0.5,0.3333333333333333,0.3333333333333333,0.0,0.3333333333333333,0.6666666666666666,0.125,1.0,0.5,0.3333333333333333,0.6666666666666666,0.0,1.0,0.0,1
1.0,0.16176470588235295,1.0,0.005405405405405406,0.06988004842082095,1.0,1.0,1.0,0.6666666666666666,0.0,1.0,0.3333333333333333,0.7857142857142857,1.0,0.5,0.0,0.6666666666666666,0.0,0.0,0.0,1
0.3333333333333333,0.029411764705882353,0.5,0.008108108108108109,0.006492791900517223,1.0,1.0,1.0,0.6666666666666666,0.0,1.0,0.3333333333333333,0.3392857142857143,1.0,0.5,0.0,0.6666666666666666,0.0,0.0,0.0,1
0.6666666666666666,0.11764705882352941,1.0,0.0,0.03791130185979971,0.5,0.75,1.0,1.0,0.0,0.3333333333333333,0.0,0.16071428571428573,1.0,0.5,0.6666666666666666,0.6666666666666666,0.0,1.0,0.0,2
0.0,0.25,0.5,0.0,0.19329811819082204,1.0,0.75,0.3333333333333333,0.6666666666666666,0.5,0.3333333333333333,0.0,0.08928571428571429,1.0,0.5,0.0,0.3333333333333333,0.0,0.0,1.0,1
0.3333333333333333,1.0,0.5,0.008108108108108109,0.2941014636293606,0.25,0.5,0.3333333333333333,1.0,0.0,0.3333333333333333,0.6666666666666666,0.08928571428571429,1.0,0.5,0.0,0.6666666666666666,0.0,0.0,0.0,2
0.0,0.11764705882352941,0.5,0.0,0.05634422801804776,0.0,0.25,0.6666666666666666,0.3333333333333333,0.0,0.0,0.0,0.32142857142857145,1.0,0.5,0.0,0.3333333333333333,0.0,0.0,0.0,2
0.0,0.6470588235294118,0.5,0.002702702702702703,0.2496973698690437,0.0,0.75,1.0,0.6666666666666666,0.0,0.6666666666666666,0.3333333333333333,0.125,1.0,0.5,0.0,0.6666666666666666,1.0,0.0,0.0,1
0.3333333333333333,0.6029411764705882,1.0,0.008108108108108109,0.24738637614174094,0.0,0.25,1.0,0.6666666666666666,0.0,0.3333333333333333,0.3333333333333333,0.10714285714285714,1.0,0.5,0.3333333333333333,0.3333333333333333,0.0,0.0,0.0,2
0.0,0.20588235294117646,0.5,0.008108108108108109,0.1293056014086057,0.0,0.5,1.0,0.6666666666666666,0.0,1.0,1.0,0.8214285714285714,1.0,1.0,0.3333333333333333,0.6666666666666666,0.0,0.0,0.0,2
0.0,0.11764705882352941,0.5,0.002702702702702703,0.17255419830527127,0.0,1.0,0.6666666666666666,0.6666666666666666,0.0,1.0,1.0,0.2857142857142857,1.0,1.0,0.0,0.6666666666666666,0.0,1.0,0.0,2
0.3333333333333333,0.16176470588235295,1.0,0.024324324324324326,0.11422911852096401,0.5,0.5,0.3333333333333333,0.6666666666666666,0.0,1.0,0.6666666666666666,0.14285714285714285,0.0,0.5,0.0,0.6666666666666666,0.0,0.0,0.0,1
0.3333333333333333,0.47058823529411764,0.5,0.016216216216216217,0.11131286453174866,0.0,0.75,0.6666666666666666,0.6666666666666666,0.0,0.0,0.6666666666666666,0.23214285714285715,1.0,0.5,0.3333333333333333,0.6666666666666666,1.0,0.0,0.0,1
1.0,0.6470588235294118,1.0,0.002702702702702703,0.473643666776714,1.0,0.75,0.3333333333333333,0.6666666666666666,0.0,0.0,1.0,0.2857142857142857,1.0,1.0,0.3333333333333333,0.6666666666666666,0.0,1.0,0.0,1
0.3333333333333333,0.11764705882352941,0.5,0.0,0.03224386486189061,0.25,0.25,1.0,0.3333333333333333,0.0,0.3333333333333333,0.3333333333333333,0.07142857142857142,0.0,0.5,0.0,0.3333333333333333,0.0,0.0,0.0,2
0.3333333333333333,0.11764705882352941,0.5,0.0,0.05749972488169913,0.0,0.25,0.6666666666666666,0.3333333333333333,0.0,0.0,0.6666666666666666,0.10714285714285714,1.0,0.0,0.0,0.6666666666666666,0.0,0.0,0.0,2
1.0,0.47058823529411764,1.0,0.002702702702702703,0.5627269725982172,1.0,1.0,0.3333333333333333,0.6666666666666666,0.0,1.0,1.0,0.4107142857142857,1.0,1.0,0.3333333333333333,0.6666666666666666,0.0,0.0,0.0,1
1.0,0.029411764705882353,1.0,0.005405405405405406,0.0534279740288324,1.0,0.5,0.0,1.0,0.0,0.3333333333333333,0.3333333333333333,0.14285714285714285,1.0,0.5,0.3333333333333333,0.6666666666666666,0.0,0.0,0.0,1
0.3333333333333333,0.20588235294117646,1.0,0.005405405405405406,0.33624958732254867,0.0,1.0,0.3333333333333333,0.6666666666666666,0.0,0.0,1.0,0.39285714285714285,1.0,0.5,0.0,0.6666666666666666,0.0,1.0,0.0,1
1.0,0.29411764705882354,1.0,0.024324324324324326,0.21398701441619897,0.25,0.5,0.6666666666666666,0.6666666666666666,0.0,0.6666666666666666,0.3333333333333333,0.14285714285714285,1.0,0.5,0.3333333333333333,0.3333333333333333,0.0,1.0,0.0,1
1.0,0.29411764705882354,0.5,0.0,0.39303400462198745,0.0,0.5,0.0,0.6666666666666666,0.0,1.0,0.3333333333333333,0.42857142857142855,1.0,0.5,0.0,0.3333333333333333,1.0,0.0,0.0,1
0.3333333333333333,0.11764705882352941,0.0,0.021621621621621623,0.06382744580169473,0.0,0.5,0.3333333333333333,0.6666666666666666,0.0,0.3333333333333333,0.0,0.21428571428571427,1.0,0.5,0.0,0.3333333333333333,0.0,1.0,0.0,1
0.3333333333333333,0.5588235294117647,0.25,0.002702702702702703,0.49702872235061074,0.0,0.0,0.0,0.6666666666666666,0.0,0.3333333333333333,1.0,0.6428571428571429,0.0,1.0,0.0,1.0,0.0,1.0,0.0,1
1.0,0.29411764705882354,1.0,0.008108108108108109,0.12991086167051832,0.0,1.0,1.0,1.0,0.5,0.6666666666666666,0.0,0.48214285714285715,1.0,0.5,0.3333333333333333,0.6666666666666666,0.0,0.0,0.0,1
1.0,0.11764705882352941,0.5,0.005405405405405406,0.028227137669197756,0.0,0.5,1.0,0.3333333333333333,0.0,0.0,0.0,0.125,1.0,0.5,0.0,0.6666666666666666,0.0,1.0,0.0,1
0.6666666666666666,0.029411764705882353,1.0,0.0,0.05904038736656762,0.25,1.0,0.3333333333333333,0.0,0.0,1.0,0.6666666666666666,0.16071428571428573,1.0,0.5,0.3333333333333333,0.6666666666666666,1.0,1.0,0.0,1
1.0,0.20588235294117646,1.0,0.0,0.0704302850225597,0.0,0.5,0.6666666666666666,0.6666666666666666,0.0,0.3333333333333333,0.3333333333333333,0.23214285714285715,0.0,0.5,0.3333333333333333,0.6666666666666666,0.0,0.0,0.0,2
1.0,0.20588235294117646,1.0,0.008108108108108109,0.0732915153516012,0.75,1.0,1.0,0.6666666666666666,0.0,1.0,0.6666666666666666,0.48214285714285715,1.0,0.5,0.3333333333333333,0.6666666666666666,0.0,0.0,0.0,1
1.0,0.29411764705882354,1.0,0.005405405405405406,0.09783206778914934,0.0,0.75,0.3333333333333333,0.6666666666666666,0.0,0.3333333333333333,0.3333333333333333,0.19642857142857142,1.0,0.5,0.3333333333333333,0.3333333333333333,0.0,0.0,0.0,1
0.0,0.29411764705882354,0.5,0.008108108108108109,0.0928799383735006,0.0,0.25,1.0,0.0,0.0,0.6666666666666666,0.3333333333333333,0.23214285714285715,1.0,0.5,0.0,0.6666666666666666,0.0,0.0,0.0,2
0.0,0.38235294117647056,0.5,0.005405405405405406,0.118631011334874,0.0,0.75,1.0,0.3333333333333333,0.0,1.0,0.0,0.07142857142857142,1.0,0.0,0.0,0.6666666666666666,0.0,0.0,0.0,2
1.0,0.29411764705882354,0.75,0.024324324324324326,0.15010454495433037,1.0,0.5,1.0,0.6666666666666666,0.0,1.0,0.0,0.23214285714285715,1.0,0.5,0.3333333333333333,0.6666666666666666,1.0,1.0,0.0,1
0.0,0.5588235294117647,0.75,0.008108108108108109,0.22669747991636405,0.0,0.75,0.6666666666666666,0.6666666666666666,0.0,0.3333333333333333,0.3333333333333333,0.125,0.0,0.5,0.3333333333333333,0.6666666666666666,1.0,1.0,0.0,2
0.0,0.11764705882352941,0.25,0.0,0.02459557609772202,0.0,0.25,1.0,0.6666666666666666,0.0,0.3333333333333333,0.6666666666666666,0.48214285714285715,0.0,0.5,0.3333333333333333,0.6666666666666666,0.0,1.0,0.0,2
1.0,0.16176470588235295,1.0,0.008108108108108109,0.08688235941454825,0.0,1.0,1.0,0.6666666666666666,0.0,1.0,0.6666666666666666,0.48214285714285715,1.0,0.5,0.3333333333333333,0.6666666666666666,0.0,1.0,0.0,1
1.0,0.20588235294117646,0.5,0.008108108108108109,0.23902277979531197,0.0,0.25,0.6666666666666666,0.6666666666666666,0.0,0.3333333333333333,0.6666666666666666,0.23214285714285715,1.0,0.5,0.0,0.6666666666666666,0.0,1.0,0.0,1
1.0,0.47058823529411764,0.5,0.016216216216216217,0.4844833278309673,1.0,0.5,0.3333333333333333,0.6666666666666666,0.0,1.0,1.0,0.2857142857142857,1.0,1.0,0.0,0.3333333333333333,1.0,1.0,0.0,1
0.0,0.29411764705882354,0.5,0.0,0.06223175965665236,1.0,0.5,1.0,0.3333333333333333,0.0,0.3333333333333333,0.3333333333333333,0.2857142857142857,1.0,0.5,0.0,0.6666666666666666,0.0,0.0,0.0,2
0.3333333333333333,0.07352941176470588,0.5,0.005405405405405406,0.03675580499614834,0.0,0.5,1.0,0.3333333333333333,0.0,0.0,0.3333333333333333,0.19642857142857142,1.0,0.5,0.0,0.6666666666666666,0.0,0.0,0.0,2
1.0,0.6470588235294118,1.0,0.024324324324324326,0.4060195884230219,1.0,1.0,1.0,0.0,0.0,0.3333333333333333,0.6666666666666666,0.48214285714285715,0.0,0.5,0.3333333333333333,1.0,1.0,0.0,0.0,1
0.3333333333333333,0.8235294117647058,0.25,1.0,0.7996038296467481,0.25,1.0,0.6666666666666666,0.3333333333333333,0.0,1.0,1.0,0.7321428571428571,0.0,1.0,0.3333333333333333,1.0,0.0,1.0,0.0,2
1.0,0.11764705882352941,0.5,0.0,0.117750632772092,1.0,1.0,1.0,0.6666666666666666,0.0,0.6666666666666666,0.6666666666666666,0.5535714285714286,1.0,0.5,0.0,0.6666666666666666,0.0,1.0,0.0,1
0.3333333333333333,0.029411764705882353,0.25,0.016216216216216217,0.010069329811819083,0.75,0.25,1.0,0.3333333333333333,0.0,0.3333333333333333,0.3333333333333333,0.08928571428571429,0.0,0.0,0.0,0.6666666666666666,1.0,0.0,0.0,2
0.0,0.29411764705882354,0.5,0.005405405405405406,0.15247056234180698,0.0,0.5,0.3333333333333333,0.0,0.0,0.3333333333333333,0.0,0.08928571428571429,1.0,0.0,0.0,0.3333333333333333,0.0,0.0,0.0,1
0.0,0.16176470588235295,0.75,0.005405405405405406,0.18669527896995708,0.0,1.0,0.0,0.3333333333333333,0.0,1.0,0.3333333333333333,0.14285714285714285,1.0,0.5,0.3333333333333333,0.3333333333333333,0.0,0.0,0.0,1
1.0,0.29411764705882354,1.0,0.008108108108108109,0.06965995378012545,0.75,0.5,1.0,0.3333333333333333,0.0,0.0,0.0,0.42857142857142855,1.0,0.5,0.3333333333333333,0.3333333333333333,0.0,0.0,0.0,1
1.0,0.11764705882352941,0.5,0.008108108108108109,0.06839440959612633,0.0,0.25,1.0,0.3333333333333333,0.0,0.6666666666666666,0.6666666666666666,0.26785714285714285,1.0,0.5,0.0,0.6666666666666666,1.0,0.0,0.0,1
0.3333333333333333,0.29411764705882354,0.5,0.008108108108108109,0.09447562451854297,0.0,1.0,1.0,0.3333333333333333,0.0,1.0,0.6666666666666666,0.017857142857142856,1.0,0.5,0.0,0.6666666666666666,0.0,1.0,0.0,1
1.0,0.47058823529411764,0.75,0.0,0.5846263893474194,0.0,1.0,0.3333333333333333,0.6666666666666666,0.0,0.3333333333333333,0.6666666666666666,0.4642857142857143,1.0,0.5,0.3333333333333333,0.6666666666666666,1.0,1.0,0.0,1
0.0,0.029411764705882353,0.5,0.002702702702702703,0.06063607351160999,0.5,0.0,0.0,0.3333333333333333,0.0,0.3333333333333333,0.3333333333333333,0.07142857142857142,1.0,0.0,0.0,0.0,0.0,1.0,0.0,1
0.0,0.29411764705882354,0.5,0.024324324324324326,0.34763948497854075,0.0,0.5,0.3333333333333333,1.0,0.0,0.3333333333333333,0.6666666666666666,0.03571428571428571,0.5,0.5,0.0,0.3333333333333333,0.0,0.0,0.0,1
1.0,0.29411764705882354,1.0,0.008108108108108109,0.26702982282381427,0.0,0.25,0.6666666666666666,1.0,0.0,0.6666666666666666,1.0,0.5,1.0,1.0,0.6666666666666666,0.6666666666666666,0.0,1.0,0.0,1
0.0,0.20588235294117646,0.5,0.008108108108108109,0.08979861340376362,0.0,0.5,1.0,0.3333333333333333,0.0,1.0,0.6666666666666666,0.10714285714285714,0.0,0.0,0.3333333333333333,0.6666666666666666,0.0,0.0,0.0,2
0.3333333333333333,0.20588235294117646,0.5,0.016216216216216217,0.054418399911962144,1.0,0.5,1.0,0.6666666666666666,0.0,1.0,1.0,0.75,1.0,1.0,0.0,0.6666666666666666,0.0,0.0,0.0,1
1.0,0.20588235294117646,0.75,0.008108108108108109,0.11389897655992076,0.0,0.0,0.3333333333333333,1.0,0.0,0.6666666666666666,0.0,0.26785714285714285,1.0,0.5,0.3333333333333333,0.6666666666666666,0.0,0.0,0.0,1
0.3333333333333333,0.38235294117647056,0.0,0.024324324324324326,0.2217453505007153,0.25,0.5,1.0,0.3333333333333333,0.0,1.0,0.6666666666666666,0.125,1.0,0.0,0.3333333333333333,0.3333333333333333,0.0,0.0,0.0,2
0.0,0.47058823529411764,0.25,0.005405405405405406,0.13733905579399142,0.0,1.0,1.0,0.6666666666666666,0.0,1.0,0.6666666666666666,0.21428571428571427,0.0,0.5,0.0,0.6666666666666666,0.0,0.0,0.0,2
1.0,0.25,0.5,0.0,0.1393199075602509,0.5,0.75,0.0,0.3333333333333333,0.0,0.3333333333333333,0.6666666666666666,0.21428571428571427,0.0,0.5,0.0,1.0,0.0,0.0,0.0,1
1.0,0.11764705882352941,0.5,0.024324324324324326,0.045449543303620554,0.0,0.5,0.3333333333333333,1.0,0.0,0.3333333333333333,0.0,0.125,1.0,0.5,0.0,0.6666666666666666,0.0,1.0,1.0,1
0.3333333333333333,0.058823529411764705,0.5,0.008108108108108109,0.02806206668867613,0.0,0.75,1.0,0.3333333333333333,1.0,0.3333333333333333,0.0,0.44642857142857145,1.0,0.5,0.0,0.3333333333333333,0.0,0.0,0.0,1
0.3333333333333333,0.29411764705882354,0.5,0.008108108108108109,0.19302299988995267,0.5,0.0,0.0,0.3333333333333333,0.0,1.0,1.0,0.07142857142857142,1.0,0.0,0.0,0.0,0.0,0.0,0.0,1
0.3333333333333333,0.16176470588235295,1.0,0.008108108108108109,0.13634862991086166,1.0,0.75,1.0,0.6666666666666666,1.0,0.3333333333333333,0.0,0.2857142857142857,0.0,0.5,0.6666666666666666,0.6666666666666666,0.0,1.0,0.0,1
1.0,0.11764705882352941,1.0,0.008108108108108109,0.05447342357213602,1.0,1.0,1.0,0.3333333333333333,0.0,0.3333333333333333,0.0,0.3392857142857143,1.0,0.5,0.3333333333333333,0.6666666666666666,0.0,1.0,0.0,1
0.0,0.20588235294117646,0.5,0.005405405405405406,0.21475734565863322,0.0,0.5,0.3333333333333333,0.6666666666666666,0.5,0.6666666666666666,0.6666666666666666,0.4107142857142857,1.0,0.5,0.0,0.6666666666666666,0.0,0.0,0.0,2
0.3333333333333333,0.29411764705882354,0.5,0.0,0.1357983933091229,0.0,0.5,0.6666666666666666,0.3333333333333333,0.0,1.0,0.3333333333333333,0.017857142857142856,1.0,0.0,0.0,0.3333333333333333,0.0,1.0,0.0,2
1.0,0.07352941176470588,0.5,0.008108108108108109,0.06756905469351822,0.0,0.75,1.0,0.6666666666666666,0.0,0.3333333333333333,0.6666666666666666,0.05357142857142857,1.0,0.5,0.0,0.6666666666666666,0.0,0.0,0.0,2
1.0,0.16176470588235295,1.0,0.002702702702702703,0.17156377242214152,0.75,1.0,0.6666666666666666,0.6666666666666666,0.0,1.0,1.0,0.07142857142857142,1.0,0.0,0.3333333333333333,0.6666666666666666,0.0,1.0,0.0,1
1.0,0.11764705882352941,0.75,0.013513513513513514,0.07180587652690656,0.75,1.0,1.0,0.6666666666666666,0.0,1.0,1.0,0.6428571428571429,1.0,1.0,0.3333333333333333,0.6666666666666666,1.0,0.0,0.0,2
1.0,0.20588235294117646,0.5,0.008108108108108109,0.010069329811819083,0.0,0.0,0.6666666666666666,0.3333333333333333,0.5,1.0,0.0,0.05357142857142857,1.0,0.0,0.0,0.6666666666666666,0.0,0.0,0.0,2
1.0,0.47058823529411764,0.5,0.005405405405405406,0.590073731704633,0.0,0.0,1.0,0.3333333333333333,0.0,0.3333333333333333,0.6666666666666666,0.125,1.0,0.5,0.3333333333333333,1.0,0.0,1.0,0.0,2
0.3333333333333333,0.47058823529411764,1.0,0.0,0.14141080664685815,0.0,0.25,1.0,0.0,0.0,1.0,0.6666666666666666,0.14285714285714285,1.0,0.5,0.3333333333333333,0.6666666666666666,0.0,0.0,0.0,2
0.0,0.11764705882352941,0.5,0.008108108108108109,0.10806646858149004,0.0,0.5,1.0,0.6666666666666666,0.0,0.6666666666666666,0.3333333333333333,0.08928571428571429,1.0,0.5,0.0,0.3333333333333333,0.0,0.0,0.0,1
1.0,0.29411764705882354,1.0,0.008108108108108109,0.11962143721800374,1.0,1.0,1.0,0.6666666666666666,0.0,1.0,0.3333333333333333,0.6071428571428571,1.0,0.5,0.3333333333333333,0.6666666666666666,0.0,0.0,0.0,1
1.0,0.08823529411764706,1.0,0.005405405405405406,0.10432485968966655,0.0,0.25,0.0,0.3333333333333333,0.0,0.6666666666666666,0.0,0.07142857142857142,1.0,0.0,0.3333333333333333,0.6666666666666666,0.0,0.0,0.0,1
1.0,0.11764705882352941,1.0,0.008108108108108109,0.0926598437328051,0.0,1.0,0.3333333333333333,0.6666666666666666,0.0,0.3333333333333333,1.0,0.125,1.0,0.5,0.3333333333333333,0.6666666666666666,0.0,0.0,0.0,1
0.0,0.11764705882352941,0.5,0.005405405405405406,0.022119511389897657,0.0,1.0,1.0,0.3333333333333333,0.0,1.0,0.3333333333333333,0.08928571428571429,1.0,0.0,0.0,0.6666666666666666,0.0,0.0,0.0,1
1.0,0.29411764705882354,0.5,0.002702702702702703,0.12947067238912732,0.75,0.5,0.3333333333333333,0.3333333333333333,0.0,1.0,0.6666666666666666,0.16071428571428573,1.0,0.0,0.0,0.6666666666666666,0.0,1.0,0.0,1
1.0,0.11764705882352941,1.0,0.005405405405405406,0.3054363376251788,1.0,1.0,0.3333333333333333,0.6666666666666666,0.0,1.0,0.3333333333333333,0.5357142857142857,1.0,0.0,0.0,0.6666666666666666,0.0,1.0,0.0,1
0.0,0.16176470588235295,1.0,0.005405405405405406,0.039892153626059204,0.0,0.5,0.3333333333333333,0.0,0.0,0.6666666666666666,0.3333333333333333,0.10714285714285714,1.0,0.5,0.3333333333333333,0.6666666666666666,0.0,0.0,0.0,1
0.3333333333333333,0.20588235294117646,1.0,0.008108108108108109,0.08501155496863651,0.0,1.0,0.6666666666666666,0.3333333333333333,1.0,1.0,0.0,0.5178571428571429,0.0,0.0,0.3333333333333333,0.3333333333333333,0.0,1.0,0.0,1
0.0,0.10294117647058823,1.0,0.0,0.20298228238142402,0.0,0.5,0.0,0.6666666666666666,0.0,0.3333333333333333,0.0,0.375,1.0,0.5,0.3333333333333333,0.3333333333333333,1.0,0.0,0.0,1
0.3333333333333333,0.38235294117647056,1.0,0.0,0.27423792230659183,0.0,0.0,1.0,1.0,0.0,0.3333333333333333,0.6666666666666666,0.16071428571428573,1.0,0.5,0.3333333333333333,1.0,0.0,0.0,0.0,2
1.0,0.16176470588235295,0.5,0.008108108108108109,0.06250687795752173,1.0,0.5,1.0,1.0,0.0,0.3333333333333333,0.0,0.375,1.0,0.0,0.0,0.6666666666666666,0.0,1.0,0.0,1
0.0,0.38235294117647056,0.5,0.005405405405405406,0.33564432706063607,1.0,1.0,1.0,0.6666666666666666,0.0,1.0,0.3333333333333333,0.21428571428571427,1.0,0.5,0.0,0.6666666666666666,0.0,0.0,0.0,2
0.0,0.11764705882352941,1.0,0.0,0.10294926818531969,0.0,0.5,1.0,0.6666666666666666,0.0,0.3333333333333333,0.3333333333333333,0.19642857142857142,1.0,0.5,0.3333333333333333,0.6666666666666666,0.0,0.0,0.0,1
0.3333333333333333,0.11764705882352941,0.5,0.008108108108108109,0.0706503796632552,0.0,0.25,0.0,1.0,0.0,0.0,0.0,0.07142857142857142,1.0,0.0,0.0,0.6666666666666666,0.0,0.0,0.0,2
0.3333333333333333,0.20588235294117646,0.5,0.024324324324324326,0.09150434686915374,0.75,0.25,0.6666666666666666,1.0,0.0,0.6666666666666666,0.0,0.30357142857142855,0.0,0.5,0.0,0.6666666666666666,0.0,1.0,0.0,1
0.3333333333333333,0.11764705882352941,0.5,0.008108108108108109,0.028392208649719378,0.5,0.5,1.0,0.6666666666666666,0.0,0.6666666666666666,0.0,0.8392857142857143,1.0,0.5,0.0,0.3333333333333333,0.0,0.0,0.0,2
0.3333333333333333,0.47058823529411764,0.0,0.024324324324324326,0.09370529327610873,0.0,1.0,1.0,0.6666666666666666,0.0,1.0,1.0,0.75,1.0,1.0,0.0,1.0,0.0,1.0,0.0,2
1.0,0.16176470588235295,0.5,0.002702702702702703,0.0577748431825685,1.0,1.0,1.0,0.6666666666666666,0.0,1.0,1.0,0.4642857142857143,0.0,1.0,0.0,0.6666666666666666,1.0,0.0,0.0,1
0.3333333333333333,0.29411764705882354,0.75,0.008108108108108109,0.07169582920655881,0.25,0.75,0.6666666666666666,0.3333333333333333,0.0,0.3333333333333333,0.3333333333333333,0.07142857142857142,1.0,0.0,0.3333333333333333,0.6666666666666666,0.0,1.0,0.0,1
0.3333333333333333,0.07352941176470588,0.5,0.016216216216216217,0.05221745350500715,0.0,0.75,1.0,0.3333333333333333,0.0,1.0,0.3333333333333333,0.8571428571428571,1.0,0.5,0.3333333333333333,1.0,0.0,1.0,0.0,1
1.0,0.38235294117647056,1.0,0.008108108108108109,0.35721360184879497,1.0,0.75,0.3333333333333333,0.6666666666666666,0.0,0.6666666666666666,0.3333333333333333,0.30357142857142855,1.0,0.5,0.3333333333333333,0.6666666666666666,0.0,0.0,0.0,1
1.0,0.29411764705882354,1.0,0.008108108108108109,0.0880928799383735,0.0,0.75,1.0,1.0,1.0,0.3333333333333333,0.6666666666666666,0.25,1.0,0.5,0.3333333333333333,0.6666666666666666,0.0,1.0,0.0,1
1.0,0.16176470588235295,0.5,0.010810810810810811,0.034334763948497854,1.0,0.25,1.0,0.3333333333333333,0.0,0.0,0.0,0.08928571428571429,1.0,0.5,0.0,0.6666666666666666,0.0,0.0,0.0,1
0.0,0.47058823529411764,0.5,0.005405405405405406,0.18542973478595795,0.0,0.5,0.0,0.6666666666666666,1.0,0.3333333333333333,0.3333333333333333,0.32142857142857145,1.0,0.5,0.0,0.6666666666666666,1.0,0.0,0.0,1
1.0,0.29411764705882354,0.5,0.0,0.05496863651370089,0.0,0.25,1.0,1.0,0.0,0.3333333333333333,0.0,0.16071428571428573,1.0,0.5,0.0,0.6666666666666666,0.0,0.0,0.0,1
1.0,0.029411764705882353,0.5,0.005405405405405406,0.07114559260482008,0.75,0.5,1.0,0.0,0.0,0.3333333333333333,0.0,0.25,1.0,0.5,0.0,0.6666666666666666,0.0,0.0,0.0,1
0.0,0.29411764705882354,0.25,0.005405405405405406,0.3643666776713987,0.0,0.25,0.3333333333333333,0.0,0.0,0.0,0.3333333333333333,0.6428571428571429,0.0,0.5,0.0,0.6666666666666666,0.0,1.0,0.0,2
0.0,0.029411764705882353,1.0,0.008108108108108109,0.09392538791680423,0.0,0.75,0.0,0.3333333333333333,0.0,1.0,0.6666666666666666,0.21428571428571427,1.0,0.5,0.0,0.6666666666666666,0.0,0.0,0.0,1
1.0,0.20588235294117646,1.0,0.008108108108108109,0.05056674369979091,1.0,0.5,1.0,0.6666666666666666,0.0,0.6666666666666666,0.3333333333333333,0.17857142857142858,1.0,0.5,0.3333333333333333,0.6666666666666666,0.0,1.0,0.0,1
1.0,0.029411764705882353,0.5,0.008108108108108109,0.014746340926598437,0.0,0.5,0.6666666666666666,0.3333333333333333,0.0,0.0,0.0,0.17857142857142858,1.0,0.5,0.0,0.6666666666666666,0.0,0.0,0.0,1
0.3333333333333333,0.6470588235294118,0.5,0.005405405405405406,0.534279740288324,0.0,0.25,0.0,0.3333333333333333,0.0,0.3333333333333333,0.6666666666666666,0.125,1.0,0.5,0.0,0.6666666666666666,0.0,1.0,0.0,2
1.0,0.08823529411764706,0.5,0.021621621621621623,0.03543523715197535,1.0,0.75,1.0,0.3333333333333333,0.0,0.6666666666666666,0.3333333333333333,0.375,1.0,0.5,0.0,0.6666666666666666,0.0,1.0,0.0,1
1.0,0.11764705882352941,0.5,0.008108108108108109,0.055683944095961266,0.0,0.5,0.6666666666666666,0.6666666666666666,0.0,0.3333333333333333,0.6666666666666666,0.10714285714285714,1.0,0.5,0.0,0.6666666666666666,0.0,0.0,0.0,1
1.0,0.25,1.0,0.005405405405405406,0.11213821943435677,0.0,0.25,1.0,0.3333333333333333,0.0,1.0,0.3333333333333333,0.07142857142857142,1.0,0.5,0.0,0.6666666666666666,0.0,1.0,0.0,1
1.0,0.04411764705882353,1.0,0.008108108108108109,0.02641135688345989,1.0,1.0,1.0,0.6666666666666666,0.0,0.3333333333333333,0.3333333333333333,0.48214285714285715,1.0,0.0,0.3333333333333333,0.3333333333333333,0.0,1.0,0.0,1
0.3333333333333333,0.029411764705882353,0.5,0.008108108108108109,0.012875536480686695,0.0,0.75,0.6666666666666666,1.0,1.0,0.6666666666666666,0.0,0.16071428571428573,0.0,0.5,0.0,0.3333333333333333,0.0,0.0,0.0,1
0.3333333333333333,0.11764705882352941,0.5,0.005405405405405406,0.09199955981071861,0.0,0.5,1.0,0.6666666666666666,0.0,0.3333333333333333,0.3333333333333333,0.32142857142857145,1.0,0.5,0.0,0.3333333333333333,0.0,0.0,0.0,2
1.0,0.25,0.75,0.024324324324324326,0.1282051282051282,0.5,0.25,1.0,0.6666666666666666,0.0,0.3333333333333333,0.0,0.39285714285714285,0.0,0.5,0.0,0.3333333333333333,1.0,0.0,0.0,2
0.3333333333333333,0.6470588235294118,0.25,0.024324324324324326,0.18245845713656872,0.25,0.75,1.0,0.6666666666666666,0.0,0.3333333333333333,0.6666666666666666,0.19642857142857142,1.0,0.5,0.0,0.6666666666666666,0.0,0.0,0.0,1
0.0,0.38235294117647056,0.5,0.005405405405405406,0.1572576207769341,0.0,0.25,0.3333333333333333,0.0,0.0,1.0,0.3333333333333333,0.21428571428571427,1.0,0.5,0.0,0.3333333333333333,0.0,0.0,0.0,2
0.6666666666666666,0.029411764705882353,1.0,0.0,0.06014086057004512,0.0,1.0,0.0,0.6666666666666666,0.0,1.0,0.0,0.48214285714285715,1.0,0.5,0.3333333333333333,0.6666666666666666,1.0,0.0,1.0,1
1.0,0.29411764705882354,1.0,0.013513513513513514,0.09948277759436558,0.0,0.5,1.0,0.0,0.0,0.3333333333333333,0.0,0.25,1.0,0.5,0.3333333333333333,0.6666666666666666,0.0,1.0,0.0,1
0.3333333333333333,0.11764705882352941,0.5,0.008108108108108109,0.14746340926598436,0.0,0.75,0.3333333333333333,0.3333333333333333,0.0,0.0,0.0,0.14285714285714285,1.0,0.5,0.0,0.6666666666666666,0.0,0.0,0.0,1
0.0,0.11764705882352941,0.5,0.008108108108108109,0.04715527676901068,0.0,0.5,0.3333333333333333,0.6666666666666666,0.0,0.3333333333333333,0.0,0.017857142857142856,1.0,0.0,0.0,1.0,1.0,1.0,0.0,1
0.0,0.5588235294117647,0.5,0.008108108108108109,0.20441289754594474,0.0,0.25,1.0,0.6666666666666666,0.0,0.6666666666666666,0.6666666666666666,0.26785714285714285,1.0,0.5,0.0,0.6666666666666666,0.0,0.0,0.0,2
1.0,0.29411764705882354,0.5,0.002702702702702703,0.4966985803895675,1.0,0.5,0.3333333333333333,0.0,0.0,1.0,1.0,0.5178571428571429,1.0,1.0,0.0,0.6666666666666666,0.0,1.0,0.0,1
1.0,0.07352941176470588,1.0,0.016216216216216217,0.05469351821283152,1.0,1.0,1.0,0.3333333333333333,0.0,1.0,0.3333333333333333,0.39285714285714285,1.0,0.0,0.3333333333333333,0.3333333333333333,0.0,0.0,0.0,1
1.0,0.16176470588235295,0.25,0.008108108108108109,0.07257620776934082,0.25,1.0,1.0,0.6666666666666666,0.0,1.0,0.6666666666666666,0.26785714285714285,0.0,0.5,0.0,0.3333333333333333,1.0,0.0,0.0,1
1.0,0.11764705882352941,0.5,0.0,0.02145922746781116,0.0,0.5,1.0,0.0,0.0,0.3333333333333333,0.0,0.5357142857142857,1.0,0.5,0.0,0.3333333333333333,0.0,0.0,0.0,1
0.0,0.16176470588235295,0.0,0.0,0.03851656212171234,0.0,1.0,1.0,0.6666666666666666,0.0,0.6666666666666666,0.6666666666666666,0.25,1.0,0.0,0.3333333333333333,0.6666666666666666,1.0,0.0,0.0,2
0.3333333333333333,0.29411764705882354,0.0,0.024324324324324326,0.21959942775393418,0.0,0.5,0.0,0.6666666666666666,0.0,1.0,0.0,0.30357142857142855,1.0,0.5,0.6666666666666666,0.3333333333333333,0.0,1.0,0.0,2
1.0,0.8235294117647058,0.5,0.0,0.5566193463189172,0.0,1.0,0.3333333333333333,0.6666666666666666,0.0,1.0,0.3333333333333333,0.4107142857142857,1.0,0.5,0.0,1.0,0.0,1.0,0.0,1
1.0,0.029411764705882353,1.0,0.008108108108108109,0.024760647078243644,1.0,1.0,1.0,0.6666666666666666,0.0,1.0,1.0,0.30357142857142855,1.0,1.0,0.3333333333333333,0.6666666666666666,0.0,0.0,0.0,1
0.6666666666666666,0.029411764705882353,0.5,0.005405405405405406,0.10267414988445031,0.0,0.5,0.3333333333333333,0.6666666666666666,0.0,0.3333333333333333,0.0,0.39285714285714285,1.0,0.5,0.0,0.6666666666666666,0.0,1.0,0.0,1
1.0,0.47058823529411764,1.0,0.008108108108108109,0.5126004181798173,0.0,0.5,0.3333333333333333,0.3333333333333333,0.0,0.3333333333333333,0.6666666666666666,0.21428571428571427,0.5,0.5,0.3333333333333333,0.6666666666666666,0.0,0.0,0.0,1
0.3333333333333333,0.6470588235294118,0.0,0.024324324324324326,0.6577528337184989,1.0,0.5,0.3333333333333333,0.6666666666666666,0.0,0.3333333333333333,0.6666666666666666,0.5178571428571429,0.0,0.5,0.0,1.0,0.0,1.0,0.0,1
0.0,0.17647058823529413,1.0,0.0,0.13068119291295258,0.0,1.0,0.3333333333333333,0.6666666666666666,1.0,1.0,0.3333333333333333,0.42857142857142855,0.0,0.0,0.0,0.6666666666666666,0.0,1.0,0.0,2
0.3333333333333333,0.20588235294117646,0.75,0.024324324324324326,0.11978650819852536,1.0,1.0,1.0,0.6666666666666666,0.0,0.3333333333333333,0.3333333333333333,0.4107142857142857,1.0,0.5,0.3333333333333333,0.6666666666666666,0.0,0.0,0.0,1
0.0,0.20588235294117646,0.5,0.005405405405405406,0.1223175965665236,0.0,0.0,1.0,0.6666666666666666,0.0,0.0,0.6666666666666666,0.10714285714285714,1.0,0.5,0.0,0.0,0.0,0.0,0.0,2
0.0,0.16176470588235295,0.5,0.010810810810810811,0.056399251678221636,1.0,0.5,1.0,0.3333333333333333,0.0,0.3333333333333333,0.6666666666666666,0.08928571428571429,1.0,0.0,0.0,0.6666666666666666,0.0,0.0,0.0,2
0.0,0.25,0.5,0.005405405405405406,0.1842742379223066,0.0,0.75,0.0,0.3333333333333333,0.0,1.0,0.6666666666666666,0.125,1.0,0.0,0.0,0.3333333333333333,0.0,0.0,0.0,1
0.0,0.20588235294117646,0.25,0.0,0.06558820292725873,0.0,0.75,1.0,0.6666666666666666,0.0,1.0,1.0,0.23214285714285715,1.0,1.0,0.3333333333333333,0.3333333333333333,1.0,0.0,0.0,2
0.3333333333333333,0.20588235294117646,1.0,0.0,0.0348850005502366,0.0,1.0,1.0,0.6666666666666666,0.0,1.0,0.6666666666666666,0.30357142857142855,0.0,0.5,0.0,0.6666666666666666,1.0,1.0,0.0,2
0.0,0.29411764705882354,0.5,0.005405405405405406,0.20743919885550788,0.0,0.5,0.3333333333333333,0.6666666666666666,0.0,0.3333333333333333,0.6666666666666666,0.14285714285714285,0.5,0.5,0.0,0.6666666666666666,0.0,0.0,0.0,1
0.0,0.29411764705882354,0.5,0.008108108108108109,0.11742049081104874,0.0,1.0,1.0,0.6666666666666666,0.0,1.0,0.0,0.8035714285714286,0.0,0.0,0.0,0.3333333333333333,0.0,0.0,0.0,1
0.0,0.11764705882352941,0.5,0.005405405405405406,0.056784417299438755,0.0,0.5,0.3333333333333333,0.3333333333333333,0.0,1.0,0.6666666666666666,0.017857142857142856,1.0,0.0,0.0,0.6666666666666666,0.0,0.0,0.0,2
0.0,0.47058823529411764,0.5,0.005405405405405406,0.1354682513480797,0.0,1.0,0.3333333333333333,0.6666666666666666,0.0,0.3333333333333333,0.3333333333333333,0.39285714285714285,0.0,0.5,0.0,0.6666666666666666,1.0,0.0,0.0,2
1.0,0.20588235294117646,0.5,0.024324324324324326,0.07252118410916694,0.25,0.5,0.6666666666666666,0.3333333333333333,0.0,1.0,0.3333333333333333,0.08928571428571429,1.0,0.0,0.0,0.3333333333333333,0.0,0.0,0.0,1
1.0,0.29411764705882354,1.0,0.0,0.09750192582810609,0.0,0.5,1.0,0.3333333333333333,0.0,1.0,0.6666666666666666,0.32142857142857145,1.0,0.5,0.0,0.6666666666666666,0.0,1.0,0.0,1
0.3333333333333333,0.47058823529411764,0.5,0.005405405405405406,0.48332783096731596,0.25,0.25,1.0,0.6666666666666666,0.5,0.0,1.0,0.17857142857142858,1.0,0.0,0.0,1.0,0.0,1.0,0.0,2
0.0,0.11764705882352941,0.5,0.008108108108108109,0.06866952789699571,0.0,0.5,1.0,0.3333333333333333,0.0,0.0,0.6666666666666666,0.07142857142857142,0.0,0.5,0.0,0.6666666666666666,0.0,0.0,0.0,1
0.0,0.029411764705882353,1.0,0.005405405405405406,0.17244415098492352,0.0,0.5,0.0,0.0,0.0,1.0,0.0,0.44642857142857145,1.0,0.0,0.0,1.0,0.0,1.0,0.0,2
0.0,0.08823529411764706,1.0,0.0,0.10955210740618467,0.0,0.25,0.0,0.6666666666666666,0.0,0.6666666666666666,0.0,0.5178571428571429,1.0,0.0,0.3333333333333333,0.3333333333333333,1.0,0.0,1.0,1
1.0,0.11764705882352941,0.5,0.008108108108108109,0.15555188731154396,0.0,0.5,0.3333333333333333,0.6666666666666666,0.0,1.0,0.6666666666666666,0.5892857142857143,1.0,0.5,0.0,0.6666666666666666,0.0,1.0,0.0,1
