1.0,0.07352941176470588,1.0,0.005405405405405406,0.118631011334874,0.0,0.0,0.3333333333333333,0.6666666666666666,0.0,0.6666666666666666,0.6666666666666666,0.21428571428571427,1.0,0.5,0.0,1.0,0.0,0.0,0.0,1
0.0,0.6470588235294118,0.0,0.005405405405405406,0.37795752173434577,0.0,0.5,0.6666666666666666,0.6666666666666666,0.0,1.0,1.0,0.6071428571428571,1.0,1.0,0.3333333333333333,0.6666666666666666,1.0,0.0,0.0,2
0.3333333333333333,0.29411764705882354,1.0,0.005405405405405406,0.2468361395400022,0.0,0.25,0.3333333333333333,0.3333333333333333,0.0,1.0,0.6666666666666666,0.10714285714285714,0.0,0.5,0.0,0.3333333333333333,0.0,0.0,0.0,2
0.0,0.07352941176470588,0.5,0.005405405405405406,0.10377462308792781,0.0,0.5,0.6666666666666666,0.6666666666666666,0.0,0.3333333333333333,0.0,0.10714285714285714,1.0,0.5,0.0,0.6666666666666666,0.0,0.0,0.0,1
0.3333333333333333,0.16176470588235295,0.5,0.013513513513513514,0.06954990645977771,0.25,0.5,1.0,0.6666666666666666,1.0,0.3333333333333333,0.0,0.05357142857142857,1.0,0.5,0.0,0.6666666666666666,0.0,0.0,0.0,1
1.0,0.029411764705882353,0.5,0.008108108108108109,0.014746340926598437,0.0,0.5,0.6666666666666666,0.3333333333333333,0.0,0.0,0.0,0.17857142857142858,1.0,0.5,0.0,0.6666666666666666,0.0,0.0,0.0,1
0.3333333333333333,0.11764705882352941,0.5,0.024324324324324326,0.03251898316275999,0.25,0.75,0.3333333333333333,0.3333333333333333,0.0,1.0,0.0,0.07142857142857142,1.0,0.0,0.0,0.3333333333333333,0.0,0.0,0.0,1
1.0,0.6470588235294118,0.5,0.024324324324324326,0.20160669087707714,1.0,0.5,1.0,0.0,0.0,0.3333333333333333,0.0,0.3392857142857143,0.0,0.5,0.0,0.6666666666666666,0.0,0.0,0.0,2
0.0,0.25,0.5,0.008108108108108109,0.12963574336964895,0.0,0.25,1.0,0.3333333333333333,0.0,1.0,0.3333333333333333,0.16071428571428573,1.0,0.0,0.0,1.0,0.0,1.0,0.0,1
0.0,0.5588235294117647,0.5,0.008108108108108109,0.20441289754594474,0.0,0.25,1.0,0.6666666666666666,0.0,0.6666666666666666,0.6666666666666666,0.26785714285714285,1.0,0.5,0.0,0.6666666666666666,0.0,0.0,0.0,2
0.0,0.20588235294117646,1.0,0.013513513513513514,0.05172224056344228,0.0,0.0,0.3333333333333333,0.3333333333333333,0.0,1.0,1.0,0.6428571428571429,1.0,1.0,0.6666666666666666,0.0,1.0,0.0,0.0,2
1.0,0.11764705882352941,0.5,0.008108108108108109,0.1116430064927919,1.0,0.5,1.0,0.6666666666666666,0.0,1.0,1.0,0.32142857142857145,1.0,1.0,0.0,0.6666666666666666,0.0,1.0,0.0,1
1.0,0.08823529411764706,0.5,0.0,0.05705953560030813,1.0,1.0,1.0,0.6666666666666666,0.5,0.3333333333333333,0.3333333333333333,0.4642857142857143,1.0,0.5,0.0,0.3333333333333333,0.0,0.0,1.0,1
1.0,0.29411764705882354,1.0,0.008108108108108109,0.12991086167051832,0.0,1.0,1.0,1.0,0.5,0.6666666666666666,0.0,0.48214285714285715,1.0,0.5,0.3333333333333333,0.6666666666666666,0.0,0.0,0.0,1
0.3333333333333333,0.11764705882352941,0.5,0.021621621621621623,0.027731924727632883,1.0,1.0,1.0,0.6666666666666666,0.0,1.0,0.3333333333333333,0.3392857142857143,1.0,0.5,0.3333333333333333,0.6666666666666666,0.0,0.0,0.0,1
1.0,0.25,0.5,0.002702702702702703,0.12248266754704523,1.0,1.0,1.0,0.6666666666666666,0.0,1.0,0.0,0.48214285714285715,1.0,0.5,0.0,1.0,0.0,1.0,0.0,1
0.3333333333333333,0.11764705882352941,0.5,0.005405405405405406,0.040332342907450205,0.75,0.25,0.0,0.3333333333333333,0.0,1.0,0.0,0.0,1.0,0.0,0.0,0.3333333333333333,0.0,0.0,0.0,1
0.6666666666666666,0.029411764705882353,1.0,0.016216216216216217,0.04385385715857819,0.0,0.5,0.3333333333333333,0.3333333333333333,0.0,1.0,0.3333333333333333,0.5535714285714286,1.0,0.5,0.0,0.3333333333333333,0.0,0.0,0.0,1
0.0,0.20588235294117646,1.0,0.008108108108108109,0.08968856608341587,0.0,0.75,1.0,1.0,0.0,0.0,0.3333333333333333,0.23214285714285715,1.0,0.5,0.3333333333333333,1.0,0.0,1.0,0.0,1
1.0,0.04411764705882353,1.0,0.008108108108108109,0.02641135688345989,1.0,1.0,1.0,0.6666666666666666,0.0,0.3333333333333333,0.3333333333333333,0.48214285714285715,1.0,0.0,0.3333333333333333,0.3333333333333333,0.0,1.0,0.0,1
0.0,0.5294117647058824,1.0,0.016216216216216217,0.3162759986794322,0.0,0.5,1.0,0.6666666666666666,0.0,0.6666666666666666,1.0,0.14285714285714285,0.0,0.5,0.0,0.6666666666666666,0.0,1.0,0.0,2
1.0,0.47058823529411764,0.5,0.008108108108108109,0.1840541432816111,0.0,1.0,1.0,0.6666666666666666,0.0,0.3333333333333333,0.6666666666666666,0.16071428571428573,1.0,0.5,0.0,0.6666666666666666,0.0,0.0,0.0,1
0.0,0.16176470588235295,0.5,0.024324324324324326,0.03059315505667437,0.0,0.5,1.0,0.3333333333333333,0.0,1.0,0.3333333333333333,0.05357142857142857,1.0,0.5,0.0,0.3333333333333333,0.0,0.0,0.0,1
0.0,0.20588235294117646,0.5,0.008108108108108109,0.11769560911191812,0.0,0.25,1.0,0.3333333333333333,0.0,0.0,0.6666666666666666,0.14285714285714285,0.5,0.5,0.0,0.6666666666666666,0.0,0.0,0.0,1
1.0,0.20588235294117646,1.0,0.0,0.04429404643996919,0.0,0.25,1.0,0.3333333333333333,0.0,0.0,0.3333333333333333,0.19642857142857142,1.0,0.5,0.3333333333333333,0.6666666666666666,0.0,0.0,0.0,1
1.0,0.20588235294117646,1.0,0.008108108108108109,0.32023770221195114,0.0,1.0,0.6666666666666666,0.6666666666666666,0.0,1.0,0.6666666666666666,0.25,1.0,0.5,0.3333333333333333,0.6666666666666666,0.0,1.0,0.0,1
1.0,0.29411764705882354,1.0,0.002702702702702703,0.11532959172444152,0.0,0.75,1.0,0.6666666666666666,0.0,0.6666666666666666,0.6666666666666666,0.2857142857142857,1.0,0.5,0.3333333333333333,0.6666666666666666,0.0,1.0,0.0,1
0.3333333333333333,0.20588235294117646,0.5,0.002702702702702703,0.1391548365797293,0.0,0.5,0.0,1.0,0.0,0.6666666666666666,0.6666666666666666,0.03571428571428571,1.0,0.0,0.0,0.6666666666666666,0.0,1.0,0.0,1
1.0,0.29411764705882354,0.5,0.002702702702702703,0.4161989655551887,0.0,0.75,0.6666666666666666,0.6666666666666666,0.0,0.6666666666666666,0.6666666666666666,0.3392857142857143,1.0,0.5,0.0,1.0,0.0,1.0,0.0,1
0.0,0.20588235294117646,1.0,0.005405405405405406,0.10311433916584131,0.0,0.5,1.0,0.3333333333333333,0.0,1.0,0.0,0.08928571428571429,1.0,0.0,0.3333333333333333,0.6666666666666666,0.0,0.0,0.0,2
0.0,0.38235294117647056,0.0,0.024324324324324326,0.43039506988004844,1.0,0.25,0.3333333333333333,0.6666666666666666,0.0,0.6666666666666666,0.6666666666666666,0.10714285714285714,0.0,0.5,0.6666666666666666,0.6666666666666666,0.0,0.0,0.0,1
0.0,0.07352941176470588,0.5,0.008108108108108109,0.06140640475404424,0.0,0.25,0.6666666666666666,0.3333333333333333,0.0,1.0,0.3333333333333333,0.05357142857142857,1.0,0.0,0.0,0.6666666666666666,0.0,0.0,0.0,2
1.0,0.20588235294117646,0.5,0.005405405405405406,0.07059535600308132,0.0,0.25,1.0,1.0,0.5,0.0,0.3333333333333333,0.42857142857142855,1.0,0.5,0.0,0.3333333333333333,1.0,0.0,0.0,2
0.3333333333333333,0.07352941176470588,0.5,0.005405405405405406,0.09794211510949709,1.0,0.75,0.3333333333333333,0.6666666666666666,0.0,0.0,0.6666666666666666,0.08928571428571429,1.0,0.5,0.0,0.6666666666666666,0.0,1.0,0.0,1
0.6666666666666666,0.16176470588235295,0.5,0.016216216216216217,0.007813359744690216,0.0,0.25,1.0,0.3333333333333333,0.0,1.0,0.3333333333333333,0.07142857142857142,1.0,0.0,0.0,0.6666666666666666,0.0,1.0,0.0,1
1.0,0.07352941176470588,0.5,0.005405405405405406,0.06261692527786948,0.0,0.5,1.0,0.3333333333333333,0.0,0.3333333333333333,0.0,0.125,1.0,0.0,0.0,0.6666666666666666,0.0,0.0,0.0,1
0.0,0.47058823529411764,0.25,0.005405405405405406,0.13733905579399142,0.0,1.0,1.0,0.6666666666666666,0.0,1.0,0.6666666666666666,0.21428571428571427,0.0,0.5,0.0,0.6666666666666666,0.0,0.0,0.0,2
0.3333333333333333,0.29411764705882354,0.75,0.008108108108108109,0.33856058104985143,0.0,0.25,0.0,0.6666666666666666,0.0,0.3333333333333333,0.6666666666666666,0.25,1.0,0.5,0.0,0.6666666666666666,0.0,0.0,0.0,1
0.0,0.47058823529411764,0.75,0.016216216216216217,0.36519203257400684,0.0,0.5,1.0,0.6666666666666666,0.0,0.6666666666666666,0.3333333333333333,0.17857142857142858,0.5,0.5,0.0,0.6666666666666666,0.0,1.0,0.0,2
1.0,0.29411764705882354,0.5,0.0,0.05496863651370089,0.0,0.25,1.0,1.0,0.0,0.3333333333333333,0.0,0.16071428571428573,1.0,0.5,0.0,0.6666666666666666,0.0,0.0,0.0,1
0.3333333333333333,0.11764705882352941,0.5,0.0,0.05353802134918015,0.0,1.0,0.0,0.0,0.0,0.0,0.0,0.48214285714285715,1.0,0.0,0.3333333333333333,0.6666666666666666,0.0,0.0,0.0,2
1.0,0.35294117647058826,0.25,0.002702702702702703,0.41674920215692746,1.0,0.25,0.6666666666666666,0.6666666666666666,1.0,1.0,0.0,0.375,0.0,0.0,0.3333333333333333,0.6666666666666666,1.0,1.0,0.0,1
0.6666666666666666,0.0,0.5,0.0,0.06844943325630021,1.0,0.25,0.0,0.6666666666666666,0.0,0.3333333333333333,0.0,0.17857142857142858,1.0,0.5,0.0,0.3333333333333333,1.0,0.0,1.0,1
0.0,0.029411764705882353,1.0,0.0,0.061131286453174866,0.0,0.25,0.3333333333333333,0.6666666666666666,0.0,1.0,0.0,0.375,1.0,0.5,0.0,0.3333333333333333,1.0,0.0,1.0,1
1.0,0.25,0.5,0.008108108108108109,0.16011885110597557,1.0,1.0,1.0,0.6666666666666666,0.0,0.6666666666666666,0.3333333333333333,0.39285714285714285,1.0,0.5,0.0,0.6666666666666666,0.0,1.0,0.0,1
1.0,0.29411764705882354,1.0,0.008108108108108109,0.14427203697589963,0.25,1.0,0.6666666666666666,0.6666666666666666,0.0,1.0,0.0,0.30357142857142855,1.0,0.5,0.0,0.6666666666666666,1.0,1.0,0.0,1
0.3333333333333333,0.23529411764705882,0.75,1.0,0.13090128755364808,0.0,0.5,0.3333333333333333,0.6666666666666666,0.0,0.6666666666666666,0.6666666666666666,0.17857142857142858,0.0,0.5,0.3333333333333333,0.6666666666666666,0.0,1.0,0.0,1
0.6666666666666666,0.29411764705882354,0.5,0.008108108108108109,0.055463849455265765,0.5,0.5,0.6666666666666666,0.3333333333333333,0.0,0.6666666666666666,0.6666666666666666,0.6785714285714286,1.0,0.5,0.0,0.3333333333333333,0.0,0.0,0.0,1
1.0,0.38235294117647056,1.0,0.008108108108108109,0.14201606690877078,0.0,0.5,1.0,0.3333333333333333,0.0,0.3333333333333333,0.6666666666666666,0.25,1.0,0.5,0.0,0.6666666666666666,0.0,1.0,0.0,1
1.0,0.11764705882352941,1.0,0.008108108108108109,0.05727963024100363,0.0,0.5,1.0,0.3333333333333333,0.0,0.3333333333333333,0.3333333333333333,0.2857142857142857,1.0,0.5,0.3333333333333333,0.6666666666666666,0.0,0.0,0.0,1
0.3333333333333333,0.29411764705882354,1.0,0.008108108108108109,0.08215032463959503,0.0,1.0,1.0,0.6666666666666666,0.0,0.3333333333333333,0.3333333333333333,0.5178571428571429,1.0,0.5,0.3333333333333333,0.3333333333333333,0.0,0.0,0.0,1
1.0,0.29411764705882354,0.75,0.002702702702702703,0.24369979091009134,0.0,0.75,0.6666666666666666,0.6666666666666666,0.0,0.6666666666666666,0.6666666666666666,0.2857142857142857,1.0,0.5,0.3333333333333333,0.3333333333333333,0.0,1.0,0.0,1
0.0,0.08823529411764706,0.5,0.008108108108108109,0.11362385825905139,0.0,1.0,0.6666666666666666,0.6666666666666666,0.0,1.0,0.0,0.5892857142857143,1.0,0.5,0.0,0.3333333333333333,0.0,0.0,0.0,1
0.0,0.29411764705882354,0.25,0.005405405405405406,0.12286783316826236,0.5,0.5,1.0,0.6666666666666666,0.0,1.0,0.0,0.05357142857142857,0.5,0.5,0.0,0.6666666666666666,0.0,1.0,0.0,1
0.6666666666666666,0.29411764705882354,0.5,0.008108108108108109,0.2697259821723341,0.0,0.75,1.0,0.6666666666666666,0.0,0.3333333333333333,0.6666666666666666,0.10714285714285714,0.0,0.5,0.0,0.6666666666666666,0.0,0.0,0.0,1
1.0,0.0,1.0,0.0,0.17222405634422802,0.0,0.75,0.0,0.3333333333333333,0.0,0.0,0.0,0.32142857142857145,1.0,0.5,0.0,0.6666666666666666,1.0,0.0,0.0,1
1.0,0.29411764705882354,1.0,0.013513513513513514,0.28925938153405967,0.0,1.0,0.6666666666666666,0.6666666666666666,0.0,1.0,1.0,0.44642857142857145,1.0,1.0,0.3333333333333333,0.6666666666666666,0.0,0.0,0.0,1
0.3333333333333333,0.20588235294117646,0.5,0.016216216216216217,0.054418399911962144,1.0,0.5,1.0,0.6666666666666666,0.0,1.0,1.0,0.75,1.0,1.0,0.0,0.6666666666666666,0.0,0.0,0.0,1
0.0,0.058823529411764705,1.0,0.0,0.026466380543633764,0.0,1.0,1.0,0.6666666666666666,0.0,1.0,0.0,0.5,1.0,0.5,0.3333333333333333,0.3333333333333333,0.0,0.0,0.0,1
1.0,0.6470588235294118,0.25,0.024324324324324326,0.18482447452404535,0.0,0.5,0.0,0.3333333333333333,0.0,0.0,0.0,0.14285714285714285,0.5,0.5,0.0,0.6666666666666666,0.0,0.0,0.0,1
0.3333333333333333,0.29411764705882354,0.5,0.0,0.05480356553317927,0.0,0.25,1.0,0.6666666666666666,0.0,0.3333333333333333,0.0,0.07142857142857142,0.5,0.5,0.0,0.3333333333333333,0.0,0.0,0.0,2
1.0,0.029411764705882353,1.0,0.008108108108108109,0.07175085286673269,0.0,0.75,0.0,0.3333333333333333,0.0,0.3333333333333333,0.6666666666666666,0.08928571428571429,1.0,0.0,0.3333333333333333,0.6666666666666666,0.0,1.0,0.0,1
1.0,0.29411764705882354,1.0,0.005405405405405406,0.1940684494332563,0.75,0.5,1.0,0.6666666666666666,0.0,1.0,0.0,0.5535714285714286,1.0,0.5,0.0,0.6666666666666666,0.0,1.0,0.0,1
0.0,0.23529411764705882,1.0,0.0,0.10922196544514141,0.0,0.5,1.0,1.0,1.0,0.3333333333333333,0.3333333333333333,0.25,0.0,0.0,0.3333333333333333,0.6666666666666666,0.0,0.0,1.0,2
0.3333333333333333,0.11764705882352941,1.0,0.008108108108108109,0.18284362275778585,0.0,0.5,0.0,0.3333333333333333,0.0,0.0,0.0,0.07142857142857142,1.0,0.5,0.0,0.3333333333333333,0.0,0.0,0.0,1
0.0,0.16176470588235295,0.5,0.0,0.12440849565313085,0.0,0.0,0.0,0.3333333333333333,0.0,1.0,0.6666666666666666,0.07142857142857142,1.0,0.0,0.0,0.6666666666666666,0.0,0.0,0.0,1
0.6666666666666666,0.16176470588235295,0.5,0.024324324324324326,0.1340926598437328,0.0,0.75,0.3333333333333333,0.6666666666666666,0.0,1.0,0.3333333333333333,0.125,1.0,0.0,0.0,0.6666666666666666,0.0,1.0,0.0,1
0.3333333333333333,0.11764705882352941,0.5,0.005405405405405406,0.15225046770111147,0.0,0.25,0.6666666666666666,0.3333333333333333,0.0,0.0,0.0,0.26785714285714285,1.0,0.0,0.0,1.0,0.0,0.0,0.0,1
1.0,0.07352941176470588,0.5,0.016216216216216217,0.1970947507428194,1.0,1.0,0.0,0.6666666666666666,0.0,1.0,0.0,0.8035714285714286,1.0,0.5,0.0,0.3333333333333333,0.0,0.0,0.0,1
1.0,0.11764705882352941,0.5,0.008108108108108109,0.028942445251458126,0.0,0.5,1.0,1.0,0.0,0.3333333333333333,0.0,0.16071428571428573,1.0,0.5,0.0,0.6666666666666666,0.0,0.0,0.0,1
1.0,0.04411764705882353,0.75,0.008108108108108109,0.03279410146362936,1.0,1.0,0.6666666666666666,0.6666666666666666,0.0,1.0,1.0,0.30357142857142855,1.0,1.0,0.0,0.6666666666666666,0.0,0.0,0.0,1
0.3333333333333333,0.07352941176470588,1.0,0.016216216216216217,0.06883459887751733,0.0,1.0,0.3333333333333333,0.3333333333333333,0.0,0.6666666666666666,0.6666666666666666,0.26785714285714285,1.0,0.5,0.3333333333333333,1.0,0.0,1.0,0.0,2
1.0,0.6470588235294118,1.0,0.024324324324324326,0.4060195884230219,1.0,1.0,1.0,0.0,0.0,0.3333333333333333,0.6666666666666666,0.48214285714285715,0.0,0.5,0.3333333333333333,1.0,1.0,0.0,0.0,1
0.3333333333333333,0.07352941176470588,1.0,0.008108108108108109,0.04974138879718279,0.0,1.0,0.3333333333333333,0.6666666666666666,0.0,1.0,0.0,0.32142857142857145,1.0,0.5,0.6666666666666666,0.3333333333333333,0.0,0.0,0.0,1
0.6666666666666666,0.29411764705882354,1.0,0.0,0.060195884230218995,1.0,0.75,1.0,0.6666666666666666,0.0,0.3333333333333333,0.0,0.32142857142857145,0.0,0.5,0.3333333333333333,0.3333333333333333,1.0,0.0,0.0,2
1.0,0.29411764705882354,0.5,0.0,0.06734896005282272,0.25,0.25,1.0,1.0,0.0,0.6666666666666666,0.0,0.25,1.0,0.5,0.0,0.6666666666666666,0.0,1.0,0.0,1
1.0,0.029411764705882353,0.5,0.005405405405405406,0.07114559260482008,0.75,0.5,1.0,0.0,0.0,0.3333333333333333,0.0,0.25,1.0,0.5,0.0,0.6666666666666666,0.0,0.0,0.0,1
0.0,0.11764705882352941,1.0,0.0,0.10294926818531969,0.0,0.5,1.0,0.6666666666666666,0.0,0.3333333333333333,0.3333333333333333,0.19642857142857142,1.0,0.5,0.3333333333333333,0.6666666666666666,0.0,0.0,0.0,1
1.0,0.08823529411764706,0.5,0.0,0.05827005612413338,1.0,0.5,1.0,0.6666666666666666,1.0,1.0,0.3333333333333333,0.14285714285714285,1.0,0.5,0.0,0.3333333333333333,0.0,0.0,0.0,2
0.3333333333333333,0.029411764705882353,0.5,0.008108108108108109,0.027676901067459007,0.0,0.5,0.3333333333333333,0.3333333333333333,1.0,0.6666666666666666,0.0,0.8035714285714286,1.0,0.5,0.0,0.6666666666666666,0.0,0.0,0.0,1
1.0,0.29411764705882354,1.0,0.008108108108108109,0.06965995378012545,0.75,0.5,1.0,0.3333333333333333,0.0,0.0,0.0,0.42857142857142855,1.0,0.5,0.3333333333333333,0.3333333333333333,0.0,0.0,0.0,1
0.0,0.29411764705882354,0.5,0.0,0.15808297567954221,0.0,0.25,1.0,0.3333333333333333,0.0,0.0,0.3333333333333333,0.14285714285714285,1.0,0.5,0.0,0.6666666666666666,0.0,0.0,0.0,2
1.0,0.20588235294117646,1.0,0.008108108108108109,0.049466270496313414,0.75,0.5,1.0,0.6666666666666666,0.0,0.6666666666666666,0.0,0.48214285714285715,1.0,0.5,0.3333333333333333,0.6666666666666666,0.0,0.0,0.0,1
0.3333333333333333,0.6470588235294118,0.0,0.024324324324324326,0.6577528337184989,1.0,0.5,0.3333333333333333,0.6666666666666666,0.0,0.3333333333333333,0.6666666666666666,0.5178571428571429,0.0,0.5,0.0,1.0,0.0,1.0,0.0,1
0.3333333333333333,0.11764705882352941,1.0,0.0,0.116430064927919,0.5,0.75,0.6666666666666666,0.0,0.0,0.6666666666666666,0.6666666666666666,0.30357142857142855,1.0,0.5,0.0,1.0,0.0,1.0,0.0,1
1.0,0.29411764705882354,1.0,0.002702702702702703,0.30560140860570045,0.75,0.5,1.0,0.6666666666666666,0.0,0.3333333333333333,0.0,0.14285714285714285,1.0,0.5,0.3333333333333333,0.6666666666666666,0.0,0.0,0.0,1
0.0,0.07352941176470588,1.0,0.008108108108108109,0.048861010234400794,0.0,0.5,1.0,0.6666666666666666,0.0,1.0,0.0,0.10714285714285714,1.0,0.5,0.3333333333333333,0.3333333333333333,0.0,0.0,0.0,1
0.3333333333333333,0.38235294117647056,0.5,0.008108108108108109,0.15081985253659072,1.0,1.0,0.3333333333333333,0.3333333333333333,0.0,1.0,0.6666666666666666,0.10714285714285714,1.0,0.5,0.0,0.6666666666666666,0.0,0.0,0.0,1
1.0,0.20588235294117646,1.0,0.008108108108108109,0.05056674369979091,1.0,0.5,1.0,0.6666666666666666,0.0,0.6666666666666666,0.3333333333333333,0.17857142857142858,1.0,0.5,0.3333333333333333,0.6666666666666666,0.0,1.0,0.0,1
1.0,0.11764705882352941,0.5,0.005405405405405406,0.028227137669197756,0.0,0.5,1.0,0.3333333333333333,0.0,0.0,0.0,0.125,1.0,0.5,0.0,0.6666666666666666,0.0,1.0,0.0,1
0.0,0.11764705882352941,0.0,0.008108108108108109,0.327335754374381,0.0,0.5,1.0,0.6666666666666666,0.0,0.3333333333333333,0.3333333333333333,0.16071428571428573,1.0,0.0,0.3333333333333333,0.6666666666666666,0.0,1.0,0.0,2
1.0,0.29411764705882354,0.5,0.0,0.1929679762297788,0.0,1.0,1.0,0.3333333333333333,0.5,1.0,1.0,0.7678571428571429,1.0,1.0,0.0,0.6666666666666666,0.0,1.0,0.0,1
0.0,0.47058823529411764,0.5,0.0,0.16501595686145043,0.0,0.75,0.3333333333333333,0.6666666666666666,0.0,1.0,1.0,0.35714285714285715,0.0,1.0,0.0,1.0,1.0,1.0,0.0,1
0.3333333333333333,0.3382352941176471,1.0,0.008108108108108109,0.12490370859469573,0.5,0.5,1.0,0.6666666666666666,0.0,0.3333333333333333,0.3333333333333333,0.07142857142857142,1.0,0.5,0.3333333333333333,0.3333333333333333,0.0,0.0,0.0,2
0.3333333333333333,0.29411764705882354,0.75,0.024324324324324326,0.3695939253879168,0.25,0.75,1.0,0.6666666666666666,0.0,1.0,0.6666666666666666,0.30357142857142855,1.0,0.0,0.0,1.0,0.0,1.0,0.0,1
0.3333333333333333,0.29411764705882354,0.5,1.0,0.6095521074061847,0.0,0.5,0.3333333333333333,0.6666666666666666,0.5,0.6666666666666666,0.6666666666666666,0.17857142857142858,0.0,0.5,0.3333333333333333,1.0,0.0,1.0,0.0,2
0.0,0.11764705882352941,0.5,0.0,0.18713546825134808,0.75,0.5,0.0,0.6666666666666666,0.0,0.6666666666666666,0.3333333333333333,0.21428571428571427,1.0,0.5,0.0,0.6666666666666666,1.0,0.0,0.0,1
1.0,0.11764705882352941,0.75,0.002702702702702703,0.06894464619786508,0.0,0.5,1.0,1.0,0.0,1.0,0.0,0.39285714285714285,1.0,0.0,0.0,0.6666666666666666,0.0,0.0,0.0,1
1.0,0.11764705882352941,1.0,0.016216216216216217,0.10157367668097282,0.0,0.75,0.3333333333333333,0.6666666666666666,0.0,0.6666666666666666,0.0,0.5357142857142857,1.0,0.5,0.0,0.3333333333333333,1.0,0.0,0.0,1
0.3333333333333333,0.29411764705882354,0.5,0.002702702702702703,0.678386706283702,0.0,1.0,1.0,0.3333333333333333,0.0,0.3333333333333333,1.0,0.44642857142857145,1.0,1.0,0.0,1.0,0.0,1.0,0.0,2
0.6666666666666666,0.29411764705882354,0.5,0.0,0.03835149114119071,0.0,0.75,1.0,0.6666666666666666,0.0,0.6666666666666666,1.0,0.3392857142857143,0.0,1.0,0.0,0.6666666666666666,1.0,0.0,0.0,2
1.0,0.11764705882352941,1.0,0.0,0.05023660173874766,0.5,0.5,1.0,0.6666666666666666,0.0,1.0,0.0,0.44642857142857145,1.0,0.5,0.0,0.6666666666666666,0.0,1.0,0.0,1
1.0,0.16176470588235295,0.25,0.008108108108108109,0.07257620776934082,0.25,1.0,1.0,0.6666666666666666,0.0,1.0,0.6666666666666666,0.26785714285714285,0.0,0.5,0.0,0.3333333333333333,1.0,0.0,0.0,1
1.0,0.07352941176470588,0.5,0.008108108108108109,0.13464289644547156,0.0,0.5,0.0,0.6666666666666666,0.0,0.3333333333333333,0.0,0.23214285714285715,1.0,0.5,0.0,0.6666666666666666,1.0,0.0,0.0,1
0.0,0.29411764705882354,0.25,0.024324324324324326,0.16017387476614944,0.0,0.5,1.0,0.6666666666666666,0.0,0.3333333333333333,0.3333333333333333,0.21428571428571427,1.0,0.0,0.0,0.6666666666666666,0.0,1.0,0.0,2
1.0,0.029411764705882353,0.25,0.0,0.029327610872675252,1.0,0.5,0.0,0.6666666666666666,1.0,0.3333333333333333,0.0,0.125,0.5,0.5,0.0,0.3333333333333333,1.0,0.0,0.0,1
0.0,0.20588235294117646,0.5,0.008108108108108109,0.06025090789039287,0.0,0.5,1.0,1.0,0.0,0.6666666666666666,0.0,0.125,0.0,0.5,0.0,0.6666666666666666,0.0,0.0,0.0,2
0.0,0.029411764705882353,1.0,0.0,0.019753494002421042,0.0,0.75,1.0,0.3333333333333333,0.0,0.6666666666666666,0.3333333333333333,0.32142857142857145,1.0,0.5,0.3333333333333333,0.6666666666666666,0.0,0.0,1.0,1
1.0,0.08823529411764706,0.5,0.008108108108108109,0.09210960713106636,0.0,0.5,0.0,0.6666666666666666,0.0,1.0,0.3333333333333333,0.3392857142857143,1.0,0.5,0.0,0.6666666666666666,0.0,1.0,1.0,1
1.0,0.029411764705882353,1.0,0.0,0.10069329811819082,0.5,0.5,0.0,1.0,0.0,0.3333333333333333,0.6666666666666666,0.08928571428571429,1.0,0.5,0.0,0.6666666666666666,0.0,0.0,0.0,1
1.0,0.16176470588235295,0.5,0.002702702702702703,0.19599427753934193,0.25,0.25,0.0,0.3333333333333333,0.0,1.0,0.6666666666666666,0.07142857142857142,1.0,0.5,0.0,0.6666666666666666,0.0,1.0,0.0,1
0.3333333333333333,0.07352941176470588,1.0,0.016216216216216217,0.04875096291405304,0.75,1.0,1.0,0.6666666666666666,0.0,0.6666666666666666,1.0,0.23214285714285715,1.0,1.0,0.3333333333333333,0.6666666666666666,1.0,0.0,0.0,2
0.3333333333333333,0.11764705882352941,0.5,0.024324324324324326,0.043303620556839444,0.25,0.75,0.6666666666666666,0.6666666666666666,0.0,1.0,0.0,0.35714285714285715,1.0,0.5,0.0,0.3333333333333333,0.0,0.0,0.0,1
1.0,0.29411764705882354,0.75,0.0,0.12589413447782546,0.0,1.0,1.0,0.6666666666666666,0.0,1.0,0.6666666666666666,0.5,1.0,0.5,0.3333333333333333,0.3333333333333333,1.0,0.0,0.0,2
1.0,0.29411764705882354,1.0,0.008108108108108109,0.12809508088478044,0.75,1.0,0.3333333333333333,0.6666666666666666,0.0,0.3333333333333333,0.6666666666666666,0.26785714285714285,1.0,0.5,0.0,0.6666666666666666,0.0,0.0,0.0,1
0.0,0.23529411764705882,1.0,0.005405405405405406,0.2213051612193243,0.0,1.0,0.0,0.3333333333333333,0.0,1.0,0.3333333333333333,0.08928571428571429,1.0,0.5,0.3333333333333333,0.6666666666666666,0.0,0.0,0.0,1
0.3333333333333333,1.0,0.5,0.008108108108108109,0.2941014636293606,0.25,0.5,0.3333333333333333,1.0,0.0,0.3333333333333333,0.6666666666666666,0.08928571428571429,1.0,0.5,0.0,0.6666666666666666,0.0,0.0,0.0,2
0.0,0.8235294117647058,0.75,0.024324324324324326,0.36238582590513924,0.0,1.0,0.6666666666666666,0.6666666666666666,0.0,1.0,1.0,0.7857142857142857,1.0,0.5,0.3333333333333333,0.6666666666666666,0.0,1.0,0.0,2
0.3333333333333333,0.029411764705882353,0.5,0.008108108108108109,0.012875536480686695,0.0,0.75,0.6666666666666666,1.0,1.0,0.6666666666666666,0.0,0.16071428571428573,0.0,0.5,0.0,0.3333333333333333,0.0,0.0,0.0,1
0.3333333333333333,0.08823529411764706,0.5,0.005405405405405406,0.06993507208099482,0.0,0.5,1.0,0.0,0.0,0.3333333333333333,0.6666666666666666,0.21428571428571427,1.0,0.5,0.0,0.3333333333333333,0.0,0.0,0.0,1
0.3333333333333333,0.11764705882352941,0.5,0.008108108108108109,0.14746340926598436,0.0,0.75,0.3333333333333333,0.3333333333333333,0.0,0.0,0.0,0.14285714285714285,1.0,0.5,0.0,0.6666666666666666,0.0,0.0,0.0,1
0.3333333333333333,0.47058823529411764,0.5,0.002702702702702703,0.3685484758446132,0.0,0.5,0.3333333333333333,0.6666666666666666,0.0,0.3333333333333333,0.6666666666666666,0.2857142857142857,1.0,0.0,0.0,1.0,0.0,1.0,0.0,1
1.0,0.16176470588235295,1.0,0.002702702702702703,0.17156377242214152,0.75,1.0,0.6666666666666666,0.6666666666666666,0.0,1.0,1.0,0.07142857142857142,1.0,0.0,0.3333333333333333,0.6666666666666666,0.0,1.0,0.0,1
1.0,0.29411764705882354,0.5,0.008108108108108109,0.16424562561901618,0.5,1.0,0.6666666666666666,0.0,0.0,0.3333333333333333,0.6666666666666666,0.125,1.0,0.5,0.0,1.0,0.0,1.0,0.0,1
1.0,0.47058823529411764,0.75,0.008108108108108109,0.23181468031253438,0.0,0.5,1.0,0.6666666666666666,0.0,0.3333333333333333,0.6666666666666666,0.125,1.0,0.5,0.3333333333333333,1.0,0.0,1.0,0.0,2
1.0,0.29411764705882354,0.5,0.008108108108108109,0.18548475844613183,0.25,1.0,0.3333333333333333,0.6666666666666666,0.0,1.0,0.6666666666666666,0.21428571428571427,1.0,0.5,0.3333333333333333,0.6666666666666666,0.0,0.0,0.0,2
1.0,0.29411764705882354,0.75,0.024324324324324326,0.15010454495433037,1.0,0.5,1.0,0.6666666666666666,0.0,1.0,0.0,0.23214285714285715,1.0,0.5,0.3333333333333333,0.6666666666666666,1.0,1.0,0.0,1
0.0,0.20588235294117646,0.5,0.008108108108108109,0.08979861340376362,0.0,0.5,1.0,0.3333333333333333,0.0,1.0,0.6666666666666666,0.10714285714285714,0.0,0.0,0.3333333333333333,0.6666666666666666,0.0,0.0,0.0,2
1.0,0.25,1.0,0.005405405405405406,0.11213821943435677,0.0,0.25,1.0,0.3333333333333333,0.0,1.0,0.3333333333333333,0.07142857142857142,1.0,0.5,0.0,0.6666666666666666,0.0,1.0,0.0,1
0.0,0.11764705882352941,1.0,0.0,0.10570045119401343,0.0,0.5,1.0,0.6666666666666666,0.0,1.0,0.3333333333333333,0.3392857142857143,0.0,0.5,0.3333333333333333,0.3333333333333333,0.0,0.0,1.0,1
0.0,0.16176470588235295,1.0,0.005405405405405406,0.06756905469351822,0.0,1.0,1.0,0.6666666666666666,0.0,1.0,0.6666666666666666,0.44642857142857145,1.0,0.5,0.3333333333333333,0.6666666666666666,1.0,1.0,0.0,1
0.0,0.6470588235294118,1.0,0.002702702702702703,0.33459887751733247,0.0,1.0,1.0,0.6666666666666666,0.0,1.0,1.0,0.48214285714285715,1.0,1.0,0.3333333333333333,0.6666666666666666,0.0,1.0,0.0,2
0.3333333333333333,0.20588235294117646,0.5,0.0,0.3090128755364807,0.25,0.5,0.3333333333333333,0.6666666666666666,0.0,0.3333333333333333,0.6666666666666666,0.19642857142857142,1.0,0.5,0.3333333333333333,0.6666666666666666,0.0,1.0,0.0,1
1.0,0.11764705882352941,1.0,0.024324324324324326,0.051447122262572906,0.0,0.5,0.6666666666666666,0.3333333333333333,0.0,0.3333333333333333,0.0,0.14285714285714285,1.0,0.5,0.3333333333333333,0.6666666666666666,0.0,0.0,0.0,1
0.3333333333333333,0.3382352941176471,0.75,0.002702702702702703,0.31446021789369427,0.0,1.0,0.0,0.6666666666666666,0.0,0.3333333333333333,0.6666666666666666,0.19642857142857142,1.0,0.5,0.3333333333333333,1.0,0.0,1.0,0.0,1
1.0,0.07352941176470588,1.0,0.016216216216216217,0.037746230879278087,0.5,1.0,1.0,0.6666666666666666,0.0,0.3333333333333333,0.6666666666666666,0.5892857142857143,1.0,0.5,0.3333333333333333,0.6666666666666666,0.0,1.0,0.0,1
1.0,0.47058823529411764,0.5,0.005405405405405406,0.590073731704633,0.0,0.0,1.0,0.3333333333333333,0.0,0.3333333333333333,0.6666666666666666,0.125,1.0,0.5,0.3333333333333333,1.0,0.0,1.0,0.0,2
1.0,0.38235294117647056,1.0,0.008108108108108109,0.235501265544184,0.0,0.75,1.0,0.3333333333333333,0.0,1.0,0.6666666666666666,0.125,1.0,0.0,0.0,1.0,0.0,1.0,0.0,1
0.0,0.38235294117647056,0.0,0.005405405405405406,0.23841751953339937,0.0,0.5,0.3333333333333333,0.0,1.0,0.3333333333333333,0.0,0.23214285714285715,1.0,0.5,0.3333333333333333,0.6666666666666666,0.0,0.0,0.0,1
0.3333333333333333,0.029411764705882353,1.0,0.021621621621621623,0.03752613623858259,1.0,0.75,0.0,0.3333333333333333,0.0,0.6666666666666666,0.3333333333333333,0.35714285714285715,1.0,0.5,0.3333333333333333,0.3333333333333333,0.0,0.0,0.0,1
0.3333333333333333,0.29411764705882354,0.75,0.024324324324324326,0.24551557169582922,1.0,0.5,1.0,0.6666666666666666,0.0,0.3333333333333333,0.3333333333333333,0.32142857142857145,0.0,0.5,0.3333333333333333,1.0,0.0,1.0,0.0,1
0.6666666666666666,0.47058823529411764,0.5,0.008108108108108109,0.20155166721690326,0.0,0.5,0.3333333333333333,0.6666666666666666,0.0,0.3333333333333333,0.0,0.07142857142857142,1.0,0.5,0.0,0.6666666666666666,0.0,1.0,0.0,1
0.0,0.47058823529411764,0.5,0.005405405405405406,0.2712116209970287,0.0,0.75,1.0,0.6666666666666666,0.0,0.3333333333333333,0.3333333333333333,0.17857142857142858,1.0,0.5,0.0,0.6666666666666666,0.0,0.0,0.0,2
0.3333333333333333,0.07352941176470588,0.5,0.024324324324324326,0.0627819962583911,0.0,0.5,0.3333333333333333,1.0,0.0,0.0,0.0,0.14285714285714285,0.0,0.5,0.0,0.6666666666666666,0.0,1.0,0.0,1
0.0,0.38235294117647056,0.5,0.005405405405405406,0.1855397821063057,0.75,1.0,1.0,0.3333333333333333,0.0,1.0,0.3333333333333333,0.6785714285714286,1.0,0.0,0.3333333333333333,0.6666666666666666,0.0,1.0,0.0,1
0.0,0.29411764705882354,0.5,0.002702702702702703,0.1463629360625069,0.0,0.75,0.3333333333333333,0.6666666666666666,0.0,0.0,1.0,0.26785714285714285,1.0,1.0,0.0,1.0,0.0,1.0,0.0,1
0.3333333333333333,0.25,0.5,0.005405405405405406,0.20501815780785737,1.0,0.75,0.3333333333333333,0.6666666666666666,0.0,0.6666666666666666,0.6666666666666666,0.2857142857142857,1.0,0.5,0.0,0.6666666666666666,0.0,1.0,0.0,1
0.3333333333333333,0.07352941176470588,0.25,0.002702702702702703,0.26846043798833497,0.0,1.0,0.3333333333333333,0.3333333333333333,0.0,1.0,1.0,0.9821428571428571,0.0,1.0,0.0,1.0,1.0,1.0,0.0,2
0.3333333333333333,0.29411764705882354,1.0,0.0,0.19962583911081766,0.25,0.25,1.0,0.0,0.0,0.3333333333333333,0.6666666666666666,0.32142857142857145,1.0,0.5,0.0,0.6666666666666666,0.0,1.0,0.0,1
0.3333333333333333,0.5147058823529411,1.0,0.008108108108108109,0.25767580059425554,0.0,0.75,0.3333333333333333,0.6666666666666666,1.0,0.3333333333333333,0.0,0.10714285714285714,1.0,0.5,0.3333333333333333,0.6666666666666666,0.0,0.0,0.0,2
0.0,0.25,0.5,0.005405405405405406,0.1842742379223066,0.0,0.75,0.0,0.3333333333333333,0.0,1.0,0.6666666666666666,0.125,1.0,0.0,0.0,0.3333333333333333,0.0,0.0,0.0,1
0.3333333333333333,0.04411764705882353,0.5,0.008108108108108109,0.1279850335644327,0.0,0.5,0.3333333333333333,0.6666666666666666,1.0,0.3333333333333333,0.0,0.2857142857142857,1.0,0.5,0.0,0.6666666666666666,0.0,0.0,0.0,1
0.0,0.47058823529411764,0.5,1.0,0.8587542643336635,0.0,0.0,0.3333333333333333,0.0,0.5,0.6666666666666666,0.6666666666666666,0.42857142857142855,1.0,0.5,0.0,1.0,0.0,0.0,0.0,1
0.3333333333333333,0.23529411764705882,0.0,0.002702702702702703,0.32452954770551334,0.25,1.0,0.6666666666666666,1.0,0.0,1.0,0.6666666666666666,0.21428571428571427,0.0,0.5,0.3333333333333333,0.6666666666666666,0.0,1.0,0.0,1
0.3333333333333333,0.10294117647058823,0.5,0.005405405405405406,0.07301639705073182,0.75,0.25,1.0,0.3333333333333333,0.0,0.0,0.0,0.017857142857142856,1.0,0.5,0.0,0.6666666666666666,0.0,0.0,0.0,1
1.0,0.47058823529411764,1.0,0.024324324324324326,0.3331132386926378,1.0,1.0,1.0,0.6666666666666666,0.0,1.0,0.0,0.30357142857142855,1.0,0.5,0.3333333333333333,0.6666666666666666,0.0,0.0,0.0,1
0.3333333333333333,0.20588235294117646,1.0,0.0,0.0348850005502366,0.0,1.0,1.0,0.6666666666666666,0.0,1.0,0.6666666666666666,0.30357142857142855,0.0,0.5,0.0,0.6666666666666666,1.0,1.0,0.0,2
0.3333333333333333,0.47058823529411764,0.75,0.0,0.4311654011224827,0.25,1.0,0.3333333333333333,0.6666666666666666,0.0,1.0,0.6666666666666666,0.4107142857142857,1.0,0.5,1.0,1.0,0.0,1.0,0.0,2
1.0,0.29411764705882354,1.0,0.008108108108108109,0.10856168152305491,0.25,1.0,1.0,0.6666666666666666,0.0,1.0,0.3333333333333333,0.5892857142857143,0.0,0.5,0.3333333333333333,0.6666666666666666,0.0,0.0,0.0,1
0.3333333333333333,0.20588235294117646,0.5,0.008108108108108109,0.057829866842742376,0.0,1.0,1.0,1.0,1.0,0.3333333333333333,0.0,0.23214285714285715,1.0,0.5,0.0,0.3333333333333333,0.0,0.0,0.0,1
1.0,0.47058823529411764,0.5,0.0,0.1556619346318917,1.0,0.5,1.0,0.6666666666666666,0.0,1.0,0.0,0.30357142857142855,1.0,0.5,0.0,0.6666666666666666,0.0,0.0,0.0,1
1.0,0.0,0.5,0.005405405405405406,0.019313304721030045,0.0,0.25,0.0,0.3333333333333333,0.0,0.6666666666666666,0.0,0.07142857142857142,1.0,0.0,0.0,0.3333333333333333,1.0,0.0,0.0,1
0.6666666666666666,0.08823529411764706,0.5,0.0,0.05447342357213602,0.25,1.0,0.0,0.3333333333333333,0.0,1.0,1.0,0.5178571428571429,1.0,1.0,0.0,0.3333333333333333,1.0,0.0,0.0,2
0.3333333333333333,0.6470588235294118,0.75,0.024324324324324326,0.3538571585781886,1.0,0.5,1.0,0.6666666666666666,0.0,1.0,1.0,0.3392857142857143,1.0,1.0,0.0,0.6666666666666666,1.0,1.0,0.0,1
0.3333333333333333,0.38235294117647056,0.5,0.0,0.10454495433036205,0.0,0.5,1.0,0.3333333333333333,1.0,0.3333333333333333,1.0,0.08928571428571429,0.0,0.5,0.0,0.6666666666666666,0.0,0.0,0.0,2
0.3333333333333333,0.8235294117647058,0.25,1.0,0.7996038296467481,0.25,1.0,0.6666666666666666,0.3333333333333333,0.0,1.0,1.0,0.7321428571428571,0.0,1.0,0.3333333333333333,1.0,0.0,1.0,0.0,2
0.0,0.16176470588235295,1.0,0.005405405405405406,0.06509298998569385,0.0,0.5,1.0,0.3333333333333333,0.0,0.6666666666666666,0.3333333333333333,0.10714285714285714,1.0,0.0,0.3333333333333333,0.6666666666666666,0.0,0.0,0.0,1
1.0,0.20588235294117646,0.5,0.005405405405405406,0.09541102674149884,0.0,0.5,1.0,0.6666666666666666,0.0,1.0,1.0,0.5,0.0,1.0,0.3333333333333333,0.6666666666666666,0.0,0.0,0.0,1
0.3333333333333333,0.11764705882352941,0.5,0.0,0.03224386486189061,0.25,0.25,1.0,0.3333333333333333,0.0,0.3333333333333333,0.3333333333333333,0.07142857142857142,0.0,0.5,0.0,0.3333333333333333,0.0,0.0,0.0,2
1.0,0.11764705882352941,1.0,0.016216216216216217,0.02481567073841752,0.0,0.5,1.0,0.6666666666666666,0.0,0.3333333333333333,0.6666666666666666,0.23214285714285715,1.0,0.5,0.3333333333333333,0.6666666666666666,0.0,0.0,0.0,1
1.0,0.47058823529411764,1.0,0.008108108108108109,0.17013315725762077,1.0,1.0,1.0,0.6666666666666666,0.0,0.3333333333333333,0.6666666666666666,0.5714285714285714,1.0,0.5,0.0,0.6666666666666666,0.0,1.0,0.0,1
1.0,0.20588235294117646,1.0,0.0,0.04280840761527457,0.0,0.5,1.0,0.3333333333333333,0.0,0.6666666666666666,0.0,0.30357142857142855,1.0,0.5,0.3333333333333333,0.6666666666666666,0.0,0.0,0.0,1
0.3333333333333333,0.20588235294117646,0.75,0.0,0.14575767580059426,1.0,1.0,1.0,0.6666666666666666,0.0,1.0,0.6666666666666666,0.42857142857142855,1.0,0.5,0.0,0.6666666666666666,1.0,0.0,0.0,1
0.0,0.29411764705882354,1.0,0.008108108108108109,0.05397821063057114,0.75,1.0,1.0,0.3333333333333333,0.0,1.0,0.3333333333333333,0.6785714285714286,1.0,0.0,0.3333333333333333,1.0,0.0,1.0,0.0,1
0.0,0.20588235294117646,0.5,0.002702702702702703,0.39952679652250467,1.0,1.0,0.0,0.6666666666666666,0.0,1.0,0.3333333333333333,0.5714285714285714,1.0,1.0,0.0,0.6666666666666666,1.0,1.0,0.0,2
0.0,0.29411764705882354,0.5,0.0,0.05265764278639815,0.0,0.25,1.0,0.3333333333333333,0.0,1.0,0.3333333333333333,0.08928571428571429,1.0,0.0,0.0,0.6666666666666666,0.0,0.0,0.0,2
0.0,0.20588235294117646,0.5,0.0,0.05315285572796302,0.0,0.25,1.0,0.3333333333333333,0.0,0.6666666666666666,0.6666666666666666,0.07142857142857142,1.0,0.0,0.0,0.6666666666666666,0.0,1.0,0.0,2
0.0,0.29411764705882354,0.5,0.005405405405405406,0.1510949708374601,1.0,0.5,0.3333333333333333,1.0,0.0,1.0,0.6666666666666666,0.017857142857142856,1.0,0.5,0.0,0.6666666666666666,0.0,0.0,0.0,2
1.0,0.20588235294117646,0.5,0.024324324324324326,0.07252118410916694,0.25,0.5,0.6666666666666666,0.3333333333333333,0.0,1.0,0.3333333333333333,0.08928571428571429,1.0,0.0,0.0,0.3333333333333333,0.0,0.0,0.0,1
1.0,0.38235294117647056,0.25,0.002702702702702703,0.3980961813579839,1.0,0.0,1.0,0.3333333333333333,0.0,0.0,0.0,0.6071428571428571,0.0,0.5,0.0,1.0,0.0,1.0,0.0,2
0.3333333333333333,0.29411764705882354,0.5,0.002702702702702703,0.6223175965665236,0.0,0.5,0.0,0.3333333333333333,0.0,1.0,0.6666666666666666,0.07142857142857142,1.0,0.0,0.3333333333333333,1.0,0.0,0.0,0.0,2
1.0,0.38235294117647056,0.5,0.002702702702702703,0.25096291405304283,1.0,0.75,0.3333333333333333,0.3333333333333333,0.0,1.0,0.3333333333333333,0.08928571428571429,0.5,0.0,0.0,0.3333333333333333,0.0,0.0,0.0,1
1.0,0.11764705882352941,0.5,0.002702702702702703,0.24347969626939583,1.0,0.25,0.0,0.3333333333333333,0.0,1.0,0.6666666666666666,0.017857142857142856,1.0,0.0,0.0,0.6666666666666666,0.0,0.0,0.0,1
1.0,0.16176470588235295,0.75,0.008108108108108109,0.06756905469351822,0.0,0.5,1.0,1.0,0.0,0.6666666666666666,0.0,0.25,0.0,0.5,0.3333333333333333,0.6666666666666666,0.0,0.0,0.0,1
0.6666666666666666,0.20588235294117646,0.5,0.008108108108108109,0.10179377132166832,0.0,0.5,1.0,0.6666666666666666,0.5,0.3333333333333333,0.0,0.32142857142857145,0.5,0.5,0.0,0.6666666666666666,0.0,0.0,0.0,2
0.3333333333333333,0.07352941176470588,0.5,0.0,0.001430615164520744,0.0,0.5,1.0,1.0,0.0,1.0,0.0,0.05357142857142857,1.0,0.0,0.0,0.3333333333333333,0.0,0.0,0.0,1
1.0,0.07352941176470588,0.5,0.005405405405405406,0.05849015076482888,0.0,1.0,0.0,0.6666666666666666,0.0,1.0,0.6666666666666666,0.017857142857142856,1.0,0.5,0.0,0.6666666666666666,0.0,0.0,0.0,1
1.0,0.29411764705882354,0.5,0.0,0.1103224386486189,1.0,0.25,1.0,0.6666666666666666,0.0,0.0,0.3333333333333333,0.625,1.0,0.5,0.0,0.6666666666666666,0.0,0.0,0.0,1
0.3333333333333333,0.6470588235294118,0.5,0.008108108108108109,0.205183228788379,1.0,0.75,1.0,0.6666666666666666,0.0,0.0,0.6666666666666666,0.39285714285714285,1.0,0.5,0.3333333333333333,0.6666666666666666,1.0,1.0,0.0,1
0.0,0.3382352941176471,0.0,0.024324324324324326,0.27748431825685044,0.0,0.0,0.3333333333333333,0.6666666666666666,0.0,1.0,0.3333333333333333,0.5535714285714286,0.5,0.5,0.3333333333333333,0.6666666666666666,0.0,1.0,0.0,2
1.0,0.11764705882352941,1.0,0.008108108108108109,0.11450423682183339,1.0,1.0,0.0,0.6666666666666666,0.5,1.0,0.0,0.5357142857142857,1.0,0.5,0.0,0.6666666666666666,0.0,1.0,0.0,1
1.0,0.07352941176470588,1.0,0.016216216216216217,0.05469351821283152,1.0,1.0,1.0,0.3333333333333333,0.0,1.0,0.3333333333333333,0.39285714285714285,1.0,0.0,0.3333333333333333,0.3333333333333333,0.0,0.0,0.0,1
0.3333333333333333,0.47058823529411764,0.5,0.005405405405405406,0.48332783096731596,0.25,0.25,1.0,0.6666666666666666,0.5,0.0,1.0,0.17857142857142858,1.0,0.0,0.0,1.0,0.0,1.0,0.0,2
1.0,0.47058823529411764,0.75,0.002702702702702703,0.47854077253218885,1.0,0.75,0.6666666666666666,0.6666666666666666,0.0,0.3333333333333333,0.6666666666666666,0.21428571428571427,0.5,0.5,0.0,1.0,1.0,1.0,0.0,1
1.0,0.38235294117647056,1.0,0.008108108108108109,0.35721360184879497,1.0,0.75,0.3333333333333333,0.6666666666666666,0.0,0.6666666666666666,0.3333333333333333,0.30357142857142855,1.0,0.5,0.3333333333333333,0.6666666666666666,0.0,0.0,0.0,1
0.0,0.11764705882352941,1.0,0.008108108108108109,0.007428194123473094,0.0,0.75,1.0,0.3333333333333333,0.0,0.6666666666666666,0.0,0.6964285714285714,1.0,0.5,1.0,0.3333333333333333,0.0,1.0,0.0,1
1.0,0.29411764705882354,1.0,0.008108108108108109,0.11962143721800374,1.0,1.0,1.0,0.6666666666666666,0.0,1.0,0.3333333333333333,0.6071428571428571,1.0,0.5,0.3333333333333333,0.6666666666666666,0.0,0.0,0.0,1
0.3333333333333333,0.3382352941176471,0.5,0.024324324324324326,0.201661714537251,0.0,0.5,1.0,0.6666666666666666,0.0,0.3333333333333333,0.6666666666666666,0.30357142857142855,1.0,0.5,0.0,0.6666666666666666,1.0,1.0,0.0,2
0.6666666666666666,0.38235294117647056,1.0,0.008108108108108109,0.18741058655221746,1.0,1.0,1.0,0.6666666666666666,0.0,1.0,0.3333333333333333,0.5357142857142857,0.5,0.5,0.3333333333333333,0.3333333333333333,0.0,0.0,0.0,1
1.0,0.38235294117647056,1.0,0.008108108108108109,0.3037856278199626,0.0,0.75,1.0,0.3333333333333333,0.0,0.3333333333333333,0.6666666666666666,0.10714285714285714,1.0,0.5,0.3333333333333333,0.6666666666666666,0.0,0.0,0.0,1
0.6666666666666666,0.29411764705882354,0.5,0.005405405405405406,0.09216463079124024,0.0,0.5,0.3333333333333333,0.6666666666666666,0.0,0.3333333333333333,0.0,0.125,1.0,0.5,0.0,0.6666666666666666,0.0,0.0,0.0,1
0.0,0.11764705882352941,0.5,0.005405405405405406,0.18377902498074172,0.0,0.5,0.3333333333333333,0.6666666666666666,0.5,0.3333333333333333,0.3333333333333333,0.17857142857142858,1.0,0.5,0.0,0.3333333333333333,1.0,0.0,0.0,1
0.6666666666666666,0.11764705882352941,0.5,0.008108108108108109,0.17326950588753165,1.0,1.0,0.3333333333333333,0.6666666666666666,0.0,0.6666666666666666,0.6666666666666666,0.32142857142857145,1.0,0.5,0.0,1.0,0.0,0.0,0.0,1
0.0,0.07352941176470588,1.0,0.013513513513513514,0.057114559260482006,0.25,1.0,0.6666666666666666,0.6666666666666666,1.0,1.0,0.0,0.5178571428571429,1.0,0.5,0.3333333333333333,0.6666666666666666,1.0,0.0,1.0,1
1.0,0.47058823529411764,1.0,0.0,0.350170573346539,0.0,1.0,1.0,0.6666666666666666,0.0,1.0,0.6666666666666666,0.26785714285714285,1.0,0.5,0.3333333333333333,1.0,0.0,1.0,0.0,1
0.0,0.11764705882352941,0.5,0.005405405405405406,0.07741828986464179,0.0,0.5,0.3333333333333333,0.6666666666666666,0.0,0.3333333333333333,0.0,0.14285714285714285,1.0,0.5,0.0,0.6666666666666666,0.0,0.0,0.0,1
0.3333333333333333,0.47058823529411764,0.5,0.002702702702702703,0.5033564432706064,0.0,0.25,0.0,1.0,0.0,1.0,0.6666666666666666,0.16071428571428573,1.0,0.0,0.0,1.0,0.0,1.0,0.0,2
0.3333333333333333,0.29411764705882354,0.5,0.005405405405405406,0.22565203037306042,1.0,0.5,0.0,0.3333333333333333,0.0,1.0,0.3333333333333333,0.5178571428571429,1.0,0.5,0.0,0.3333333333333333,0.0,1.0,0.0,1
0.3333333333333333,0.20588235294117646,0.5,0.008108108108108109,0.16303510509519092,0.5,0.25,0.0,1.0,0.0,0.6666666666666666,0.0,0.10714285714285714,1.0,0.0,0.0,0.6666666666666666,0.0,0.0,0.0,1
0.0,0.16176470588235295,0.75,0.005405405405405406,0.18669527896995708,0.0,1.0,0.0,0.3333333333333333,0.0,1.0,0.3333333333333333,0.14285714285714285,1.0,0.5,0.3333333333333333,0.3333333333333333,0.0,0.0,0.0,1
1.0,0.0,1.0,0.008108108108108109,0.06894464619786508,0.0,0.75,0.3333333333333333,0.6666666666666666,0.0,0.0,0.0,0.4107142857142857,1.0,0.5,0.3333333333333333,0.3333333333333333,1.0,0.0,0.0,1
0.0,0.11764705882352941,0.5,0.005405405405405406,0.055683944095961266,1.0,1.0,0.3333333333333333,0.0,0.0,1.0,0.3333333333333333,0.5357142857142857,1.0,0.5,0.0,0.3333333333333333,0.0,1.0,0.0,1
0.3333333333333333,0.47058823529411764,0.75,0.0,0.39517992736876856,0.0,0.5,0.3333333333333333,0.3333333333333333,0.0,0.3333333333333333,0.3333333333333333,0.625,1.0,0.0,0.0,0.6666666666666666,0.0,0.0,0.0,1
0.3333333333333333,0.11764705882352941,0.0,0.021621621621621623,0.06382744580169473,0.0,0.5,0.3333333333333333,0.6666666666666666,0.0,0.3333333333333333,0.0,0.21428571428571427,1.0,0.5,0.0,0.3333333333333333,0.0,1.0,0.0,1
0.0,0.47058823529411764,0.5,0.016216216216216217,0.09502586112028172,1.0,1.0,1.0,0.6666666666666666,0.0,1.0,1.0,0.375,1.0,0.5,0.0,1.0,0.0,1.0,0.0,2
1.0,0.47058823529411764,0.75,0.008108108108108109,0.2313194673709695,0.0,0.5,1.0,0.3333333333333333,0.0,1.0,0.0,0.26785714285714285,1.0,0.5,0.3333333333333333,0.6666666666666666,0.0,0.0,0.0,1
0.3333333333333333,0.11764705882352941,0.5,0.0,0.39738087377572356,1.0,0.0,0.0,0.3333333333333333,0.0,0.3333333333333333,0.0,0.08928571428571429,1.0,0.0,0.0,0.0,0.0,0.0,0.0,1
1.0,0.20588235294117646,0.5,0.008108108108108109,0.23902277979531197,0.0,0.25,0.6666666666666666,0.6666666666666666,0.0,0.3333333333333333,0.6666666666666666,0.23214285714285715,1.0,0.5,0.0,0.6666666666666666,0.0,1.0,0.0,1
1.0,0.29411764705882354,0.5,0.0,0.39303400462198745,0.0,0.5,0.0,0.6666666666666666,0.0,1.0,0.3333333333333333,0.42857142857142855,1.0,0.5,0.0,0.3333333333333333,1.0,0.0,0.0,1
1.0,0.20588235294117646,0.5,0.008108108108108109,0.06729393639264884,0.0,0.25,0.6666666666666666,1.0,0.0,1.0,0.0,0.35714285714285715,1.0,0.5,0.0,0.6666666666666666,0.0,1.0,0.0,1
1.0,0.11764705882352941,0.75,0.013513513513513514,0.07180587652690656,0.75,1.0,1.0,0.6666666666666666,0.0,1.0,1.0,0.6428571428571429,1.0,1.0,0.3333333333333333,0.6666666666666666,1.0,0.0,0.0,2
0.0,0.5147058823529411,1.0,0.005405405405405406,0.7664245625619016,1.0,0.75,1.0,0.6666666666666666,0.0,1.0,0.3333333333333333,0.19642857142857142,1.0,0.5,0.3333333333333333,1.0,0.0,1.0,0.0,1
0.3333333333333333,0.25,0.75,0.0,0.11571475734565863,0.0,0.5,0.0,0.0,0.0,1.0,0.3333333333333333,0.5,1.0,0.5,0.3333333333333333,0.6666666666666666,0.0,0.0,0.0,1
0.3333333333333333,0.11764705882352941,0.5,0.008108108108108109,0.04693518212831518,0.0,0.75,1.0,0.6666666666666666,1.0,0.6666666666666666,0.0,0.17857142857142858,1.0,0.5,0.3333333333333333,0.6666666666666666,0.0,0.0,1.0,1
0.3333333333333333,0.029411764705882353,0.5,0.008108108108108109,0.04500935402222956,0.0,1.0,1.0,0.6666666666666666,0.0,1.0,0.6666666666666666,0.16071428571428573,1.0,0.5,0.0,0.6666666666666666,1.0,0.0,0.0,1
0.3333333333333333,0.38235294117647056,1.0,0.0,0.10625068779575217,1.0,1.0,1.0,0.6666666666666666,0.0,1.0,0.0,0.30357142857142855,1.0,0.5,0.3333333333333333,0.6666666666666666,0.0,0.0,0.0,1
1.0,0.29411764705882354,0.5,0.008108108108108109,0.07059535600308132,0.0,0.25,1.0,0.3333333333333333,0.0,0.6666666666666666,0.6666666666666666,0.3392857142857143,0.5,0.5,0.0,0.6666666666666666,0.0,1.0,0.0,1
1.0,0.29411764705882354,0.5,0.005405405405405406,0.03736106525806097,1.0,0.75,1.0,0.6666666666666666,0.0,0.3333333333333333,0.6666666666666666,0.21428571428571427,0.5,0.5,0.0,0.6666666666666666,0.0,1.0,0.0,1
1.0,0.29411764705882354,0.5,0.008108108108108109,0.11191812479366127,0.0,0.75,1.0,0.6666666666666666,0.0,0.3333333333333333,0.6666666666666666,0.16071428571428573,1.0,0.5,0.0,0.6666666666666666,0.0,1.0,0.0,1
0.0,0.11764705882352941,0.5,0.016216216216216217,0.029987894794761747,0.0,0.25,1.0,0.3333333333333333,0.0,1.0,0.3333333333333333,0.6071428571428571,1.0,0.5,0.0,0.6666666666666666,0.0,0.0,0.0,2
1.0,0.08823529411764706,1.0,0.005405405405405406,0.10432485968966655,0.0,0.25,0.0,0.3333333333333333,0.0,0.6666666666666666,0.0,0.07142857142857142,1.0,0.0,0.3333333333333333,0.6666666666666666,0.0,0.0,0.0,1
0.3333333333333333,0.29411764705882354,0.5,0.0,0.0523275008253549,0.0,0.25,1.0,0.6666666666666666,0.0,0.0,0.3333333333333333,0.125,1.0,0.5,0.0,0.6666666666666666,0.0,0.0,0.0,1
1.0,0.25,0.5,0.0,0.1393199075602509,0.5,0.75,0.0,0.3333333333333333,0.0,0.3333333333333333,0.6666666666666666,0.21428571428571427,0.0,0.5,0.0,1.0,0.0,0.0,0.0,1
0.3333333333333333,0.29411764705882354,0.75,0.005405405405405406,0.09981291955540883,0.0,0.0,0.6666666666666666,0.3333333333333333,0.0,0.3333333333333333,0.3333333333333333,0.26785714285714285,1.0,0.5,0.0,1.0,0.0,1.0,0.0,2
0.0,0.11764705882352941,0.5,0.0,0.028007043028502255,0.0,0.75,1.0,0.6666666666666666,0.0,0.3333333333333333,0.0,0.125,1.0,0.5,0.0,0.6666666666666666,0.0,0.0,0.0,2
1.0,0.29411764705882354,0.75,0.0,0.025696049301199515,1.0,1.0,1.0,1.0,0.0,1.0,0.6666666666666666,0.625,1.0,0.5,0.3333333333333333,0.6666666666666666,0.0,1.0,0.0,1
1.0,0.10294117647058823,1.0,0.0,0.06289204357873886,0.0,0.25,1.0,0.3333333333333333,0.0,1.0,0.6666666666666666,0.2857142857142857,1.0,0.5,0.3333333333333333,1.0,0.0,0.0,0.0,1
0.0,0.20588235294117646,0.5,0.005405405405405406,0.1870804445911742,0.0,0.25,0.0,0.3333333333333333,0.0,1.0,0.6666666666666666,0.05357142857142857,1.0,0.0,0.0,0.6666666666666666,0.0,0.0,0.0,1
0.0,0.20588235294117646,0.25,0.008108108108108109,0.09298998569384835,0.0,0.25,0.6666666666666666,0.6666666666666666,0.5,1.0,1.0,0.30357142857142855,0.0,1.0,0.0,1.0,0.0,1.0,0.0,1
1.0,0.3382352941176471,0.75,0.024324324324324326,0.26780015406624846,0.0,0.75,0.6666666666666666,0.6666666666666666,0.0,1.0,0.6666666666666666,0.125,1.0,0.5,0.3333333333333333,0.6666666666666666,0.0,0.0,0.0,1
0.6666666666666666,0.47058823529411764,0.5,0.008108108108108109,0.23236491691427313,0.0,1.0,1.0,0.6666666666666666,0.0,0.3333333333333333,0.6666666666666666,0.21428571428571427,1.0,0.5,0.0,0.6666666666666666,0.0,0.0,0.0,1
1.0,0.20588235294117646,0.25,0.0,0.34158688235941453,0.0,1.0,0.3333333333333333,0.6666666666666666,0.0,1.0,1.0,0.35714285714285715,0.0,0.5,0.3333333333333333,1.0,1.0,1.0,0.0,2
0.3333333333333333,0.07352941176470588,0.5,0.008108108108108109,0.045779685264663805,0.0,1.0,1.0,0.6666666666666666,0.0,1.0,0.6666666666666666,0.14285714285714285,1.0,0.5,0.3333333333333333,0.3333333333333333,0.0,0.0,0.0,1
0.0,0.11764705882352941,0.5,0.005405405405405406,0.08847804555959063,0.0,0.25,1.0,0.3333333333333333,0.0,0.0,0.6666666666666666,0.05357142857142857,1.0,0.0,0.0,0.6666666666666666,0.0,0.0,0.0,1
0.3333333333333333,0.11764705882352941,0.5,0.008108108108108109,0.3421371189611533,1.0,0.0,0.3333333333333333,0.6666666666666666,0.0,0.0,1.0,0.5892857142857143,1.0,0.5,0.0,1.0,0.0,1.0,0.0,2
1.0,0.47058823529411764,0.5,0.016216216216216217,0.4844833278309673,1.0,0.5,0.3333333333333333,0.6666666666666666,0.0,1.0,1.0,0.2857142857142857,1.0,1.0,0.0,0.3333333333333333,1.0,1.0,0.0,1
0.0,0.20588235294117646,0.5,0.0,0.10999229668757565,0.25,0.75,1.0,0.6666666666666666,0.0,0.6666666666666666,0.6666666666666666,0.19642857142857142,1.0,0.5,0.0,1.0,1.0,1.0,0.0,1
1.0,0.29411764705882354,1.0,0.005405405405405406,0.07345658633212282,0.0,0.75,1.0,0.6666666666666666,0.0,0.6666666666666666,0.3333333333333333,0.375,1.0,0.5,0.3333333333333333,0.6666666666666666,0.0,0.0,0.0,1
0.6666666666666666,0.11764705882352941,0.5,0.005405405405405406,0.06734896005282272,0.0,0.25,1.0,0.3333333333333333,0.0,0.0,0.3333333333333333,0.25,0.0,0.5,0.0,1.0,0.0,1.0,0.0,1
0.6666666666666666,0.08823529411764706,0.5,0.010810810810810811,0.0536480686695279,0.0,0.5,0.3333333333333333,0.6666666666666666,0.0,0.3333333333333333,0.6666666666666666,0.32142857142857145,1.0,0.5,0.0,0.6666666666666666,0.0,1.0,0.0,1
1.0,0.29411764705882354,0.5,0.024324324324324326,0.055463849455265765,0.0,0.75,1.0,0.6666666666666666,0.0,0.0,0.0,0.10714285714285714,1.0,0.5,0.0,0.6666666666666666,0.0,1.0,0.0,1
0.3333333333333333,0.47058823529411764,0.75,0.0,0.14372180037416088,0.25,1.0,1.0,0.6666666666666666,0.0,0.6666666666666666,1.0,0.19642857142857142,1.0,1.0,0.0,0.6666666666666666,0.0,0.0,0.0,1
1.0,0.11764705882352941,0.5,0.008108108108108109,0.15555188731154396,0.0,0.5,0.3333333333333333,0.6666666666666666,0.0,1.0,0.6666666666666666,0.5892857142857143,1.0,0.5,0.0,0.6666666666666666,0.0,1.0,0.0,1
0.0,0.25,1.0,0.0,0.07439198855507868,0.0,1.0,1.0,1.0,0.0,0.6666666666666666,0.6666666666666666,0.19642857142857142,1.0,0.5,0.3333333333333333,0.6666666666666666,0.0,1.0,0.0,1
0.3333333333333333,0.029411764705882353,0.75,0.0,0.0527676901067459,0.0,0.0,1.0,0.6666666666666666,0.0,1.0,0.3333333333333333,0.5,1.0,0.5,0.0,1.0,0.0,1.0,0.0,2
1.0,0.47058823529411764,1.0,0.002702702702702703,0.3004842082095301,0.75,1.0,1.0,0.6666666666666666,0.0,0.3333333333333333,0.6666666666666666,0.3392857142857143,1.0,0.5,0.3333333333333333,1.0,0.0,1.0,0.0,1
1.0,0.029411764705882353,0.5,0.008108108108108109,0.060305931550566745,0.25,1.0,0.3333333333333333,0.6666666666666666,0.0,1.0,1.0,0.4107142857142857,0.0,1.0,0.0,0.6666666666666666,1.0,1.0,0.0,1
1.0,0.29411764705882354,1.0,0.024324324324324326,0.2352811709034885,0.0,0.5,0.6666666666666666,0.6666666666666666,0.0,0.3333333333333333,0.0,0.9821428571428571,1.0,0.5,0.0,1.0,0.0,1.0,0.0,1
0.0,0.11764705882352941,0.5,0.0,0.053813139650049524,0.0,0.5,1.0,0.3333333333333333,0.0,0.3333333333333333,0.0,0.08928571428571429,1.0,0.5,0.0,0.3333333333333333,0.0,0.0,0.0,2
0.3333333333333333,0.08823529411764706,0.25,0.008108108108108109,0.043908880818752064,0.0,0.5,1.0,0.6666666666666666,0.0,1.0,0.0,0.07142857142857142,0.5,0.5,0.0,0.3333333333333333,0.0,0.0,0.0,1
0.3333333333333333,0.16176470588235295,0.0,0.0,0.08407615274568064,0.0,0.25,0.3333333333333333,0.3333333333333333,0.0,0.0,0.0,0.125,1.0,0.0,0.3333333333333333,0.0,0.0,0.0,0.0,2
1.0,0.029411764705882353,0.5,0.021621621621621623,0.05436337625178827,1.0,0.0,1.0,0.6666666666666666,0.0,1.0,0.3333333333333333,0.30357142857142855,1.0,0.5,0.0,1.0,1.0,1.0,0.0,1
1.0,0.20588235294117646,0.5,0.0,0.08638714647298339,0.0,0.5,0.3333333333333333,1.0,0.0,0.3333333333333333,0.3333333333333333,0.19642857142857142,1.0,0.5,0.0,1.0,0.0,1.0,0.0,1
0.3333333333333333,0.47058823529411764,0.75,0.024324324324324326,0.5286123032904149,0.25,0.75,0.0,0.6666666666666666,0.0,0.6666666666666666,0.3333333333333333,0.21428571428571427,1.0,0.5,0.3333333333333333,0.3333333333333333,1.0,1.0,0.0,1
0.6666666666666666,0.11764705882352941,0.5,0.005405405405405406,0.1101023440079234,0.0,0.5,0.0,0.3333333333333333,0.0,0.3333333333333333,0.6666666666666666,0.48214285714285715,1.0,0.5,0.0,0.3333333333333333,0.0,0.0,0.0,1
1.0,0.25,0.5,0.002702702702702703,0.2750082535490261,1.0,0.5,0.0,0.6666666666666666,0.0,0.6666666666666666,0.6666666666666666,0.125,1.0,0.5,0.0,0.6666666666666666,0.0,0.0,0.0,1
0.0,0.20588235294117646,1.0,0.005405405405405406,0.04396390447892594,0.0,0.25,1.0,0.3333333333333333,0.0,1.0,0.3333333333333333,0.03571428571428571,1.0,0.0,0.0,0.6666666666666666,0.0,0.0,0.0,1
0.0,0.29411764705882354,0.5,0.002702702702702703,0.14933421371189612,1.0,1.0,1.0,0.6666666666666666,0.0,1.0,1.0,0.5357142857142857,0.0,1.0,0.0,0.6666666666666666,1.0,1.0,0.0,1
1.0,0.29411764705882354,1.0,0.0,0.09298998569384835,0.75,1.0,1.0,0.6666666666666666,0.0,1.0,0.0,0.7321428571428571,1.0,0.5,0.0,0.6666666666666666,0.0,1.0,0.0,1
1.0,0.29411764705882354,0.5,0.008108108108108109,0.17497523935292175,0.5,1.0,0.6666666666666666,0.6666666666666666,0.0,0.3333333333333333,0.6666666666666666,0.21428571428571427,1.0,0.5,0.0,0.6666666666666666,1.0,1.0,0.0,1
0.0,0.11764705882352941,0.5,0.008108108108108109,0.026246285902938263,0.25,0.25,1.0,1.0,0.0,0.6666666666666666,1.0,0.25,1.0,0.5,0.0,0.3333333333333333,0.0,1.0,0.0,2
0.6666666666666666,0.029411764705882353,0.5,0.0,0.025255860019808517,0.75,0.25,0.3333333333333333,1.0,0.0,0.3333333333333333,0.0,0.14285714285714285,1.0,0.5,0.0,0.0,0.0,0.0,1.0,1
0.3333333333333333,0.6470588235294118,0.5,0.0,0.3471992956971498,0.25,0.75,0.6666666666666666,0.6666666666666666,0.0,0.3333333333333333,0.3333333333333333,0.08928571428571429,1.0,0.5,0.0,0.6666666666666666,0.0,0.0,0.0,2
0.0,0.11764705882352941,0.5,0.0,0.061736546715087486,0.0,0.75,0.3333333333333333,0.0,0.0,0.6666666666666666,0.6666666666666666,0.30357142857142855,1.0,0.5,0.0,0.6666666666666666,0.0,0.0,0.0,2
0.0,0.11764705882352941,0.5,0.016216216216216217,0.02388026851546165,0.0,0.5,1.0,0.6666666666666666,0.0,1.0,0.6666666666666666,0.375,1.0,0.0,0.0,0.3333333333333333,1.0,0.0,0.0,2
0.3333333333333333,0.47058823529411764,0.5,0.008108108108108109,0.2500825354902608,0.0,0.25,1.0,0.3333333333333333,0.0,0.0,1.0,0.19642857142857142,1.0,0.5,0.0,1.0,0.0,1.0,0.0,1
1.0,0.47058823529411764,0.5,0.002702702702702703,0.24408495653130846,0.0,0.5,0.3333333333333333,0.6666666666666666,0.0,0.3333333333333333,1.0,0.23214285714285715,1.0,1.0,0.0,1.0,0.0,1.0,0.0,1
0.0,0.25,1.0,0.0,0.0176625949158138,0.0,1.0,1.0,0.6666666666666666,0.0,1.0,0.0,0.8214285714285714,1.0,0.5,0.3333333333333333,0.6666666666666666,0.0,0.0,0.0,1
0.0,0.29411764705882354,0.5,0.0,0.06223175965665236,1.0,0.5,1.0,0.3333333333333333,0.0,0.3333333333333333,0.3333333333333333,0.2857142857142857,1.0,0.5,0.0,0.6666666666666666,0.0,0.0,0.0,2
0.3333333333333333,0.11764705882352941,0.5,0.008108108108108109,0.059480576647958625,0.0,0.25,0.3333333333333333,0.6666666666666666,0.0,0.0,0.6666666666666666,0.05357142857142857,0.5,0.5,0.0,0.6666666666666666,0.0,0.0,0.0,2
0.0,0.029411764705882353,0.5,0.0,0.05243754814570265,0.25,1.0,0.6666666666666666,0.6666666666666666,0.0,0.3333333333333333,0.3333333333333333,0.42857142857142855,1.0,0.5,0.0,0.6666666666666666,0.0,1.0,0.0,1
0.3333333333333333,0.11764705882352941,0.5,0.008108108108108109,0.049796412457356665,0.0,1.0,0.6666666666666666,1.0,1.0,0.6666666666666666,0.0,0.375,0.0,0.5,0.3333333333333333,0.3333333333333333,0.0,0.0,0.0,1
1.0,0.6470588235294118,1.0,0.002702702702702703,0.1376141740948608,1.0,1.0,1.0,0.6666666666666666,0.0,0.6666666666666666,0.6666666666666666,0.3392857142857143,1.0,0.5,0.3333333333333333,0.6666666666666666,1.0,1.0,0.0,1
1.0,0.029411764705882353,1.0,0.008108108108108109,0.024760647078243644,1.0,1.0,1.0,0.6666666666666666,0.0,1.0,1.0,0.30357142857142855,1.0,1.0,0.3333333333333333,0.6666666666666666,0.0,0.0,0.0,1
0.0,0.11764705882352941,0.25,0.008108108108108109,0.020688896225376913,0.0,0.5,1.0,0.3333333333333333,0.0,1.0,0.0,0.08928571428571429,0.0,0.5,0.0,0.3333333333333333,0.0,0.0,0.0,2
0.0,0.29411764705882354,0.5,0.008108108108108109,0.0928799383735006,0.0,0.25,1.0,0.0,0.0,0.6666666666666666,0.3333333333333333,0.23214285714285715,1.0,0.5,0.0,0.6666666666666666,0.0,0.0,0.0,2
0.0,0.8235294117647058,0.5,0.024324324324324326,0.3877517332452955,0.0,1.0,1.0,0.6666666666666666,0.5,1.0,1.0,0.30357142857142855,1.0,0.0,0.0,0.6666666666666666,0.0,0.0,0.0,2
0.3333333333333333,0.6470588235294118,0.0,0.0,0.44613183668977663,0.5,0.25,0.0,0.3333333333333333,0.0,0.0,0.6666666666666666,0.19642857142857142,1.0,0.5,0.3333333333333333,0.6666666666666666,0.0,0.0,0.0,1
0.0,0.3382352941176471,1.0,0.024324324324324326,0.12061186310113349,0.0,1.0,1.0,0.6666666666666666,0.0,1.0,0.6666666666666666,0.42857142857142855,0.5,0.5,1.0,1.0,1.0,1.0,0.0,1
0.3333333333333333,0.29411764705882354,0.5,0.008108108108108109,0.09843732805106195,0.0,0.25,0.0,1.0,0.0,0.0,0.3333333333333333,0.05357142857142857,1.0,0.5,0.0,0.6666666666666666,0.0,1.0,0.0,2
0.3333333333333333,0.058823529411764705,0.5,0.024324324324324326,0.03615054473423572,0.0,0.25,0.6666666666666666,1.0,0.0,0.3333333333333333,0.0,0.125,1.0,0.5,0.0,0.6666666666666666,0.0,1.0,0.0,1
1.0,0.38235294117647056,1.0,0.002702702702702703,0.40420380763728403,1.0,1.0,0.0,0.6666666666666666,0.0,1.0,0.6666666666666666,0.7857142857142857,1.0,0.5,0.3333333333333333,0.6666666666666666,0.0,0.0,0.0,1
0.3333333333333333,0.11764705882352941,0.5,0.002702702702702703,0.09783206778914934,1.0,0.5,1.0,0.6666666666666666,0.0,0.3333333333333333,0.6666666666666666,0.19642857142857142,1.0,0.5,0.0,0.6666666666666666,0.0,0.0,0.0,1
0.0,0.29411764705882354,0.5,0.005405405405405406,0.21563772422141522,0.0,0.5,1.0,0.6666666666666666,0.0,1.0,0.3333333333333333,0.16071428571428573,1.0,0.5,0.0,0.6666666666666666,0.0,0.0,0.0,1
1.0,0.08823529411764706,0.5,0.0,0.06129635743369649,0.0,0.5,0.3333333333333333,0.3333333333333333,0.0,1.0,0.6666666666666666,0.8035714285714286,1.0,0.5,0.0,0.6666666666666666,0.0,1.0,0.0,1
0.0,0.47058823529411764,0.5,0.005405405405405406,0.18542973478595795,0.0,0.5,0.0,0.6666666666666666,1.0,0.3333333333333333,0.3333333333333333,0.32142857142857145,1.0,0.5,0.0,0.6666666666666666,1.0,0.0,0.0,1
1.0,0.6470588235294118,0.75,0.008108108108108109,0.6877407285132607,0.5,0.75,1.0,0.6666666666666666,0.0,0.0,0.6666666666666666,0.32142857142857145,1.0,0.5,0.0,1.0,0.0,1.0,0.0,1
1.0,0.11764705882352941,0.5,0.008108108108108109,0.025145812699460767,0.0,0.5,1.0,0.6666666666666666,0.0,0.3333333333333333,0.0,0.19642857142857142,0.0,0.5,0.3333333333333333,0.6666666666666666,0.0,0.0,0.0,1
0.0,0.23529411764705882,0.5,0.005405405405405406,0.10795642126114229,1.0,0.75,1.0,0.6666666666666666,0.0,1.0,0.6666666666666666,0.35714285714285715,1.0,0.5,0.0,0.6666666666666666,0.0,1.0,0.0,1
0.0,0.6470588235294118,0.0,0.002702702702702703,0.2396280400572246,0.0,1.0,0.6666666666666666,0.6666666666666666,0.0,1.0,1.0,0.08928571428571429,1.0,1.0,0.3333333333333333,0.6666666666666666,1.0,0.0,0.0,2
1.0,0.029411764705882353,1.0,0.008108108108108109,0.06228678331682624,0.0,0.5,0.0,0.3333333333333333,0.0,0.0,0.6666666666666666,0.16071428571428573,1.0,0.5,0.3333333333333333,0.6666666666666666,0.0,1.0,0.0,1
1.0,0.29411764705882354,0.5,0.024324324324324326,0.23885770881479035,0.75,0.5,0.3333333333333333,0.6666666666666666,0.0,0.6666666666666666,0.3333333333333333,0.625,1.0,0.5,0.6666666666666666,1.0,0.0,1.0,0.0,2
0.3333333333333333,0.38235294117647056,0.0,0.024324324324324326,0.2217453505007153,0.25,0.5,1.0,0.3333333333333333,0.0,1.0,0.6666666666666666,0.125,1.0,0.0,0.3333333333333333,0.3333333333333333,0.0,0.0,0.0,2
0.0,0.5588235294117647,0.5,0.005405405405405406,0.4199405744470122,0.0,0.75,0.3333333333333333,0.6666666666666666,1.0,1.0,0.3333333333333333,0.4642857142857143,1.0,1.0,0.0,0.6666666666666666,1.0,0.0,0.0,1
1.0,0.11764705882352941,0.5,0.0,0.046825134807967426,0.0,0.5,0.6666666666666666,1.0,0.0,0.3333333333333333,0.0,0.14285714285714285,1.0,0.5,0.3333333333333333,0.6666666666666666,0.0,1.0,0.0,1
0.0,0.29411764705882354,0.5,0.008108108108108109,0.08655221745350501,0.0,0.0,1.0,0.6666666666666666,0.0,0.3333333333333333,0.6666666666666666,0.19642857142857142,0.5,0.5,0.0,1.0,1.0,0.0,0.0,2
1.0,0.11764705882352941,1.0,0.024324324324324326,0.11235831407505227,0.0,0.0,1.0,0.6666666666666666,0.0,0.3333333333333333,0.6666666666666666,0.4107142857142857,0.5,0.5,0.3333333333333333,1.0,0.0,1.0,0.0,2
1.0,0.11764705882352941,1.0,0.008108108108108109,0.03994717728623308,1.0,1.0,1.0,0.6666666666666666,0.0,1.0,0.6666666666666666,0.2857142857142857,1.0,0.5,0.3333333333333333,0.6666666666666666,0.0,0.0,0.0,1
0.0,0.029411764705882353,1.0,0.008108108108108109,0.004842082095300979,0.5,1.0,1.0,0.6666666666666666,0.0,1.0,0.6666666666666666,0.5892857142857143,1.0,0.5,0.3333333333333333,0.6666666666666666,0.0,0.0,0.0,1
1.0,0.20588235294117646,1.0,0.005405405405405406,0.19423352041377792,0.0,0.25,0.6666666666666666,0.0,0.0,0.3333333333333333,0.6666666666666666,0.2857142857142857,1.0,0.5,0.3333333333333333,1.0,0.0,1.0,0.0,1
0.0,0.11764705882352941,0.5,0.005405405405405406,0.12804005722460657,0.0,0.5,0.3333333333333333,0.0,0.0,0.0,0.6666666666666666,0.4107142857142857,1.0,0.5,0.0,0.6666666666666666,0.0,0.0,0.0,1
0.3333333333333333,0.10294117647058823,0.75,0.008108108108108109,0.24876196764608782,0.0,0.75,0.3333333333333333,0.6666666666666666,0.0,1.0,0.3333333333333333,0.5714285714285714,1.0,0.5,0.0,0.6666666666666666,0.0,0.0,0.0,1
0.0,0.29411764705882354,0.5,0.024324324324324326,0.34763948497854075,0.0,0.5,0.3333333333333333,1.0,0.0,0.3333333333333333,0.6666666666666666,0.03571428571428571,0.5,0.5,0.0,0.3333333333333333,0.0,0.0,0.0,1
1.0,0.029411764705882353,0.25,0.008108108108108109,0.08253549026081215,0.5,1.0,0.3333333333333333,0.6666666666666666,0.0,1.0,0.3333333333333333,0.4642857142857143,0.0,0.5,0.0,0.3333333333333333,1.0,0.0,0.0,1
0.3333333333333333,0.11764705882352941,1.0,0.0,0.1581379993397161,0.0,0.25,0.0,0.6666666666666666,0.0,0.6666666666666666,0.0,0.5357142857142857,0.0,0.5,0.3333333333333333,0.3333333333333333,1.0,0.0,0.0,1
0.0,0.47058823529411764,0.5,0.0,0.08759766699680863,0.0,0.25,1.0,0.3333333333333333,0.0,1.0,0.6666666666666666,0.26785714285714285,1.0,0.5,0.0,0.6666666666666666,0.0,1.0,0.0,2
0.0,0.25,0.75,0.016216216216216217,0.17409486079013975,0.0,0.25,0.3333333333333333,0.6666666666666666,0.0,0.0,0.3333333333333333,0.125,1.0,0.5,0.3333333333333333,0.6666666666666666,0.0,0.0,0.0,2
0.0,0.6029411764705882,0.5,0.008108108108108109,0.08776273797733025,0.0,0.5,1.0,0.6666666666666666,0.0,1.0,1.0,0.07142857142857142,1.0,1.0,0.0,0.6666666666666666,0.0,1.0,0.0,2
1.0,0.5588235294117647,0.5,0.008108108108108109,0.3805436337625179,1.0,0.75,0.3333333333333333,1.0,0.0,1.0,0.3333333333333333,0.17857142857142858,1.0,0.0,0.0,0.6666666666666666,0.0,1.0,0.0,1
0.3333333333333333,0.29411764705882354,0.0,0.024324324324324326,0.21959942775393418,0.0,0.5,0.0,0.6666666666666666,0.0,1.0,0.0,0.30357142857142855,1.0,0.5,0.6666666666666666,0.3333333333333333,0.0,1.0,0.0,2
1.0,0.11764705882352941,1.0,0.008108108108108109,0.014966435567293936,0.5,1.0,1.0,0.6666666666666666,0.0,1.0,0.3333333333333333,0.4107142857142857,1.0,0.5,0.3333333333333333,0.6666666666666666,1.0,1.0,0.0,1
0.0,0.29411764705882354,1.0,0.002702702702702703,0.33944095961263343,0.0,1.0,0.3333333333333333,0.3333333333333333,0.0,1.0,1.0,0.44642857142857145,1.0,1.0,0.3333333333333333,1.0,1.0,1.0,0.0,1
0.3333333333333333,0.20588235294117646,1.0,0.0,0.044349070100143065,0.0,1.0,0.6666666666666666,0.6666666666666666,1.0,0.6666666666666666,0.0,0.19642857142857142,0.0,0.5,0.3333333333333333,0.6666666666666666,0.0,0.0,0.0,2
1.0,0.35294117647058826,1.0,0.008108108108108109,0.1371739848134698,0.0,1.0,1.0,0.6666666666666666,0.0,0.3333333333333333,0.6666666666666666,0.17857142857142858,1.0,0.5,0.3333333333333333,0.6666666666666666,0.0,0.0,0.0,1
1.0,0.16176470588235295,0.5,0.0,0.16154946627049632,0.75,0.75,0.3333333333333333,0.3333333333333333,0.0,0.6666666666666666,0.6666666666666666,0.017857142857142856,1.0,0.0,0.0,0.6666666666666666,0.0,0.0,0.0,1
0.3333333333333333,0.6470588235294118,1.0,0.005405405405405406,0.2666446572025971,0.0,0.5,0.3333333333333333,0.3333333333333333,0.0,0.6666666666666666,0.6666666666666666,0.19642857142857142,1.0,0.5,0.0,1.0,0.0,1.0,0.0,2
0.3333333333333333,0.16176470588235295,0.5,0.013513513513513514,0.0582150324639595,0.0,1.0,1.0,0.6666666666666666,0.0,1.0,0.6666666666666666,0.3392857142857143,1.0,0.5,0.3333333333333333,0.3333333333333333,0.0,0.0,0.0,1
0.0,0.058823529411764705,1.0,1.0,0.050291625398921534,0.0,1.0,0.6666666666666666,0.6666666666666666,0.0,1.0,1.0,0.5714285714285714,0.0,1.0,0.3333333333333333,1.0,1.0,1.0,0.0,1
0.0,0.47058823529411764,1.0,0.016216216216216217,0.4300099042588313,0.0,0.5,0.6666666666666666,0.3333333333333333,0.0,0.3333333333333333,1.0,0.10714285714285714,1.0,0.5,0.3333333333333333,1.0,0.0,1.0,0.0,2
0.0,0.29411764705882354,0.75,0.0,0.059590623968306375,0.0,0.0,1.0,0.6666666666666666,0.0,0.3333333333333333,0.0,0.42857142857142855,1.0,1.0,0.3333333333333333,0.6666666666666666,1.0,0.0,0.0,2
0.3333333333333333,0.6470588235294118,0.5,1.0,0.28232640035215145,1.0,0.0,0.6666666666666666,0.6666666666666666,0.0,1.0,1.0,0.375,0.0,1.0,0.0,0.0,0.0,1.0,0.0,1
0.3333333333333333,0.17647058823529413,1.0,0.0,0.05089688566083416,0.0,0.0,0.3333333333333333,0.6666666666666666,0.0,0.6666666666666666,0.6666666666666666,0.875,1.0,1.0,0.6666666666666666,0.0,0.0,1.0,0.0,1
1.0,0.3382352941176471,1.0,0.005405405405405406,0.2352811709034885,0.75,0.25,1.0,0.6666666666666666,0.0,0.3333333333333333,0.0,0.23214285714285715,0.5,0.5,0.3333333333333333,0.3333333333333333,1.0,1.0,0.0,1
0.0,0.29411764705882354,0.25,0.0,0.05188731154396391,0.0,0.0,0.0,0.3333333333333333,0.5,1.0,1.0,0.17857142857142858,1.0,0.0,0.3333333333333333,0.0,0.0,0.0,0.0,2
1.0,0.11764705882352941,0.5,0.016216216216216217,0.06289204357873886,0.0,1.0,1.0,0.6666666666666666,0.0,1.0,0.3333333333333333,0.5,0.0,0.5,0.6666666666666666,0.6666666666666666,1.0,1.0,0.0,1
0.0,0.029411764705882353,0.5,0.0,0.8058765269065699,0.0,1.0,0.0,0.6666666666666666,0.0,1.0,1.0,0.875,0.0,0.5,0.0,1.0,0.0,1.0,0.0,2
0.3333333333333333,0.11764705882352941,0.5,0.0,0.041652910751623196,0.75,0.5,1.0,1.0,0.0,0.0,0.0,0.05357142857142857,1.0,0.5,0.0,0.6666666666666666,0.0,0.0,0.0,1
0.0,0.47058823529411764,0.5,0.002702702702702703,0.44486629250577747,1.0,1.0,0.6666666666666666,0.6666666666666666,0.0,1.0,1.0,0.5,1.0,1.0,0.0,0.6666666666666666,0.0,0.0,0.0,2
1.0,0.11764705882352941,1.0,0.013513513513513514,0.041047650489710576,1.0,0.75,1.0,0.3333333333333333,0.0,1.0,0.0,0.07142857142857142,1.0,0.5,0.3333333333333333,0.6666666666666666,0.0,0.0,0.0,1
1.0,0.16176470588235295,0.5,0.0,0.27919005172224054,0.5,1.0,0.0,0.3333333333333333,0.0,1.0,1.0,0.2857142857142857,1.0,1.0,0.0,0.6666666666666666,0.0,0.0,0.0,1
0.0,0.29411764705882354,0.25,0.0,0.11417409486079014,0.25,0.75,0.3333333333333333,0.6666666666666666,0.0,0.6666666666666666,0.6666666666666666,0.23214285714285715,0.0,0.5,0.0,0.6666666666666666,0.0,0.0,0.0,1
1.0,0.47058823529411764,0.5,0.024324324324324326,0.3021899416749202,0.25,0.75,0.3333333333333333,0.6666666666666666,0.0,0.3333333333333333,0.6666666666666666,0.21428571428571427,1.0,0.5,0.3333333333333333,0.6666666666666666,0.0,1.0,0.0,1
1.0,0.11764705882352941,1.0,0.005405405405405406,0.09271486739297898,0.0,1.0,1.0,0.6666666666666666,0.0,1.0,0.0,0.42857142857142855,1.0,0.5,0.6666666666666666,0.6666666666666666,0.0,1.0,0.0,1
0.0,0.07352941176470588,0.5,0.008108108108108109,0.06129635743369649,0.0,0.75,0.6666666666666666,0.6666666666666666,0.0,1.0,0.0,0.7142857142857143,1.0,0.5,0.0,0.6666666666666666,0.0,0.0,0.0,1
0.3333333333333333,0.11764705882352941,0.5,0.005405405405405406,0.09199955981071861,0.0,0.5,1.0,0.6666666666666666,0.0,0.3333333333333333,0.3333333333333333,0.32142857142857145,1.0,0.5,0.0,0.3333333333333333,0.0,0.0,0.0,2
0.0,0.5588235294117647,1.0,0.013513513513513514,0.17299438758666227,0.0,0.0,1.0,0.6666666666666666,0.5,1.0,0.6666666666666666,0.8214285714285714,1.0,0.5,0.3333333333333333,0.0,0.0,0.0,0.0,1
1.0,0.16176470588235295,1.0,0.008108108108108109,0.06107626279300099,0.0,0.5,1.0,0.6666666666666666,0.0,0.3333333333333333,0.3333333333333333,0.21428571428571427,1.0,0.5,0.3333333333333333,0.6666666666666666,0.0,0.0,0.0,1
0.3333333333333333,0.6470588235294118,0.75,0.016216216216216217,0.32871134587872786,0.0,1.0,1.0,0.6666666666666666,0.0,1.0,1.0,0.5535714285714286,1.0,1.0,0.0,0.6666666666666666,0.0,0.0,0.0,2
1.0,0.11764705882352941,1.0,0.008108108108108109,0.0926598437328051,0.0,1.0,0.3333333333333333,0.6666666666666666,0.0,0.3333333333333333,1.0,0.125,1.0,0.5,0.3333333333333333,0.6666666666666666,0.0,0.0,0.0,1
0.0,0.29411764705882354,0.25,0.002702702702702703,0.18609001870804445,0.0,0.5,0.0,0.3333333333333333,1.0,1.0,0.6666666666666666,0.05357142857142857,0.0,0.0,0.0,0.6666666666666666,0.0,0.0,1.0,1
1.0,0.029411764705882353,0.5,0.008108108108108109,0.10223396060305931,0.0,0.75,0.3333333333333333,1.0,0.0,0.3333333333333333,0.0,0.17857142857142858,1.0,0.0,0.0,0.6666666666666666,0.0,0.0,0.0,1
0.3333333333333333,0.5588235294117647,1.0,0.024324324324324326,0.3138549576317817,0.0,0.75,0.3333333333333333,0.3333333333333333,0.0,0.0,0.0,0.39285714285714285,0.0,0.5,0.3333333333333333,0.3333333333333333,0.0,0.0,0.0,1
0.0,0.11764705882352941,1.0,0.0,0.02426543413667877,0.0,1.0,1.0,0.6666666666666666,0.0,0.6666666666666666,0.3333333333333333,0.2857142857142857,1.0,0.5,0.3333333333333333,0.6666666666666666,0.0,0.0,0.0,2
1.0,0.47058823529411764,1.0,0.002702702702702703,0.594475624518543,1.0,0.5,1.0,0.6666666666666666,0.0,0.3333333333333333,0.6666666666666666,0.19642857142857142,1.0,0.5,0.0,1.0,0.0,1.0,0.0,1
0.0,0.29411764705882354,0.5,0.005405405405405406,0.11604489930670188,0.25,0.0,0.0,0.0,0.0,0.0,0.3333333333333333,0.25,1.0,0.5,0.0,0.6666666666666666,0.0,0.0,0.0,2
0.0,0.029411764705882353,1.0,0.0,0.18851105975569496,0.0,0.5,0.0,0.6666666666666666,0.0,0.6666666666666666,0.0,0.32142857142857145,1.0,0.0,0.6666666666666666,0.6666666666666666,1.0,0.0,0.0,1
0.3333333333333333,0.11764705882352941,0.5,0.013513513513513514,0.021404203807637284,0.0,0.5,1.0,0.6666666666666666,0.0,0.3333333333333333,0.6666666666666666,0.19642857142857142,1.0,0.5,0.0,0.6666666666666666,0.0,0.0,0.0,2
0.3333333333333333,0.16176470588235295,0.5,0.013513513513513514,0.13101133487399583,0.25,0.5,0.6666666666666666,0.3333333333333333,0.0,0.3333333333333333,0.0,0.10714285714285714,1.0,0.5,0.0,0.3333333333333333,0.0,0.0,0.0,1
0.6666666666666666,0.38235294117647056,0.75,0.024324324324324326,0.09122922856828436,0.0,1.0,1.0,0.6666666666666666,0.0,1.0,0.0,0.8392857142857143,1.0,0.5,0.0,1.0,0.0,1.0,0.0,2
0.3333333333333333,0.11764705882352941,0.5,0.005405405405405406,0.13821943435677342,1.0,1.0,0.0,0.3333333333333333,0.0,0.3333333333333333,0.3333333333333333,0.10714285714285714,0.0,0.5,0.0,0.6666666666666666,0.0,1.0,0.0,2
0.0,0.29411764705882354,0.25,0.005405405405405406,0.14185099592824915,0.5,0.5,1.0,0.6666666666666666,0.0,1.0,0.0,0.05357142857142857,0.5,0.5,0.0,0.6666666666666666,0.0,1.0,0.0,1
0.0,0.20588235294117646,0.75,0.016216216216216217,0.45234951028942444,1.0,0.5,0.0,0.3333333333333333,0.0,0.3333333333333333,0.6666666666666666,0.07142857142857142,1.0,0.0,0.3333333333333333,0.6666666666666666,0.0,1.0,0.0,1
0.3333333333333333,0.16176470588235295,1.0,0.024324324324324326,0.11422911852096401,0.5,0.5,0.3333333333333333,0.6666666666666666,0.0,1.0,0.6666666666666666,0.14285714285714285,0.0,0.5,0.0,0.6666666666666666,0.0,0.0,0.0,1
0.3333333333333333,0.029411764705882353,0.5,0.008108108108108109,0.006492791900517223,1.0,1.0,1.0,0.6666666666666666,0.0,1.0,0.3333333333333333,0.3392857142857143,1.0,0.5,0.0,0.6666666666666666,0.0,0.0,0.0,1
1.0,0.29411764705882354,0.5,0.002702702702702703,0.4966985803895675,1.0,0.5,0.3333333333333333,0.0,0.0,1.0,1.0,0.5178571428571429,1.0,1.0,0.0,0.6666666666666666,0.0,1.0,0.0,1
0.3333333333333333,0.029411764705882353,0.5,0.008108108108108109,0.01870804445911742,0.0,0.25,0.6666666666666666,1.0,0.0,0.6666666666666666,0.0,0.125,1.0,0.5,0.0,0.3333333333333333,0.0,0.0,1.0,1
1.0,0.16176470588235295,0.75,0.005405405405405406,0.039066798723451084,0.75,0.75,0.6666666666666666,0.3333333333333333,0.0,0.3333333333333333,0.3333333333333333,0.19642857142857142,1.0,0.5,0.3333333333333333,0.6666666666666666,0.0,0.0,0.0,1
0.3333333333333333,0.11764705882352941,1.0,0.0,0.09601628700341147,0.25,0.25,1.0,0.6666666666666666,0.0,0.0,0.6666666666666666,0.14285714285714285,1.0,0.5,0.0,0.6666666666666666,0.0,0.0,0.0,1
0.0,0.029411764705882353,1.0,0.008108108108108109,0.05056674369979091,1.0,1.0,1.0,0.6666666666666666,0.0,1.0,0.0,0.8571428571428571,1.0,0.5,0.3333333333333333,0.6666666666666666,0.0,1.0,0.0,1
0.3333333333333333,0.3382352941176471,0.0,0.024324324324324326,0.4439308902828216,0.0,1.0,0.3333333333333333,0.3333333333333333,0.0,1.0,1.0,0.4107142857142857,1.0,1.0,0.3333333333333333,1.0,0.0,1.0,0.0,2
1.0,0.11764705882352941,0.5,0.0,0.02145922746781116,0.0,0.5,1.0,0.0,0.0,0.3333333333333333,0.0,0.5357142857142857,1.0,0.5,0.0,0.3333333333333333,0.0,0.0,0.0,1
0.6666666666666666,0.11764705882352941,1.0,0.0,0.03791130185979971,0.5,0.75,1.0,1.0,0.0,0.3333333333333333,0.0,0.16071428571428573,1.0,0.5,0.6666666666666666,0.6666666666666666,0.0,1.0,0.0,2
0.6666666666666666,0.29411764705882354,1.0,0.008108108108108109,0.15945856718388907,1.0,0.5,0.6666666666666666,0.6666666666666666,0.0,0.3333333333333333,0.6666666666666666,0.21428571428571427,1.0,0.5,0.3333333333333333,0.6666666666666666,0.0,1.0,0.0,1
1.0,0.29411764705882354,1.0,0.002702702702702703,0.2086497193793331,1.0,0.75,0.6666666666666666,0.6666666666666666,0.0,1.0,0.3333333333333333,0.42857142857142855,1.0,0.5,0.3333333333333333,0.6666666666666666,0.0,1.0,0.0,1
1.0,0.07352941176470588,0.5,0.008108108108108109,0.13772422141520854,0.25,1.0,0.6666666666666666,0.6666666666666666,0.5,1.0,0.6666666666666666,0.2857142857142857,1.0,0.5,0.0,0.6666666666666666,0.0,1.0,0.0,1
0.3333333333333333,0.16176470588235295,0.25,0.0,0.055793991416309016,0.25,0.5,0.3333333333333333,1.0,0.0,0.3333333333333333,0.3333333333333333,0.10714285714285714,1.0,0.0,0.0,0.6666666666666666,0.0,0.0,0.0,2
1.0,0.20588235294117646,1.0,0.016216216216216217,0.08880818752063387,0.25,0.5,1.0,0.3333333333333333,0.0,0.3333333333333333,0.0,0.19642857142857142,1.0,0.5,0.3333333333333333,0.6666666666666666,0.0,0.0,0.0,2
1.0,0.08823529411764706,1.0,0.005405405405405406,0.1000880378562782,1.0,0.5,0.3333333333333333,1.0,0.0,0.0,0.6666666666666666,0.125,1.0,0.5,0.3333333333333333,0.6666666666666666,0.0,0.0,1.0,1
1.0,0.11764705882352941,0.0,0.005405405405405406,0.1380543633762518,0.0,1.0,0.3333333333333333,0.6666666666666666,0.0,1.0,0.3333333333333333,0.26785714285714285,1.0,0.5,0.3333333333333333,0.6666666666666666,0.0,0.0,0.0,1
1.0,0.20588235294117646,1.0,0.008108108108108109,0.10938703642566304,0.0,0.5,0.3333333333333333,0.3333333333333333,0.0,0.0,0.6666666666666666,0.10714285714285714,1.0,0.5,0.3333333333333333,0.6666666666666666,0.0,0.0,0.0,1
0.3333333333333333,0.16176470588235295,1.0,0.008108108108108109,0.07081545064377683,1.0,1.0,1.0,0.6666666666666666,1.0,1.0,0.0,0.5535714285714286,1.0,0.5,0.3333333333333333,0.6666666666666666,0.0,1.0,0.0,1
0.3333333333333333,0.38235294117647056,0.5,0.008108108108108109,0.08060966215472654,1.0,0.5,1.0,0.3333333333333333,0.0,0.0,0.6666666666666666,0.125,1.0,0.5,0.0,0.6666666666666666,0.0,0.0,0.0,1
1.0,0.11764705882352941,0.5,0.005405405405405406,0.08352591614394189,0.0,0.5,0.6666666666666666,0.6666666666666666,0.0,0.3333333333333333,0.0,0.08928571428571429,1.0,0.0,0.0,0.3333333333333333,0.0,0.0,0.0,1
1.0,0.47058823529411764,0.75,0.005405405405405406,0.40871574777154174,0.5,0.75,0.3333333333333333,0.3333333333333333,0.0,1.0,0.6666666666666666,0.375,1.0,0.5,0.3333333333333333,0.6666666666666666,0.0,1.0,0.0,1
1.0,0.11764705882352941,1.0,0.0,0.06850445691647408,0.0,1.0,1.0,0.6666666666666666,0.0,0.0,0.0,0.3392857142857143,1.0,0.5,0.3333333333333333,0.3333333333333333,1.0,0.0,0.0,1
1.0,0.20588235294117646,0.5,0.008108108108108109,0.04820072631231429,1.0,0.25,1.0,0.3333333333333333,0.0,0.3333333333333333,0.0,0.03571428571428571,1.0,0.0,0.0,0.6666666666666666,0.0,1.0,0.0,1
1.0,0.16176470588235295,0.5,0.005405405405405406,0.10845163420270716,0.5,0.5,0.3333333333333333,0.3333333333333333,0.0,1.0,0.6666666666666666,0.017857142857142856,1.0,0.0,0.0,0.6666666666666666,0.0,0.0,0.0,1
1.0,0.029411764705882353,0.5,0.008108108108108109,0.07400682293386156,0.0,0.75,0.6666666666666666,0.6666666666666666,0.0,0.3333333333333333,0.3333333333333333,0.5714285714285714,1.0,0.5,0.0,0.6666666666666666,1.0,0.0,0.0,1
0.0,0.11764705882352941,0.5,0.008108108108108109,0.02481567073841752,0.0,0.5,1.0,1.0,0.0,0.3333333333333333,0.0,0.375,1.0,0.5,0.0,0.3333333333333333,0.0,0.0,0.0,1
0.0,0.29411764705882354,0.5,0.0,0.03659073401562672,1.0,1.0,1.0,0.3333333333333333,0.0,0.3333333333333333,0.6666666666666666,0.17857142857142858,0.0,0.5,0.0,0.6666666666666666,0.0,0.0,0.0,2
0.0,0.16176470588235295,0.0,0.0,0.03851656212171234,0.0,1.0,1.0,0.6666666666666666,0.0,0.6666666666666666,0.6666666666666666,0.25,1.0,0.0,0.3333333333333333,0.6666666666666666,1.0,0.0,0.0,2
1.0,0.014705882352941176,0.5,0.024324324324324326,0.1759656652360515,0.0,0.75,0.0,0.6666666666666666,0.0,1.0,0.0,0.9821428571428571,1.0,0.5,0.0,0.3333333333333333,0.0,0.0,0.0,1
0.3333333333333333,0.20588235294117646,1.0,0.005405405405405406,0.09232970177176186,0.0,0.25,0.3333333333333333,0.6666666666666666,0.0,0.3333333333333333,0.0,0.21428571428571427,1.0,0.5,0.3333333333333333,0.3333333333333333,0.0,0.0,0.0,2
1.0,0.11764705882352941,0.5,0.016216216216216217,0.025806096621547266,0.0,1.0,1.0,0.6666666666666666,0.0,1.0,0.6666666666666666,0.39285714285714285,0.0,0.5,0.0,0.3333333333333333,1.0,0.0,0.0,2
0.0,0.35294117647058826,0.5,0.0,0.20666886761307363,0.0,0.5,0.6666666666666666,0.6666666666666666,0.0,0.3333333333333333,0.6666666666666666,0.4642857142857143,1.0,0.5,0.0,0.3333333333333333,0.0,0.0,0.0,2
1.0,0.47058823529411764,1.0,0.005405405405405406,0.37839771101573677,0.0,0.25,0.3333333333333333,0.3333333333333333,0.0,1.0,0.3333333333333333,0.07142857142857142,1.0,0.0,0.3333333333333333,0.6666666666666666,0.0,1.0,0.0,2
0.6666666666666666,0.029411764705882353,0.75,0.008108108108108109,0.023825244855287774,0.0,0.25,0.3333333333333333,0.3333333333333333,0.0,0.0,0.3333333333333333,0.17857142857142858,0.0,0.5,0.0,0.6666666666666666,0.0,0.0,0.0,1
0.0,0.029411764705882353,0.5,0.005405405405405406,0.009794211510949708,0.0,1.0,0.3333333333333333,0.3333333333333333,0.0,0.0,0.3333333333333333,0.5357142857142857,0.0,0.5,0.0,0.6666666666666666,0.0,1.0,0.0,1
0.0,0.6470588235294118,0.5,0.008108108108108109,0.3713546825134808,0.0,0.75,0.0,1.0,1.0,0.0,0.0,0.26785714285714285,1.0,0.5,0.3333333333333333,0.6666666666666666,0.0,1.0,0.0,2
1.0,0.11764705882352941,0.5,0.024324324324324326,0.0710905689446462,0.0,0.75,0.3333333333333333,0.6666666666666666,0.0,1.0,0.6666666666666666,0.30357142857142855,1.0,0.5,0.0,0.6666666666666666,0.0,1.0,0.0,1
0.3333333333333333,0.11764705882352941,0.5,0.008108108108108109,0.07246616044899307,0.0,0.5,0.0,0.3333333333333333,0.0,0.0,0.6666666666666666,0.05357142857142857,1.0,0.5,0.0,0.6666666666666666,0.0,1.0,0.0,1
1.0,0.11764705882352941,0.5,0.005405405405405406,0.04803565533179267,0.5,0.5,1.0,0.3333333333333333,0.0,1.0,0.6666666666666666,0.17857142857142858,1.0,0.0,0.0,0.3333333333333333,0.0,0.0,0.0,2
1.0,0.25,0.75,0.024324324324324326,0.1282051282051282,0.5,0.25,1.0,0.6666666666666666,0.0,0.3333333333333333,0.0,0.39285714285714285,0.0,0.5,0.0,0.3333333333333333,1.0,0.0,0.0,2
0.0,0.20588235294117646,0.5,0.016216216216216217,0.027511830086937382,0.0,0.0,1.0,0.3333333333333333,0.0,0.0,0.0,0.14285714285714285,1.0,0.5,0.0,0.0,0.0,0.0,0.0,2
1.0,0.11764705882352941,1.0,0.008108108108108109,0.03741608891823484,1.0,1.0,1.0,0.6666666666666666,0.0,1.0,0.0,0.8214285714285714,1.0,0.5,1.0,0.6666666666666666,0.0,0.0,0.0,1
0.0,0.47058823529411764,0.75,0.024324324324324326,0.10426983602949268,0.0,0.75,0.3333333333333333,0.6666666666666666,0.0,0.0,0.6666666666666666,0.08928571428571429,1.0,0.5,0.3333333333333333,0.6666666666666666,0.0,1.0,0.0,2
0.6666666666666666,0.16176470588235295,0.5,0.008108108108108109,0.11428414218113789,0.0,0.25,0.3333333333333333,0.3333333333333333,0.0,0.6666666666666666,0.0,0.10714285714285714,1.0,0.5,0.0,0.3333333333333333,0.0,0.0,0.0,2
1.0,0.23529411764705882,1.0,0.0,0.17800154066248486,1.0,0.25,0.3333333333333333,0.0,0.0,1.0,0.0,0.44642857142857145,1.0,0.5,0.3333333333333333,0.6666666666666666,0.0,1.0,0.0,1
0.0,0.29411764705882354,0.5,0.008108108108108109,0.11742049081104874,0.0,1.0,1.0,0.6666666666666666,0.0,1.0,0.0,0.8035714285714286,0.0,0.0,0.0,0.3333333333333333,0.0,0.0,0.0,1
0.0,0.29411764705882354,0.0,0.005405405405405406,0.2123913282711566,0.0,1.0,0.6666666666666666,0.6666666666666666,0.0,1.0,1.0,0.07142857142857142,0.0,0.0,0.3333333333333333,0.6666666666666666,1.0,0.0,0.0,2
1.0,0.3382352941176471,0.75,0.002702702702702703,0.46016287003411466,0.75,0.5,0.3333333333333333,0.6666666666666666,0.0,0.3333333333333333,0.6666666666666666,0.14285714285714285,1.0,0.5,0.3333333333333333,0.6666666666666666,0.0,0.0,0.0,1
0.0,0.20588235294117646,0.5,0.005405405405405406,0.04847584461318367,0.0,0.0,1.0,0.3333333333333333,0.0,0.3333333333333333,0.6666666666666666,0.25,1.0,0.5,0.0,0.6666666666666666,0.0,0.0,0.0,2
1.0,0.029411764705882353,0.75,0.024324324324324326,0.08215032463959503,0.25,0.5,0.0,0.6666666666666666,0.0,0.3333333333333333,0.0,0.26785714285714285,1.0,0.5,0.3333333333333333,0.3333333333333333,0.0,0.0,0.0,1
0.3333333333333333,0.14705882352941177,0.5,0.024324324324324326,0.06382744580169473,0.5,1.0,0.0,1.0,0.0,0.3333333333333333,0.0,0.2857142857142857,1.0,0.5,0.0,0.6666666666666666,0.0,1.0,0.0,1
1.0,0.29411764705882354,0.5,0.0,0.06707384175195334,0.25,1.0,1.0,1.0,0.0,1.0,0.0,0.39285714285714285,1.0,0.0,0.0,0.3333333333333333,0.0,0.0,0.0,1
1.0,0.11764705882352941,0.5,0.008108108108108109,0.03499504787058435,1.0,0.5,1.0,0.3333333333333333,0.0,0.3333333333333333,0.6666666666666666,0.03571428571428571,1.0,0.5,0.0,0.6666666666666666,0.0,0.0,0.0,1
0.3333333333333333,0.47058823529411764,0.5,0.0,0.6679322108506658,1.0,0.5,0.0,0.6666666666666666,0.0,1.0,1.0,0.32142857142857145,1.0,1.0,0.0,0.6666666666666666,0.0,1.0,0.0,2
1.0,0.07352941176470588,0.5,0.0,0.12418840101243535,0.5,1.0,0.3333333333333333,0.6666666666666666,0.0,1.0,1.0,0.5714285714285714,1.0,1.0,0.0,0.3333333333333333,0.0,0.0,0.0,1
0.3333333333333333,0.07352941176470588,0.5,0.0,0.07147573456586333,1.0,0.25,1.0,0.6666666666666666,0.0,0.3333333333333333,0.0,0.2857142857142857,1.0,0.5,0.0,0.0,0.0,0.0,0.0,1
0.6666666666666666,0.08823529411764706,0.5,0.005405405405405406,0.056399251678221636,0.0,0.25,1.0,0.3333333333333333,0.0,0.3333333333333333,0.3333333333333333,0.07142857142857142,1.0,0.5,0.0,0.6666666666666666,0.0,0.0,0.0,1
1.0,0.16176470588235295,0.5,0.010810810810810811,0.034334763948497854,1.0,0.25,1.0,0.3333333333333333,0.0,0.0,0.0,0.08928571428571429,1.0,0.5,0.0,0.6666666666666666,0.0,0.0,0.0,1
0.0,0.11764705882352941,0.25,0.008108108108108109,0.10448993067018818,0.0,0.5,1.0,0.0,0.0,0.0,1.0,0.17857142857142858,1.0,1.0,0.0,0.6666666666666666,0.0,0.0,0.0,2
0.0,0.25,0.5,0.008108108108108109,0.1709585121602289,0.75,0.25,1.0,0.3333333333333333,0.0,0.3333333333333333,0.6666666666666666,0.17857142857142858,0.0,0.5,0.0,0.6666666666666666,0.0,0.0,0.0,1
1.0,0.029411764705882353,1.0,0.0,0.3582590513920986,0.0,0.75,0.0,0.6666666666666666,0.0,0.6666666666666666,1.0,0.4642857142857143,1.0,0.5,0.3333333333333333,1.0,1.0,1.0,0.0,1
0.0,0.29411764705882354,0.5,0.008108108108108109,0.12044679212061186,0.0,0.25,1.0,0.3333333333333333,0.0,1.0,0.0,0.2857142857142857,1.0,0.5,0.0,0.6666666666666666,0.0,1.0,0.0,2
1.0,0.6470588235294118,0.5,0.024324324324324326,0.2527786948387807,0.0,0.0,0.6666666666666666,0.6666666666666666,0.0,0.3333333333333333,0.6666666666666666,0.25,0.0,0.0,0.0,1.0,0.0,1.0,0.0,2
0.0,0.38235294117647056,0.5,0.008108108108108109,0.12501375591504346,0.0,1.0,0.0,0.6666666666666666,1.0,0.6666666666666666,0.3333333333333333,0.35714285714285715,1.0,0.5,0.0,0.6666666666666666,1.0,0.0,0.0,1
1.0,0.6470588235294118,1.0,0.0,0.5434686915373611,0.5,0.5,0.3333333333333333,0.6666666666666666,0.0,0.3333333333333333,1.0,0.44642857142857145,0.0,1.0,0.0,0.6666666666666666,0.0,0.0,0.0,2
1.0,0.29411764705882354,0.75,0.024324324324324326,0.19880048420820953,0.0,0.5,0.0,0.6666666666666666,0.0,0.3333333333333333,1.0,0.23214285714285715,1.0,1.0,0.0,0.6666666666666666,0.0,0.0,0.0,1
1.0,0.6470588235294118,1.0,0.016216216216216217,0.32243864861890614,0.0,0.5,0.0,0.6666666666666666,0.0,0.6666666666666666,1.0,0.21428571428571427,0.0,1.0,0.0,0.6666666666666666,0.0,1.0,0.0,1
0.3333333333333333,0.29411764705882354,0.5,0.005405405405405406,0.20947507428194123,0.0,0.75,0.6666666666666666,0.0,0.0,0.6666666666666666,0.6666666666666666,0.42857142857142855,1.0,0.5,0.0,0.6666666666666666,0.0,1.0,0.0,2
1.0,0.47058823529411764,0.5,0.024324324324324326,0.39391438318476946,1.0,1.0,0.6666666666666666,0.6666666666666666,0.0,0.3333333333333333,0.3333333333333333,0.32142857142857145,1.0,0.5,0.3333333333333333,0.6666666666666666,0.0,0.0,0.0,1
0.3333333333333333,0.11764705882352941,0.5,0.008108108108108109,0.06789919665456146,1.0,0.5,0.3333333333333333,1.0,0.0,0.0,0.0,0.10714285714285714,1.0,0.5,0.0,0.6666666666666666,0.0,1.0,0.0,2
0.3333333333333333,0.11764705882352941,1.0,0.002702702702702703,0.08550676791020138,0.25,0.25,0.6666666666666666,0.6666666666666666,0.0,1.0,0.3333333333333333,0.44642857142857145,1.0,0.5,0.0,0.6666666666666666,0.0,0.0,0.0,1
1.0,0.25,0.75,0.002702702702702703,0.15092989985693847,0.0,0.5,0.6666666666666666,0.6666666666666666,0.0,0.3333333333333333,0.0,0.16071428571428573,0.5,0.5,0.3333333333333333,0.3333333333333333,0.0,0.0,0.0,1
0.6666666666666666,0.07352941176470588,0.0,0.008108108108108109,0.05981071860900187,0.0,0.25,1.0,0.6666666666666666,0.0,0.3333333333333333,0.6666666666666666,0.26785714285714285,1.0,0.5,0.3333333333333333,1.0,0.0,1.0,0.0,2
1.0,0.07352941176470588,0.5,0.010810810810810811,0.05425332893144052,0.0,0.25,0.0,0.3333333333333333,0.0,1.0,0.0,0.07142857142857142,1.0,0.0,0.0,0.6666666666666666,0.0,1.0,0.0,1
0.0,0.11764705882352941,0.25,0.0,0.02459557609772202,0.0,0.25,1.0,0.6666666666666666,0.0,0.3333333333333333,0.6666666666666666,0.48214285714285715,0.0,0.5,0.3333333333333333,0.6666666666666666,0.0,1.0,0.0,2
0.0,0.38235294117647056,1.0,0.002702702702702703,0.3266754704522945,0.25,0.75,0.0,1.0,0.0,1.0,0.6666666666666666,0.08928571428571429,1.0,0.0,0.3333333333333333,0.6666666666666666,0.0,0.0,0.0,1
0.3333333333333333,0.20588235294117646,0.5,0.024324324324324326,0.2304941124683614,0.0,1.0,0.0,0.6666666666666666,0.5,0.0,0.0,0.25,0.0,0.5,0.0,1.0,0.0,1.0,0.0,1
0.3333333333333333,0.10294117647058823,1.0,0.0,0.05898536370639375,0.75,0.5,1.0,0.3333333333333333,0.0,1.0,0.6666666666666666,0.375,1.0,0.5,0.3333333333333333,0.6666666666666666,0.0,0.0,0.0,1
1.0,0.29411764705882354,1.0,0.005405405405405406,0.26961593485198637,0.0,1.0,1.0,0.6666666666666666,0.0,1.0,0.6666666666666666,0.25,1.0,0.5,0.0,0.6666666666666666,0.0,1.0,0.0,1
1.0,0.47058823529411764,0.75,0.024324324324324326,0.5129305601408606,0.0,0.25,0.0,0.0,0.0,0.0,0.6666666666666666,0.16071428571428573,1.0,0.5,0.3333333333333333,0.6666666666666666,0.0,0.0,0.0,2
0.3333333333333333,0.38235294117647056,0.25,0.005405405405405406,0.17860680092439749,0.75,0.5,1.0,0.6666666666666666,0.0,0.3333333333333333,0.6666666666666666,0.26785714285714285,0.5,0.5,0.0,0.6666666666666666,1.0,1.0,0.0,1
0.3333333333333333,0.47058823529411764,0.75,0.024324324324324326,0.23137449103114338,0.0,0.5,0.3333333333333333,0.0,0.0,0.3333333333333333,0.0,0.19642857142857142,0.5,0.5,0.3333333333333333,1.0,0.0,1.0,0.0,2
1.0,0.3382352941176471,0.5,0.0,0.12765489160338947,0.0,0.5,0.6666666666666666,0.3333333333333333,0.0,0.6666666666666666,0.0,0.03571428571428571,1.0,0.0,0.0,0.6666666666666666,0.0,0.0,0.0,2
1.0,0.11764705882352941,1.0,0.005405405405405406,0.07384175195333993,0.75,0.75,0.6666666666666666,0.3333333333333333,0.0,0.3333333333333333,0.3333333333333333,0.2857142857142857,1.0,0.5,0.0,0.6666666666666666,0.0,0.0,1.0,1
1.0,0.11764705882352941,1.0,0.024324324324324326,0.06393749312204247,0.0,0.5,1.0,0.3333333333333333,1.0,0.3333333333333333,0.0,0.17857142857142858,1.0,0.5,0.3333333333333333,1.0,0.0,1.0,0.0,1
0.3333333333333333,0.20588235294117646,0.0,0.005405405405405406,0.16474083856058105,0.0,0.5,0.0,0.3333333333333333,0.0,1.0,0.6666666666666666,0.25,0.0,0.5,0.3333333333333333,0.6666666666666666,0.0,1.0,0.0,1
0.0,0.29411764705882354,0.5,0.0,0.05694948827996038,1.0,0.75,1.0,0.3333333333333333,0.0,1.0,1.0,0.23214285714285715,1.0,0.0,0.0,0.6666666666666666,0.0,0.0,0.0,2
1.0,0.6470588235294118,0.75,0.008108108108108109,0.3845053372950369,1.0,1.0,0.6666666666666666,0.6666666666666666,0.0,0.6666666666666666,0.6666666666666666,0.23214285714285715,0.0,0.5,0.3333333333333333,0.6666666666666666,1.0,0.0,0.0,1
1.0,0.29411764705882354,1.0,0.024324324324324326,0.21398701441619897,0.25,0.5,0.6666666666666666,0.6666666666666666,0.0,0.6666666666666666,0.3333333333333333,0.14285714285714285,1.0,0.5,0.3333333333333333,0.3333333333333333,0.0,1.0,0.0,1
1.0,0.16176470588235295,0.5,0.008108108108108109,0.0529877847474414,0.5,1.0,1.0,0.6666666666666666,0.0,0.6666666666666666,0.3333333333333333,0.5,0.5,0.5,0.0,0.6666666666666666,0.0,1.0,0.0,1
1.0,0.16176470588235295,1.0,0.016216216216216217,0.07054033234290745,0.25,0.5,1.0,0.3333333333333333,0.0,0.6666666666666666,0.6666666666666666,0.21428571428571427,1.0,0.5,0.0,0.6666666666666666,0.0,0.0,0.0,1
1.0,0.29411764705882354,0.5,0.002702702702702703,0.1336524705623418,0.0,0.25,1.0,0.3333333333333333,0.0,0.0,1.0,0.17857142857142858,1.0,0.5,0.0,1.0,0.0,1.0,0.0,1
0.3333333333333333,0.25,0.5,0.024324324324324326,0.1384945526576428,0.25,1.0,1.0,0.0,0.0,0.3333333333333333,0.6666666666666666,0.75,0.0,0.0,0.3333333333333333,0.3333333333333333,0.0,0.0,0.0,2
1.0,0.29411764705882354,0.5,0.021621621621621623,0.03780125453945196,0.0,0.25,1.0,1.0,0.0,0.6666666666666666,0.6666666666666666,0.14285714285714285,1.0,0.5,0.3333333333333333,0.3333333333333333,0.0,0.0,0.0,1
0.6666666666666666,0.5588235294117647,0.0,0.024324324324324326,0.3322878837900297,0.0,0.25,0.3333333333333333,0.0,0.0,0.0,0.3333333333333333,0.25,1.0,0.5,0.3333333333333333,0.6666666666666666,0.0,0.0,0.0,1
0.3333333333333333,0.11764705882352941,0.5,0.0,0.05876526906569825,0.75,1.0,1.0,0.6666666666666666,0.0,1.0,0.0,0.625,1.0,0.5,0.0,0.6666666666666666,0.0,1.0,0.0,1
0.3333333333333333,0.20588235294117646,0.5,0.0,0.33069219764498736,0.0,0.75,0.6666666666666666,0.6666666666666666,0.0,0.6666666666666666,0.0,0.16071428571428573,1.0,0.0,0.0,0.3333333333333333,0.0,0.0,0.0,1
0.0,0.029411764705882353,0.5,0.008108108108108109,0.1318917134367778,0.5,0.5,0.3333333333333333,0.6666666666666666,0.0,0.6666666666666666,0.0,0.44642857142857145,1.0,0.0,0.0,0.6666666666666666,1.0,0.0,0.0,1
0.3333333333333333,0.38235294117647056,0.75,0.024324324324324326,0.12396830637173985,0.25,1.0,1.0,0.6666666666666666,0.0,0.3333333333333333,0.3333333333333333,0.39285714285714285,0.5,0.5,0.3333333333333333,0.6666666666666666,0.0,0.0,0.0,1
1.0,0.29411764705882354,0.5,0.008108108108108109,0.313249697369869,1.0,0.25,0.0,0.3333333333333333,0.0,0.0,0.6666666666666666,0.44642857142857145,1.0,0.5,0.3333333333333333,0.6666666666666666,0.0,1.0,0.0,2
1.0,0.20588235294117646,0.5,0.005405405405405406,0.12462859029382635,0.0,0.5,0.6666666666666666,0.6666666666666666,0.0,1.0,0.0,0.42857142857142855,1.0,0.5,0.0,0.6666666666666666,0.0,1.0,0.0,1
0.6666666666666666,0.29411764705882354,1.0,0.024324324324324326,0.056399251678221636,0.75,0.5,0.3333333333333333,0.0,0.0,1.0,0.0,0.30357142857142855,1.0,0.5,0.3333333333333333,0.6666666666666666,0.0,1.0,0.0,1
0.6666666666666666,0.29411764705882354,0.5,0.008108108108108109,0.06201166501595686,0.25,1.0,1.0,0.3333333333333333,0.0,0.3333333333333333,1.0,0.5,1.0,1.0,0.0,0.6666666666666666,0.0,1.0,0.0,1
0.3333333333333333,0.11764705882352941,0.75,0.008108108108108109,0.018432926158248045,0.0,0.5,1.0,1.0,0.5,1.0,0.0,0.017857142857142856,1.0,0.0,0.3333333333333333,0.6666666666666666,0.0,0.0,0.0,1
0.0,0.29411764705882354,0.5,1.0,0.08281060856168153,0.0,1.0,1.0,0.3333333333333333,1.0,1.0,0.0,0.6964285714285714,1.0,0.5,0.0,0.3333333333333333,0.0,1.0,0.0,1
0.3333333333333333,0.29411764705882354,0.5,0.0,0.060801144492131615,0.0,0.25,0.6666666666666666,0.3333333333333333,0.0,1.0,0.6666666666666666,0.10714285714285714,1.0,0.5,0.0,0.3333333333333333,0.0,1.0,0.0,2
0.3333333333333333,0.11764705882352941,0.5,0.0,0.09640145262462858,0.0,0.75,0.6666666666666666,0.6666666666666666,0.0,1.0,0.3333333333333333,0.19642857142857142,1.0,0.0,0.0,0.6666666666666666,1.0,1.0,0.0,1
1.0,0.29411764705882354,1.0,0.002702702702702703,0.10713106635853417,1.0,0.75,1.0,0.6666666666666666,0.0,1.0,0.6666666666666666,0.42857142857142855,1.0,0.5,0.3333333333333333,0.6666666666666666,1.0,1.0,0.0,1
0.0,0.20588235294117646,0.0,0.024324324324324326,0.1570375261362386,0.0,0.75,0.6666666666666666,0.6666666666666666,0.0,0.0,0.3333333333333333,0.21428571428571427,0.0,0.5,0.0,0.6666666666666666,0.0,1.0,0.0,1
0.6666666666666666,0.47058823529411764,0.5,0.008108108108108109,0.21789369428854408,0.0,0.5,1.0,0.6666666666666666,0.0,0.3333333333333333,0.6666666666666666,0.125,1.0,0.5,0.0,0.6666666666666666,0.0,0.0,0.0,2
0.0,0.16176470588235295,0.5,0.008108108108108109,0.04418399911962144,0.0,0.25,1.0,1.0,0.0,0.3333333333333333,0.0,0.14285714285714285,1.0,0.5,0.0,0.6666666666666666,0.0,0.0,1.0,1
0.3333333333333333,0.47058823529411764,0.5,0.0,0.7740728513260702,0.0,1.0,1.0,0.6666666666666666,0.0,0.3333333333333333,1.0,0.6785714285714286,1.0,1.0,0.0,1.0,0.0,1.0,0.0,2
1.0,0.20588235294117646,1.0,0.008108108108108109,0.0732915153516012,0.75,1.0,1.0,0.6666666666666666,0.0,1.0,0.6666666666666666,0.48214285714285715,1.0,0.5,0.3333333333333333,0.6666666666666666,0.0,0.0,0.0,1
0.3333333333333333,0.8235294117647058,0.5,0.0,0.39385935952459555,0.25,0.25,1.0,0.3333333333333333,0.0,0.3333333333333333,0.3333333333333333,0.08928571428571429,1.0,0.5,0.0,1.0,0.0,0.0,0.0,2
0.3333333333333333,0.11764705882352941,0.5,0.005405405405405406,0.038571585781886214,0.25,0.25,1.0,0.3333333333333333,0.0,1.0,0.6666666666666666,0.14285714285714285,0.0,0.0,1.0,0.6666666666666666,0.0,0.0,0.0,2
0.0,0.20588235294117646,0.5,0.005405405405405406,0.1325519973588643,0.75,0.5,1.0,0.6666666666666666,0.0,0.3333333333333333,0.6666666666666666,0.16071428571428573,1.0,0.5,0.0,0.6666666666666666,0.0,0.0,0.0,1
0.0,0.029411764705882353,0.5,0.005405405405405406,0.061846594035435236,0.0,0.5,0.0,0.6666666666666666,0.0,0.3333333333333333,0.0,0.30357142857142855,0.0,0.5,0.0,0.3333333333333333,0.0,1.0,0.0,1
1.0,0.029411764705882353,0.5,0.016216216216216217,0.0708704743039507,0.0,0.25,0.0,0.3333333333333333,0.0,0.3333333333333333,1.0,0.6607142857142857,1.0,0.5,0.0,0.6666666666666666,0.0,0.0,0.0,1
1.0,0.16176470588235295,0.5,0.005405405405405406,0.1352481567073842,0.0,0.25,0.3333333333333333,0.6666666666666666,0.0,0.6666666666666666,0.3333333333333333,0.14285714285714285,0.0,0.5,0.3333333333333333,0.3333333333333333,0.0,0.0,0.0,1
0.3333333333333333,0.029411764705882353,0.75,0.024324324324324326,0.06597336854847584,0.25,1.0,0.0,0.0,0.0,0.3333333333333333,0.6666666666666666,0.21428571428571427,0.0,0.5,0.3333333333333333,0.6666666666666666,1.0,0.0,0.0,1
0.3333333333333333,0.6470588235294118,0.5,0.008108108108108109,0.31368988665126,0.0,0.5,0.3333333333333333,0.3333333333333333,0.0,0.3333333333333333,0.0,0.05357142857142857,1.0,0.5,0.0,0.6666666666666666,0.0,0.0,0.0,2
0.3333333333333333,0.29411764705882354,1.0,0.008108108108108109,0.05315285572796302,0.25,0.25,1.0,0.6666666666666666,0.0,1.0,1.0,0.3392857142857143,0.0,0.5,0.3333333333333333,0.6666666666666666,1.0,0.0,0.0,2
0.3333333333333333,0.38235294117647056,0.0,0.024324324324324326,0.2184989545504567,0.0,0.5,0.3333333333333333,0.3333333333333333,0.0,0.0,0.6666666666666666,0.16071428571428573,1.0,0.5,0.3333333333333333,0.6666666666666666,0.0,0.0,0.0,1
0.3333333333333333,0.38235294117647056,1.0,0.005405405405405406,0.4476724991746451,0.0,0.75,0.3333333333333333,0.6666666666666666,0.0,0.3333333333333333,0.3333333333333333,0.5357142857142857,1.0,0.5,0.0,0.6666666666666666,0.0,0.0,0.0,2
0.6666666666666666,0.11764705882352941,0.25,0.024324324324324326,0.019753494002421042,0.0,0.25,1.0,0.3333333333333333,0.0,0.0,0.0,0.125,1.0,0.5,0.0,0.0,0.0,0.0,0.0,2
1.0,0.29411764705882354,0.75,0.024324324324324326,0.11692527786948388,0.5,0.5,1.0,0.6666666666666666,0.0,0.3333333333333333,0.6666666666666666,0.44642857142857145,1.0,0.5,0.3333333333333333,0.6666666666666666,1.0,1.0,0.0,1
0.0,0.11764705882352941,0.0,0.0,0.045779685264663805,0.0,0.5,1.0,0.6666666666666666,0.0,1.0,0.6666666666666666,0.5178571428571429,0.0,0.5,0.3333333333333333,0.6666666666666666,0.0,0.0,0.0,2
0.3333333333333333,0.20588235294117646,1.0,0.005405405405405406,0.33624958732254867,0.0,1.0,0.3333333333333333,0.6666666666666666,0.0,0.0,1.0,0.39285714285714285,1.0,0.5,0.0,0.6666666666666666,0.0,1.0,0.0,1
0.3333333333333333,0.07352941176470588,0.5,0.0,0.1620446792120612,1.0,0.5,0.0,0.3333333333333333,0.0,0.3333333333333333,0.0,0.25,1.0,0.5,0.0,0.3333333333333333,0.0,0.0,0.0,1
1.0,0.11764705882352941,1.0,0.008108108108108109,0.025696049301199515,0.0,1.0,1.0,0.6666666666666666,0.0,1.0,0.0,0.5892857142857143,1.0,0.5,0.6666666666666666,0.6666666666666666,0.0,0.0,0.0,1
0.0,0.16176470588235295,0.5,0.010810810810810811,0.056399251678221636,1.0,0.5,1.0,0.3333333333333333,0.0,0.3333333333333333,0.6666666666666666,0.08928571428571429,1.0,0.0,0.0,0.6666666666666666,0.0,0.0,0.0,2
1.0,0.11764705882352941,0.5,0.008108108108108109,0.10030813249697369,0.25,0.5,1.0,0.3333333333333333,0.5,0.3333333333333333,0.0,0.16071428571428573,1.0,0.5,0.0,0.6666666666666666,0.0,0.0,0.0,1
0.0,0.47058823529411764,0.5,0.005405405405405406,0.1354682513480797,0.0,1.0,0.3333333333333333,0.6666666666666666,0.0,0.3333333333333333,0.3333333333333333,0.39285714285714285,0.0,0.5,0.0,0.6666666666666666,1.0,0.0,0.0,2
1.0,0.29411764705882354,0.5,0.002702702702702703,0.12947067238912732,0.75,0.5,0.3333333333333333,0.3333333333333333,0.0,1.0,0.6666666666666666,0.16071428571428573,1.0,0.0,0.0,0.6666666666666666,0.0,1.0,0.0,1
0.3333333333333333,0.6470588235294118,0.25,0.024324324324324326,0.18245845713656872,0.25,0.75,1.0,0.6666666666666666,0.0,0.3333333333333333,0.6666666666666666,0.19642857142857142,1.0,0.5,0.0,0.6666666666666666,0.0,0.0,0.0,1
0.3333333333333333,0.20588235294117646,0.5,0.005405405405405406,0.09210960713106636,1.0,0.25,1.0,0.3333333333333333,0.0,0.6666666666666666,0.0,0.14285714285714285,1.0,0.0,0.0,0.6666666666666666,0.0,0.0,0.0,2
0.6666666666666666,0.11764705882352941,0.25,0.008108108108108109,0.008748761967646087,0.75,0.5,0.6666666666666666,0.3333333333333333,0.0,0.6666666666666666,0.0,0.4107142857142857,1.0,0.0,0.3333333333333333,0.6666666666666666,0.0,0.0,0.0,1
