1.0,0.5416666666666666,0.88,1.0,0.2222222222222222,2
0.0,0.375,0.08,1.0,0.2857142857142857,1
1.0,0.375,0.08,1.0,0.38095238095238093,1
0.0,0.875,0.08,0.0,0.873015873015873,1
1.0,0.4583333333333333,0.28,1.0,0.3333333333333333,2
1.0,0.20833333333333334,0.64,1.0,0.5714285714285714,1
1.0,0.5,0.0,1.0,0.42857142857142855,1
1.0,0.5,0.08,0.0,0.12698412698412698,1
1.0,0.20833333333333334,0.64,1.0,0.6349206349206349,2
1.0,0.20833333333333334,0.64,1.0,0.5396825396825397,2
0.0,0.16666666666666666,0.04,1.0,0.47619047619047616,1
1.0,1.0,0.24,1.0,0.38095238095238093,2
1.0,0.5833333333333334,0.0,1.0,1.0,3
1.0,0.5,0.0,1.0,0.4444444444444444,3
1.0,0.5,0.0,1.0,0.42857142857142855,1
1.0,0.3333333333333333,0.2,1.0,0.031746031746031744,2
1.0,0.625,0.28,1.0,0.5238095238095238,3
1.0,0.7083333333333334,0.16,1.0,0.25396825396825395,3
1.0,0.9583333333333334,1.0,1.0,0.2857142857142857,2
1.0,0.5416666666666666,0.56,1.0,0.5555555555555556,2
1.0,0.3333333333333333,0.16,1.0,0.25396825396825395,1
1.0,0.625,0.76,1.0,0.19047619047619047,3
1.0,0.8333333333333334,0.04,1.0,0.6190476190476191,3
0.0,0.875,0.08,1.0,0.873015873015873,1
1.0,0.3333333333333333,0.92,1.0,0.2698412698412698,2
1.0,0.0,0.56,0.0,0.30158730158730157,2
1.0,0.5416666666666666,0.56,1.0,0.5555555555555556,2
0.0,0.5,0.0,1.0,0.8095238095238095,1
1.0,0.5833333333333334,0.08,0.0,0.2222222222222222,1
1.0,0.5833333333333334,0.48,1.0,0.5396825396825397,2
1.0,0.5,0.52,1.0,0.2222222222222222,1
1.0,0.7083333333333334,0.8,1.0,0.4126984126984127,1
1.0,0.25,0.4,1.0,0.42857142857142855,3
1.0,0.25,0.4,1.0,0.1111111111111111,2
1.0,0.875,0.08,1.0,0.6825396825396826,2
1.0,0.5833333333333334,0.0,1.0,0.25396825396825395,3
1.0,0.041666666666666664,0.32,1.0,0.4126984126984127,3
1.0,0.875,0.0,1.0,0.6190476190476191,2
0.0,0.5,0.08,0.0,0.15873015873015872,3
1.0,0.2916666666666667,0.08,1.0,0.38095238095238093,3
0.0,0.5416666666666666,0.56,1.0,0.4603174603174603,3
1.0,0.5,0.08,0.0,0.1111111111111111,2
1.0,0.7916666666666666,0.04,1.0,0.1746031746031746,3
1.0,0.7083333333333334,0.96,1.0,0.3492063492063492,1
1.0,0.5,0.0,1.0,0.4126984126984127,3
1.0,0.08333333333333333,0.04,1.0,0.36507936507936506,3
1.0,0.20833333333333334,0.64,1.0,0.5714285714285714,1
1.0,0.16666666666666666,0.04,1.0,0.7142857142857143,3
1.0,0.4166666666666667,0.0,1.0,0.7619047619047619,3
0.0,0.9166666666666666,0.08,1.0,0.7301587301587301,1
1.0,0.25,0.4,1.0,0.42857142857142855,3
1.0,0.16666666666666666,0.04,1.0,0.5396825396825397,3
1.0,0.20833333333333334,0.64,1.0,0.6349206349206349,2
0.0,0.875,0.08,1.0,0.19047619047619047,2
1.0,0.5416666666666666,0.84,1.0,0.2222222222222222,1
1.0,0.875,0.0,1.0,0.12698412698412698,2
1.0,0.25,0.4,1.0,0.1111111111111111,2
1.0,0.2916666666666667,0.08,1.0,0.3333333333333333,2
1.0,0.9166666666666666,0.08,1.0,0.12698412698412698,3
0.0,0.6666666666666666,0.64,1.0,0.4444444444444444,1
1.0,0.9166666666666666,0.08,0.0,0.2698412698412698,1
0.0,0.2916666666666667,0.08,1.0,0.4126984126984127,1
0.0,0.875,0.48,1.0,0.38095238095238093,2
1.0,0.375,0.08,1.0,0.25396825396825395,3
1.0,0.9166666666666666,0.08,1.0,0.1111111111111111,2
1.0,0.875,0.08,1.0,0.6825396825396826,2
1.0,0.9166666666666666,0.08,1.0,0.14285714285714285,3
1.0,0.375,0.08,1.0,0.38095238095238093,1
0.0,0.6666666666666666,0.64,1.0,0.25396825396825395,1
1.0,0.375,0.08,1.0,0.14285714285714285,3
1.0,0.20833333333333334,0.64,1.0,0.6190476190476191,2
1.0,0.375,0.84,1.0,0.09523809523809523,1
1.0,0.5416666666666666,0.56,1.0,0.5555555555555556,3
1.0,0.3333333333333333,0.2,1.0,0.06349206349206349,1
1.0,0.875,0.08,1.0,0.3968253968253968,3
