0.2857142857142857,0.4609053497942388,0.02624794937895477,0.5,0.0,0.0,0.0,1.0,0.0,0.3333333333333333,0.0,0.0,0.0,1.0,0.0,0.5151515151515151,1
0.2857142857142857,0.08230452674897124,0.007968127490039839,0.5,0.0,0.0,0.0,1.0,1.0,0.3333333333333333,1.0,0.0,0.0,1.0,0.0,0.7727272727272727,1
0.2857142857142857,0.33744855967078197,0.00890555425357394,0.5,0.0,0.0,0.0,1.0,1.0,0.3333333333333333,1.0,0.0,0.0,1.0,0.0,0.5606060606060606,2
0.14285714285714285,0.15843621399176958,0.010780407780642137,0.0,0.0,1.0,0.0,0.0,0.0,0.3333333333333333,0.0,0.0,0.0,1.0,0.0,0.5303030303030303,1
0.2857142857142857,0.5329218106995885,0.02495898757909538,0.5,0.0,0.0,0.0,1.0,0.0,0.0,0.0,0.0,0.0,1.0,0.0,0.5757575757575758,1
0.2857142857142857,0.2633744855967079,0.01640496836184673,0.5,0.0,0.0,0.0,1.0,0.0,0.0,0.0,0.0,0.0,1.0,0.0,0.6515151515151515,1
0.2857142857142857,0.23251028806584362,0.00890555425357394,0.5,0.0,0.0,0.0,1.0,1.0,0.0,0.0,0.0,0.0,1.0,0.0,0.9090909090909091,1
0.2857142857142857,0.42798353909465026,0.020623388797750178,0.5,0.0,0.0,0.0,0.0,0.0,0.0,0.0,0.0,0.0,1.0,0.0,0.7727272727272727,1
0.2857142857142857,0.4609053497942388,0.024373095851886573,0.0,0.0,0.0,0.0,0.0,0.0,0.0,0.0,0.0,0.0,0.0,0.0,0.5,1
0.42857142857142855,0.18106995884773663,0.009374267635340989,0.5,0.0,1.0,0.0,1.0,1.0,0.0,0.0,0.0,0.0,1.0,0.0,0.6212121212121212,2
0.14285714285714285,0.2716049382716049,0.014530114834778535,0.5,0.0,0.0,0.0,1.0,0.0,0.0,0.0,0.0,0.0,0.0,0.0,0.8333333333333334,1
0.2857142857142857,0.4609053497942388,0.7398640731192875,0.0,0.0,0.0,0.0,0.0,0.0,0.3333333333333333,0.0,0.0,0.0,1.0,0.0,0.5909090909090909,1
0.2857142857142857,0.19753086419753088,0.0032809936723693462,0.5,0.0,0.0,0.0,1.0,0.0,0.3333333333333333,0.0,0.0,0.0,1.0,0.0,0.6212121212121212,1
0.2857142857142857,0.3621399176954733,0.01827982188891493,1.0,1.0,1.0,1.0,1.0,0.0,0.3333333333333333,0.0,0.0,0.0,1.0,0.0,0.7121212121212122,1
0.2857142857142857,0.4691358024691359,0.9062573236465901,0.0,1.0,0.0,0.0,1.0,0.0,0.3333333333333333,0.0,0.0,0.0,1.0,0.0,0.3484848484848485,1
0.2857142857142857,0.3456790123456791,0.022732599015701897,0.0,0.0,0.0,0.0,0.0,0.0,0.3333333333333333,0.0,0.0,0.0,0.0,0.0,0.8484848484848485,1
0.5714285714285714,0.3827160493827161,0.01687368174361378,0.5,0.0,0.0,0.0,1.0,1.0,0.3333333333333333,0.0,0.0,0.0,1.0,0.0,0.7424242424242424,1
0.2857142857142857,0.37037037037037046,0.6015936254980079,0.0,0.0,0.0,0.0,0.0,0.0,0.3333333333333333,1.0,0.0,0.0,1.0,0.0,0.5151515151515151,1
0.14285714285714285,0.24691358024691365,0.011249121162409186,0.5,0.0,0.0,0.0,1.0,0.0,0.0,1.0,0.0,0.0,1.0,0.0,0.6363636363636364,1
0.2857142857142857,0.41152263374485604,0.029997656433091165,0.5,1.0,0.0,0.0,0.0,0.0,0.0,0.0,0.0,0.0,1.0,0.0,0.6212121212121212,1
0.2857142857142857,0.6666666666666667,0.037497070541363954,0.5,0.0,0.0,0.0,1.0,0.0,0.3333333333333333,0.0,0.0,0.0,1.0,0.0,0.6212121212121212,1
0.2857142857142857,0.29629629629629634,0.014061401453011485,0.0,0.0,0.0,0.0,0.0,0.0,0.3333333333333333,0.0,0.0,0.0,1.0,0.0,0.5757575757575758,1
0.42857142857142855,0.711934156378601,0.035153503632528706,0.5,0.0,0.0,0.0,1.0,0.0,0.3333333333333333,0.0,0.0,0.0,1.0,0.0,0.5151515151515151,1
0.2857142857142857,0.5843621399176956,0.025779235997187722,0.0,0.0,0.0,0.0,1.0,0.0,0.3333333333333333,0.0,0.0,0.0,0.0,0.0,0.6818181818181818,1
0.14285714285714285,0.29629629629629634,0.014061401453011485,0.5,0.0,0.0,0.0,1.0,1.0,1.0,0.0,0.0,0.0,1.0,0.0,0.5909090909090909,1
0.2857142857142857,0.22222222222222227,0.013123974689477385,0.0,0.0,0.0,0.0,0.0,0.0,0.0,0.0,0.0,0.0,0.0,0.0,0.5606060606060606,1
0.2857142857142857,0.6337448559670782,0.030935083196625263,0.5,0.0,0.0,0.0,1.0,0.0,0.3333333333333333,0.0,0.0,0.0,1.0,0.0,0.8333333333333334,1
0.2857142857142857,0.2386831275720165,0.012186547925943286,0.5,0.0,0.0,0.0,1.0,0.0,0.0,0.0,0.0,0.0,1.0,0.0,0.7878787878787878,1
0.2857142857142857,0.2716049382716049,0.007499414108272792,0.5,0.0,0.0,0.0,1.0,1.0,0.3333333333333333,0.0,1.0,0.0,1.0,0.0,0.5909090909090909,1
0.2857142857142857,0.45267489711934167,0.01827982188891493,0.0,0.0,0.0,0.0,0.0,0.0,0.3333333333333333,0.0,0.0,0.0,1.0,0.0,0.5303030303030303,1
0.14285714285714285,0.31275720164609055,0.014998828216545584,0.0,0.0,0.0,0.0,1.0,0.0,0.3333333333333333,0.0,0.0,0.0,1.0,0.0,0.5454545454545454,2
0.2857142857142857,0.41152263374485604,0.01687368174361378,0.5,0.0,0.0,0.0,1.0,1.0,0.0,1.0,0.0,0.0,1.0,0.0,0.8484848484848485,1
0.2857142857142857,0.16460905349794247,0.009374267635340989,0.0,0.0,0.0,0.0,0.0,0.0,0.3333333333333333,0.0,0.0,0.0,1.0,0.0,0.6515151515151515,1
0.2857142857142857,0.11111111111111113,0.007147879071947505,0.5,0.0,0.0,0.0,0.0,1.0,0.0,0.0,0.0,0.0,1.0,0.0,0.8484848484848485,1
0.2857142857142857,0.33744855967078197,0.00984298101710804,0.5,0.0,1.0,0.0,1.0,0.0,0.3333333333333333,0.0,0.0,0.0,1.0,0.0,0.7424242424242424,1
0.2857142857142857,0.6584362139917695,0.037497070541363954,0.5,1.0,0.0,0.0,1.0,0.0,0.6666666666666666,0.0,0.0,0.0,1.0,0.0,0.5303030303030303,1
0.2857142857142857,0.2386831275720165,0.01640496836184673,0.5,0.0,0.0,0.0,1.0,0.0,0.0,0.0,0.0,0.0,1.0,0.0,0.5151515151515151,2
0.2857142857142857,0.5267489711934157,0.019217248652449028,0.5,0.0,0.0,0.0,1.0,0.0,0.3333333333333333,1.0,0.0,0.0,1.0,0.0,0.5606060606060606,1
0.0,0.48559670781893005,0.021560815561284273,0.0,0.0,0.0,0.0,0.0,0.0,0.3333333333333333,0.0,0.0,0.0,1.0,0.0,0.6212121212121212,1
0.2857142857142857,0.5267489711934157,0.02484180923365362,0.0,0.0,0.0,0.0,0.0,0.0,0.0,0.0,0.0,0.0,1.0,0.0,0.6515151515151515,1
0.2857142857142857,0.47736625514403297,0.020623388797750178,0.5,0.0,0.0,0.0,1.0,0.0,0.3333333333333333,0.0,0.0,0.0,1.0,0.0,0.5606060606060606,1
1.0,0.7736625514403294,0.036794000468713374,0.0,0.0,0.0,0.0,0.0,0.0,0.3333333333333333,0.0,0.0,0.0,0.0,0.0,0.42424242424242425,1
0.2857142857142857,0.19753086419753088,0.00984298101710804,0.5,0.0,0.0,0.0,1.0,0.0,0.0,0.0,0.0,0.0,1.0,0.0,0.6515151515151515,1
0.2857142857142857,0.4609053497942388,0.02343566908835247,0.5,0.0,1.0,0.0,1.0,0.0,0.3333333333333333,0.0,0.0,0.0,1.0,0.0,0.696969696969697,1
0.2857142857142857,0.1481481481481482,0.010780407780642137,0.0,0.0,0.0,0.0,0.0,0.0,0.3333333333333333,0.0,0.0,0.0,1.0,0.0,0.6363636363636364,1
0.2857142857142857,0.19753086419753088,0.007968127490039839,0.0,0.0,0.0,0.0,0.0,0.0,0.0,0.0,0.0,0.0,0.0,0.0,0.6515151515151515,1
0.2857142857142857,0.31687242798353915,0.01968596203421608,0.5,0.0,0.0,0.0,1.0,0.0,0.3333333333333333,0.0,0.0,0.0,0.0,0.0,0.5909090909090909,1
0.14285714285714285,0.13991769547325109,0.00890555425357394,0.5,0.0,0.0,0.0,0.0,0.0,0.3333333333333333,0.0,0.0,0.0,1.0,0.0,0.803030303030303,1
0.2857142857142857,0.1728395061728395,0.0032809936723693462,0.5,0.0,0.0,0.0,1.0,0.0,0.0,0.0,0.0,0.0,1.0,0.0,0.7727272727272727,1
0.2857142857142857,0.05349794238683128,0.004687133817670496,0.5,0.0,0.0,0.0,0.0,1.0,0.3333333333333333,0.0,0.0,0.0,1.0,0.0,0.6666666666666666,1
0.2857142857142857,0.24485596707818932,0.7773611436606516,0.5,0.0,0.0,1.0,1.0,0.0,0.0,0.0,0.0,0.0,1.0,0.0,0.5,1
0.2857142857142857,0.25514403292181076,0.014061401453011485,0.0,0.0,0.0,0.0,0.0,0.0,0.3333333333333333,0.0,0.0,0.0,1.0,0.0,0.7424242424242424,1
0.2857142857142857,0.27983539094650206,0.015936254980079678,0.5,0.0,0.0,0.0,1.0,0.0,0.3333333333333333,0.0,0.0,0.0,1.0,0.0,0.5454545454545454,1
0.2857142857142857,0.33127572016460904,0.003984063745019921,0.5,0.0,0.0,0.0,1.0,0.0,0.0,0.0,0.0,0.0,1.0,0.0,0.7424242424242424,1
0.14285714285714285,0.8559670781893005,0.043121631122568546,0.5,0.0,0.0,0.0,1.0,0.0,0.0,0.0,0.0,0.0,1.0,0.0,0.36363636363636365,1
0.2857142857142857,0.54320987654321,0.02624794937895477,0.0,0.0,0.0,0.0,1.0,0.0,0.3333333333333333,0.0,0.0,0.0,1.0,0.0,0.5151515151515151,1
0.2857142857142857,0.32921810699588483,0.014061401453011485,0.5,0.0,0.0,0.0,1.0,0.0,0.3333333333333333,0.0,0.0,0.0,0.0,0.0,0.8636363636363636,1
0.2857142857142857,0.7242798353909465,0.029528943051324114,0.5,0.0,0.0,0.0,1.0,0.0,0.3333333333333333,0.0,0.0,0.0,1.0,0.0,0.3939393939393939,1
0.2857142857142857,0.37037037037037046,0.01968596203421608,0.0,0.0,0.0,0.0,1.0,0.0,0.0,0.0,0.0,0.0,1.0,0.0,0.7272727272727273,1
0.2857142857142857,0.4691358024691359,0.02390438247011952,0.5,0.0,0.0,0.0,1.0,0.0,0.3333333333333333,0.0,0.0,0.0,1.0,0.0,0.6060606060606061,1
0.2857142857142857,0.19753086419753088,0.010780407780642137,0.5,0.0,0.0,0.0,1.0,0.0,0.0,0.0,0.0,0.0,0.0,0.0,0.48484848484848486,1
0.2857142857142857,0.48559670781893005,0.025779235997187722,0.0,0.0,0.0,0.0,0.0,0.0,0.3333333333333333,0.0,0.0,0.0,1.0,0.0,0.5757575757575758,1
0.42857142857142855,0.32921810699588483,0.03187250996015936,0.5,0.0,0.0,0.0,1.0,0.0,0.0,1.0,0.0,0.0,1.0,0.0,0.6515151515151515,1
0.42857142857142855,0.20576131687242802,0.013123974689477385,1.0,0.0,0.0,0.0,1.0,1.0,0.3333333333333333,0.0,0.0,0.0,1.0,0.0,0.7727272727272727,2
0.2857142857142857,0.1152263374485597,0.004687133817670496,0.5,0.0,0.0,0.0,1.0,0.0,0.0,0.0,0.0,0.0,1.0,0.0,0.6515151515151515,1
0.2857142857142857,0.3045267489711935,0.01546754159831263,0.5,0.0,0.0,0.0,1.0,0.0,0.0,0.0,0.0,0.0,1.0,0.0,0.6363636363636364,1
0.14285714285714285,0.4032921810699589,0.013592688071244434,0.5,0.0,0.0,0.0,1.0,1.0,0.0,0.0,0.0,0.0,1.0,0.0,0.6212121212121212,1
0.2857142857142857,0.20576131687242802,0.0,1.0,0.0,1.0,0.0,1.0,1.0,0.0,0.0,0.0,0.0,1.0,0.0,0.7878787878787878,2
0.42857142857142855,0.3786008230452675,0.007968127490039839,0.5,0.0,0.0,0.0,1.0,0.0,0.0,0.0,0.0,0.0,1.0,0.0,0.6212121212121212,1
0.42857142857142855,0.20576131687242802,0.007968127490039839,0.5,0.0,0.0,0.0,1.0,1.0,0.0,0.0,0.0,0.0,1.0,0.0,0.7727272727272727,1
0.14285714285714285,0.54320987654321,0.018748535270681977,0.5,1.0,1.0,0.0,0.0,0.0,0.6666666666666666,0.0,0.0,0.0,1.0,0.0,0.5,1
0.2857142857142857,0.2304526748971194,0.015936254980079678,0.0,0.0,1.0,0.0,1.0,0.0,0.3333333333333333,0.0,0.0,0.0,0.0,0.0,0.5909090909090909,1
0.2857142857142857,0.6419753086419753,0.020154675415983127,0.5,0.0,0.0,0.0,1.0,0.0,0.0,0.0,0.0,0.0,1.0,0.0,0.6212121212121212,1
0.2857142857142857,0.2304526748971194,0.007499414108272792,0.5,0.0,0.0,0.0,1.0,1.0,0.3333333333333333,0.0,0.0,0.0,1.0,0.0,0.8181818181818182,1
0.2857142857142857,0.4032921810699589,0.024607452542770095,0.5,0.0,0.0,0.0,1.0,1.0,0.0,0.0,0.0,0.0,1.0,0.0,0.7121212121212122,2
0.42857142857142855,0.25514403292181076,0.012186547925943286,0.5,0.0,0.0,0.0,1.0,0.0,0.3333333333333333,0.0,0.0,0.0,1.0,0.0,0.7424242424242424,2
0.2857142857142857,0.2386831275720165,0.007030700726505743,0.0,0.0,0.0,0.0,0.0,0.0,0.3333333333333333,0.0,0.0,0.0,1.0,1.0,0.6060606060606061,1
0.2857142857142857,0.37037037037037046,0.021092102179517222,0.0,0.0,0.0,0.0,0.0,0.0,0.0,0.0,0.0,0.0,1.0,0.0,0.7424242424242424,1
0.2857142857142857,0.5349794238683129,0.018748535270681977,0.5,0.0,1.0,0.0,1.0,0.0,0.3333333333333333,0.0,0.0,0.0,1.0,0.0,0.5151515151515151,1
0.2857142857142857,0.660493827160494,0.033044293414576986,0.5,0.0,0.0,0.0,1.0,0.0,0.3333333333333333,0.0,0.0,0.0,1.0,0.0,0.8484848484848485,2
0.2857142857142857,0.2386831275720165,0.012186547925943286,0.5,0.0,0.0,0.0,1.0,0.0,0.3333333333333333,0.0,0.0,0.0,1.0,0.0,0.5606060606060606,1
0.2857142857142857,0.551440329218107,0.02624794937895477,1.0,0.0,0.0,0.0,1.0,1.0,0.0,0.0,0.0,0.0,0.0,0.0,0.8333333333333334,1
0.2857142857142857,0.5185185185185186,0.022498242324818372,0.0,0.0,0.0,0.0,0.0,0.0,0.0,0.0,0.0,0.0,1.0,0.0,0.5454545454545454,1
0.14285714285714285,0.18106995884773663,0.00843684087180689,0.5,0.0,1.0,0.0,1.0,0.0,0.3333333333333333,0.0,0.0,0.0,1.0,0.0,0.6515151515151515,1
0.2857142857142857,0.37037037037037046,0.02484180923365362,0.5,0.0,0.0,0.0,1.0,0.0,0.0,0.0,0.0,0.0,1.0,0.0,0.5909090909090909,1
0.2857142857142857,0.19753086419753088,0.012655261307710336,0.5,0.0,0.0,0.0,1.0,0.0,0.3333333333333333,0.0,0.0,0.0,1.0,0.0,0.6363636363636364,1
0.2857142857142857,0.6502057613168725,0.022966955706585423,0.5,0.0,1.0,1.0,1.0,0.0,0.3333333333333333,0.0,0.0,0.0,1.0,0.0,0.5454545454545454,2
0.2857142857142857,0.31275720164609055,0.00890555425357394,0.0,0.0,1.0,0.0,1.0,0.0,0.0,0.0,0.0,0.0,1.0,0.0,0.5757575757575758,1
0.5714285714285714,0.42798353909465026,0.018748535270681977,0.0,0.0,0.0,1.0,0.0,0.0,0.3333333333333333,0.0,0.0,0.0,0.0,0.0,0.9090909090909091,2
0.2857142857142857,0.3580246913580248,0.02074056714319194,0.5,0.0,0.0,0.0,1.0,0.0,0.3333333333333333,0.0,0.0,0.0,1.0,0.0,0.3939393939393939,1
0.14285714285714285,0.21399176954732513,0.012186547925943286,0.5,0.0,0.0,0.0,1.0,0.0,0.3333333333333333,0.0,0.0,0.0,1.0,0.0,0.5909090909090909,2
0.2857142857142857,0.2716049382716049,0.013123974689477385,0.5,0.0,0.0,0.0,1.0,0.0,0.0,0.0,0.0,0.0,1.0,0.0,0.5757575757575758,1
0.2857142857142857,0.8395061728395062,0.030466369814858216,0.5,0.0,0.0,0.0,1.0,0.0,0.3333333333333333,0.0,0.0,0.0,1.0,0.0,0.6515151515151515,1
0.42857142857142855,0.42798353909465026,0.020623388797750178,0.5,0.0,1.0,0.0,1.0,0.0,0.3333333333333333,0.0,0.0,0.0,1.0,0.0,0.8939393939393939,1
0.14285714285714285,0.47736625514403297,0.02484180923365362,0.5,0.0,0.0,0.0,1.0,0.0,0.6666666666666666,0.0,0.0,0.0,1.0,0.0,0.5,1
0.2857142857142857,0.3045267489711935,0.01687368174361378,0.5,0.0,0.0,0.0,1.0,0.0,0.0,0.0,0.0,0.0,1.0,0.0,0.3787878787878788,1
0.2857142857142857,0.08230452674897124,0.003749707054136396,0.5,0.0,0.0,0.0,1.0,1.0,0.0,0.0,0.0,0.0,1.0,0.0,0.6818181818181818,1
0.42857142857142855,0.2818930041152264,0.01581907663463792,0.5,1.0,0.0,0.0,0.0,0.0,0.3333333333333333,0.0,0.0,0.0,1.0,0.0,0.5606060606060606,1
0.2857142857142857,0.3045267489711935,0.015936254980079678,0.0,0.0,0.0,0.0,0.0,0.0,0.0,0.0,0.0,0.0,1.0,0.0,0.5,1
0.42857142857142855,0.47736625514403297,0.01827982188891493,0.5,0.0,0.0,0.0,1.0,0.0,0.3333333333333333,0.0,0.0,0.0,1.0,0.0,0.8181818181818182,1
0.2857142857142857,0.3539094650205762,0.020271853761424888,0.5,0.0,0.0,0.0,1.0,1.0,0.0,0.0,0.0,0.0,1.0,0.0,0.5303030303030303,1
0.2857142857142857,0.3539094650205762,0.01968596203421608,1.0,0.0,0.0,0.0,1.0,1.0,0.0,0.0,0.0,0.0,1.0,0.0,0.7121212121212122,1
0.2857142857142857,0.2386831275720165,0.013592688071244434,0.5,0.0,0.0,0.0,1.0,0.0,0.3333333333333333,0.0,0.0,0.0,1.0,0.0,0.5151515151515151,1
0.2857142857142857,0.6172839506172841,0.02531052261542067,1.0,0.0,0.0,0.0,1.0,1.0,0.3333333333333333,0.0,0.0,0.0,1.0,0.0,0.5757575757575758,1
0.14285714285714285,0.2633744855967079,0.013123974689477385,0.0,0.0,0.0,0.0,0.0,0.0,0.3333333333333333,0.0,0.0,0.0,1.0,0.0,0.696969696969697,1
0.14285714285714285,0.33744855967078197,0.01781110850714788,0.5,0.0,0.0,0.0,1.0,0.0,0.0,0.0,0.0,0.0,0.0,0.0,0.42424242424242425,1
0.2857142857142857,0.4032921810699589,0.010780407780642137,0.0,0.0,0.0,0.0,0.0,0.0,0.3333333333333333,0.0,0.0,0.0,1.0,0.0,0.45454545454545453,1
0.2857142857142857,0.18106995884773663,0.014061401453011485,0.5,0.0,0.0,0.0,1.0,0.0,0.0,0.0,0.0,0.0,1.0,0.0,0.5,1
0.2857142857142857,0.18930041152263374,0.009374267635340989,0.5,0.0,1.0,0.0,0.0,0.0,0.3333333333333333,0.0,0.0,0.0,1.0,0.0,0.803030303030303,1
0.14285714285714285,0.23456790123456794,0.007968127490039839,1.0,0.0,1.0,0.0,1.0,1.0,0.3333333333333333,0.0,0.0,0.0,1.0,0.0,0.6363636363636364,1
0.2857142857142857,0.44444444444444453,0.019217248652449028,0.5,0.0,0.0,0.0,1.0,0.0,0.3333333333333333,1.0,0.0,0.0,1.0,0.0,0.7575757575757576,1
0.14285714285714285,0.5226337448559671,0.024607452542770095,1.0,0.0,0.0,0.0,1.0,1.0,1.0,0.0,0.0,0.0,1.0,0.0,0.8939393939393939,2
0.2857142857142857,0.3045267489711935,0.010780407780642137,0.0,0.0,0.0,0.0,0.0,0.0,0.3333333333333333,0.0,0.0,0.0,0.0,0.0,0.8333333333333334,1
0.2857142857142857,0.3539094650205762,0.019217248652449028,0.5,1.0,0.0,0.0,1.0,0.0,0.3333333333333333,0.0,0.0,0.0,0.0,0.0,0.7272727272727273,1
0.2857142857142857,0.4609053497942388,0.022498242324818372,0.5,0.0,0.0,0.0,1.0,0.0,0.3333333333333333,0.0,0.0,0.0,1.0,0.0,0.5606060606060606,1
0.2857142857142857,0.21399176954732513,0.013123974689477385,0.5,0.0,0.0,0.0,1.0,0.0,0.6666666666666666,0.0,0.0,0.0,1.0,0.0,0.5,2
0.14285714285714285,0.3456790123456791,0.020623388797750178,1.0,0.0,0.0,0.0,1.0,1.0,1.0,0.0,0.0,0.0,1.0,0.0,0.7424242424242424,1
0.2857142857142857,0.25514403292181076,0.01687368174361378,0.0,0.0,0.0,0.0,0.0,0.0,0.0,0.0,0.0,0.0,1.0,0.0,0.5909090909090909,2
0.2857142857142857,0.41152263374485604,0.022966955706585423,0.5,0.0,0.0,0.0,1.0,0.0,0.0,0.0,0.0,0.0,1.0,0.0,0.5303030303030303,1
0.42857142857142855,0.13991769547325109,0.004687133817670496,0.5,0.0,0.0,0.0,1.0,0.0,0.3333333333333333,0.0,0.0,0.0,1.0,0.0,0.7575757575757576,1
0.14285714285714285,0.5679012345679013,0.030935083196625263,0.5,0.0,0.0,0.0,0.0,1.0,0.0,0.0,0.0,0.0,1.0,0.0,0.2727272727272727,2
0.2857142857142857,0.21399176954732513,0.013592688071244434,0.5,0.0,0.0,1.0,1.0,0.0,0.3333333333333333,0.0,0.0,0.0,1.0,0.0,0.8636363636363636,1
0.2857142857142857,0.21399176954732513,0.010780407780642137,0.5,0.0,0.0,0.0,1.0,0.0,0.0,0.0,0.0,0.0,0.0,0.0,0.45454545454545453,1
0.2857142857142857,0.6419753086419753,0.029528943051324114,0.5,0.0,0.0,0.0,1.0,0.0,0.3333333333333333,0.0,0.0,0.0,1.0,0.0,0.5909090909090909,1
0.5714285714285714,0.6419753086419753,0.8418092336536208,0.0,1.0,1.0,0.0,1.0,0.0,0.3333333333333333,0.0,0.0,0.0,1.0,0.0,0.5454545454545454,1
0.2857142857142857,0.4876543209876544,0.023201312397468945,0.5,0.0,0.0,0.0,1.0,0.0,0.3333333333333333,0.0,0.0,0.0,1.0,0.0,0.6363636363636364,1
0.14285714285714285,0.08230452674897124,0.004687133817670496,0.5,0.0,1.0,0.0,1.0,0.0,0.3333333333333333,0.0,0.0,0.0,1.0,0.0,0.5454545454545454,1
0.2857142857142857,0.31275720164609055,0.017342395125380827,0.5,0.0,0.0,0.0,1.0,1.0,0.0,0.0,0.0,0.0,1.0,0.0,0.5909090909090909,1
0.2857142857142857,0.6913580246913581,0.027654089524255916,0.5,0.0,0.0,1.0,1.0,0.0,0.3333333333333333,0.0,0.0,0.0,1.0,0.0,0.5,1
0.2857142857142857,0.7572016460905351,0.03562221701429576,0.5,0.0,0.0,0.0,1.0,0.0,1.0,0.0,0.0,0.0,1.0,0.0,0.42424242424242425,1
0.2857142857142857,0.41152263374485604,0.020623388797750178,0.5,1.0,1.0,0.0,1.0,0.0,0.0,0.0,0.0,0.0,0.0,0.0,0.7878787878787878,1
0.2857142857142857,0.4609053497942388,0.017342395125380827,0.5,0.0,1.0,1.0,0.0,0.0,0.3333333333333333,1.0,0.0,0.0,0.0,0.0,0.6060606060606061,1
0.2857142857142857,0.45267489711934167,0.021092102179517222,0.5,0.0,0.0,0.0,1.0,0.0,0.3333333333333333,0.0,0.0,0.0,1.0,0.0,0.803030303030303,1
0.2857142857142857,0.6502057613168725,0.029997656433091165,0.5,0.0,0.0,0.0,1.0,0.0,0.0,0.0,0.0,0.0,1.0,0.0,0.4696969696969697,1
0.5714285714285714,0.7242798353909465,0.037497070541363954,0.5,0.0,0.0,0.0,1.0,0.0,0.0,0.0,0.0,0.0,1.0,0.0,0.6212121212121212,2
0.42857142857142855,0.29629629629629634,0.014998828216545584,0.5,0.0,0.0,0.0,1.0,1.0,0.3333333333333333,0.0,0.0,0.0,1.0,0.0,0.7878787878787878,1
0.2857142857142857,0.5267489711934157,0.02484180923365362,0.5,0.0,0.0,0.0,1.0,0.0,0.0,0.0,0.0,0.0,1.0,0.0,0.7575757575757576,1
0.2857142857142857,0.21399176954732513,0.007499414108272792,0.0,0.0,0.0,0.0,0.0,0.0,0.0,0.0,0.0,0.0,0.0,0.0,0.6060606060606061,1
0.2857142857142857,0.24691358024691365,0.013592688071244434,0.5,0.0,0.0,0.0,1.0,0.0,0.3333333333333333,0.0,0.0,0.0,1.0,0.0,0.7727272727272727,2
0.2857142857142857,0.18106995884773663,0.009374267635340989,0.5,0.0,0.0,0.0,1.0,0.0,0.0,0.0,0.0,0.0,1.0,0.0,0.7424242424242424,1
0.2857142857142857,0.6481481481481483,0.024138739161003047,1.0,1.0,0.0,0.0,1.0,1.0,0.6666666666666666,0.0,0.0,0.0,0.0,0.0,0.6212121212121212,2
0.2857142857142857,0.31275720164609055,0.017342395125380827,0.5,0.0,0.0,0.0,1.0,1.0,0.3333333333333333,0.0,0.0,0.0,1.0,0.0,0.6666666666666666,1
0.42857142857142855,0.5761316872427985,0.03187250996015936,0.5,0.0,0.0,0.0,1.0,0.0,0.3333333333333333,0.0,0.0,0.0,1.0,0.0,0.696969696969697,1
0.2857142857142857,0.6419753086419753,0.030935083196625263,0.5,0.0,0.0,0.0,1.0,0.0,0.0,0.0,0.0,0.0,1.0,0.0,0.5,1
0.2857142857142857,0.6666666666666667,0.029528943051324114,0.0,0.0,0.0,0.0,0.0,0.0,0.0,0.0,0.0,0.0,1.0,0.0,0.4696969696969697,1
0.2857142857142857,0.33744855967078197,0.014998828216545584,0.5,0.0,0.0,0.0,1.0,0.0,0.3333333333333333,1.0,0.0,0.0,1.0,0.0,0.5757575757575758,1
0.42857142857142855,0.39506172839506176,0.020623388797750178,1.0,0.0,0.0,0.0,1.0,1.0,0.0,1.0,0.0,0.0,1.0,0.0,0.7727272727272727,1
0.14285714285714285,0.6255144032921812,0.037965783923131005,0.0,0.0,0.0,0.0,0.0,0.0,0.3333333333333333,0.0,0.0,0.0,1.0,0.0,0.5151515151515151,1
0.42857142857142855,0.4197530864197531,0.018748535270681977,0.5,0.0,0.0,0.0,0.0,0.0,0.0,0.0,0.0,0.0,1.0,0.0,0.5454545454545454,1
0.2857142857142857,0.6255144032921812,0.029528943051324114,0.0,0.0,0.0,0.0,0.0,0.0,0.3333333333333333,0.0,0.0,0.0,1.0,0.0,0.45454545454545453,1
0.2857142857142857,0.551440329218107,0.015936254980079678,0.5,0.0,0.0,0.0,1.0,0.0,0.0,0.0,0.0,0.0,1.0,0.0,0.45454545454545453,1
0.2857142857142857,0.2386831275720165,0.00843684087180689,0.5,0.0,0.0,0.0,1.0,0.0,0.3333333333333333,0.0,0.0,0.0,1.0,0.0,0.7424242424242424,1
0.14285714285714285,0.2386831275720165,0.012655261307710336,0.0,1.0,1.0,0.0,0.0,0.0,0.3333333333333333,0.0,0.0,0.0,0.0,0.0,0.7424242424242424,1
0.2857142857142857,0.4938271604938272,0.028122802906022964,0.0,0.0,0.0,0.0,0.0,0.0,0.3333333333333333,0.0,0.0,0.0,1.0,0.0,0.48484848484848486,1
0.2857142857142857,0.2304526748971194,0.00984298101710804,0.5,0.0,0.0,0.0,1.0,0.0,0.3333333333333333,0.0,0.0,0.0,1.0,0.0,0.7878787878787878,1
0.2857142857142857,0.4691358024691359,0.024373095851886573,0.0,0.0,0.0,0.0,0.0,0.0,0.0,0.0,0.0,1.0,1.0,0.0,0.6363636363636364,1
0.2857142857142857,0.5679012345679013,0.02484180923365362,0.0,0.0,0.0,0.0,0.0,0.0,0.0,0.0,0.0,0.0,1.0,0.0,0.5303030303030303,1
0.7142857142857143,0.32921810699588483,0.01687368174361378,1.0,0.0,0.0,0.0,1.0,0.0,0.0,0.0,0.0,0.0,1.0,0.0,0.8333333333333334,1
0.2857142857142857,0.27983539094650206,0.017342395125380827,0.5,0.0,0.0,1.0,1.0,0.0,0.3333333333333333,0.0,0.0,0.0,1.0,0.0,0.5151515151515151,1
0.2857142857142857,0.18106995884773663,0.009374267635340989,0.0,0.0,0.0,0.0,0.0,0.0,0.3333333333333333,0.0,0.0,0.0,0.0,0.0,0.5151515151515151,1
0.2857142857142857,0.6172839506172841,0.029528943051324114,0.5,0.0,0.0,0.0,1.0,0.0,0.3333333333333333,0.0,0.0,0.0,0.0,0.0,0.4696969696969697,1
0.7142857142857143,0.5185185185185186,0.027185376142488865,0.0,0.0,0.0,0.0,0.0,0.0,0.0,0.0,0.0,0.0,1.0,0.0,0.6060606060606061,1
0.2857142857142857,0.6995884773662552,0.029528943051324114,0.5,0.0,0.0,0.0,1.0,0.0,0.3333333333333333,0.0,0.0,0.0,1.0,0.0,0.5303030303030303,1
0.42857142857142855,0.13168724279835395,0.009374267635340989,0.0,0.0,0.0,0.0,0.0,0.0,0.3333333333333333,0.0,0.0,0.0,1.0,0.0,0.7272727272727273,2
0.42857142857142855,1.0,0.05296461213967659,0.0,0.0,0.0,0.0,0.0,0.0,0.0,0.0,0.0,0.0,0.0,0.0,0.36363636363636365,1
0.2857142857142857,0.4362139917695474,0.021092102179517222,0.5,0.0,0.0,0.0,1.0,0.0,0.3333333333333333,0.0,0.0,0.0,1.0,0.0,0.803030303030303,1
0.2857142857142857,0.18930041152263374,0.00843684087180689,0.0,0.0,0.0,0.0,0.0,0.0,0.3333333333333333,0.0,0.0,0.0,1.0,0.0,0.6212121212121212,1
0.2857142857142857,0.22222222222222227,0.00890555425357394,1.0,0.0,0.0,1.0,1.0,1.0,0.3333333333333333,0.0,0.0,0.0,1.0,0.0,0.803030303030303,2
0.2857142857142857,0.08230452674897124,0.007030700726505743,0.5,1.0,1.0,0.0,1.0,0.0,0.3333333333333333,0.0,0.0,0.0,0.0,0.0,0.7727272727272727,1
0.2857142857142857,0.6008230452674899,0.027185376142488865,0.5,0.0,0.0,0.0,1.0,0.0,0.3333333333333333,1.0,0.0,0.0,1.0,0.0,0.5757575757575758,2
0.2857142857142857,0.3621399176954733,0.01827982188891493,0.5,0.0,0.0,0.0,1.0,1.0,0.3333333333333333,0.0,0.0,0.0,1.0,0.0,0.8181818181818182,1
0.2857142857142857,0.32921810699588483,0.015936254980079678,0.5,0.0,0.0,0.0,1.0,0.0,0.3333333333333333,0.0,0.0,0.0,1.0,0.0,0.5757575757575758,1
0.2857142857142857,0.2633744855967079,0.012655261307710336,0.5,1.0,0.0,0.0,0.0,0.0,0.3333333333333333,0.0,0.0,0.0,0.0,0.0,0.8333333333333334,2
0.14285714285714285,0.2181069958847737,0.8218889149285212,0.0,0.0,0.0,1.0,0.0,0.0,0.6666666666666666,0.0,0.0,0.0,1.0,0.0,0.6515151515151515,2
0.2857142857142857,0.6748971193415638,0.042184204359034444,0.0,0.0,0.0,0.0,0.0,0.0,0.0,0.0,0.0,0.0,1.0,0.0,0.45454545454545453,1
0.2857142857142857,0.3868312757201646,0.02238106397937661,0.5,0.0,0.0,0.0,1.0,0.0,0.0,0.0,0.0,0.0,1.0,0.0,0.6363636363636364,1
0.2857142857142857,0.1728395061728395,0.010077337707991563,0.0,0.0,0.0,0.0,0.0,0.0,0.0,1.0,0.0,0.0,0.0,0.0,0.7272727272727273,1
0.2857142857142857,0.29629629629629634,0.01640496836184673,0.0,0.0,0.0,0.0,0.0,0.0,0.0,0.0,0.0,0.0,1.0,0.0,0.5303030303030303,1
0.42857142857142855,0.4032921810699589,0.022966955706585423,0.0,0.0,0.0,0.0,0.0,0.0,0.0,0.0,0.0,0.0,0.0,0.0,0.6363636363636364,1
0.2857142857142857,0.2880658436213992,0.01687368174361378,0.5,0.0,0.0,0.0,1.0,0.0,0.0,0.0,0.0,0.0,1.0,0.0,0.42424242424242425,1
0.2857142857142857,0.2880658436213992,0.014998828216545584,0.5,1.0,1.0,0.0,0.0,0.0,0.3333333333333333,0.0,0.0,0.0,1.0,0.0,0.7121212121212122,2
0.2857142857142857,0.7242798353909465,0.030935083196625263,0.0,0.0,0.0,0.0,0.0,0.0,0.0,0.0,0.0,0.0,1.0,0.0,0.5303030303030303,1
0.14285714285714285,0.37037037037037046,0.01827982188891493,0.5,0.0,0.0,0.0,1.0,0.0,0.3333333333333333,0.0,0.0,0.0,1.0,0.0,0.6363636363636364,2
0.2857142857142857,0.5020576131687243,0.022966955706585423,0.0,0.0,0.0,0.0,0.0,0.0,0.0,0.0,0.0,0.0,1.0,0.0,0.696969696969697,2
0.2857142857142857,0.3456790123456791,0.02671666276072182,0.5,0.0,0.0,0.0,1.0,0.0,0.3333333333333333,0.0,0.0,0.0,1.0,0.0,0.7121212121212122,1
0.2857142857142857,0.5843621399176956,0.029997656433091165,0.5,0.0,0.0,0.0,1.0,0.0,0.0,0.0,0.0,0.0,1.0,0.0,0.5909090909090909,1
0.2857142857142857,0.3456790123456791,0.013592688071244434,0.5,0.0,0.0,0.0,1.0,1.0,0.3333333333333333,0.0,0.0,0.0,1.0,0.0,0.6212121212121212,1
0.2857142857142857,0.45267489711934167,0.02531052261542067,0.5,0.0,0.0,0.0,1.0,0.0,0.3333333333333333,0.0,0.0,0.0,1.0,0.0,0.6515151515151515,1
0.2857142857142857,0.4938271604938272,0.03234122334192641,0.0,0.0,0.0,0.0,0.0,0.0,0.3333333333333333,0.0,0.0,0.0,1.0,0.0,0.5606060606060606,1
0.2857142857142857,0.3621399176954733,0.0217951722521678,0.5,0.0,0.0,0.0,1.0,0.0,0.3333333333333333,0.0,0.0,0.0,1.0,0.0,0.7121212121212122,1
0.2857142857142857,0.41152263374485604,0.025427700960862432,0.5,0.0,0.0,0.0,1.0,1.0,0.3333333333333333,0.0,0.0,0.0,1.0,0.0,0.8636363636363636,1
0.42857142857142855,0.2880658436213992,0.013592688071244434,0.0,0.0,0.0,0.0,0.0,0.0,0.3333333333333333,0.0,0.0,0.0,0.0,0.0,0.6515151515151515,1
0.5714285714285714,0.21399176954732513,0.011600656198734472,0.5,1.0,0.0,0.0,0.0,0.0,0.3333333333333333,1.0,0.0,0.0,0.0,0.0,0.7727272727272727,1
0.2857142857142857,0.31275720164609055,0.014530114834778535,0.5,0.0,0.0,0.0,1.0,0.0,0.3333333333333333,0.0,0.0,0.0,1.0,0.0,0.48484848484848486,1
0.42857142857142855,0.5925925925925928,0.02671666276072182,0.5,0.0,0.0,0.0,1.0,0.0,0.3333333333333333,0.0,0.0,0.0,1.0,0.0,0.8333333333333334,1
0.2857142857142857,0.3045267489711935,0.014530114834778535,0.5,0.0,0.0,0.0,1.0,0.0,0.3333333333333333,0.0,0.0,0.0,1.0,0.0,0.7121212121212122,1
0.14285714285714285,0.47736625514403297,0.02343566908835247,0.5,0.0,0.0,0.0,1.0,0.0,1.0,1.0,0.0,0.0,0.0,0.0,0.6515151515151515,2
0.42857142857142855,0.3786008230452675,0.01640496836184673,0.5,0.0,0.0,0.0,1.0,0.0,0.3333333333333333,0.0,0.0,0.0,1.0,0.0,0.6666666666666666,1
0.2857142857142857,0.29629629629629634,0.019217248652449028,0.5,0.0,0.0,0.0,1.0,0.0,0.3333333333333333,0.0,0.0,0.0,0.0,0.0,0.5,1
0.2857142857142857,0.18106995884773663,0.011249121162409186,0.0,0.0,0.0,0.0,0.0,0.0,0.0,0.0,0.0,0.0,1.0,0.0,0.5757575757575758,1
0.2857142857142857,0.22222222222222227,0.011717834544176235,0.5,0.0,0.0,0.0,1.0,0.0,0.3333333333333333,0.0,0.0,0.0,0.0,0.0,0.8787878787878788,1
0.2857142857142857,0.2880658436213992,0.015936254980079678,0.5,0.0,1.0,0.0,1.0,1.0,0.0,0.0,0.0,0.0,1.0,0.0,0.7727272727272727,1
0.42857142857142855,0.41152263374485604,0.014061401453011485,0.5,0.0,0.0,0.0,1.0,1.0,0.3333333333333333,1.0,0.0,0.0,1.0,0.0,0.5454545454545454,2
0.2857142857142857,0.4691358024691359,0.01781110850714788,0.5,0.0,1.0,0.0,1.0,0.0,0.0,0.0,0.0,0.0,1.0,0.0,0.5454545454545454,1
0.2857142857142857,0.15637860082304533,0.011717834544176235,0.5,0.0,0.0,0.0,1.0,0.0,0.3333333333333333,0.0,0.0,0.0,1.0,0.0,0.7575757575757576,1
0.14285714285714285,0.5267489711934157,0.02531052261542067,0.5,0.0,0.0,0.0,1.0,0.0,0.3333333333333333,0.0,0.0,0.0,1.0,0.0,0.696969696969697,2
0.2857142857142857,0.1152263374485597,0.007968127490039839,0.5,0.0,0.0,0.0,1.0,0.0,0.3333333333333333,0.0,0.0,0.0,0.0,0.0,0.6060606060606061,1
0.42857142857142855,0.07818930041152267,1.0,0.0,0.0,0.0,0.0,0.0,0.0,0.3333333333333333,0.0,0.0,0.0,0.0,0.0,0.696969696969697,1
0.2857142857142857,0.24691358024691365,0.01394422310756972,0.0,0.0,0.0,0.0,0.0,0.0,0.0,0.0,0.0,0.0,1.0,0.0,0.5757575757575758,1
0.5714285714285714,0.7222222222222223,0.03702835715959691,0.5,0.0,0.0,0.0,0.0,1.0,0.0,0.0,0.0,0.0,0.0,0.0,0.5454545454545454,1
0.2857142857142857,0.42798353909465026,0.022966955706585423,0.0,0.0,0.0,0.0,0.0,0.0,0.0,0.0,0.0,0.0,1.0,0.0,0.6363636363636364,1
0.14285714285714285,0.35185185185185186,0.021092102179517222,0.5,0.0,1.0,0.0,1.0,0.0,0.3333333333333333,0.0,0.0,0.0,1.0,0.0,0.5757575757575758,1
0.2857142857142857,0.10699588477366256,0.00843684087180689,0.5,0.0,0.0,0.0,1.0,0.0,1.0,0.0,0.0,0.0,1.0,0.0,0.5757575757575758,1
0.2857142857142857,0.18930041152263374,0.007499414108272792,0.5,0.0,0.0,0.0,1.0,1.0,0.0,0.0,0.0,1.0,1.0,0.0,0.5,1
0.2857142857142857,0.15637860082304533,0.007499414108272792,0.5,0.0,1.0,0.0,1.0,0.0,0.3333333333333333,0.0,0.0,0.0,1.0,0.0,0.5757575757575758,1
0.42857142857142855,0.2716049382716049,0.009374267635340989,0.5,0.0,1.0,0.0,1.0,0.0,0.0,1.0,0.0,0.0,1.0,0.0,0.6060606060606061,2
0.2857142857142857,0.5843621399176956,0.027185376142488865,0.5,1.0,0.0,0.0,1.0,0.0,0.0,0.0,0.0,0.0,1.0,0.0,0.7575757575757576,1
0.2857142857142857,0.0041152263374485635,0.0004687133817670498,0.5,0.0,1.0,0.0,1.0,0.0,0.0,0.0,0.0,0.0,1.0,0.0,0.7121212121212122,1
0.2857142857142857,0.3868312757201646,0.022966955706585423,1.0,0.0,0.0,0.0,1.0,1.0,0.6666666666666666,0.0,0.0,0.0,1.0,0.0,0.6363636363636364,1
0.2857142857142857,0.48559670781893005,0.0217951722521678,0.5,0.0,0.0,0.0,1.0,0.0,0.3333333333333333,0.0,0.0,0.0,1.0,0.0,0.7121212121212122,1
0.14285714285714285,0.19753086419753088,0.011717834544176235,0.5,0.0,0.0,0.0,1.0,0.0,0.3333333333333333,0.0,0.0,0.0,0.0,0.0,0.7878787878787878,1
0.2857142857142857,0.6008230452674899,0.034684790250761655,0.5,0.0,0.0,0.0,0.0,0.0,0.0,0.0,0.0,0.0,1.0,0.0,0.3939393939393939,1
0.2857142857142857,0.6008230452674899,0.02671666276072182,0.5,1.0,0.0,1.0,1.0,0.0,0.3333333333333333,0.0,0.0,0.0,1.0,0.0,0.5,2
0.2857142857142857,0.37037037037037046,0.007968127490039839,0.5,0.0,0.0,0.0,1.0,0.0,0.3333333333333333,0.0,0.0,0.0,1.0,0.0,0.6363636363636364,1
0.2857142857142857,0.54320987654321,0.02624794937895477,0.5,0.0,0.0,0.0,1.0,0.0,0.3333333333333333,0.0,0.0,0.0,1.0,0.0,0.2878787878787879,1
0.2857142857142857,0.3786008230452675,0.011717834544176235,0.0,0.0,0.0,0.0,0.0,0.0,0.3333333333333333,0.0,0.0,0.0,0.0,0.0,0.6060606060606061,1
0.2857142857142857,0.07613168724279838,0.005155847199437543,0.5,0.0,0.0,0.0,1.0,0.0,0.3333333333333333,1.0,0.0,0.0,0.0,0.0,0.7121212121212122,1
0.2857142857142857,0.609053497942387,0.030466369814858216,0.5,0.0,0.0,1.0,1.0,1.0,0.0,0.0,0.0,0.0,1.0,0.0,0.5909090909090909,2
0.2857142857142857,0.2386831275720165,0.014998828216545584,0.0,0.0,0.0,0.0,0.0,0.0,0.3333333333333333,0.0,0.0,0.0,0.0,0.0,0.5303030303030303,1
0.2857142857142857,0.21399176954732513,0.013123974689477385,0.0,0.0,0.0,0.0,0.0,0.0,0.0,0.0,0.0,0.0,1.0,0.0,0.5909090909090909,1
0.14285714285714285,0.48559670781893005,0.020037497070541362,0.5,0.0,0.0,0.0,1.0,0.0,1.0,0.0,0.0,0.0,1.0,0.0,0.4090909090909091,1
0.14285714285714285,0.27983539094650206,0.007499414108272792,0.5,0.0,1.0,0.0,1.0,1.0,0.3333333333333333,0.0,0.0,0.0,1.0,0.0,0.48484848484848486,2
0.14285714285714285,0.5020576131687243,0.013592688071244434,0.5,0.0,0.0,0.0,1.0,0.0,0.6666666666666666,0.0,0.0,0.0,1.0,0.0,0.6363636363636364,1
0.2857142857142857,0.42798353909465026,0.01546754159831263,0.0,0.0,0.0,0.0,0.0,0.0,0.6666666666666666,0.0,0.0,0.0,1.0,0.0,0.45454545454545453,2
0.2857142857142857,0.1152263374485597,0.004687133817670496,0.0,0.0,0.0,0.0,0.0,0.0,0.3333333333333333,0.0,0.0,0.0,1.0,0.0,0.7424242424242424,2
