0.5443037974683544,0.41935483870967744,0.1020408163265306,0.03197158081705151,0.02982456140350877,1
0.620253164556962,0.42741935483870963,0.2244897959183673,0.03374777975133215,0.007017543859649122,1
0.45569620253164556,0.2661290322580645,0.14285714285714285,0.02486678507992895,0.04035087719298245,1
0.6455696202531646,0.2943548387096774,0.12244897959183672,0.017761989342806397,0.07719298245614035,1
0.5822784810126582,0.625,0.19387755102040816,0.014209591474245118,0.010526315789473684,2
0.5316455696202531,0.5040322580645161,0.09183673469387756,0.014209591474245118,0.06666666666666667,1
0.5822784810126582,0.3225806451612903,0.14285714285714285,0.019538188277087032,0.1473684210526316,1
0.5822784810126582,0.2943548387096774,0.18367346938775508,0.03019538188277087,0.08421052631578947,1
0.6455696202531646,0.42741935483870963,0.18367346938775508,0.019538188277087032,0.05263157894736842,1
0.0,1.0,0.5714285714285714,0.021314387211367674,0.015789473684210523,2
0.6329113924050633,0.5967741935483871,0.21428571428571425,0.03374777975133215,0.04736842105263158,1
0.2911392405063291,0.9516129032258065,0.5408163265306122,0.012433392539964477,0.014035087719298244,2
0.6835443037974683,0.407258064516129,0.19387755102040816,0.021314387211367674,0.031578947368421054,1
0.5189873417721519,0.14919354838709678,0.1020408163265306,0.026642984014209593,0.03684210526315789,1
0.8734177215189873,0.6411290322580644,0.4693877551020407,0.008880994671403198,0.014035087719298244,2
0.6962025316455697,0.0564516129032258,0.05102040816326529,0.3268206039076376,0.43333333333333335,3
0.46835443037974683,0.3629032258064516,0.12244897959183672,0.017761989342806397,0.04035087719298245,1
0.569620253164557,0.43548387096774194,0.21428571428571425,0.014209591474245118,0.07017543859649122,1
0.6455696202531646,0.3870967741935484,0.2040816326530612,0.026642984014209593,0.02631578947368421,1
0.5949367088607594,0.2540322580645161,0.1530612244897959,0.02309058614564831,0.07017543859649122,1
0.0,0.7137096774193548,1.0,0.021314387211367674,0.014035087719298244,2
0.13924050632911392,1.0,0.43877551020408156,0.019538188277087032,0.010526315789473684,2
0.5063291139240507,0.3629032258064516,0.16326530612244897,0.026642984014209593,0.07543859649122807,1
0.46835443037974683,0.1935483870967742,0.12244897959183672,0.021314387211367674,0.1298245614035088,3
0.5063291139240507,0.33064516129032256,0.1326530612244898,0.017761989342806397,0.03859649122807018,1
0.6835443037974683,0.1854838709677419,0.09183673469387756,0.12255772646536413,0.7280701754385965,3
0.6582278481012658,0.42338709677419356,0.12244897959183672,0.02486678507992895,0.04912280701754386,1
0.6075949367088608,0.2943548387096774,0.18367346938775508,0.017761989342806397,0.0649122807017544,1
0.6835443037974683,0.13306451612903225,0.09183673469387756,0.4067495559502664,0.11228070175438597,3
0.5189873417721519,0.3588709677419355,0.2040816326530612,0.02486678507992895,0.012280701754385965,1
0.3037974683544304,0.7903225806451614,0.7244897959183673,0.017761989342806397,0.008771929824561403,2
0.5443037974683544,0.33064516129032256,0.1020408163265306,0.03730017761989343,0.056140350877192984,1
0.7215189873417721,0.3709677419354838,0.14285714285714285,0.014209591474245118,0.050877192982456146,1
0.6075949367088608,0.3790322580645161,0.29591836734693877,0.03374777975133215,0.11578947368421054,1
0.6962025316455697,0.3185483870967742,0.09183673469387756,0.02309058614564831,0.03684210526315789,1
0.6455696202531646,0.38306451612903225,0.1530612244897959,0.02486678507992895,0.08771929824561403,1
0.620253164556962,0.3185483870967742,0.14285714285714285,0.026642984014209593,0.008771929824561403,1
0.4810126582278481,0.3629032258064516,0.2755102040816326,0.02309058614564831,0.010526315789473684,1
0.5063291139240507,0.6814516129032258,0.14285714285714285,0.0035523978685612786,0.01929824561403509,2
0.9367088607594937,0.6411290322580644,0.36734693877551017,0.017761989342806397,0.008771929824561403,2
0.3291139240506329,0.3024193548387097,0.1530612244897959,0.03552397868561279,0.09298245614035087,1
0.569620253164557,0.23387096774193547,0.08163265306122448,0.012433392539964477,0.02982456140350877,1
0.810126582278481,0.04032258064516129,0.04081632653061224,0.2202486678507993,0.0631578947368421,3
0.6329113924050633,0.407258064516129,0.06122448979591837,0.03552397868561279,0.09298245614035087,1
0.569620253164557,0.2620967741935484,0.08163265306122448,0.026642984014209593,0.08771929824561403,1
0.4050632911392405,0.5887096774193548,0.16326530612244897,0.019538188277087032,0.008771929824561403,2
0.7721518987341772,0.0,0.0,0.21492007104795738,0.16666666666666666,3
0.8227848101265823,0.3629032258064516,0.1530612244897959,0.005328596802841919,0.06842105263157895,1
0.759493670886076,0.07258064516129031,0.07142857142857142,0.2912966252220249,0.17894736842105263,3
0.3037974683544304,0.9395161290322581,0.5306122448979592,0.007104795737122559,0.014035087719298244,2
0.4177215189873418,0.39919354838709675,0.14285714285714285,0.039076376554174064,0.0,1
0.6329113924050633,0.2661290322580645,0.11224489795918367,0.021314387211367674,0.04736842105263158,1
0.569620253164557,0.2943548387096774,0.173469387755102,0.03552397868561279,0.12456140350877194,1
0.8987341772151899,0.03629032258064516,0.010204081632653059,0.5772646536412078,0.15964912280701754,3
0.4050632911392405,0.5524193548387096,0.346938775510204,0.02486678507992895,0.017543859649122806,2
0.6708860759493671,0.4032258064516129,0.19387755102040816,0.010657193605683837,0.0736842105263158,1
0.5189873417721519,0.25,0.1326530612244898,0.019538188277087032,0.0807017543859649,1
0.5189873417721519,0.3588709677419355,0.1530612244897959,0.014209591474245118,0.06666666666666667,1
0.5063291139240507,0.2258064516129032,0.19387755102040816,0.02309058614564831,0.13508771929824562,1
0.5316455696202531,0.5040322580645161,0.1326530612244898,0.047957371225577264,0.042105263157894736,1
0.6708860759493671,0.125,0.1326530612244898,0.20426287744227353,0.868421052631579,3
0.7215189873417721,0.4556451612903226,0.25510204081632654,0.02841918294849023,0.05263157894736842,1
0.6582278481012658,0.2943548387096774,0.18367346938775508,0.015985790408525755,0.0807017543859649,1
0.4936708860759494,0.3669354838709677,0.09183673469387756,0.021314387211367674,0.02631578947368421,1
0.5569620253164557,0.3709677419354838,0.12244897959183672,0.017761989342806397,0.04912280701754386,1
0.6708860759493671,0.47177419354838707,0.1326530612244898,0.015985790408525755,0.05263157894736842,1
0.6962025316455697,0.2540322580645161,0.173469387755102,0.021314387211367674,0.045614035087719294,1
0.569620253164557,0.39919354838709675,0.16326530612244897,0.015985790408525755,0.05263157894736842,1
0.9620253164556962,0.20564516129032256,0.16326530612244897,0.16163410301953818,0.2649122807017544,3
0.5316455696202531,0.5362903225806451,0.1326530612244898,0.015985790408525755,0.045614035087719294,1
0.6582278481012658,0.47177419354838707,0.173469387755102,0.019538188277087032,0.0807017543859649,1
0.6962025316455697,0.2661290322580645,0.1020408163265306,0.02486678507992895,0.08771929824561403,1
0.8354430379746836,0.08870967741935484,0.06122448979591837,0.17406749555950268,0.09473684210526316,3
0.4430379746835443,0.43548387096774194,0.23469387755102036,0.010657193605683837,0.007017543859649122,1
0.8227848101265823,0.38306451612903225,0.14285714285714285,0.014209591474245118,0.09298245614035087,1
0.4936708860759494,0.23387096774193547,0.18367346938775508,0.019538188277087032,0.0824561403508772,1
0.43037974683544306,0.5040322580645161,0.346938775510204,0.010657193605683837,0.010526315789473684,2
0.6455696202531646,0.4435483870967742,0.16326530612244897,0.02309058614564831,0.10701754385964914,1
0.3670886075949367,0.8064516129032258,0.16326530612244897,0.02309058614564831,0.0035087719298245606,2
0.5189873417721519,0.43548387096774194,0.16326530612244897,0.014209591474245118,0.02982456140350877,1
0.31645569620253167,0.30645161290322576,0.14285714285714285,0.02309058614564831,0.031578947368421054,1
0.4050632911392405,0.2943548387096774,0.11224489795918367,0.019538188277087032,0.028070175438596492,1
0.4430379746835443,0.3629032258064516,0.23469387755102036,0.021314387211367674,0.008771929824561403,1
0.45569620253164556,0.2661290322580645,0.2040816326530612,0.012433392539964477,0.050877192982456146,1
0.02531645569620253,0.9193548387096774,0.7346938775510203,0.03019538188277087,0.0017543859649122803,2
0.569620253164557,0.3508064516129032,0.14285714285714285,0.02486678507992895,0.017543859649122806,1
0.4936708860759494,0.2258064516129032,0.16326530612244897,0.007104795737122559,0.02631578947368421,1
0.5949367088607594,0.08467741935483872,0.05102040816326529,0.7264653641207816,0.34561403508771926,3
0.5949367088607594,0.30645161290322576,0.173469387755102,0.06394316163410302,0.04736842105263158,1
0.5443037974683544,0.2661290322580645,0.11224489795918367,0.026642984014209593,0.050877192982456146,1
0.4177215189873418,0.34677419354838707,0.12244897959183672,0.03197158081705151,0.007017543859649122,1
0.8734177215189873,0.0564516129032258,0.04081632653061224,0.32504440497335696,0.15614035087719297,3
0.24050632911392406,0.8467741935483871,0.25510204081632654,0.017761989342806397,0.0017543859649122803,2
0.8607594936708861,0.3709677419354838,0.2755102040816326,0.012433392539964477,0.045614035087719294,1
0.5949367088607594,0.407258064516129,0.14285714285714285,0.014209591474245118,0.010526315789473684,1
0.7088607594936709,0.3870967741935484,0.1530612244897959,0.021314387211367674,0.014035087719298244,1
0.5063291139240507,0.42741935483870963,0.09183673469387756,0.012433392539964477,0.03333333333333333,1
0.6835443037974683,0.3024193548387097,0.18367346938775508,0.008880994671403198,0.06842105263157895,1
0.620253164556962,0.41935483870967744,0.19387755102040816,0.0035523978685612786,0.03684210526315789,1
0.4430379746835443,0.2258064516129032,0.2244897959183673,0.03019538188277087,0.07894736842105263,1
0.5063291139240507,0.4637096774193548,0.31632653061224486,0.017761989342806397,0.012280701754385965,2
0.5063291139240507,0.20967741935483872,0.08163265306122448,0.014209591474245118,0.028070175438596492,1
0.4177215189873418,0.20967741935483872,0.02040816326530612,0.021314387211367674,0.06140350877192982,1
0.46835443037974683,0.28629032258064513,0.16326530612244897,0.03374777975133215,0.056140350877192984,1
0.3037974683544304,0.8588709677419355,0.7040816326530611,0.010657193605683837,0.010526315789473684,2
0.4810126582278481,0.3870967741935484,0.11224489795918367,0.010657193605683837,0.014035087719298244,1
0.5569620253164557,0.38306451612903225,0.11224489795918367,0.03019538188277087,0.08771929824561403,1
