0.0,1.0,0.5714285714285714,0.021314387211367674,0.015789473684210523,2
0.7088607594936709,0.16935483870967744,0.16326530612244897,0.19715808170515098,0.9421052631578948,3
0.569620253164557,0.7983870967741935,0.3571428571428571,0.008880994671403198,0.015789473684210523,2
0.6582278481012658,0.42338709677419356,0.12244897959183672,0.02486678507992895,0.04912280701754386,1
0.6075949367088608,0.34274193548387094,0.18367346938775508,0.03019538188277087,0.04035087719298245,1
0.35443037974683544,0.33870967741935487,0.1326530612244898,0.012433392539964477,0.05964912280701755,1
0.6708860759493671,0.24193548387096772,0.1020408163265306,0.019538188277087032,0.042105263157894736,1
0.5316455696202531,0.5362903225806451,0.1326530612244898,0.015985790408525755,0.045614035087719294,1
0.3037974683544304,0.7903225806451614,0.7244897959183673,0.017761989342806397,0.008771929824561403,2
0.7848101265822784,0.5,0.2244897959183673,0.02309058614564831,0.022807017543859647,1
0.6329113924050633,0.5967741935483871,0.21428571428571425,0.03374777975133215,0.04736842105263158,1
0.5063291139240507,0.3629032258064516,0.16326530612244897,0.026642984014209593,0.07543859649122807,1
0.4936708860759494,0.3669354838709677,0.09183673469387756,0.021314387211367674,0.02631578947368421,1
0.5443037974683544,0.39919354838709675,0.19387755102040816,0.021314387211367674,0.0543859649122807,1
0.7088607594936709,0.5241935483870968,0.1326530612244898,0.026642984014209593,0.021052631578947368,1
0.6075949367088608,0.6733870967741935,0.16326530612244897,0.015985790408525755,0.012280701754385965,2
0.6835443037974683,0.3024193548387097,0.18367346938775508,0.008880994671403198,0.06842105263157895,1
0.569620253164557,0.3508064516129032,0.14285714285714285,0.02486678507992895,0.017543859649122806,1
0.5189873417721519,0.5201612903225806,0.2857142857142857,0.017761989342806397,0.012280701754385965,2
0.45569620253164556,0.2661290322580645,0.14285714285714285,0.02486678507992895,0.04035087719298245,1
0.3670886075949367,0.282258064516129,0.1020408163265306,0.021314387211367674,0.08947368421052633,1
0.5949367088607594,0.24193548387096772,0.1020408163265306,0.019538188277087032,0.04736842105263158,1
0.3037974683544304,0.8588709677419355,0.7040816326530611,0.010657193605683837,0.010526315789473684,2
0.4050632911392405,0.5524193548387096,0.346938775510204,0.02486678507992895,0.017543859649122806,2
0.45569620253164556,0.2661290322580645,0.2040816326530612,0.012433392539964477,0.050877192982456146,1
0.5063291139240507,0.20967741935483872,0.08163265306122448,0.014209591474245118,0.028070175438596492,1
0.7215189873417721,0.3709677419354838,0.14285714285714285,0.014209591474245118,0.050877192982456146,1
0.4430379746835443,0.43548387096774194,0.23469387755102036,0.010657193605683837,0.007017543859649122,1
0.569620253164557,0.5927419354838709,0.173469387755102,0.010657193605683837,0.008771929824561403,2
0.620253164556962,0.41935483870967744,0.19387755102040816,0.0035523978685612786,0.03684210526315789,1
0.8607594936708861,0.3709677419354838,0.2755102040816326,0.012433392539964477,0.045614035087719294,1
0.0379746835443038,0.5725806451612903,0.7755102040816325,0.008880994671403198,0.008771929824561403,2
0.5189873417721519,0.43548387096774194,0.16326530612244897,0.014209591474245118,0.02982456140350877,1
0.6708860759493671,0.30645161290322576,0.173469387755102,0.02486678507992895,0.2526315789473684,1
0.5949367088607594,0.30645161290322576,0.173469387755102,0.06394316163410302,0.04736842105263158,1
0.5063291139240507,0.42741935483870963,0.09183673469387756,0.012433392539964477,0.03333333333333333,1
0.6329113924050633,0.39919354838709675,0.16326530612244897,0.026642984014209593,0.04736842105263158,1
0.5189873417721519,0.33870967741935487,0.05102040816326529,0.015985790408525755,0.05263157894736842,1
0.17721518987341772,0.7459677419354839,0.5408163265306122,0.014209591474245118,0.017543859649122806,2
0.4177215189873418,0.6532258064516129,0.4183673469387754,0.02841918294849023,0.015789473684210523,2
0.5443037974683544,0.12096774193548386,0.04081632653061224,0.02841918294849023,0.03684210526315789,3
0.4810126582278481,0.47177419354838707,0.1020408163265306,0.021314387211367674,0.05964912280701755,1
0.6962025316455697,0.10080645161290322,0.23469387755102036,0.019538188277087032,0.0912280701754386,3
0.5316455696202531,0.3185483870967742,0.16326530612244897,0.02486678507992895,0.02631578947368421,1
0.8734177215189873,0.06048387096774193,0.03061224489795918,0.21492007104795738,0.050877192982456146,3
0.6329113924050633,0.30645161290322576,0.1530612244897959,0.008880994671403198,0.050877192982456146,1
0.569620253164557,0.3185483870967742,0.12244897959183672,0.015985790408525755,0.045614035087719294,1
0.4177215189873418,0.39919354838709675,0.14285714285714285,0.039076376554174064,0.0,1
0.4810126582278481,0.3870967741935484,0.11224489795918367,0.010657193605683837,0.014035087719298244,1
0.6455696202531646,0.2943548387096774,0.12244897959183672,0.017761989342806397,0.07719298245614035,1
0.5316455696202531,0.5040322580645161,0.1326530612244898,0.047957371225577264,0.042105263157894736,1
0.6962025316455697,0.3185483870967742,0.09183673469387756,0.02309058614564831,0.03684210526315789,1
0.7721518987341772,0.3588709677419355,0.21428571428571425,0.015985790408525755,0.0824561403508772,1
0.5569620253164557,0.4798387096774194,0.21428571428571425,0.02841918294849023,0.02631578947368421,1
0.7848101265822784,0.2903225806451613,0.16326530612244897,0.03197158081705151,0.12456140350877194,1
0.4177215189873418,0.20967741935483872,0.02040816326530612,0.021314387211367674,0.06140350877192982,1
0.5822784810126582,0.34677419354838707,0.1530612244897959,0.019538188277087032,0.08421052631578947,1
0.5822784810126582,0.3225806451612903,0.14285714285714285,0.017761989342806397,0.0807017543859649,1
0.43037974683544306,0.6854838709677419,0.173469387755102,0.02309058614564831,0.017543859649122806,2
0.7088607594936709,0.3870967741935484,0.2244897959183673,0.012433392539964477,0.0649122807017544,1
0.43037974683544306,0.5040322580645161,0.346938775510204,0.010657193605683837,0.010526315789473684,2
0.6962025316455697,0.0564516129032258,0.05102040816326529,0.3268206039076376,0.43333333333333335,3
0.45569620253164556,0.2943548387096774,0.1020408163265306,0.015985790408525755,0.042105263157894736,1
0.810126582278481,0.4596774193548387,0.25510204081632654,0.019538188277087032,0.0736842105263158,1
0.4810126582278481,0.3225806451612903,0.16326530612244897,0.03197158081705151,0.031578947368421054,1
0.7215189873417721,0.4556451612903226,0.25510204081632654,0.02841918294849023,0.05263157894736842,1
0.6455696202531646,0.4435483870967742,0.16326530612244897,0.02309058614564831,0.10701754385964914,1
0.6075949367088608,0.3225806451612903,0.16326530612244897,0.012433392539964477,0.021052631578947368,1
0.759493670886076,0.07258064516129031,0.07142857142857142,0.2912966252220249,0.17894736842105263,3
0.3037974683544304,0.5564516129032259,0.39795918367346933,0.007104795737122559,0.015789473684210523,2
0.620253164556962,0.34677419354838707,0.24489795918367344,0.02486678507992895,0.03859649122807018,1
0.7721518987341772,0.39919354838709675,0.1530612244897959,0.019538188277087032,0.0736842105263158,1
0.46835443037974683,0.3629032258064516,0.12244897959183672,0.017761989342806397,0.04035087719298245,1
0.46835443037974683,0.3185483870967742,0.1326530612244898,0.012433392539964477,0.0543859649122807,1
0.7341772151898734,0.30645161290322576,0.21428571428571425,0.015985790408525755,0.10175438596491228,1
0.6329113924050633,0.2661290322580645,0.11224489795918367,0.021314387211367674,0.04736842105263158,1
0.6708860759493671,0.407258064516129,0.16326530612244897,0.02309058614564831,0.0649122807017544,1
0.6075949367088608,0.1854838709677419,0.05102040816326529,0.10124333925399645,0.356140350877193,3
0.6835443037974683,0.43951612903225806,0.21428571428571425,0.03730017761989343,0.04035087719298245,1
0.6455696202531646,0.3508064516129032,0.25510204081632654,0.015985790408525755,0.08596491228070176,1
0.5189873417721519,0.3588709677419355,0.2040816326530612,0.02486678507992895,0.012280701754385965,1
0.4430379746835443,0.3629032258064516,0.23469387755102036,0.021314387211367674,0.008771929824561403,1
0.2911392405063291,0.5,0.25510204081632654,0.0,0.015789473684210523,2
0.5316455696202531,0.3870967741935484,0.2040816326530612,0.014209591474245118,0.05964912280701755,1
0.5822784810126582,0.625,0.19387755102040816,0.014209591474245118,0.010526315789473684,2
0.620253164556962,0.3790322580645161,0.2244897959183673,0.02486678507992895,0.11228070175438597,1
0.8734177215189873,0.0564516129032258,0.04081632653061224,0.32504440497335696,0.15614035087719297,3
0.6075949367088608,0.3790322580645161,0.29591836734693877,0.03374777975133215,0.11578947368421054,1
0.5443037974683544,0.2661290322580645,0.11224489795918367,0.026642984014209593,0.050877192982456146,1
0.8987341772151899,0.03629032258064516,0.010204081632653059,0.5772646536412078,0.15964912280701754,3
0.6582278481012658,0.25,0.2040816326530612,0.03019538188277087,0.1298245614035088,1
0.5569620253164557,0.28629032258064513,0.11224489795918367,0.03730017761989343,0.045614035087719294,1
0.3037974683544304,0.9395161290322581,0.5306122448979592,0.007104795737122559,0.014035087719298244,2
0.5316455696202531,0.5040322580645161,0.09183673469387756,0.014209591474245118,0.06666666666666667,1
0.8227848101265823,0.3629032258064516,0.1530612244897959,0.005328596802841919,0.06842105263157895,1
0.5569620253164557,0.3709677419354838,0.12244897959183672,0.017761989342806397,0.04912280701754386,1
0.24050632911392406,0.7258064516129032,0.42857142857142855,0.017761989342806397,0.007017543859649122,2
0.4050632911392405,0.2943548387096774,0.11224489795918367,0.019538188277087032,0.028070175438596492,1
0.5063291139240507,0.4637096774193548,0.31632653061224486,0.017761989342806397,0.012280701754385965,2
0.5443037974683544,0.33064516129032256,0.1020408163265306,0.03730017761989343,0.056140350877192984,1
0.5822784810126582,0.3225806451612903,0.14285714285714285,0.019538188277087032,0.1473684210526316,1
0.620253164556962,0.3185483870967742,0.14285714285714285,0.026642984014209593,0.008771929824561403,1
0.6708860759493671,0.24193548387096772,0.11224489795918367,0.02841918294849023,0.21403508771929824,3
0.6582278481012658,0.2943548387096774,0.18367346938775508,0.015985790408525755,0.0807017543859649,1
0.620253164556962,0.25,0.1326530612244898,0.015985790408525755,0.0736842105263158,1
0.2911392405063291,0.9516129032258065,0.5408163265306122,0.012433392539964477,0.014035087719298244,2
0.5569620253164557,0.1935483870967742,0.14285714285714285,0.02309058614564831,0.03859649122807018,1
