0.35979202273038674,0.6590008494014901,0.1934503629353609,0.6669030797348536,2
0.7673164153487803,0.7821902584500482,0.17156396062635967,0.7965920146939813,1
0.3065357073318478,0.5817277649515242,0.5195985094880134,0.7409776589650562,1
0.6788755958433392,0.7956646847298566,0.228405410644668,0.6189294125135255,1
0.39069294507063584,0.2779713149258925,0.4283541904495229,0.7927121125326204,2
0.4070844961743432,0.6395656452644931,0.16772136903095183,0.5958882311756094,2
0.4571057698548342,0.6260163818490011,0.07286277381695996,0.49123907726160926,2
0.32120372974493216,0.6600074088764327,0.21334568246925284,0.660910917737345,2
0.6482847644390599,0.33674091757812064,0.5950459861718396,0.607527028378661,1
0.5247531892492194,0.3464173592219931,0.31902125918108,0.9086445347663603,2
0.8675406904210747,0.7849779417542573,0.0862213798005471,0.6717222692017422,1
0.753311843310329,0.8418878415847513,0.09884765330518881,0.7252225465324568,1
0.3829190374200434,0.16802059517974008,0.560238654231374,0.621166243850987,2
0.4718156184871889,0.5817277649515242,0.13092381588299912,0.7153459359684297,2
0.36446502102128087,0.5527676643704139,0.21541258319512355,0.7135819307673422,2
0.5748797496195978,0.3732876327891426,0.42772524608525214,0.7503841712358038,1
0.6266216674238655,0.5334102908545278,0.4321192409589248,0.8886585376942451,1
0.6167203917241777,0.5168404883871475,0.4962327955715425,0.7496785691553689,1
0.487141322141214,0.6343008527691611,0.07363818467701984,0.48724733353337507,2
0.7964793861641751,0.38087611834744634,0.38095935554741855,0.8016485265100886,1
0.5516308619806878,0.663337661414347,0.02214659573093243,0.3694317902834229,2
0.6124512327917558,0.8442901136401907,0.13154845240915847,0.7179328405030142,1
0.3168840908927013,0.894696666379791,0.17037930514571265,0.2798312374405557,1
0.4486633638376277,0.5397594734459134,0.20666465634221468,0.7293379524809732,2
0.8136425588992492,0.42237705194071407,0.29698666724104505,0.8423306691399111,1
0.23341914919700868,0.6061957664632344,0.25704870010984987,0.6784236704038117,2
0.29770893278238103,0.1609746788551415,0.6484545630775196,0.7225183447448102,2
0.554143319703755,0.6324411499474268,0.4126650440476447,0.8360984569500896,1
0.3827603862435007,0.5908616373616916,0.5620824089430719,0.8623184847740891,1
0.48630335547238385,0.6080517274281845,0.10058371206410065,0.7171090318884857,2
0.42625244286754793,0.5866034043413023,0.5522648458870916,0.8702001327550306,1
0.763393404437906,0.5617499915808223,0.31374415749456136,0.9731943951917219,1
0.808630624003923,0.8417344254566002,0.09751653132875267,0.7229884430380897,1
0.6960820370811068,0.8150213098743858,0.2175535787365111,0.6171654073124381,1
0.8256567798138011,0.5127367192148088,0.3156654532922653,0.8801931312910881,1
0.5043731475672284,0.4553615194932029,0.5928317573825577,0.8459750675141166,1
0.6032710988036258,0.6387162437744858,0.23789174402825944,0.7663747874555589,1
0.6809957524753188,0.5760738193506382,0.3582958192431128,0.842447966392973,1
0.6446141531272311,0.42121333448083603,0.3487367264738191,0.7047637233239678,1
0.44169352919542215,0.8891212997713726,0.2785663514765115,0.3020540658501322,1
0.8629902862211453,0.5411533150980179,0.26103517349817995,0.8872491520954381,1
0.5730314634128753,0.6415001852219108,0.03391991728950826,0.441155878047228,2
0.37486388450194347,0.19179261132959394,0.5585413660154651,0.7166389335952063,2
0.25084193294824364,0.20170104809408523,0.761587007560256,0.660674504669158,2
0.6044898282961585,0.6699944246333916,0.025170698085165952,0.5409767496840248,2
0.4816058383632968,0.6292680553944479,0.07773493872100289,0.5241641434118043,2
0.4073729528589663,0.5739821214082852,0.5524500829258837,0.848561972048701,1
0.5452985166114993,0.3932616643030604,0.3608072888620846,0.6877165225456232,1
0.6328162747261464,0.663337661414347,0.023473409869257122,0.5497967756894624,2
0.5828339426980796,0.2559804226053052,0.5847847157903806,0.6591469125362576,1
0.38874586244942994,0.1973679779380124,0.6202554548000085,0.8898315102248652,2
0.4023465951294089,0.4566000740887643,0.3326426432894652,0.822577448011857,2
0.601936986637244,0.5095619408262768,0.507342710060956,0.7087609227383906,1
0.028203852339023127,0.7695689755170311,0.2572701229887781,0.08724551497131212,2
0.5291233080212593,0.6981818317885702,0.005906046050789421,0.21058039408239898,2
0.6467631554276732,0.8055768633511322,0.22046955435414736,0.4974767451376197,1
0.4784097382976729,0.5356557791107103,0.20500355396644196,0.837156860070742,2
0.38099358905018427,0.2735559239205679,0.5929049906304521,0.8063513280049465,2
0.45423706812625747,0.503058219549705,0.20928554504921704,0.7984733171481309,2
0.8089623491912397,0.8993403106489501,0.06164085553664895,0.38577157041926946,1
0.32375657140384656,0.2398754710062227,0.5260559588170677,0.7165216363421442,2
0.37960899696399336,0.5473475848185386,0.5348784112693045,0.7797786809969356,1
0.5624515933626117,0.6287254861607426,0.3533504210911754,0.7710778617347263,1
0.5612386330037716,0.5290742272130277,0.32245460615590066,0.821283541104049,1
0.5522950334970325,0.661092547343843,0.024063583690524918,0.3776607836183929,2
0.7635376327802177,0.8660490108401592,0.053891054774161604,0.4175236640388444,1
0.5489835507575593,0.5144401620972359,0.2812242875912723,0.7261627431190157,1
0.3340400522106599,0.655438601742957,0.21039265944385813,0.6594924393282231,2
0.7576531164139065,0.9152918461198816,0.08094427811402849,0.40364803549833145,1
0.21780643114178366,0.20464588938322972,0.7685657053007948,0.639979268392482,2
0.7899530536745777,0.6266337882183898,0.26771576884140696,0.8323358520417905,1
0.6661113875487671,0.5669362050836866,0.277610011415771,0.8552642825318021,1
0.2714593744816794,0.5828091615621505,0.23549227820018526,0.5596715676914263,2
0.4419819858800453,0.44010971124091197,0.2192883451439895,0.7833060549023886,2
0.5843267060410041,0.607202325938177,0.33622245676007495,0.7617892832137628,1
0.800272591566969,0.5303906124296999,0.2904516768259849,0.8366867617774625,1
0.2930359344914869,0.6030975090459388,0.2504047213905702,0.7407430644589322,2
0.5615083400038942,0.3742156132716177,0.29720636698472874,0.9205197450375987,2
0.376681161615069,0.1772330465823751,0.6161199302130226,0.7661392836684033,2
0.5953673856449532,0.844600687753277,0.13435716285781982,0.7098193258590433,1
0.7804123488306687,0.3914805404737939,0.3418355698192862,0.7833060549023886,1
0.8812135372722094,0.8233843597870135,0.08766450556788076,0.634569046255126,1
0.7942654811096929,0.5541615060225185,0.260444568893101,0.8683179210198496,1
0.0,0.8596205008849491,0.23888814698343638,0.35143711867026733,2
0.8370003389366045,0.3796338218951008,0.3512826587976824,0.8024714258435853,1
0.8082195732283352,0.3862943269709295,0.38465117280892586,0.8761922947525391,1
0.48027749533060743,0.8293451376442019,0.32086932173088933,0.43715504150867907,1
0.7571050487131226,0.871699214584261,0.05492062808279667,0.45043963737872456,1
0.2938580360426627,0.018192907684651285,0.8080987356495143,0.5383943915545977,2
0.17949217200672105,0.044442033025627964,0.8929200680638423,0.6410340343890085,2
0.7620881379399866,0.5633739574251535,0.3107545178452194,0.9408603617119942,1
0.6542990863134515,0.5846688643838845,0.09796023865423138,0.7775446684306718,2
0.6336888561971313,0.6950835743712745,0.31765567449975235,0.83421715449594,1
0.6533399678370796,0.5826557454339992,0.10028647123441102,0.7963574201878574,2
0.8746078791943405,0.638095095548313,0.17300277855558188,0.8790110659501532,1
0.2244481463052304,0.2878049145547003,0.6626273504641697,0.6850068650717878,2
0.5167239974327356,0.8515680250854079,0.18743403622891852,0.5560253507551579,1
0.6393570300499751,0.26186636332681,0.5890279363301527,0.7280440455731653,1
0.5949491234522496,0.6678278895553552,0.02251276197040518,0.5396855706193113,2
0.5067605593175115,0.47704183770070385,0.18721261334999031,0.836333960737245,2
0.8183876713612992,0.8224563793045385,0.10785534279621772,0.6469170826627385,1
0.5232899927164687,0.48935292070631287,0.2655011092683137,0.8042345217636415,2
0.551139764475117,0.5527676643704139,0.13240140435522435,0.7861279176555097,2
0.205258565360679,0.2092146965167055,0.7502186227841557,0.6316320685234185,2
0.46023408259957166,0.3946573768835572,0.39166433325435634,0.8848941142238832,2
0.6886110089493687,0.5587303131559943,0.3967949684450858,0.7887149131181974,1
0.7242426209174365,0.7328688441778579,0.13162599349516446,0.7167562308482682,1
0.9214316105257845,0.7129696497996235,0.1303681047666229,0.7841290451639888,1
0.46681882756780535,0.5684067547998668,0.1663213216447326,0.6750138665357301,2
0.7377856622604907,0.38761146055895856,0.34722467529670237,0.7588495776389608,1
0.3307155889203787,0.34486823051334536,0.5057186550929416,0.7721360829991726,2
0.6479458278346277,0.75470257851351,0.2316905249100739,0.830102657828455,1
0.5270442564668383,0.5427795260564197,0.19847028668662633,0.7804841012211644,2
0.3153985389668924,0.12427454751596835,0.6203286880479031,0.61975685825218,2
0.41128154093560926,0.5734432940313643,0.532737415727917,0.8710184856833701,1
0.8256351455624545,0.9235014799043582,0.030525340857690594,0.37472380588668536,1
0.26566139512075515,0.24444427813969846,0.7206151592823142,0.7253398437855187,2
0.516579769090424,0.5237316040965848,0.2073289249789993,0.8654936941360466,2
0.22692887379298904,0.6665107559673261,0.2147112671505805,0.5787210053011084,2
0.24813765152990214,0.27069340348067517,0.6810476662287032,0.7327468470680233,2
0.3878588581442139,0.6384056696613994,0.12992439744114417,0.5751929948989334,2
0.3978466708492886,0.28137640459949037,0.4582893574859457,0.8317484564954489,2
0.4818560745372073,0.34889446841311594,0.3184698559028152,0.8630240868545241,2
0.790969863487874,0.7409998989698667,0.14088784543476857,0.7713130018094692,1
0.47232546567726025,0.5488188829060756,0.1575721024403903,0.7255753475726742,2
0.11944991310242374,0.8566794014525889,0.20965429599155663,0.23915000409176462,2
0.5355832954733935,0.7622910640718138,0.21334568246925284,0.7259281486128918,1
0.5452985166114993,0.3932616643030604,0.3608072888620846,0.6877165225456232,1
0.23970750492179216,0.19697882483245832,0.7602946561268228,0.6904189057712067,2
0.4987315117293699,0.9015891665762384,0.06780537187412498,0.22092801222073702,1
0.6041004117719172,0.7443301515077813,0.24774678527580934,0.822577448011857,1
0.44485068760862195,0.577233794953732,0.13309927412927822,0.7062922247378997,2
0.5917760999213956,0.6617885327056993,0.03152045146143408,0.42563445083972096,2
0.3030958613677173,0.26728457195029315,0.6793891485557974,0.7389790592578448,2
0.5440545471590622,0.5398369298813458,0.17691429556077282,0.8136410340343889,2
0.6124079642890625,0.650327225375776,0.05300364012320419,0.6320958018494776,2
0.5276312658200463,0.8603164862468055,0.08614814655265256,0.3367431372014148,1
0.13868276254966863,0.764150766893548,0.22556327137226184,0.1843658219445884,2
0.5320403262445104,0.7711966832181465,0.25775001615439297,0.7266328414122952,1
0.824041422379912,0.4003861596201267,0.35877398927348314,0.8931231075588533,1
0.8011956529577627,0.40549753598730764,0.32245460615590066,0.822812042517981,1
0.7801887949000859,0.8813008190924502,0.05938785620436384,0.45608627258426754,1
0.33072280033749435,0.5062328108453977,0.2882029853318112,0.7355692553897634,2
0.481846699694957,0.669377018264003,0.3618756327137227,0.7434472662465788,1
0.7716432656181266,0.7281466209162311,0.15380705193098845,0.7556752775580348,1
0.5776330686743252,0.7844353725205522,0.28284834255928665,0.5539067259517899,1
0.4876324196467848,0.6303531938618582,0.08186615546987745,0.5121707266064722,2
0.8534495813772365,0.5792469139036173,0.22548943502703167,0.9129908980968747,1
0.7920659988894417,0.3922551048281178,0.36416309475089925,0.8760740882184457,1
0.5477128990617947,0.385830336729692,0.3011566545329227,0.8773652672831591,2
0.6702146838875307,0.3229559171852257,0.41259181079975016,0.6637296889349591,1
0.5452985166114993,0.3932616643030604,0.3608072888620846,0.6877165225456232,1
0.4256899523325329,0.5831983146677044,0.5255777887866974,0.841036762232103,1
0.6218477092933532,0.5478897798665654,0.12804187218644325,0.8522072797039381,2
0.7955635361904968,0.414092581020554,0.3308721218256618,0.8557343808250815,1
0.8374474467977703,0.7851350997391926,0.08644538738234218,0.6413886539912891,1
0.4111012555077198,0.43762886019300495,0.3487367264738191,0.8324540585758841,2
0.40770467804628285,0.9831990630390613,0.2574915458677063,0.09088263909726574,1
0.4698706992911177,0.506077897974533,0.20806728843130076,0.8154050392354765,2
0.2658705262171069,0.5286873192215441,0.34175802873328026,0.7428589614192057,2
0.5481751508989032,0.5037549532829181,0.23560298963964935,0.8178737372359675,2
0.5567906309268834,0.6695304343921541,0.0308915070971633,0.400701964956309,2
0.4367739004391753,0.2661245963471994,0.47862666121007175,0.8269274484664976,2
0.24882994757299753,0.2823081269387495,0.6687918668016455,0.6723133018722096,2
0.6349003742725483,0.6788214647872568,0.31983544058414287,0.8458577702610545,1
0.6024057287497566,0.6854819698630854,0.32651689749499213,0.797767715067696,1
0.8101882901008878,0.39310824817490936,0.3390268593706249,0.7970630222682925,1
0.5767951020054951,0.6078983113000332,0.4197514377409697,0.796944815734199,1
0.8559447316992261,0.6301960358769229,0.2572701229887781,0.850678778290006,1
0.612963243406962,0.5121947112596212,0.40771964589570725,0.831042854415014,1
0.5052299360347302,0.5724329926996374,0.16702349925689794,0.7080562299389872,2
0.5060097065674376,0.5088652070930637,0.22283197277446315,0.8881857115578711,2
0.8472910311605334,0.8257828899856687,0.11741443556551145,0.6417432735935695,1
0.4531777109519792,0.610222004363005,0.09648265018200616,0.6624385098702456,2
0.4076902552120517,0.3328680958065011,0.5067525362396882,0.808349927712158,2
0.3668159430009591,0.5231123267988042,0.2814482951730674,0.7435645634996408,2
0.7563766955844493,0.6257843867283824,0.2719624356516682,0.8269274484664976,1
0.9122803222061167,0.9008146022219146,0.020927477545393855,0.3814252070887549,1
0.31209570992795793,0.9439432435162977,0.31857755185560127,0.41693263136837705,1
0.25413755057006254,0.6229967034241731,0.2343851638055442,0.6673759058712276,2
0.6233621068876245,0.7445621466283999,0.25051543283003425,0.8208134428107694,1
0.35157821863574407,0.5749886808832279,0.2296604131216749,0.6246942542531619,2
0.7161009309939497,0.5320942798235341,0.42547655459107847,0.7550869727306618,1
0.1438245029530753,0.29825592055289674,0.712089947659767,0.7418005582985533,2
0.8830596600537972,0.646768719574027,0.17370495616774723,0.8693726870163762,1
0.47105481398149546,0.5065422624014488,0.22858995842936225,0.8466806695945515,2
0.807318146088888,0.36809767742949406,0.35106295905399876,0.7756634569046256,1
0.35813339679380396,0.9203246434945949,0.3416115622374911,0.33745237640597575,1
0.6587124735881849,0.260549229738781,0.5923148168091843,0.7225183447448102,1
0.673178576322033,0.8535811440352933,0.08806944235035649,0.6591469125362576,1
0.5436507078005899,0.7221821012022587,0.3043315312210567,0.7343935550160487,1
0.4072647816022326,0.6019337915860609,0.2085471815969156,0.6417432735935695,2
0.3876785727163245,0.50414223546008,0.28905162943976564,0.7795435409221928,2
0.3933395351520527,0.26813771529708474,0.4776660133112198,0.805998526964729,2
0.34730184828620664,0.9845910337627738,0.35453076873371103,0.45667730525473504,1
0.8716656210111848,0.6611673844795264,0.16609731406293754,0.8557343808250815,1
0.36372945647549193,0.26813771529708474,0.435587050638637,0.7390963565109068,2
0.5181684442809856,0.4746395656452645,0.27096301720981325,0.8216363421442664,2
0.38021475600170185,0.6438238782848825,0.17540224438365606,0.5609627467561399,2
0.5452963531863646,0.3932616643030604,0.3608072888620846,0.6877147039835602,1
0.42835096524818095,0.29686394982918424,0.42433066965343447,0.8397437646053265,2
0.7820637633501359,0.5458766609166801,0.31835785211191764,0.8704274530129026,1
0.3596766400565375,0.10870842329380681,0.6366424709759407,0.6489175009320131,2
0.6489770604821554,0.32396247666016825,0.598737803433347,0.647271702265019,1
0.6367392856370205,0.694230431024483,0.006457449329054239,0.48301008392663913,2
0.7748162891489806,0.7770826239396513,0.1479742391280936,0.7655518881220619,1
0.38104406896999327,0.6178853270569922,0.1186292459129386,0.5741382289024068,2
0.36801303824214493,0.5741392793932205,0.22969733129428999,0.6752502796039171,2
0.9221743864886889,0.8963206322241222,0.021556421909664635,0.3829527992216554,1
0.5352241669010377,0.5419293761950555,0.2603355805888815,0.7368631622975713,1
0.5748797496195978,0.3732876327891426,0.42772524608525214,0.7503841712358038,1
0.15769205806633058,0.2944616777737449,0.7007947961315614,0.7025296198296007,2
0.7320237399851445,0.6318237435780384,0.26254851702673015,0.816698036862253,1
0.44907729918006184,0.30065819260833615,0.41691257242552826,0.8064686252580084,2
0.7866285903842964,0.41664826920414444,0.3106080513494303,0.78695090791711,1
0.40415666082541885,0.4617862875916287,0.31880155943739635,0.8155223364885384,2
0.40110623138552953,0.12156170134744261,0.6549507829495769,0.7315711466943088,2
0.6029033165307315,0.5865285672056187,0.0850798027010145,0.783188393936914,2
0.41714442305057364,0.5748352647550767,0.529601309582786,0.815875137528756,1
0.7415860790804001,0.5307004381714294,0.28809098154091367,0.8859488802204096,1
0.8678507813570445,0.8096779383865863,0.12641781721842893,0.7118179255662548,1
0.863660948012894,0.6055746182370616,0.22013742003575507,0.9249843149022068,1
0.9266021965976534,0.7028254760577294,0.13128998212247184,0.8171690444365639,1
0.6550995536132805,0.5619034077089734,0.4093824714067245,0.8594969857333805,1
0.44326273355977186,0.5912507904672456,0.12582764339716113,0.6613746510634042,2
0.596153430110551,0.8438261233989531,0.13236263381222135,0.7039408239904706,1
0.4156300254563024,0.4252395723806067,0.4247356064359102,0.820577939023614,2
0.9248209765701059,0.7241203830164605,0.12394511814246022,0.7721360829991726,1
0.4510885634135964,0.8733269222853765,0.06459172464298792,0.0950016821699082,1
0.2634835471518508,0.2079761419211441,0.6727809248928425,0.8665511879756677,2
0.7388313177422496,0.7308557252279727,0.19525922415835614,0.7215772388772197,1
0.7374178799875963,0.7859845012291999,0.18156676072113212,0.5416859888885858,1
0.7346486958152147,0.7333328344190955,0.20555754194757364,0.6413886539912891,1
0.7407207090265309,0.8049557151249593,0.21142610980679347,0.5462687652872873,1
0.15886030763905412,0.7651573263684905,0.21725806104206605,0.1791920128754194,2
0.7738932277581868,0.8853270569922207,0.05200852951946066,0.38024314174782,1
0.6826038984920927,0.8720883676898151,0.09508260279578695,0.5249824963401438,1
0.5761504013153625,0.49399881008954266,0.5374631141361708,0.7158160342617093,1
0.5618061715307675,0.7876122089303155,0.2772740000430784,0.7282795493603207,1
0.8942662022514045,0.6559025919841944,0.15299717836603702,0.8753739418241995,1
0.3059876396310639,0.5890056763967416,0.20946992052038688,0.5851859934349909,2
0.4430701887227859,0.34750249768940344,0.3225278394037952,0.8234003473453541,2
0.8123733494869078,0.5577237536810516,0.2588200831412755,0.8646698855215181,1
0.7836286408642161,0.39906902603209765,0.3334180541495251,0.8245760477190685,1
0.3447345837930612,0.3379008931812144,0.501216964266483,0.7874210062103895,2
0.4877860228313466,0.821756652085898,0.09271759967260432,0.5474417378179074,1
0.7888569182730099,0.7928770014256474,0.14912012406573763,0.7900079107449739,1
0.4783037304660739,0.5095619408262768,0.23032481099360289,0.7691965592805768,2
0.3476407848906388,0.5064648059660165,0.25184397010360354,0.7823654036753139,2
0.37523887819195345,0.2795952807702238,0.471135330734271,0.7950635132800494,2
0.7576891734994844,0.36879366279135034,0.3989359639864734,0.8101139329132455,1
0.3675154504611701,0.9352696194905836,0.30990587373726497,0.4644334724533311,1
0.5813267565209239,0.6025549398122336,0.4402395157989963,0.8526773779972175,1
0.350727271416106,0.27409849315427304,0.48766881340599216,0.7583794793456813,2
0.5625669760364609,0.5262869180944969,0.15661145454153835,0.8535002773307147,2
0.48150920537394803,0.6236141097935618,0.07064854502767787,0.4990043372705202,2
0.6012951705139576,0.6757269492267453,0.018971719042798388,0.5134619056711858,2
0.3156581499830532,0.03592556698484918,0.7734723329097294,0.603762604908299,2
0.38558726175280705,0.5552466444899288,0.6080728886208456,0.8636123916818971,1
0.5757847824676027,0.7344965518789733,0.3085402890559373,0.7476799694481573,1
0.5679005401351419,0.7975206456948066,0.2557197320524695,0.6931231075588532,1
0.7101154547880204,0.5369721643273826,0.2855450492170505,0.8875946788874037,1
0.8488270630061514,0.594191889899606,0.21552329463458764,0.9193467725069787,1
0.7911862060013413,0.4062721003416315,0.32304477997716846,0.805292924884294,1
0.17059328328609855,0.30344587591254535,0.7002433928532965,0.7468570701146603,2
0.5257447591026113,0.8013934674664263,0.27029961014065096,0.6978268183347427,1
0.45695144552856076,0.8418130044490677,0.32341525405475263,0.35932058521327187,1
0.36684478866942144,0.25435271490418976,0.4662976285351197,0.7655518881220619,2
0.3079130880009231,0.6380165165558453,0.18743403622891852,0.49123907726160926,2
0.6837288795621227,0.7564088652070932,0.19293385314579878,0.7144048301008392,1
0.7146009562339095,0.88958529001261,0.0896547267753678,0.4945306745955972,1
0.7005170586071868,0.6300426197487717,0.243723695263532,0.8305727561217345,1
0.46309340948589806,0.5362754305941695,0.21109397548840117,0.7168744373823618,2
0.13528618508823165,0.816338443462415,0.22962349494905984,0.3682497249424879,2
0.31410769530320404,0.5117301597398661,0.25428005255562497,0.7828356838247997,2
0.5483864454203895,0.5528443724344895,0.12981670148835808,0.7767216236122098,2
0.6707843858396614,0.5141304486112098,0.431714304176449,0.7520299699027978,1
0.28335821272238204,0.2593892541356872,0.6903870592543132,0.6847795448139156,2
0.6993848661200412,0.9159129943460544,0.08519180649191205,0.406585013230039,1
0.5774787443480518,0.8294237166366695,0.16908695371227953,0.6439801049310311,1
0.23738542861057624,0.011768139586225437,0.985603205031555,0.5247551760822717,2
0.6048359763177062,0.5241963427091791,0.146793891485558,0.8978240904916481,2
0.2303182398373104,0.03623614109793558,0.9032890343980873,0.6607927112032516,2
0.40417108365964993,0.44568133599254617,0.40115019277575553,0.8273975467597771,2
0.7601266324845496,0.6337582835354559,0.2374855148943503,0.7622593815070423,1
0.443358645407409,0.635075417123485,0.14923212785663514,0.5094701619429517,2
0.7099928606970556,0.8553622678645597,0.08268033687294032,0.6843067186775416,1
0.49835651803935993,0.44885817240230946,0.5866284705020786,0.8092910335797485,1
0.5230397565425582,0.8684475410388143,0.22364387102332697,0.6082362675832219,1
0.3429822094339759,0.31149835171208656,0.4777392465591143,0.8574983860261691,2
0.3112231284569731,0.6620991068187856,0.20651689749499216,0.4465570073742691,2
0.37100577634510956,0.6466115615890917,0.15085618282464947,0.427280249506715,2
0.3844911263512393,0.33658375959318537,0.49527214767269045,0.8134064395282649,2
0.39807743619698704,0.26697399783720677,0.4753785512740431,0.7675504878292734,2
0.6871110341893286,0.4781258536110789,0.4577724169125724,0.7632004873746329,1
0.32097296439723366,0.5114205210909758,0.28284834255928665,0.871964137956118,2
0.7792368878408297,0.6194344557656399,0.2561996252180843,0.808349927712158,1
0.2862211453172663,0.49547010817707965,0.33057488099597215,0.8478563699682661,2
0.5489835507575593,0.5144416962585173,0.2812242875912723,0.7261609245569528,1
0.12991367933712653,0.7632976235467563,0.21914058629676697,0.15344117406366786,2
0.5503695851271733,0.7932624126744173,0.28093135459969415,0.5081698900679232,1
0.7925347410019543,0.3742156132716177,0.3519116031619532,0.7790731698446037,1
0.6684983666140233,0.6686024539096792,0.020781011049604763,0.5853041999690843,2
0.4467472903100188,0.6325983079323622,0.09799900919723438,0.5100521018031042,2
0.6868946916758613,0.7629122122979866,0.193561074374825,0.6946516089727851,1
0.2895816656931253,0.5130464327008348,0.2572701229887781,0.7722536530365439,2
0.7613597848113134,0.8966312063372087,0.043517780601804994,0.3246315138619893,1
0.7879266454651004,0.8905918494875528,0.05842720830551188,0.406112187093665,1
0.774232164362619,0.36763368718825656,0.41133822990932,0.8825390763523282,1
0.7913160115094217,0.5847474433763522,0.22670751933142355,0.8892404775543977,1
0.7923977240767583,0.7717392524518516,0.16119068645400308,0.7265155441592333,1
0.7458408151785907,0.7803342974850981,0.1706033127275077,0.7975331205615719,1
0.2748703747773475,0.24545083761464115,0.7292911452387619,0.6912418051047037,2
0.6587701649251094,0.8261720430912228,0.22870071294720745,0.47971848659265115,1
0.2412940166872192,0.003562247658533124,0.9850130312102872,0.5392127444829373,2
0.39118332143449513,0.5562532039648715,0.2124229435457816,0.7227529392509343,2
0.4924070989190086,0.48981765931890725,0.23187507269476815,0.8860670867545032,2
0.48831534084763,0.6376311053070755,0.07452129148986582,0.49641288633077824,2
0.6532534308316927,0.5059229851036682,0.4504620156374524,0.8751375287560126,1
1.0,0.7106459567366518,0.11818984642557134,0.8269274484664976,1
0.4929652626037543,0.8603950652392731,0.06813707540870614,0.1580239504623694,1
0.6046052109700077,0.3499010278880586,0.5762207336248304,0.619520445183993,1
0.5894323893588329,0.8117696363289392,0.27480130096710964,0.5186357147403547,1
0.1511440913253863,0.6490138336445311,0.2633605445107373,0.6412704474571955,2
0.39438519063381144,0.5551680654974612,0.19703103797359295,0.7010011184156687,2
0.23884934628503846,0.029964789127660887,0.7869472505223254,0.5332205824854287,2
0.692699882453901,0.7689515691476425,0.20101708057811188,0.8123480364076124,1
0.7210840202208136,0.3434762597896328,0.48217201197578996,0.8292788492139266,1
0.42630292278735693,0.5844368692632659,0.16923772804618004,0.651736272129627,2
0.36776785006021534,0.5294615093901897,0.17215413444762748,0.7022941160424452,2
0.7626866855605796,0.8656598577346051,0.07127318155383722,0.6639661020031461,1
0.31827589439600773,0.5221057673238615,0.3050681715381136,0.8657282886421707,2
0.8272649258305749,0.4274098493154273,0.3011566545329227,0.85996708402666,1
0.6414843980990704,0.7453367109827239,0.27155319103108105,0.591769188102967,1
0.5902617023271244,0.5465733946498932,0.4627178150645098,0.7254571410385807,1
0.5258889874449229,0.8643427241465761,0.06887371572576304,0.20857997581312454,1
0.33997504849678006,0.5691813191541907,0.19234324854071985,0.6603198850668776,2
0.5636840245476639,0.8542022922614659,0.12394511814246022,0.6510270329250661,1
0.40489222537120767,0.9598910371304449,0.24564283714218021,0.14097493112196186,1
0.3168840908927013,0.894696666379791,0.17037930514571265,0.2798312374405557,1
0.5387217042020928,0.47982914681923466,0.18148921963512613,0.8064686252580084,2
0.23259704764583286,0.7077048573042916,0.1996885433045426,0.2834774543768242,2
0.8240269995456808,0.33278951681403346,0.3727270769164495,0.7746052356401792,1
0.791705428033663,0.9115761823331974,0.06724966075774873,0.38507142402502337,1
0.4724408483511095,0.6218329859642951,0.07075624098046396,0.49535812033425164,2
0.44759463182109915,0.5454893787395182,0.15702069916212552,0.7597906835065513,2
0.4778032581182528,0.5275258468757367,0.21323497102978872,0.7445047600861998,2
0.25175778292192197,0.5862965720850001,0.23575074848687186,0.5553252043609118,2
0.47757249277055436,0.6242352580197347,0.15078294957675492,0.5766023804977404,2
0.3302829038934441,0.6188133075394672,0.20075904107523643,0.5174627422097346,2
0.38783001247575166,0.4641885596470681,0.31374415749456136,0.8248115515062241,2
0.04861937419322271,0.8150998888668535,0.24601201886833093,0.4844194695254462,2
0.4297139230830251,0.5036774968474856,0.2829215758071812,0.8148167344081034,2
0.7167427471172361,0.541850048831231,0.32636612316109165,0.9469707302435965,1
0.4328292552769545,0.8670555703151017,0.2647631765998234,0.2922974803822617,1
0.6404098969488494,0.7422384535654282,0.251290412906283,0.8238704456386335,1
0.3778133541022146,0.9599696161229124,0.31584638249294594,0.2978259090537112,1
0.7922030158146377,0.6089797079106595,0.29326038727464626,0.8593796884803186,1
0.46134175626852436,0.34301226954839525,0.5872918775712408,0.5308655446138737,1
0.41742566831808114,0.9224949204294155,0.3109009843410085,0.38412577175227547,1
0.6983247878040514,0.7992269323883897,0.21541258319512355,0.625630813715595,1
0.704029018742473,0.8552088517364087,0.0850798027010145,0.6892432053974922,1
0.6185737259228812,0.8587673575381576,0.12985116419324963,0.7104076306864162,1
0.8966387584824294,0.8893532948919912,0.06366984728713895,0.4713712867235876,1
0.616561740547635,0.5886951022836552,0.09596570960863293,0.7661392836684033,2
0.34256394724127237,0.2438231299135257,0.5706076205656191,0.8610254871473126,2
0.5491854704367956,0.8593885057643303,0.18854115062355958,0.607054202242287,1
0.8032292725843555,0.8966312063372087,0.05831951235272579,0.3969466342962619,1
0.7016853081799105,0.7406107458643129,0.20762444267344435,0.7142875328477772,1
0.7662202799472124,0.3732876327891426,0.375867490899692,0.7659046891622794,1
0.6847096322898413,0.6263269559620875,0.23634135309195084,0.7721360829991726,1
0.33212902667503186,0.6501738092476248,0.16669179572231677,0.5140529383416532,2
0.45482407747946546,0.5803320523710276,0.16336614470028216,0.6719586822699292,2
0.49221455408202264,0.8159492903568608,0.30891076313352145,0.42398865217272697,1
0.27535353972409116,0.6198984460068776,0.2416197471299029,0.6990025187084572,2
0.652431329280517,0.25853611078889566,0.5780300256316367,0.7554397737708793,1
0.363130908854899,0.2639543194123788,0.6161199302130226,0.7863630577302526,2
0.3106894835904203,0.5324037313795852,0.3327891097852543,0.7970630222682925,2
0.8498871413221412,0.5942704688920736,0.23360975294548433,0.9276939723760423,1
0.3546574937440956,0.2572975561933343,0.4689211019449889,0.7343935550160487,2
0.5307696745487456,0.4782033100465113,0.27487453421500424,0.8578511870663866,2
0.23562584283437535,0.6095222771443647,0.26361858401361277,0.7490902643279959,2
0.4604078777520571,0.4105303333620209,0.3876020419152648,0.8679623921365376,2
0.5908963070332951,0.567246779196773,0.45485601051112506,0.7376851523500368,1
0.4037960899696399,0.6385590857895506,0.14284360393736403,0.46455167898742467,2
0.2198616850197232,0.6134736779084518,0.25479699312899823,0.6718404757358357,2
0.4382370969719259,0.8675195605563392,0.30226376892756374,0.3350973385344208,1
0.4520996040932004,0.2367023764532436,0.5073814806039589,0.8101139329132455,2
0.44557255046189126,0.5877671218011802,0.12549593986257998,0.6781872573356247,2
0.6702795866415708,0.8881933192888976,0.09094707820880092,0.5049964992680287,1
0.508060208121498,0.36546715211022013,0.3050681715381136,0.8606726861070951,2
0.2990141992803006,0.06557978199942373,0.7409912335494433,0.5267465015412313,2
0.7002502361739106,0.8976377658121514,0.07946668964180328,0.412931794829828,1
0.4816729045424716,0.82555089486505,0.14495013677386004,0.47419005792120167,1
0.34338604879244816,0.5039098661537829,0.28521334568246925,0.9024159597006647,2
0.24784198342816344,0.29183115245447094,0.662446421263489,0.7019413150022277,2
0.8714997584175267,0.49554756461251204,0.24944493505934048,0.8778380934195331,1
0.8605167701505023,0.38970315850131154,0.37505330949662913,0.8764287078207261,1
0.38477958303586235,0.6391802340157233,0.12937299416287937,0.5774298262363948,2
0.5083490109541426,0.8284171571617268,0.24959226312275187,0.43033543377251604,1
0.3229344698526707,0.45156727671405106,0.2924462058715834,0.8070569300853814,2
0.8196496693565253,0.33263610068588234,0.3757167165657915,0.7247515389581457,1
0.26895701274257405,0.5191635453344658,0.25154888319296964,0.7503841712358038,2
0.3409485898073831,0.48974020288347486,0.31315398367329356,0.7365094519763222,2
0.5812618537668838,0.8562154112113514,0.20098046395416463,0.6215208634532674,1
0.5813483907722706,0.5566386152136413,0.1286363538458225,0.8312783582021694,2
0.9811421442427651,0.8827713688086303,0.03768496779891014,0.48395573619938714,1
0.6261601367284686,0.6744098156387163,0.016533482671721195,0.5352119079443883,2
0.9317367255839445,0.7376696464319524,0.10475369935597821,0.7219300399174373,1
0.247611218080465,0.6397976403851119,0.20533568828483426,0.45232184911390555,2
0.6056652892859976,0.6738672464050112,0.3196502035453508,0.8064686252580084,1
0.7918352335417433,0.5501352681227479,0.26155168328774203,0.8388026587377361,1
0.761330939142851,0.7706541139844415,0.19869170956555454,0.7346281495221728,1
0.19823464509010666,0.6404187886112847,0.26099812609042156,0.6865390036098457,2
0.3210667128197362,0.5007352748580901,0.2679742391280936,0.8163452358220354,2
0.6916542269721423,0.7454901271108749,0.17772416912572428,0.6647844549314856,1
0.8480770756261313,0.8901278592463152,0.057617334740560466,0.42645280376806055,1
0.7287353337804412,0.39070971797625415,0.4487302647166519,0.8524418742100621,1
0.38736127036323903,0.43716486995176745,0.2959527860942986,0.8419778680996935,2
0.3168840908927013,0.894696666379791,0.17037930514571265,0.2798312374405557,1
0.1450937123654169,0.7961286749710942,0.22194585047493917,0.0950016821699082,2
0.8141617809315709,0.8033280074238438,0.10840674607448253,0.6793693226765596,1
0.7890732607864772,0.5802534733785599,0.2966894264113555,0.8652581903488912,1
0.20178266231097072,0.026555957597278915,0.9648566566868417,0.5225183447448102,2
0.4722966200087979,0.6298892036206207,0.14864195403536737,0.5195813670131028,2
0.751263800849505,0.36213689957230577,0.41583992073577875,0.8745464960855451,1
0.7575377337400573,0.34889446841311594,0.3803304111831478,0.7913009083717504,1
0.4576639335395799,0.8377867665492972,0.30706270058371204,0.38365294561590146,1
0.3420663594602975,0.31978282263224656,0.4702479160833136,0.8606726861070951,2
0.22230635542190394,0.6661253447185562,0.21227518469855902,0.42304299989997907,2
0.41953861353294536,0.580796042612265,0.16395631852154996,0.6483264682615456,2
0.8082988988166065,0.49872215590820473,0.23781764921274257,0.8025887230966474,1
0.5363628496635874,0.7730563860398808,0.2733280203329959,0.7158160342617093,1
0.15547815301184834,0.7793277380101555,0.22028474809916646,0.14450294152413687,2
0.29855988000201916,0.22888189577432114,0.7374114200788334,0.7006483173754512,2
0.32249457340862053,0.25923209615075193,0.6154177526008573,0.9714303899906342,2
0.2550029206239318,0.04514176024426836,0.8808107351325737,0.7088791292724842,2
0.703704504972272,0.3581892406650028,0.40827535701208345,0.7927121125326204,1
0.5502642984372859,0.9184686825296449,0.16790660606974392,0.3837711521499949,1
0.24968089479263567,0.53255864425045,0.3287655889891658,0.7356865526428252,2
0.521595309694308,0.8569899755656752,0.06724966075774873,0.24785182356310861,1
0.36954185867064737,0.9527702836701628,0.337368341697719,0.4793638669903707,1
0.7265502743944212,0.6012378062242045,0.31876278889439336,0.809172827045655,1
0.6225255825022176,0.5981432906636931,0.0933853145798781,0.7666102912427143,2
0.21813094491198465,0.20433531527014331,0.7642449436750167,0.6465624630604581,2
0.32797525041645936,0.6480072741695884,0.16860878368190924,0.5182810951380743,2
0.35666947911934177,0.24947707551441176,0.5128438193292697,0.7466215663275048,2
0.30872076671786775,0.12210427058114776,0.6164516337476037,0.599534448111878,2
0.2923364270312759,0.5270611082631423,0.24711956404678312,0.7835411949771316,2
0.8205583079130879,0.38126152959621623,0.38660693131152135,0.845387671967775,1
0.05485003858108152,0.7647681732629366,0.25036767398281173,0.13980195859134179,2
0.7436269101241085,0.3529207063128866,0.38660693131152135,0.7501486674486484,1
0.76875148735478,0.3752221727465603,0.34951213733387904,0.7125235276466897,1
0.500156487751408,0.4866430680232145,0.5618971719042799,0.8356283586568101,1
0.547337184230073,0.9036022855261238,0.16122514915889463,0.3987106394973495,1
0.7657226921662376,0.881147402964299,0.05628621276412434,0.4623148476499631,1
0.8161665548897014,0.4161056999704394,0.3197966700411399,0.863141384107586,1
0.7010939719764331,0.6326731450680457,0.2423947272061516,0.830454549587641,1
0.4398639926732002,0.5168404883871475,0.21729510844982444,0.805998526964729,2
0.32505462648465044,0.4864106987169173,0.3724686066297629,0.7774270983933003,2
0.4741932227101948,0.6028655139253201,0.09929136063066751,0.6824245069423607,2
0.5639436355638247,0.7639187717729292,0.17849957998578414,0.6811333278776471,1
0.3515349501330506,0.5200151919385437,0.18263510457277016,0.6988843121743638,2
0.7547973952361379,0.5098717665680064,0.2623266633639908,0.8037644234703619,1
0.8429064895542623,0.9094844843908445,0.030193637323109392,0.39482800949289387,1
0.5371236541692808,0.5658548084730605,0.1652486699549831,0.7263982469061713,2
0.4909922188809323,0.6366245458321329,0.0955995433691602,0.5246369695481783,2
0.23233743662967207,0.026866531710365318,0.9582527408619985,0.5676641479582094,2
0.6586331479999133,0.5506770889850963,0.42377495853705816,0.8894768906225847,1
0.7938616417512205,0.8958566419828847,0.05053094104723545,0.35849313947461736,1
0.2620484751458509,0.6971752723136274,0.19459452473776034,0.33474271893214036,2
0.8078662137896718,0.935191040498116,0.0720485924138971,0.406112187093665,1
0.2104075171812013,0.6572197255722235,0.19957783186507852,0.397173954554134,2
0.5066739501979534,0.8801408434893563,0.2343481163977858,0.630568209716577,1
0.3853276507366462,0.24908792240885771,0.4771490727378465,0.7924775180264964,2
0.7318218203059083,0.8723951999461173,0.044478428500656975,0.4132864144321085,1
0.49576689815315605,0.8007760610970377,0.2796734658711526,0.447739072715204,1
0.740785611780571,0.8086713789116435,0.07544316884571478,0.6667848732007602,1
0.6384628143276436,0.8000014967427137,0.18555151097421763,0.5529701664893568,1
0.5627595208734468,0.7331794182909445,0.2792340663837853,0.7185202360493557,1
0.44449444360311247,0.6372419522015215,0.0692829603463502,0.4777180683233767,2
0.7415067534921287,0.37661414347027283,0.45518771404570624,0.8148167344081034,1
0.4271178129214172,0.9167623958360618,0.3179141447864389,0.2634914573047091,1
0.4317186970411555,0.5451020965623562,0.1546212333340513,0.7347463560562663,2
0.7946476862168185,0.5279127548672202,0.3249273052318694,0.9739036343962828,1
0.5100144228342312,0.4760352782257612,0.2881297520839167,0.847621775462142,2
0.5468850283769263,0.7410747361055503,0.3001960066340707,0.7353337516026077,1
0.6146074465093136,0.8011614723458074,0.10763133521442265,0.6832428598707001,1
0.33549675846800653,0.4860234165397554,0.357559178926056,0.8465633723414896,2
0.8431588891533076,0.8010080562176564,0.14402825941801106,0.7432117624594233,1
0.08367407279204434,0.8019360367001314,0.2516595946324337,0.5121707266064722,2
0.5724249832334553,0.8063476858486718,0.10936739397333449,0.6012984533129654,1
0.8399498085368757,0.36283288493416205,0.34655696038942857,0.8063513280049465,1
0.3604266274365575,0.5612860013395847,0.23571370107911346,0.6780690508015311,2
0.5753420014567062,0.8387147470317722,0.15727916944881212,0.6586740863998836,1
0.34570812510366405,0.6310491792237144,0.12446205871583346,0.5343935550160488,2
0.7594631821099165,0.7656998956021958,0.17584164387102333,0.7420360620857087,1
0.797027453864959,0.9141318705167879,0.04942382665259441,0.3167571401292997,1
0.18491515767763522,0.7911744565888486,0.2142684213927241,0.16119734126226387,2
0.3924453194297211,0.15679502482721971,0.6328429577616473,0.7847169862789493,2
0.6340061585502167,0.5087877506576314,0.4509789562108256,0.8947689062258471,1
0.7972077392928485,0.8950820776285608,0.05813427531393372,0.40693963283231943,1
0.2640893061895593,0.488888556279397,0.33681263058134275,0.8425652636460351,2
0.1655669255565411,0.6321343176911247,0.2740258901070498,0.6593742327941297,2
0.2025542839423375,0.6993418073916638,0.20651689749499216,0.2934704529128817,2
0.4958051186638686,0.7360419387308371,0.24918646477265385,0.7135819307673422,1
0.5556937743836041,0.5136658970914547,0.2196204794623818,0.7985915236822244,2
0.7817392495799349,0.9053834093553904,0.04850194929674545,0.32510433999836325,1
0.806020091008084,0.7443301515077813,0.12306201132961425,0.7594378824663338,1
0.800849504936215,0.6494778238857686,0.2589678419884981,0.8131709357411094,1
0.1423894309470754,0.32125337234842677,0.6768776789368256,0.6984142138810842,2
0.40519510489006194,0.47835822291737606,0.32932130010554206,0.8131709357411094,2
0.11543315376904714,0.7861416592141353,0.23242854373532643,0.08947325349845876,2
0.34037888785525244,0.16623947135047354,0.6254593232386327,0.7046464260709057,2
0.4953623376529722,0.471155896979199,0.2872423374329593,0.8439764678069052,2
0.5315780744074018,0.3486624732924972,0.42466237318801564,0.6873619029433427,1
0.6825389957380525,0.3441722451514891,0.4839037628965904,0.796827518481137,1
0.44485068760862195,0.5141304486112098,0.21902987485730288,0.8279858515871501,2
0.08430867749821513,0.8586925204024741,0.21589247636073838,0.22786582649099352,2
0.8559880002019197,0.8057302794792832,0.12221336722165982,0.6661938405302926,1
0.1914270673330016,0.22624762859826303,0.7431709996338337,0.6450348709275575,2
0.7572853341410121,0.9311648025983454,0.04661942404204451,0.3141656891895578,1
0.34557110817846814,0.6393336501438743,0.1896486958020118,0.5138165252734662,2
0.37239036843130047,0.2689122796514086,0.436586469080492,0.775310655864408,2
0.758619446307394,0.8450646779945145,0.09035690438753312,0.6933586113460086,1
0.9047516027374539,0.9032917114130374,0.037611734551015574,0.4116406157651145,1
0.3409485898073831,0.5933424884095986,0.2075503478579275,0.6248124607872555,2
0.4801520166727964,0.4761886943539123,0.574557908113813,0.8223419442247015,1
0.32953291651342403,0.5003479926809281,0.2917095655545265,0.8790110659501532,2
0.1384952657046636,0.3166097280792675,0.6750683869300191,0.6807787082753667,2
0.5966005379717169,0.6610139683513753,0.019747129902858256,0.412931794829828,2
0.8699493037376775,0.8175769980579763,0.09626295043832254,0.6212844503850804,1
0.7118966748155681,0.7529214546842435,0.19603420423460488,0.7239286396246488,1
0.40710613042568994,0.15353960942498884,0.6354621233334051,0.7455631632068523,2
0.8366541909150568,0.4247755821393692,0.3414995584465936,0.9242841685079607,1
0.8140175525892593,0.5602008628721744,0.25642104809701255,0.8633768878947417,1
0.7833113385111309,0.9242760442586822,0.05492062808279667,0.3200487374632877,1
0.6459843223791907,0.7429344389272846,0.2379283606522067,0.594360639042709,1
0.5011867108005394,0.5300807866879703,0.21356710534818105,0.7647289887885648,2
0.6611859896588279,0.7727458119267944,0.24700885260731903,0.5751929948989334,1
0.42893509003454267,0.6017017964654422,0.11899971999052278,0.6458532238558972,2
0.6531668938263058,0.5845154482557334,0.3628750511555776,0.8162279385689735,1
0.3710418334306874,0.26132379409310486,0.4550024770069141,0.7476799694481573,2
0.7966308259236022,0.53255864425045,0.28639369332500486,0.9244023750420542,1
0.34022744809582534,0.9463417737149529,0.30625282701876066,0.28853305691189973,1
0.9471475239599334,0.626401793097771,0.17056454218450473,0.9095810942287932,1
0.8116810534438123,0.41037317537708556,0.31437310185883216,0.838568064231612,1
0.9323136389531907,0.7351925372408297,0.10637775432399252,0.7499140729425243,1
0.7596290447035747,0.8360804798557141,0.09707713184138542,0.7234585413313692,1
0.46438353200787486,0.5798680621297901,0.13509380317487668,0.7072324213244587,2
0.546730704050653,0.661092547343843,0.02022529993322851,0.3824799730852814,2
0.6122493131125197,0.33278951681403346,0.5871109483705603,0.5855406130372713,1
0.9217921813815633,0.49879923815795874,0.2440928769896827,0.9024159597006647,1
0.8275750167665448,0.8853270569922207,0.02613134598401793,0.43644580230411806,1
0.31608362359287223,0.45528294050073526,0.2865056971159024,0.7922420142393409,2
0.6563687630256221,0.4782033100465113,0.4522368449393672,0.7506187657419278,1
0.7668116161506898,0.6281080797913542,0.2591156008357206,0.8285741564145229,1
0.48273226171675,0.5008901877289549,0.2071075021000711,0.83421715449594,2
0.2927835348924417,0.6724752756812985,0.20230900122773385,0.4168144248342835,2
0.42271163706379944,0.9460311996018664,0.23442178042949147,0.15719650472371494,1
0.5444785784854581,0.5332553779836631,0.1424042044499968,0.8297498567882375,2
0.5715105755432,0.5400692991876429,0.48660046955435415,0.7379206561371923,1
0.7222739040448838,0.8444435297683417,0.07108794451504515,0.652209098266001,1
0.6210616648277553,0.8114590622158528,0.2402171150408168,0.577657146494267,1
0.5962616013672847,0.548896339341508,0.4757102548086243,0.7667275884957764,1
0.3951856579336405,0.4325960628182917,0.411191763413531,0.8027060203497094,2
0.31741052434213846,0.3501330230086773,0.4854545846167101,0.7646107822544714,2
0.5318672522337364,0.6392550711514068,0.03351498050703257,0.41246806150376897,2
0.3223287108149622,0.47959677751293744,0.3443427316001465,0.7621420842539803,2
0.5958000706718877,0.5938813157865196,0.09006397139595496,0.7889495076243214,2
0.5081275916030259,0.5389078268418355,0.20009434165464063,0.846210571301272,2
0.549272728583894,0.8936901069048484,0.15484093307773494,0.3778971966865799,1
0.5419942452891418,0.641114773973141,0.03358821375492709,0.40964019749584,2
0.7585689663875849,0.5096393972617091,0.33670493462855666,1.0,1
0.9175158110320258,0.8070474130673123,0.11205979279298685,0.6931231075588532,1
0.37546243212253644,0.2625623486886663,0.44562862127641245,0.7272211462396683,2
0.33823709697192594,0.33441722451514894,0.5140974002196997,0.7717833728870581,2
0.4560081921698433,0.3015075940983435,0.3926982144011028,0.8703183392891242,2
0.6530659339866877,0.7451795529977886,0.24405582958192432,0.8290442547078025,1
0.5269577194614514,0.6054212021089105,0.10530510263424302,0.7227529392509343,2
0.05089097058462954,0.8627935954379282,0.22833157429943782,0.16037898833392436,2
0.18298970930777606,0.2978705093041269,0.6966980420875784,0.7292197459468797,2
0.3738182290201848,0.8104525027409101,0.15602128072027055,0.610109386508088,1
0.5489063885944228,0.800850898232721,0.2955823120167144,0.4841830564572592,1
0.3453836113334631,0.946884342948658,0.3392853296573115,0.47960028005855765,1
0.4174905710721214,0.8971737755709139,0.3215714993430547,0.2677287069114451,1
0.5315751898405556,0.3486624732924972,0.42466237318801564,0.6873619029433427,1
0.2041624299591112,0.04862542891033389,0.8726172270446076,0.6510270329250661,2
0.8545385053616885,0.5989141131612329,0.2163723695263532,0.9185193267683243,1
0.718141762037658,0.9206352176076813,0.08367544747668383,0.4024659701573965,1
0.24898138733242467,0.2694548488851138,0.6811208994765977,0.7623766787601044,2
0.5930092522481594,0.8291131425235831,0.13911732397096518,0.6951226165470962,1
0.44890350402757645,0.6418893383274649,0.0696878971288259,0.4630240868545241,2
0.4390361219883319,0.5895482456304467,0.12793417623365716,0.6685488784018476,2
0.8049239556065162,0.41076232848263966,0.3169190341826954,0.838568064231612,1
0.589446812193064,0.6637230726631169,0.3740926615977772,0.8539703756239941,1
0.5587261752807045,0.3096386488903523,0.5868524780838736,0.5161715631450212,1
0.5452985166114993,0.3932616643030604,0.3608072888620846,0.6877165225456232,1
0.5612480078460218,0.5801000572504088,0.09002520085295196,0.7640233867081299,2
0.7946404747997029,0.9326353523145255,0.05853921209640943,0.3822435600170944,1
0.48114358652618827,0.3075469509479994,0.4334115923923579,0.9179373869081717,2
0.6630681695259936,0.28462807814493707,0.5759234927951408,0.7460332615001317,1
0.5883578882086119,0.8390253211448585,0.1862528270187606,0.6125826309137365,1
0.6806856615393492,0.5241963427091791,0.436547698537489,0.9079352955617992,1
0.7389683346674455,0.8404958708610387,0.1026471665194822,0.7061749274848377,1
0.44324326273355974,0.6277189266858001,0.07234583324358672,0.4639606463169571,2
0.6056364436175352,0.6356179863571901,0.41495681392293277,0.8487974758358565,1
0.45245584809870987,0.6448304377598253,0.07950546018480627,0.46560644498395115,2
0.40691142216356935,0.4436682170426609,0.3360759902642859,0.8317484564954489,2
0.38128204573480734,0.5123495867119182,0.1950744179033752,0.7435645634996408,2
0.720002307653477,0.7926450063050287,0.18562517500592332,0.6968857124671521,1
0.7664510452949109,0.39953301627333515,0.3487367264738191,0.7995317202687834,1
0.48861389351621487,0.49121150097101185,0.2096176793676094,0.8583212853596661,2
0.38451276060258605,0.1864492398417943,0.5712021022249983,0.7359220564299808,2
0.5396555827185601,0.6257058077359147,0.41392293277618625,0.8423306691399111,1
0.3307660688401878,0.177079630454224,0.6094772438451763,0.6981796193749602,2
0.37552012345946106,0.928223703165985,0.36497727615396214,0.33274230066286586,1
0.753686837000339,0.7176132940687827,0.11903849053352575,0.6954745083062822,1
0.9360058845163663,0.7461075334802636,0.11612208413207832,0.7440346617929203,1
0.11259185542550962,0.8215246569652793,0.23970017446744352,0.31969411786100727,2
0.40365907304444393,0.5955876024801027,0.20736597238675772,0.625630813715595,2
0.5294413315160562,0.7822688374425157,0.21415770995325997,0.6697218509324676,1
0.8673387707418385,0.8278745879280216,0.11818984642557134,0.660674504669158,1
0.512604042720435,0.6085942966618896,0.1010618820944709,0.7207543395437228,2
0.3548810476746785,0.5132787271699963,0.3116763952010683,0.9002973348972967,2
0.7437783498835356,0.5821131762002941,0.3188747926852909,0.8330414541222254,1
0.15125226258212,0.6388696599026369,0.27350894953367655,0.6459714303899906,2
0.7079087611506537,0.7719712475724704,0.18174768992181276,0.7841290451639888,1
0.3973418716511982,0.3246622038788088,0.5153897516531329,0.7931822108258999,2
0.7416437704173248,0.7483563894075519,0.2329825317164581,0.6457350173218036,1
0.5184958426180328,0.8126976168114141,0.27399142740215826,0.47348991152695563,1
0.602211020487636,0.6995738025122826,0.31392939453335345,0.7972976167744165,1
0.2709113067808955,0.6664359188316425,0.20817799987076485,0.6115278649172099,2
0.02187943952866177,0.7768468869622485,0.25693798867038575,0.08724551497131212,2
0.4111012555077198,0.4436682170426609,0.2210231115514679,0.7663747874555589,2
0.7628164910686599,0.766395880964052,0.19245395998018394,0.8208134428107694,1
0.8109094318124455,0.5238865169674496,0.26911840093049305,0.8657282886421707,1
0.2528467069063742,0.5267512825214128,0.2560148189631034,0.7503841712358038,2
0.3248599182225299,0.2549738631303626,0.6070390074740991,0.9162915882411776,2
0.20871283415904057,0.7818834261937458,0.2241237211105607,0.19376778781017842,2
0.4711896674815568,0.6226861293110867,0.1497102978870054,0.5716649844967583,2
0.48778746511476967,0.821756652085898,0.09271759967260432,0.5474417378179074,1
0.584651219811205,0.8284957361541945,0.16738966549637063,0.6271584058484956,1
0.5315751898405556,0.3486624732924972,0.42466237318801564,0.6873619029433427,1
0.5456042806971998,0.6517229379562726,0.0521894587201413,0.5962428507778899,2
0.6905076116507655,0.6243886741478857,0.19230620113296143,0.7661392836684033,1
0.7860805226835125,0.5447151885708726,0.27524500829258836,0.9319221291724632,1
0.39553901737230385,0.14564429161038286,0.5770306071897818,0.6790147030742791,2
0.34933546791279946,0.4358477363637384,0.3016003618584014,0.8183447448102785,2
0.7237450331364617,0.7848245256261063,0.17536347384065307,0.8064686252580084,1
0.3362251115966799,0.46147945533532647,0.2762788894393349,0.7918892131991234,2
0.8566370277423216,0.8900492802538476,0.04145001830831198,0.3837711521499949,1
0.5614210818567957,0.9333350795331661,0.16816507635643052,0.40693963283231943,1
0.3941255796176506,0.9210992078489189,0.33740280440261056,0.5102885148712912,1
0.8030129300708884,0.7179238681818693,0.14923212785663514,0.7987088209352865,1
0.46891807109014993,0.7895467488877331,0.2477838326835678,0.6450348709275575,1
0.7153076751112362,0.36345403316033487,0.383914532491869,0.7476799694481573,1
0.5845430485544715,0.6536574779136903,0.048536412001637,0.6010620402447784,2
0.21783527681024598,0.036389557226086736,0.900596635578435,0.6903016085181446,2
0.5359683851473652,0.5100266794388711,0.22633838068365392,0.809172827045655,2
0.7005098471900713,0.7270614824488207,0.25915264824347906,0.641861480127663,1
0.39475297290670586,0.24428712015476317,0.5100394167187198,0.765669185375124,2
0.322862355681515,0.29871991079413424,0.48671247334525175,0.7815423224856105,2
0.37647924193583276,0.6183493172982297,0.19658776143192538,0.5633177846276949,2
0.45627789916996586,0.3490516263980512,0.3235272578456502,0.822577448011857,2
0.6419098717088895,0.6353859912365715,0.22083873608029814,0.7534411740636678,1
0.2502938652474598,0.04792944354847759,0.8690718762788894,0.7345108522691108,2
0.6997021684731267,0.6339154415203913,0.3122321063174446,0.7942406139465524,1
0.33488378801318247,0.9870681429538967,0.3546427725246085,0.2509070078289096,1
0.2215563680418839,0.6531149086799852,0.20186615546987743,0.4123498549696754,2
0.7722562360729507,0.6763443555961339,0.25180735347965627,0.8079971266719406,1
0.3764503962673705,0.25784012542703943,0.4632735261808862,0.7824829737126854,2
0.755273348765766,0.7497483601312643,0.14365778534042692,0.7443874628331378,1
0.3039900770900489,0.177079630454224,0.6184117000883107,0.6879502077707157,2
0.40124324831072555,0.5207119256717568,0.17765093587782974,0.7330996481082408,2
0.272079556353619,0.038634671296590754,0.8978999289206712,0.7643761877483474,2
0.4826745703798253,0.6348434220028664,0.08101751136192302,0.4878292733935278,2
0.4575391760234804,0.4492435836510793,0.21286578930363798,0.7660219864153412,2
0.6637171970663955,0.2579149625627229,0.5788786697395911,0.7699020704329087,1
0.033518666753203634,0.7698795496301175,0.26454132293708404,0.0921829109722942,2
0.7715927856983177,0.7877656250584665,0.12996316798414717,0.6732498613346426,1
0.2823125572406233,0.249245080393793,0.7183664677881405,0.7696669303581658,2
0.5489835507575593,0.5144416962585173,0.2812242875912723,0.7261609245569528,1
0.5902761251613555,0.37537558887471145,0.46799491675102856,0.7194613419169462,1
0.37349371524998376,0.4836233895983865,0.33703663816313784,0.7861279176555097,2
0.33393188095392623,0.1735173827956909,0.6302582548947812,0.7179328405030142,2
