0.790969863487874,0.7409998989698667,0.14088784543476857,0.7713130018094692,1
0.4698706992911177,0.506077897974533,0.20806728843130076,0.8154050392354765,2
0.9298401228825476,0.7170744666918618,0.12416912572425529,0.7716657119215835,1
0.3546574937440956,0.2572975561933343,0.4689211019449889,0.7343935550160487,2
0.3933395351520527,0.26813771529708474,0.4776660133112198,0.805998526964729,2
0.3112231284569731,0.6620991068187856,0.20651689749499216,0.4465570073742691,2
0.3059876396310639,0.5890056763967416,0.20946992052038688,0.5851859934349909,2
0.9471475239599334,0.626401793097771,0.17056454218450473,0.9095810942287932,1
0.797027453864959,0.9141318705167879,0.04942382665259441,0.3167571401292997,1
0.8067772898052197,0.7869162235684591,0.14520860706054667,0.6990025187084572,1
0.2914926912287533,0.172742818441367,0.6402610549895535,0.7108777289796957,2
0.3101053588040586,0.9420835406945635,0.3371098714110324,0.26995644543859165,1
0.511102265106116,0.767323861446527,0.2738449609063692,0.6924175054784182,1
0.5265437841190173,0.7028254760577294,0.01062743662093181,0.19658655900779254,2
0.7834050869336333,0.5240414298383144,0.3144463351067267,0.9642561626521908,1
0.7853377467206081,0.8953140727491796,0.061602084993645945,0.3933004173599934,1
0.4816058383632968,0.6292680553944479,0.07773493872100289,0.5241641434118043,2
0.4520996040932004,0.2367023764532436,0.5073814806039589,0.8101139329132455,2
0.376681161615069,0.1772330465823751,0.6161199302130226,0.7661392836684033,2
0.38783001247575166,0.4641885596470681,0.31374415749456136,0.8248115515062241,2
0.36684478866942144,0.25435271490418976,0.4662976285351197,0.7655518881220619,2
0.7578045561733336,0.5569491893267278,0.30278070950093694,0.8990061558325833,1
0.512604042720435,0.6085942966618896,0.1010618820944709,0.7207543395437228,2
0.5232899927164687,0.48935292070631287,0.2655011092683137,0.8042345217636415,2
0.5809229171624516,0.8317474096996412,0.15568957718568938,0.588004764632605,1
0.6661113875487671,0.5669362050836866,0.277610011415771,0.8552642825318021,1
0.3588545385053617,0.5547040752562237,0.20777220152066686,0.6774871109413786,2
0.3738182290201848,0.8104525027409101,0.15602128072027055,0.610109386508088,1
0.7576531164139065,0.9152918461198816,0.08094427811402849,0.40364803549833145,1
0.8498871413221412,0.5942704688920736,0.23360975294548433,0.9276939723760423,1
0.7310141415889637,0.842123578562154,0.10275917031037975,0.6893605026505542,1
0.37100577634510956,0.6466115615890917,0.15085618282464947,0.427280249506715,2
0.6707843858396614,0.5141304486112098,0.431714304176449,0.7520299699027978,1
0.5067605593175115,0.47704183770070385,0.18721261334999031,0.836333960737245,2
0.6685776922022948,0.8758040314764993,0.09364378486656473,0.5302745119434062,1
0.7575377337400573,0.34889446841311594,0.3803304111831478,0.7913009083717504,1
0.5459511498604591,0.5514512791537416,0.401076959527861,0.6819516808059867,1
0.24813765152990214,0.27069340348067517,0.6810476662287032,0.7327468470680233,2
0.6660753304631893,0.6856353859912366,0.013358605983587148,0.5294561590150667,2
0.8872999733177566,0.6644227998817573,0.16063497533762683,0.869136273948189,1
0.7354058946123503,0.6235392726578782,0.25343140844767054,0.8498549696754775,1
0.7320237399851445,0.6318237435780384,0.26254851702673015,0.816698036862253,1
0.7161009309939497,0.5320942798235341,0.42547655459107847,0.7550869727306618,1
0.5229625943794215,0.49810250442474563,0.5605703577659552,0.85996708402666,1
0.7907535209744067,0.39388281252923324,0.3766773644646434,0.8533829800776526,1
0.0633811450288096,0.8412704352153627,0.21840265362827666,0.4467934204424561,2
0.612963243406962,0.5121947112596212,0.40771964589570725,0.831042854415014,1
0.33393188095392623,0.1735173827956909,0.6302582548947812,0.7179328405030142,2
0.7899530536745777,0.6266337882183898,0.26771576884140696,0.8323358520417905,1
0.6327153148865283,0.5023611116308134,0.40823658646908056,0.6871273084372186,1
0.34858548053277955,0.1746025212631012,0.6153832898959657,0.7514425743564563,2
0.272079556353619,0.038634671296590754,0.8978999289206712,0.7643761877483474,2
0.3269440177689318,0.5068520881431784,0.2918172615073126,0.8870127390272511,2
0.2560341532714594,0.05985099926285418,0.8467055808042734,0.7212244378370023,2
0.7623116918705696,0.5421598745729607,0.3117496284489629,0.9534448111877938,1
0.8705478513582704,0.32938442714043564,0.3785986602623474,0.7556752775580348,1
0.6227851935183782,0.6914427477202738,0.28698386714627266,0.7847169862789493,1
0.4136108286639408,0.5248156200069599,0.2605552803325651,0.9387417369086263,2
0.9360058845163663,0.7461075334802636,0.11612208413207832,0.7440346617929203,1
0.7748162891489806,0.7770826239396513,0.1479742391280936,0.7655518881220619,1
0.5753225306304942,0.8478523612987237,0.15521140715531911,0.6263400529201559,1
0.2714593744816794,0.5828091615621505,0.23549227820018526,0.5596715676914263,2
0.27535353972409116,0.6198984460068776,0.2416197471299029,0.6990025187084572,2
0.761330939142851,0.7706541139844415,0.19869170956555454,0.7346281495221728,1
0.4953623376529722,0.471155896979199,0.2872423374329593,0.8439764678069052,2
0.39642602167751984,0.1355786968609563,0.6419238805005708,0.6651390745337661,2
0.6963416480972675,0.8150213098743858,0.06721519805285718,0.6584376733316966,1
0.8638051763552057,0.7999229177502459,0.1267882912960131,0.6997081207888922,1
0.5387217042020928,0.47982914681923466,0.18148921963512613,0.8064686252580084,2
0.48778746511476967,0.821756652085898,0.09271759967260432,0.5474417378179074,1
0.32797525041645936,0.6480072741695884,0.16860878368190924,0.5182810951380743,2
0.7923977240767583,0.7717392524518516,0.16119068645400308,0.7265155441592333,1
0.33488378801318247,0.9870681429538967,0.3546427725246085,0.2509070078289096,1
0.7694437833978754,0.5521483870726333,0.25738083442824217,0.8349227565763749,1
0.7500667056083191,0.8821539624392416,0.06311844400887416,0.43962828591432745,1
0.2823125572406233,0.249245080393793,0.7183664677881405,0.7696669303581658,2
0.2273543474028081,0.22229996969096003,0.6507807956576992,0.820460641770552,2
0.3242108906821279,0.6317451645855706,0.19186335537510502,0.5012320757976667,2
0.2923364270312759,0.5270611082631423,0.24711956404678312,0.7835411949771316,2
0.7005098471900713,0.7270614824488207,0.25915264824347906,0.641861480127663,1
0.37479898174790327,0.5622925608145274,0.2394417041807569,0.67972394227884,2
0.7016853081799105,0.7406107458643129,0.20762444267344435,0.7142875328477772,1
0.3229344698526707,0.45156727671405106,0.2924462058715834,0.8070569300853814,2
0.1665116211986817,0.28416408790369957,0.718293234540246,0.6796057357447466,2
0.7792368878408297,0.6194344557656399,0.2561996252180843,0.808349927712158,1
0.9251382789231912,0.8106096607258454,0.11486850324164818,0.7329823508551787,1
0.2483323597920227,0.004258233020389358,0.9861201456049282,0.5506151286178018,2
0.7620448694372931,0.5423147874438254,0.3006397139595494,0.8358638624439655,1
0.9040593066943585,0.573286136046429,0.22951274043121458,0.9526173654491393,1
0.29004319638852233,0.49020456731039075,0.3442694983522519,0.8552642825318021,2
0.4236996012086335,0.4620968617047151,0.3536821246257566,0.8373923638578975,2
0.6837288795621227,0.7564088652070932,0.19293385314579878,0.7144048301008392,1
0.4711896674815568,0.6226861293110867,0.1497102978870054,0.5716649844967583,2
0.6905076116507655,0.6243886741478857,0.19230620113296143,0.7661392836684033,1
0.6046052109700077,0.3499010278880586,0.5762207336248304,0.619520445183993,1
0.29770893278238103,0.1609746788551415,0.6484545630775196,0.7225183447448102,2
0.6467631554276732,0.8055768633511322,0.22046955435414736,0.4974767451376197,1
0.9266021965976534,0.7028254760577294,0.13128998212247184,0.8171690444365639,1
0.6904859773994187,0.7970566554535692,0.20965429599155663,0.5365121798194167,1
0.37486388450194347,0.19179261132959394,0.5585413660154651,0.7166389335952063,2
0.3755561805450389,0.2687551216664733,0.4708036271996899,0.827280249506715,2
0.28573076895340704,0.5381336366731899,0.3441962651043574,0.7556752775580348,2
0.5491854704367956,0.8593885057643303,0.18854115062355958,0.607054202242287,1
0.26566139512075515,0.24444427813969846,0.7206151592823142,0.7253398437855187,2
0.5254267356078143,0.5704984527422198,0.16657979193141922,0.7240468461587423,2
0.4741932227101948,0.6028655139253201,0.09929136063066751,0.6824245069423607,2
0.38451276060258605,0.1864492398417943,0.5712021022249983,0.7359220564299808,2
0.7094736386647341,0.5947344591333111,0.30691623408792296,0.8121125326204569,1
0.4328292552769545,0.8670555703151017,0.2647631765998234,0.2922974803822617,1
0.6185737259228812,0.8587673575381576,0.12985116419324963,0.7104076306864162,1
0.24233246075186232,0.63600339760596,0.19784306545760008,0.46807968938959965,2
0.555568295725793,0.8768105909514419,0.21530187175565943,0.6259854333178755,1
0.6448016499722361,0.8020894528282825,0.2343481163977858,0.4944124680615038,1
0.7437783498835356,0.5821131762002941,0.3188747926852909,0.8330414541222254,1
0.6847096322898413,0.6263269559620875,0.23634135309195084,0.7721360829991726,1
0.6217683837050819,0.33921802676924345,0.5688370991018157,0.636451257990307,1
0.5275447288146594,0.6978712576754836,0.015796842354664303,0.24808823663129562,2
0.587521363823205,0.7938835609005902,0.245421414263252,0.5014684888658537,1
0.34037888785525244,0.16623947135047354,0.6254593232386327,0.7046464260709057,2
0.18432382147415782,0.01811807054896779,0.9733474056044975,0.4845376760595397,2
0.8078662137896718,0.935191040498116,0.0720485924138971,0.406112187093665,1
0.7085361544397089,0.9262105842160997,0.07448682878497427,0.37683333787973844,1
0.29393015021381846,0.12899677077759528,0.6061171301182502,0.5850677869008974,2
0.11944991310242374,0.8566794014525889,0.20965429599155663,0.23915000409176462,2
0.40562057849988103,0.43104693410964395,0.29310961294074567,0.8336297589495985,2
0.5819974183126726,0.8808368288512125,0.16875525017769832,0.6149376687852914,1
0.6479458278346277,0.75470257851351,0.2316905249100739,0.830102657828455,1
0.535227051467884,0.5419275052666634,0.2603338574536369,0.7368622530165398,1
0.551139764475117,0.5876885428087125,0.08604045059986647,0.7477972667012194,2
0.4353604626845221,0.5185439312695745,0.21711073297865469,0.818814843103558,2
0.38009937332785265,0.11250266607295868,0.6679087599887996,0.6859525173445357,2
0.17949217200672105,0.044442033025627964,0.8929200680638423,0.6410340343890085,2
0.3876785727163245,0.50414223546008,0.28905162943976564,0.7795435409221928,2
0.3638520505664568,0.1598895403877312,0.6448015163590152,0.7655518881220619,2
0.2631950904672277,0.6409613578449899,0.1966984728713895,0.45690462551260713,2
0.7879266454651004,0.8905918494875528,0.05842720830551188,0.406112187093665,1
0.42893509003454267,0.6017017964654422,0.11899971999052278,0.6458532238558972,2
0.6968680815467048,0.732094279823534,0.2305462769509122,0.6339780135846586,1
0.36118382623369316,0.46263943093842025,0.277610011415771,0.8104667339534629,2
0.5627595208734468,0.7331794182909445,0.2792340663837853,0.7185202360493557,1
0.8942662022514045,0.6559025919841944,0.15299717836603702,0.8753739418241995,1
0.6923104659296598,0.6134736779084518,0.3074676373661878,0.8138765378215446,1
0.3371049044847803,0.49903160746425596,0.30060525125465787,0.7381561599243478,2
0.2636349869112779,0.029343640901488145,0.7900833566674565,0.5299289851514407,2
0.23562584283437535,0.6095222771443647,0.26361858401361277,0.7490902643279959,2
0.8488270630061514,0.594191889899606,0.21552329463458764,0.9193467725069787,1
0.5816440588740094,0.7735952134168017,0.14129278221724428,0.5306291315456868,1
0.23327492085469712,0.2123877910696846,0.6661339306868848,0.8364512579903071,2
0.5294413315160562,0.7822688374425157,0.21415770995325997,0.6697218509324676,1
0.5203441288247553,0.8098350963715216,0.23929437611734553,0.43280867817816454,1
0.8779323424846216,0.5142079050466423,0.24176707519331425,0.8786655391581876,1
0.47686937960178555,0.5098717665680064,0.22962349494905984,0.7630822808405393,2
0.5250517419178042,0.5934959045377497,0.08330928123721112,0.7167562308482682,2
0.33549675846800653,0.4860234165397554,0.357559178926056,0.8465633723414896,2
0.3223287108149622,0.47959677751293744,0.3443427316001465,0.7621420842539803,2
0.34786433882122175,0.4684467926674575,0.3568914640187822,0.8103494367004009,2
0.5391255435605651,0.7226498333002803,0.31529497921468114,0.7405075606717768,1
0.7287353337804412,0.39070971797625415,0.4487302647166519,0.8524418742100621,1
0.3206196049585704,0.16554348598861726,0.6496349107200552,0.7517953753966738,2
0.5315751898405556,0.3486624732924972,0.42466237318801564,0.6873619029433427,1
0.7118966748155681,0.7529214546842435,0.19603420423460488,0.7239286396246488,1
0.5618061715307675,0.7876122089303155,0.2772740000430784,0.7282795493603207,1
0.7993351073419437,0.3510647453479365,0.43219247420681933,0.8806568646171472,1
0.32375657140384656,0.2398754710062227,0.5260559588170677,0.7165216363421442,2
0.751263800849505,0.36213689957230577,0.41583992073577875,0.8745464960855451,1
0.3581694538793818,0.5631419623045347,0.20005772503069336,0.6623203033361521,2
0.4510885634135964,0.8733269222853765,0.06459172464298792,0.0950016821699082,1
0.0004110507755878495,0.8631041695510148,0.23486505697115903,0.36449439428244085,2
0.7962486208164766,0.5492061650832376,0.2780881814461413,0.9308673631759367,1
0.5870670445449234,0.5392951090189975,0.4857130549033967,0.7242814406648662,1
0.7716432656181266,0.7281466209162311,0.15380705193098845,0.7556752775580348,1
0.7628164910686599,0.766395880964052,0.19245395998018394,0.8208134428107694,1
0.2502938652474598,0.04792944354847759,0.8690718762788894,0.7345108522691108,2
0.3853276507366462,0.24908792240885771,0.4771490727378465,0.7924775180264964,2
0.8601201422091455,0.5752206760038466,0.22770410278501735,0.9264027933113287,1
0.7787681457283171,0.31242633219456156,0.3925129773623107,0.6633750693326786,1
0.7715927856983177,0.7877656250584665,0.12996316798414717,0.6732498613346426,1
0.37523887819195345,0.2795952807702238,0.471135330734271,0.7950635132800494,2
0.451695764734728,0.6426639026817889,0.0775497016822108,0.45384944124680604,2
0.44169352919542215,0.8891212997713726,0.2785663514765115,0.3020540658501322,1
0.589446812193064,0.6637230726631169,0.3740926615977772,0.8539703756239941,1
0.8162819375635505,0.6087477127900407,0.24863290757533335,0.8101139329132455,1
0.7657875949202778,0.6051892069882918,0.3091692334202081,0.8438591705538431,1
0.8714997584175267,0.49554756461251204,0.24944493505934048,0.8778380934195331,1
0.7519272512241381,0.6376311053070755,0.2669037413573998,0.8001200250961564,1
0.5930092522481594,0.8291131425235831,0.13911732397096518,0.6951226165470962,1
0.4156300254563024,0.4252395723806067,0.4247356064359102,0.820577939023614,2
0.5812618537668838,0.8562154112113514,0.20098046395416463,0.6215208634532674,1
0.8480770756261313,0.8901278592463152,0.057617334740560466,0.42645280376806055,1
0.6124512327917558,0.8442901136401907,0.13154845240915847,0.7179328405030142,1
0.6587124735881849,0.260549229738781,0.5923148168091843,0.7225183447448102,1
0.22784472376666737,0.6986458220298076,0.18795054601848063,0.31534775453049274,2
0.5719245108856341,0.7153681799982787,0.3158119197880544,0.7596724769724579,1
0.7972077392928485,0.8950820776285608,0.05813427531393372,0.40693963283231943,1
0.6823226532245852,0.757336845689568,0.19511146531113363,0.7980032188548514,1
0.4182405584521414,0.45110328647281356,0.2050776487819588,0.7581439755585259,2
0.6257346631186494,0.6383270906689318,0.351579899627372,0.7851872664284351,1
0.5843267060410041,0.607202325938177,0.33622245676007495,0.7617892832137628,1
0.5295278685214432,0.5218733980175643,0.15214853425808259,0.82175454867836,2
0.5526325278180415,0.6529614925518341,0.052081762767355225,0.588950416905353,2
0.1384952657046636,0.3166097280792675,0.6750683869300191,0.6807787082753667,2
0.6404098969488494,0.7422384535654282,0.251290412906283,0.8238704456386335,1
0.43866112829832193,0.518776225738736,0.49568139229327757,0.6424434199878156,1
0.6930099733898708,0.6468435567097105,0.25416934111616085,0.7402720568846213,1
0.7692058066330615,0.5700344625009822,0.2858767527516316,0.9526173654491393,1
0.7411317598021188,0.8763466007102044,0.08954703082258171,0.5413313692863052,1
0.7506364075604497,0.3213319513408943,0.38682663105520493,0.6733680678687362,1
0.3590564581845978,0.45869177203111733,0.28022917698752886,0.8177564399829055,2
0.322862355681515,0.29871991079413424,0.48671247334525175,0.7815423224856105,2
0.6637171970663955,0.2579149625627229,0.5788786697395911,0.7699020704329087,1
0.7879699139677939,0.40185670933630685,0.33685140112434575,0.7956518181074225,1
0.3307660688401878,0.177079630454224,0.6094772438451763,0.6981796193749602,2
0.02087705254959648,0.8452966731151332,0.22504650311241306,0.4385644271074861,2
0.4061974918691272,0.4358477363637384,0.22323777112456114,0.7597906835065513,2
0.791705428033663,0.9115761823331974,0.06724966075774873,0.38507142402502337,1
0.35979202273038674,0.6590008494014901,0.1934503629353609,0.6669030797348536,2
0.5828339426980796,0.2559804226053052,0.5847847157903806,0.6591469125362576,1
0.837332064123921,0.3486624732924972,0.3645723393714865,0.7776622475608536,1
0.451089284555308,0.8733269222853765,0.06459172464298792,0.0950016821699082,1
0.5352241669010377,0.5419293761950555,0.2603355805888815,0.7368631622975713,1
0.31292502289624935,0.5764629724561923,0.2637292954530769,0.7689614192058339,2
0.8032292725843555,0.8966312063372087,0.05831951235272579,0.3969466342962619,1
0.4070844961743432,0.6395656452644931,0.16772136903095183,0.5958882311756094,2
0.3776979714283654,0.26039581361062986,0.5164236327998794,0.8834847286250762,2
0.2236260447540546,0.03344845779372635,0.7903073642492515,0.47607226965638266,2
0.7153076751112362,0.36345403316033487,0.383914532491869,0.7476799694481573,1
0.8205583079130879,0.38126152959621623,0.38660693131152135,0.845387671967775,1
0.28438223395279405,0.12396397340288196,0.6142029422534301,0.5642543440901279,2
0.8370003389366045,0.3796338218951008,0.3512826587976824,0.8024714258435853,1
0.3393692894590716,0.9629107155552729,0.36054881857539794,0.28230448184620416,1
0.7920659988894417,0.3922551048281178,0.36416309475089925,0.8760740882184457,1
0.5083490109541426,0.8284171571617268,0.24959226312275187,0.43033543377251604,1
0.6419098717088895,0.6353859912365715,0.22083873608029814,0.7534411740636678,1
0.6741737518839827,0.647696700056502,0.2525086695241993,0.8154050392354765,1
0.2748703747773475,0.24545083761464115,0.7292911452387619,0.6912418051047037,2
0.6289798008206593,0.6727821079376008,0.0321493958257049,0.5596715676914263,2
0.7832897042597841,0.8519534363341777,0.038904085984448715,0.4105858497685879,1
0.5639147898953623,0.7390616171556651,0.2791565252977793,0.7452103621666347,1
0.6563687630256221,0.4782033100465113,0.4522368449393672,0.7506187657419278,1
0.8089623491912397,0.8993403106489501,0.06164085553664895,0.38577157041926946,1
0.23233743662967207,0.026866531710365318,0.9582527408619985,0.5676641479582094,2
0.7589367486604793,0.35958121138871535,0.37852542701445274,0.7701372105076516,1
0.2042994468843072,0.6922958910670653,0.20655394490275059,0.3029997181228802,2
0.8399498085368757,0.36283288493416205,0.34655696038942857,0.8063513280049465,1
0.4111012555077198,0.43762886019300495,0.3487367264738191,0.8324540585758841,2
0.798426468785381,0.6154867968583371,0.2624744222112133,0.842447966392973,1
0.7576891734994844,0.36879366279135034,0.3989359639864734,0.8101139329132455,1
0.39224339975048494,0.5008127312935224,0.29750360781441837,0.9509715667821452,2
0.8372455271185341,0.6348434220028664,0.13701509897258063,0.8042345217636415,1
0.4681666414267067,0.6226075503186191,0.15668899562754432,0.5561435572892512,2
0.3980630133627559,0.9210206288564511,0.34759084153617503,0.40470280149485793,1
0.4722966200087979,0.6298892036206207,0.14864195403536737,0.5195813670131028,2
0.75001622568851,0.9029025583074833,0.0670299610140651,0.44091946497904105,1
0.32249457340862053,0.25923209615075193,0.6154177526008573,0.9714303899906342,2
0.3450014062263375,0.16639288747862463,0.6314773730803196,0.6991198159615192,2
0.4560081921698433,0.3015075940983435,0.3926982144011028,0.8703183392891242,2
0.5452963531863646,0.3932616643030604,0.3608072888620846,0.6877147039835602,1
0.7738932277581868,0.8853270569922207,0.05200852951946066,0.38024314174782,1
0.7902775674447786,0.8988763204077127,0.05141404786008143,0.3711957954845103,1
0.8065681587088679,0.37769928193768315,0.39262498115320826,0.9254571410385807,1
0.531231926385854,0.8920623992037329,0.17610011415770996,0.4018840302972439,1
0.6340061585502167,0.5087877506576314,0.4509789562108256,0.8947689062258471,1
0.4303557392063114,0.27920986952145394,0.4584013612768433,0.8504432745028505,2
0.8396613518522525,0.725901506845727,0.13623968811252074,0.7948289187739254,1
0.503362323230138,0.7472712509401415,0.2750597712537963,0.6744319266755776,1
0.36330398286567295,0.164847500626761,0.6297800848644107,0.7679032888694908,2
0.6626210616648277,0.7428558599348168,0.20282594180110713,0.5744837556943724,1
0.546730704050653,0.661092547343843,0.02022529993322851,0.3824799730852814,2
0.4958051186638686,0.7360419387308371,0.24918646477265385,0.7135819307673422,1
0.23738542861057624,0.011768139586225437,0.985603205031555,0.5247551760822717,2
0.31209570992795793,0.9439432435162977,0.31857755185560127,0.41693263136837705,1
0.6459843223791907,0.7429344389272846,0.2379283606522067,0.594360639042709,1
0.7415860790804001,0.5307004381714294,0.28809098154091367,0.8859488802204096,1
0.33072280033749435,0.5062328108453977,0.2882029853318112,0.7355692553897634,2
0.7588285774037457,0.8783597196600897,0.06599607986731859,0.4646698855215181,1
0.5753420014567062,0.8387147470317722,0.15727916944881212,0.6586740863998836,1
0.3539940433694625,0.5740607004007529,0.2240868029379456,0.6185747929112451,2
0.44907729918006184,0.30065819260833615,0.41691257242552826,0.8064686252580084,2
0.2951128226207732,0.20580586498632353,0.6698989811962867,0.8830119024887022,2
0.384786794452978,0.6199770249993451,0.12527624011889635,0.5636724042299753,2
0.2987762225154865,0.4927598813083028,0.33991427402158225,0.902534166234758,2
0.7208821005415774,0.5556320557386987,0.25553535658129967,0.8585558798657902,1
0.28335821272238204,0.2593892541356872,0.6903870592543132,0.6847795448139156,2
0.39807743619698704,0.26697399783720677,0.4753785512740431,0.7675504878292734,2
0.5451903453547656,0.525047989313257,0.1914941736489543,0.8646698855215181,2
0.2144819678515025,0.6087477127900407,0.26199452904559845,0.6768960782709111,2
0.596153430110551,0.8438261233989531,0.13236263381222135,0.7039408239904706,1
0.350727271416106,0.27409849315427304,0.48766881340599216,0.7583794793456813,2
0.7978423439990192,0.4333706271726156,0.3338962241798953,0.8810114842194277,1
0.44324326273355974,0.6277189266858001,0.07234583324358672,0.4639606463169571,2
0.487141322141214,0.6343008527691611,0.07363818467701984,0.48724733353337507,2
0.32505462648465044,0.4864106987169173,0.3724686066297629,0.7774270983933003,2
0.4929652626037543,0.8603950652392731,0.06813707540870614,0.1580239504623694,1
0.6391983788734324,0.2730919336793303,0.574557908113813,0.7392136537639689,1
0.547337184230073,0.9036022855261238,0.16122514915889463,0.3987106394973495,1
0.5556937743836041,0.5136658970914547,0.2196204794623818,0.7985915236822244,2
0.6197131298271423,0.6576088786777775,0.01601654209834796,0.43644580230411806,2
0.4724408483511095,0.6218329859642951,0.07075624098046396,0.49535812033425164,2
0.9047516027374539,0.9032917114130374,0.037611734551015574,0.4116406157651145,1
0.7955635361904968,0.414092581020554,0.3308721218256618,0.8557343808250815,1
0.47105481398149546,0.5065422624014488,0.22858995842936225,0.8466806695945515,2
0.8118973959572796,0.8693755215212893,0.015391905572188615,0.3011175063876992,1
0.48630335547238385,0.6080517274281845,0.10058371206410065,0.7171090318884857,2
0.4073729528589663,0.5739821214082852,0.5524500829258837,0.848561972048701,1
0.29855988000201916,0.22888189577432114,0.7374114200788334,0.7006483173754512,2
0.26413978610936834,0.0,1.0,0.5924784273075279,2
0.6887624487087958,0.7713500993462977,0.22644913520149912,0.818109241023123,1
0.602211020487636,0.6995738025122826,0.31392939453335345,0.7972976167744165,1
0.6471669947861455,0.7414638892111044,0.23892519439119478,0.5905962155723469,1
0.4336152997425524,0.2763436072247771,0.4657462252568549,0.849973176209571,2
0.6122493131125197,0.33278951681403346,0.5871109483705603,0.5855406130372713,1
0.6478088109094319,0.5327135571213147,0.42791048312404417,0.8761922947525391,1
0.24968089479263567,0.53255864425045,0.3287655889891658,0.7356865526428252,2
0.4567300550231126,0.30731495582738066,0.40211084067460745,0.8593796884803186,2
0.6986709358255991,0.33519178886947276,0.5014754345531695,0.7775446684306718,1
0.32092248447742466,0.47588186209761013,0.39550261701165274,0.8479745765023596,2
0.5522950334970325,0.661092547343843,0.024063583690524918,0.3776607836183929,2
0.806020091008084,0.7443301515077813,0.12306201132961425,0.7594378824663338,1
0.31741052434213846,0.3501330230086773,0.4854545846167101,0.7646107822544714,2
0.5587261752807045,0.3096386488903523,0.5868524780838736,0.5161715631450212,1
0.8545385053616885,0.5989141131612329,0.2163723695263532,0.9185193267683243,1
0.3604266274365575,0.5612860013395847,0.23571370107911346,0.6780690508015311,2
0.5043731475672284,0.4943860922667046,0.5603463501841601,0.8184620420633404,1
0.3409125327218051,0.6525760813030642,0.19769530661037757,0.6638478954690525,2
0.4962190540063028,0.2735559239205679,0.5877355848967196,0.6389154095856405,1
0.5679005401351419,0.7975206456948066,0.2557197320524695,0.6931231075588532,1
0.4096733949188355,0.9155238412405005,0.30104465074202513,0.5133436991370923,1
0.7662202799472124,0.3732876327891426,0.375867490899692,0.7659046891622794,1
0.7309131817493456,0.40619352134916387,0.3234884873026472,0.7975331205615719,1
0.43488450915489407,0.508245929795283,0.1886889094707821,0.7775446684306718,2
0.4876324196467848,0.6303531938618582,0.08186615546987745,0.5121707266064722,2
0.5773828325004146,0.7338754036528007,0.3278092489284253,0.7833060549023886,1
0.6789549214316105,0.9072393703203404,0.09810670515002047,0.4861834747265337,1
0.1914270673330016,0.22624762859826303,0.7431709996338337,0.6450348709275575,2
0.6334941479350107,0.6531934876724528,0.054847394834902106,0.6208116242487065,2
0.2550029206239318,0.04514176024426836,0.8808107351325737,0.7088791292724842,2
0.5715105755432,0.5400692991876429,0.48660046955435415,0.7379206561371923,1
0.2640893061895593,0.488888556279397,0.33681263058134275,0.8425652636460351,2
0.7223171725475773,0.850640044602933,0.1026859370624852,0.6828973330787346,1
0.6805630674483844,0.8711566453505558,0.09080061171301183,0.5037053202033153,1
0.6495179167658237,0.7749909259972984,0.252582333555905,0.8376269583640215,1
0.8829154317114857,0.5276033033111691,0.23545566157623796,0.8845394946216026,1
0.3168840908927013,0.894696666379791,0.17037930514571265,0.2798312374405557,1
0.863660948012894,0.6055746182370616,0.22013742003575507,0.9249843149022068,1
0.5307696745487456,0.4782033100465113,0.27487453421500424,0.8578511870663866,2
0.34022744809582534,0.9463417737149529,0.30625282701876066,0.28853305691189973,1
0.6264630162473227,0.8095245222584351,0.18998083012040407,0.45384944124680604,1
0.6671426201962948,0.7943475511418276,0.17049130893661016,0.4770179219291307,1
0.2979973894670041,0.13851979629331668,0.5902470545156913,0.5958882311756094,2
0.3980197448600624,0.2729385175511792,0.4757102548086243,0.8566745774116407,2
0.42271163706379944,0.9460311996018664,0.23442178042949147,0.15719650472371494,1
0.46023408259957166,0.3946573768835572,0.39166433325435634,0.8848941142238832,2
0.779929183883925,0.7850565207467249,0.15528464040321366,0.6911245078516417,1
0.45423706812625747,0.503058219549705,0.20928554504921704,0.7984733171481309,2
0.07083775032631659,0.8631827485434823,0.20891636332306632,0.19811415114069303,2
0.5599391356395446,0.5133561461868609,0.47198397484222543,0.6544368367931476,1
0.19293425351015728,0.7424704486860471,0.25236091067697675,0.28018585704283616,2
0.7099928606970556,0.8553622678645597,0.08268033687294032,0.6843067186775416,1
0.8999920674411729,0.8696075166419082,0.014836194455812362,0.4208152613728325,1
0.38653916881206324,0.2604706507463133,0.5352876558898917,0.8984151231621157,2
0.44384974291297985,0.6204410152405827,0.09231266289012859,0.6678396391972866,2
0.5665044097815661,0.8579965350406178,0.1351325737178797,0.3970648408303554,1
0.48351181590694386,0.491056588100147,0.5579511921941973,0.843036271220346,1
0.6587701649251094,0.8261720430912228,0.22870071294720745,0.47971848659265115,1
0.7101154547880204,0.5369721643273826,0.2855450492170505,0.8875946788874037,1
0.7416437704173248,0.7483563894075519,0.2329825317164581,0.6457350173218036,1
0.8000418262192703,0.5091750328347933,0.2472668921101945,0.8238704456386335,1
0.30758136281360654,0.3022073213169839,0.4826501820061602,0.8115251370741153,2
0.2852476040066633,0.2670525768296744,0.6817843065457599,0.6961801103867172,2
0.2930359344914869,0.6030975090459388,0.2504047213905702,0.7407430644589322,2
0.34570812510366405,0.6310491792237144,0.12446205871583346,0.5343935550160488,2
0.7878689541281758,0.7549345736341287,0.12295000753871671,0.6878320012366221,1
0.41720211438749827,0.4602409007397651,0.3514291252934715,0.8178737372359675,2
0.25828411541151947,0.6160293660920423,0.2346802507161781,0.6843067186775416,2
0.7638333008819562,0.8377867665492972,0.08644538738234218,0.6680760522654736,1
0.41742566831808114,0.9224949204294155,0.3109009843410085,0.38412577175227547,1
0.46144704295841177,0.6079731484357168,0.10084218235078728,0.6838338925411677,2
0.40124324831072555,0.5207119256717568,0.17765093587782974,0.7330996481082408,2
0.2990141992803006,0.06557978199942373,0.7409912335494433,0.5267465015412313,2
0.3678688098998334,0.1903968987490973,0.6220992095117065,0.8627885830673686,2
0.5845430485544715,0.6536574779136903,0.048536412001637,0.6010620402447784,2
0.4510885634135964,0.8733269222853765,0.06459172464298792,0.0950016821699082,1
0.20178266231097072,0.026555957597278915,0.9648566566868417,0.5225183447448102,2
0.6803683591862637,0.8819968044543064,0.09692635750748489,0.5206361330096293,1
0.5052299360347302,0.5724329926996374,0.16702349925689794,0.7080562299389872,2
0.3651212599787984,0.6362353927265788,0.16923772804618004,0.5425043418169253,2
0.8904946310999575,0.7125056595583861,0.10320287763585845,0.7293379524809732,1
0.76800149997476,0.7719712475724704,0.17765093587782974,0.802941524136865,1
0.5416574721098443,0.49167586539792774,0.5458418592629289,0.8104667339534629,1
0.718141762037658,0.9206352176076813,0.08367544747668383,0.4024659701573965,1
0.6803106678493391,0.6858673811118553,0.01280720270532233,0.5136983187393728,2
0.9221743864886889,0.8963206322241222,0.021556421909664635,0.3829527992216554,1
0.755273348765766,0.7497483601312643,0.14365778534042692,0.7443874628331378,1
0.4801520166727964,0.4761886943539123,0.574557908113813,0.8223419442247015,1
0.13868276254966863,0.764150766893548,0.22556327137226184,0.1843658219445884,2
0.3404510020264082,0.6338368625279236,0.18462963361836862,0.5303927184774998,2
0.6704238149838825,0.8184301414047679,0.21700002153919054,0.47995489966083815,1
0.9214316105257845,0.7129696497996235,0.1303681047666229,0.7841290451639888,1
0.48027749533060743,0.8293451376442019,0.32086932173088933,0.43715504150867907,1
0.7186465612357484,0.7416173053392554,0.22290563680616884,0.7239286396246488,1
0.42492554211828165,0.5638416895231753,0.5594632433713141,0.83421715449594,1
0.6917479753946448,0.33008041250229186,0.5022508454132293,0.7394491575511243,1
0.9122803222061167,0.9008146022219146,0.020927477545393855,0.3814252070887549,1
0.6384628143276436,0.8000014967427137,0.18555151097421763,0.5529701664893568,1
0.37506580418117963,0.9206352176076813,0.34700066771490723,0.49629467979668473,1
0.486554312788006,0.8539665552840631,0.20500355396644196,0.588241177700792,1
0.7888064383532009,0.3361197693519478,0.37398496564499106,0.7283968466133828,1
0.6644743958635312,0.48772708393358954,0.46323475563788313,0.7114660338070687,1
0.8074118945113905,0.7876122089303155,0.12102871174101279,0.6672576993371341,1
0.7458408151785907,0.7803342974850981,0.1706033127275077,0.7975331205615719,1
0.740785611780571,0.8086713789116435,0.07544316884571478,0.6667848732007602,1
0.4486633638376277,0.5397594734459134,0.20666465634221468,0.7293379524809732,2
0.5315751898405556,0.3486624732924972,0.42466237318801564,0.6873619029433427,1
0.40710613042568994,0.15353960942498884,0.6354621233334051,0.7455631632068523,2
0.5720110478910211,0.6000778306211109,0.09397548840114589,0.7664920847086207,2
0.37239036843130047,0.2689122796514086,0.436586469080492,0.775310655864408,2
0.35883290425401493,0.5217184851466995,0.18440562603657357,0.7018240177491657,2
0.8472910311605334,0.8257828899856687,0.11741443556551145,0.6417432735935695,1
0.2927835348924417,0.6724752756812985,0.20230900122773385,0.4168144248342835,2
0.27670207472470415,0.5100266794388711,0.26974605294333037,0.7814247524482391,2
0.3014516582653657,0.6844754103881429,0.20267818295388462,0.3896542004237249,2
0.6702146838875307,0.3229559171852257,0.41259181079975016,0.6637296889349591,1
0.66958007918136,0.36035577574303923,0.4531587222952162,0.7407430644589322,1
0.08367407279204434,0.8019360367001314,0.2516595946324337,0.5121707266064722,2
0.3812099315636515,0.9623681463215678,0.36102698860576826,0.33192394773452627,1
0.45245584809870987,0.6448304377598253,0.07950546018480627,0.46560644498395115,2
0.6829788921821027,0.8664344220889291,0.08781097206366986,0.6450348709275575,1
0.5161946794164521,0.6359285604702767,0.07994916751028497,0.5185175082062613,2
0.443358645407409,0.635075417123485,0.14923212785663514,0.5094701619429517,2
0.06070570927893035,0.8401852967479523,0.22811012557348095,0.4405648453767606,2
0.798664445550195,0.5240414298383144,0.26609171387339264,0.8847759076897896,1
0.6748804707613093,0.41703368045291433,0.3635384582247399,0.7694317902834228,1
0.5503695851271733,0.7932624126744173,0.28093135459969415,0.5081698900679232,1
0.5157908400579798,0.5892376715173604,0.08268033687294032,0.7179328405030142,2
0.7860805226835125,0.5447151885708726,0.27524500829258836,0.9319221291724632,1
0.6322826298595937,0.34811990405879206,0.5819027720938247,0.612937250516017,1
0.3287036035451326,0.9704206221211089,0.3492148965041894,0.4370368349745856,1
0.4072647816022326,0.6019337915860609,0.2085471815969156,0.6417432735935695,2
0.7866285903842964,0.41664826920414444,0.3106080513494303,0.78695090791711,1
0.7771960567971212,0.8742549027678516,0.05957309324315593,0.4727806723223946,1
0.8629902862211453,0.5411533150980179,0.26103517349817995,0.8872491520954381,1
0.45482407747946546,0.5803320523710276,0.16336614470028216,0.6719586822699292,2
0.05089097058462954,0.8627935954379282,0.22833157429943782,0.16037898833392436,2
0.8633147999913463,0.5257447230464701,0.2366734874103431,0.8078798294188785,1
0.34730184828620664,0.9845910337627738,0.35453076873371103,0.45667730525473504,1
0.7114279327030555,0.9214097819620053,0.09216619639433953,0.4155232457695699,1
0.4783715177869603,0.6312811743443332,0.10017446744351348,0.5327477563490548,2
0.21985447360260765,0.7336434085321819,0.251290412906283,0.3282777307982578,2
0.4036013817075193,0.19961309200851649,0.6088870700239085,0.865375487601953,2
0.7814003129755028,0.8141681665275943,0.11796583884377627,0.607054202242287,1
0.28123084467328674,0.02756251707222155,0.9030693346544036,0.7171090318884857,2
0.2658705262171069,0.5286873192215441,0.34175802873328026,0.7428589614192057,2
0.21783527681024598,0.036389557226086736,0.900596635578435,0.6903016085181446,2
0.4367739004391753,0.2661245963471994,0.47862666121007175,0.8269274484664976,2
0.3429822094339759,0.31149835171208656,0.4777392465591143,0.8574983860261691,2
0.46438353200787486,0.5798680621297901,0.13509380317487668,0.7072324213244587,2
0.3548810476746785,0.5132787271699963,0.3116763952010683,0.9002973348972967,2
0.9323136389531907,0.7351925372408297,0.10637775432399252,0.7499140729425243,1
0.46486453352948387,0.6082088854131198,0.10419798823960195,0.6955927148403757,2
0.7846382392603971,0.746807260698904,0.13966872724923,0.7742524345999618,1
0.3844911263512393,0.33658375959318537,0.49527214767269045,0.8134064395282649,2
0.12991367933712653,0.7632976235467563,0.21914058629676697,0.15344117406366786,2
0.38104406896999327,0.6178853270569922,0.1186292459129386,0.5741382289024068,2
0.6825389957380525,0.3441722451514891,0.4839037628965904,0.796827518481137,1
0.7601266324845496,0.6337582835354559,0.2374855148943503,0.7622593815070423,1
0.4899905530435786,0.5878419589368636,0.1213259525707024,0.7040581212435327,2
0.720564798188492,0.5995352613874056,0.2856915157128395,0.7738997244878474,1
0.7435908530385306,0.6432813090511773,0.2366364400025847,0.7711954317720977,1
0.5162624667373386,0.6551280276298704,0.03653908286126609,0.3795429953535739,2
0.2487073534820327,0.523963973402882,0.25841428479117756,0.7469743673677224,2
0.47912222630869195,0.7390616171556651,0.287647274215435,0.6716040626676487,1
0.5962616013672847,0.548896339341508,0.4757102548086243,0.7667275884957764,1
0.3817868449328978,0.29748135619857285,0.48058241971266724,0.8874764723533102,2
0.49576689815315605,0.8007760610970377,0.2796734658711526,0.447739072715204,1
0.7817392495799349,0.9053834093553904,0.04850194929674545,0.32510433999836325,1
0.39280589028549995,0.2694548488851138,0.43315312210567125,0.6914773088918591,2
0.6809669068068567,0.8655812787421373,0.08312404419841904,0.4724260527201142,1
0.37349371524998376,0.4836233895983865,0.33703663816313784,0.7861279176555097,2
0.2215563680418839,0.6531149086799852,0.20186615546987743,0.4123498549696754,2
0.6115209599838464,0.5403791249293725,0.1404096754043983,0.8706638660810896,2
0.3978466708492886,0.28137640459949037,0.4582893574859457,0.8317484564954489,2
0.5569355804109065,0.6024015236840825,0.4391668641092468,0.827280249506715,1
0.44759463182109915,0.5454893787395182,0.15702069916212552,0.7597906835065513,2
0.7883953875776128,0.43484117688879576,0.3410213884162233,0.8777198868854396,1
0.7290237904650643,0.35029018099361264,0.3924397441144162,0.7029997181228802,1
0.5902761251613555,0.37537558887471145,0.46799491675102856,0.7194613419169462,1
0.49933799190879,0.4562894999756779,0.5736360307579641,0.7747228056775507,1
0.37885179816685777,0.27781415694095724,0.4696189717190428,0.8159924347818179,2
0.40415666082541885,0.4617862875916287,0.31880155943739635,0.8155223364885384,2
0.39352703199705774,0.43468776076064464,0.30130312102871176,0.8592614819462251,2
0.5272173304776121,0.701976074567722,0.005828504964783422,0.1961228256817334,2
0.39118332143449513,0.5562532039648715,0.2124229435457816,0.7227529392509343,2
0.3156581499830532,0.03592556698484918,0.7734723329097294,0.603762604908299,2
0.4991843887242282,0.772588653941859,0.2673465871152562,0.7164043390890823,1
0.3168840908927013,0.894696666379791,0.17037930514571265,0.2798312374405557,1
0.6192948676344389,0.8352310783657068,0.24575354858164433,0.5791938314374824,1
0.8366541909150568,0.4247755821393692,0.3414995584465936,0.9242841685079607,1
0.5253308237601771,0.5368172514565178,0.14413595537079718,0.817286341689626,2
0.6210616648277553,0.8114590622158528,0.2402171150408168,0.577657146494267,1
0.7594631821099165,0.7656998956021958,0.17584164387102333,0.7420360620857087,1
0.6044898282961585,0.6699944246333916,0.025170698085165952,0.5409767496840248,2
0.3079130880009231,0.6380165165558453,0.18743403622891852,0.49123907726160926,2
0.49050112137536145,0.44862617728169074,0.3196889740883538,0.8901861298271456,2
0.8136425588992492,0.42237705194071407,0.29698666724104505,0.8423306691399111,1
0.7898160367493816,0.7423132907011117,0.12202813018286775,0.7152277294343362,1
0.8210631071111785,0.6399547983700472,0.2637292954530769,0.836333960737245,1
0.47232546567726025,0.5488188829060756,0.1575721024403903,0.7255753475726742,2
0.0,0.8596205008849491,0.23888814698343638,0.35143711867026733,2
0.8272649258305749,0.4274098493154273,0.3011566545329227,0.85996708402666,1
0.7890732607864772,0.5802534733785599,0.2966894264113555,0.8652581903488912,1
0.5043731475672284,0.4553615194932029,0.5928317573825577,0.8459750675141166,1
0.753686837000339,0.7176132940687827,0.11903849053352575,0.6954745083062822,1
0.4256899523325329,0.5831983146677044,0.5255777887866974,0.841036762232103,1
0.38966892384022384,0.6410361949806733,0.1531824154048291,0.45314929485256,2
0.5911847637179182,0.7548597364984453,0.29451396816507636,0.8405666639388235,1
0.44890350402757645,0.6418893383274649,0.0696878971288259,0.4630240868545241,2
0.7662130685300969,0.569338477139126,0.27173842806987314,0.9046436982278112,1
0.3817075193446264,0.27843530516713005,0.49043875331165054,0.7902434145321293,2
0.8630984574778789,0.7210221255991649,0.12099424903612124,0.7312183456540913,1
0.5914011062313855,0.8496334851279902,0.13808344282421867,0.6747774534675431,1
0.5061348246543929,0.7838179661511635,0.26151463587998364,0.7084081216981732,1
0.6041004117719172,0.7443301515077813,0.24774678527580934,0.822577448011857,1
0.20921763335713098,0.6449090167522928,0.2071075021000711,0.42375223910453996,2
0.799212513250979,0.5346492196357677,0.27199689835655977,0.8778380934195331,1
0.5636840245476639,0.8542022922614659,0.12394511814246022,0.6510270329250661,1
0.551139764475117,0.5527676643704139,0.13240140435522435,0.7861279176555097,2
0.25413755057006254,0.6229967034241731,0.2343851638055442,0.6673759058712276,2
0.363130908854899,0.2639543194123788,0.6161199302130226,0.7863630577302526,2
0.8177025867353193,0.8003869079914836,0.12487130333642063,0.6898315102248651,1
0.7801887949000859,0.8813008190924502,0.05938785620436384,0.45608627258426754,1
0.5184958426180328,0.8126976168114141,0.27399142740215826,0.47348991152695563,1
0.48831534084763,0.6376311053070755,0.07452129148986582,0.49641288633077824,2
0.5310776020595808,0.48176480933368754,0.5761475003769359,0.8402138628986061,1
0.7135120322494574,0.8585353624175388,0.07064854502767787,0.6677305254735081,1
0.7865132077104472,0.6540466310192443,0.25804510306502687,0.8092910335797485,1
0.8746078791943405,0.638095095548313,0.17300277855558188,0.8790110659501532,1
0.46896566644311277,0.32202793670275065,0.37590195360458356,0.7820126935631996,2
0.17059328328609855,0.30344587591254535,0.7002433928532965,0.7468570701146603,2
0.4164881840930561,0.6208264264893526,0.12320847782540333,0.6057630231775734,2
0.5918049455898579,0.6579157109340797,0.014874964998815342,0.4052938341653254,2
0.4423670755540171,0.21966570251490194,0.5198182092316971,0.808349927712158,2
0.046455949058549474,0.7566408603277118,0.2743963641846339,0.17554579593915084,2
0.9205229719692216,0.7335648295397141,0.12391065543756867,0.7549696754775999,1
0.6328162747261464,0.663337661414347,0.023473409869257122,0.5497967756894624,2
0.6473040117113413,0.5153693293919108,0.4351821138561613,0.7463860625403493,1
0.7072957906958297,0.5401467556230753,0.40646606500527716,0.7514425743564563,1
0.3390159300204083,0.9785516769131178,0.25804510306502687,0.08770924829737126,1
0.35666947911934177,0.24947707551441176,0.5128438193292697,0.7466215663275048,2
0.4419819858800453,0.44010971124091197,0.2192883451439895,0.7833060549023886,2
0.5318672522337364,0.6392550711514068,0.03351498050703257,0.41246806150376897,2
0.46218837663789314,0.32349848641893075,0.4242574364055399,0.9118179255662546,2
0.4993863084034644,0.5379787238023251,0.21109397548840117,0.7719009429244296,2
0.703704504972272,0.3581892406650028,0.40827535701208345,0.7927121125326204,1
0.38092147487902844,0.9614401658390926,0.3429771469188188,0.4750175036598561,1
0.5359683851473652,0.5100266794388711,0.22633838068365392,0.809172827045655,2
0.8765477503984308,0.4967086627726411,0.25479699312899823,0.8790110659501532,1
0.7804123488306687,0.3914805404737939,0.3418355698192862,0.7833060549023886,1
0.8445290584052672,0.5643805169000962,0.23010334503629357,0.9508533602480519,1
1.0,0.7106459567366518,0.11818984642557134,0.8269274484664976,1
0.2505246305951582,0.2080509790568276,0.6620759471859048,0.8652581903488912,2
0.32953291651342403,0.5003479926809281,0.2917095655545265,0.8790110659501532,2
0.24658719685005298,0.6648867901229948,0.21227518469855902,0.4222246469716395,2
0.5612480078460218,0.5801000572504088,0.09002520085295196,0.7640233867081299,2
0.8161665548897014,0.4161056999704394,0.3197966700411399,0.863141384107586,1
0.5011867108005394,0.5300807866879703,0.21356710534818105,0.7647289887885648,2
0.6844139641881026,0.27897787440083516,0.5707583948995196,0.79600461914764,1
0.4783037304660739,0.5095619408262768,0.23032481099360289,0.7691965592805768,2
0.1987610785395438,0.8343030978832318,0.3629482844034721,0.6939460068923502,1
0.36801303824214493,0.5741392793932205,0.22969733129428999,0.6752502796039171,2
0.8882807260454751,0.5205570128008921,0.2329454843086997,0.8812478972876145,1
0.34469131529036773,0.9687966562767777,0.24014302022529993,0.07184229429789864,1
0.5695461855209167,0.5156790459761943,0.5122148749649988,0.7289851514407558,1
0.42625244286754793,0.5866034043413023,0.5522648458870916,0.8702001327550306,1
0.4575391760234804,0.4492435836510793,0.21286578930363798,0.7660219864153412,2
0.6482847644390599,0.33674091757812064,0.5950459861718396,0.607527028378661,1
0.48114358652618827,0.3075469509479994,0.4334115923923579,0.9179373869081717,2
0.5634525380582538,0.8553622678645597,0.17481207056238826,0.6409158278549151,1
0.5773633616742027,0.725512353740173,0.32308355052017146,0.7659046891622794,1
0.7000050479919809,0.9177689553110043,0.08127598164860966,0.39823781336097547,1
0.7820349176816737,0.3705747866206169,0.40192560363581536,0.8639651927221145,1
0.34933546791279946,0.4358477363637384,0.3016003618584014,0.8183447448102785,2
0.7242426209174365,0.7328688441778579,0.13162599349516446,0.7167562308482682,1
0.44485068760862195,0.5141304486112098,0.21902987485730288,0.8279858515871501,2
0.6056652892859976,0.6738672464050112,0.3196502035453508,0.8064686252580084,1
0.6029033165307315,0.5865285672056187,0.0850798027010145,0.783188393936914,2
0.2999372606710945,0.6611673844795264,0.2195834320546234,0.6711403293415895,2
0.7146009562339095,0.88958529001261,0.0896547267753678,0.4945306745955972,1
0.5736862600869697,0.6402616306263493,0.05300364012320419,0.6250488738554425,2
0.5100144228342312,0.4760352782257612,0.2881297520839167,0.847621775462142,2
0.6209895506565996,0.75284661754856,0.21984190234131,0.5581439755585258,1
0.35470797366390466,0.5595797146460016,0.20378572813233678,0.7034698164161597,2
0.5767951020054951,0.6078983113000332,0.4197514377409697,0.796944815734199,1
0.5181684442809856,0.4746395656452645,0.27096301720981325,0.8216363421442664,2
0.1736725583944501,0.03824926004782092,0.9478406961466389,0.4847740891277267,2
0.7053631309088549,0.7923344321919423,0.2308046610808366,0.5472053247497204,1
0.3362251115966799,0.46147945533532647,0.2762788894393349,0.7918892131991234,2
0.4053104875639112,0.9514531500821337,0.2252310508971073,0.13145475872227824,1
0.3764503962673705,0.25784012542703943,0.4632735261808862,0.7824829737126854,2
0.7341078395315463,0.3615943303386006,0.4245891399401211,0.8672567900561026,1
0.7722562360729507,0.6763443555961339,0.25180735347965627,0.8079971266719406,1
0.6474338172194218,0.8209072505958906,0.22670751933142355,0.5719013975649454,1
0.554143319703755,0.6324411499474268,0.4126650440476447,0.8360984569500896,1
0.3710418334306874,0.26132379409310486,0.4550024770069141,0.7476799694481573,2
0.38477958303586235,0.6391802340157233,0.12937299416287937,0.5774298262363948,2
0.7964793861641751,0.38087611834744634,0.38095935554741855,0.8016485265100886,1
0.661575406183069,0.43902457277350165,0.33788528227109227,0.7716657119215835,1
0.753311843310329,0.8418878415847513,0.09884765330518881,0.7252225465324568,1
0.4037960899696399,0.6385590857895506,0.14284360393736403,0.46455167898742467,2
0.5839300780996473,0.559736872630937,0.11394231804768779,0.7873037089573274,2
0.8558942517794172,0.5454119223040858,0.29824024813147526,0.8852487338261636,1
0.5315751898405556,0.3486624732924972,0.42466237318801564,0.6873619029433427,1
0.1438245029530753,0.29825592055289674,0.712089947659767,0.7418005582985533,2
0.6597004377330189,0.7999229177502459,0.2071445495078295,0.609409240113842,1
0.5502642984372859,0.9184686825296449,0.16790660606974392,0.3837711521499949,1
0.17776864331609804,0.6445198636467387,0.25645809550477094,0.6911245078516417,2
0.044523289271574756,0.8720097886973475,0.22870071294720745,0.15425952699200737,2
0.7499729571858166,0.3542378399009156,0.4872251060805135,0.793887812906335,1
0.203160042980046,0.7499803552518831,0.23453249186895558,0.2730116297043927,2
0.6826038984920927,0.8720883676898151,0.09508260279578695,0.5249824963401438,1
0.7626866855605796,0.8656598577346051,0.07127318155383722,0.6639661020031461,1
0.39553901737230385,0.14564429161038286,0.5770306071897818,0.6790147030742791,2
0.5452985166114993,0.3932616643030604,0.3608072888620846,0.6877165225456232,1
0.7913160115094217,0.5847474433763522,0.22670751933142355,0.8892404775543977,1
0.5214417065097462,0.5416180537106123,0.20566825338703773,0.7777798266910353,2
0.7005170586071868,0.6300426197487717,0.243723695263532,0.8305727561217345,1
0.4635268156545443,0.5119624167904597,0.21400995110603746,0.8229302490520746,2
0.2041624299591112,0.04862542891033389,0.8726172270446076,0.6510270329250661,2
0.8149406139800532,0.9380573027947928,0.051340814612186904,0.382125353483001,1
0.24965926054128895,0.03151391783630874,0.795399228896978,0.5437955208816388,2
0.9811421442427651,0.8827713688086303,0.03768496779891014,0.48395573619938714,1
0.6531668938263058,0.5317069976463721,0.4252913175522864,0.7486201660347164,1
0.516579769090424,0.5237316040965848,0.2073289249789993,0.8654936941360466,2
0.5813483907722706,0.5566386152136413,0.1286363538458225,0.8312783582021694,2
0.6667315694207069,0.7396827653818379,0.2505520494539816,0.8545586804513671,1
0.8699493037376775,0.8175769980579763,0.09626295043832254,0.6212844503850804,1
0.5352241669010377,0.5419293761950555,0.2603355805888815,0.7368631622975713,1
0.8116810534438123,0.41037317537708556,0.31437310185883216,0.838568064231612,1
0.8140175525892593,0.5602008628721744,0.25642104809701255,0.8633768878947417,1
0.7265502743944212,0.6012378062242045,0.31876278889439336,0.809172827045655,1
0.6225111596679863,0.6012378062242045,0.3673035087341418,0.7940060194404284,1
0.5247531892492194,0.3464173592219931,0.31902125918108,0.9086445347663603,2
0.12604114834606148,0.32280250105707453,0.672854158140737,0.6756048992061976,2
0.28314187020891474,0.19248859669145024,0.6774678527580934,0.8656109913891086,2
0.8049095327722852,0.9241974652662145,0.06001680056863464,0.397173954554134,1
0.7377856622604907,0.38761146055895856,0.34722467529670237,0.7588495776389608,1
0.35157821863574407,0.5749886808832279,0.2296604131216749,0.6246942542531619,2
0.5688048518414354,0.6456835811066168,0.07131195209684021,0.65032688653082,2
0.8049239556065162,0.41076232848263966,0.3169190341826954,0.838568064231612,1
0.35713822123185424,0.9204818014795302,0.32939453335343655,0.46631568418851205,1
0.3307155889203787,0.34486823051334536,0.5057186550929416,0.7721360829991726,2
0.6391190532851612,0.7681770047933185,0.22814703943825793,0.8131709357411094,1
0.22982065205633556,0.6471541308227968,0.211168070303918,0.4262163906998736,2
0.7010939719764331,0.6326731450680457,0.2423947272061516,0.830454549587641,1
0.7221513099539191,0.7711966832181465,0.21607685183190817,0.8420951653527556,1
0.71036064296995,0.9383678769078793,0.08386068451547592,0.3754239522809314,1
0.3516936013095933,0.6284149120476563,0.12375988110366815,0.5568527964938123,2
0.36372945647549193,0.26813771529708474,0.435587050638637,0.7390963565109068,2
0.6032710988036258,0.6387162437744858,0.23789174402825944,0.7663747874555589,1
0.5813267565209239,0.6025549398122336,0.4402395157989963,0.8526773779972175,1
0.4778032581182528,0.5275258468757367,0.21323497102978872,0.7445047600861998,2
0.5625669760364609,0.5262869180944969,0.15661145454153835,0.8535002773307147,2
0.1013276218909778,0.8194367008797105,0.23335171344260885,0.3213399165280013,2
0.777830661503292,0.5451020965623562,0.26900768949102893,0.8688998608800022,1
0.22511880809697912,0.6677493105628874,0.21751653132875265,0.5849495803668039,2
0.6521140269274315,0.5851328546251221,0.3418355698192862,0.8203433445174899,1
0.800272591566969,0.5303906124296999,0.2904516768259849,0.8366867617774625,1
0.6746785510820731,0.9144424446298743,0.07570163913240142,0.3437991580057648,1
0.6532534308316927,0.5059229851036682,0.4504620156374524,0.8751375287560126,1
0.664697949794114,0.48509431350024507,0.4475111465311134,0.7154632332214917,1
0.6107853954380575,0.8291131425235831,0.13727356925926726,0.598352382770943,1
0.15547815301184834,0.7793277380101555,0.22028474809916646,0.14450294152413687,2
0.5004550404199929,0.5834303097883231,0.13221616731643226,0.7256926448257363,2
0.48273226171675,0.5008901877289549,0.2071075021000711,0.83421715449594,2
0.7916910051994317,0.895624646862266,0.06300644021797662,0.41199523536739496,1
0.31410769530320404,0.5117301597398661,0.25428005255562497,0.7828356838247997,2
0.6907672226669263,0.6126205345616602,0.3179141447864389,0.7955345208543605,1
0.6205568656296649,0.548896339341508,0.14284360393736403,0.8368040590305245,2
0.15769205806633058,0.2944616777737449,0.7007947961315614,0.7025296198296007,2
0.549272728583894,0.8936901069048484,0.15484093307773494,0.3778971966865799,1
0.7167427471172361,0.541850048831231,0.32636612316109165,0.9469707302435965,1
0.7957293987841552,0.34819848305125967,0.3884162233183277,0.7673149840421178,1
0.7784219977067693,0.3770032965758268,0.39978460809442784,0.8959418787564671,1
0.5440545471590622,0.5398369298813458,0.17691429556077282,0.8136410340343889,2
0.41449783296915677,0.6154082178658694,0.1914941736489543,0.5924784273075279,2
0.37552012345946106,0.928223703165985,0.36497727615396214,0.33274230066286586,1
0.6056364436175352,0.6356179863571901,0.41495681392293277,0.8487974758358565,1
