0.2634835471518508,0.2079761419211441,0.6727809248928425,0.8665511879756677,2
0.6467631554276732,0.8055768633511322,0.22046955435414736,0.4974767451376197,1
0.2500919455682236,0.6629485083087929,0.22430826889525493,0.5844767542304299,2
0.31209570992795793,0.9439432435162977,0.31857755185560127,0.41693263136837705,1
0.5310776020595808,0.48176480933368754,0.5761475003769359,0.8402138628986061,1
0.5355832954733935,0.7622910640718138,0.21334568246925284,0.7259281486128918,1
0.6701209354650283,0.6491672497726823,0.24291166777952486,0.8030588213899269,1
0.7094736386647341,0.5947344591333111,0.30691623408792296,0.8121125326204569,1
0.25175778292192197,0.5862965720850001,0.23575074848687186,0.5553252043609118,2
0.48114358652618827,0.3075469509479994,0.4334115923923579,0.9179373869081717,2
0.5704418435266714,0.8986443252870939,0.1634781484911797,0.4128135882957345,1
0.6289798008206593,0.6727821079376008,0.0321493958257049,0.5596715676914263,2
0.6707843858396614,0.5141304486112098,0.431714304176449,0.7520299699027978,1
0.5503695851271733,0.7932624126744173,0.28093135459969415,0.5081698900679232,1
0.40710613042568994,0.15353960942498884,0.6354621233334051,0.7455631632068523,2
0.7854459179773418,0.8818433883261553,0.04890688607922114,0.37189594187875646,1
0.5081275916030259,0.5389078268418355,0.20009434165464063,0.846210571301272,2
0.4711896674815568,0.6226861293110867,0.1497102978870054,0.5716649844967583,2
0.5809229171624516,0.8317474096996412,0.15568957718568938,0.588004764632605,1
0.5167239974327356,0.8515680250854079,0.18743403622891852,0.5560253507551579,1
0.5387217042020928,0.47982914681923466,0.18148921963512613,0.8064686252580084,2
0.8136425588992492,0.42237705194071407,0.29698666724104505,0.8423306691399111,1
0.02187943952866177,0.7768468869622485,0.25693798867038575,0.08724551497131212,2
0.2951128226207732,0.20580586498632353,0.6698989811962867,0.8830119024887022,2
0.4801520166727964,0.4761886943539123,0.574557908113813,0.8223419442247015,1
0.8566370277423216,0.8900492802538476,0.04145001830831198,0.3837711521499949,1
0.18335028016355492,0.6436704621567314,0.2519546815430676,0.6711403293415895,2
0.7938616417512205,0.8958566419828847,0.05053094104723545,0.35849313947461736,1
0.30872076671786775,0.12210427058114776,0.6164516337476037,0.599534448111878,2
0.48273226171675,0.5008901877289549,0.2071075021000711,0.83421715449594,2
0.6225255825022176,0.5981432906636931,0.0933853145798781,0.7666102912427143,2
0.5265437841190173,0.7028254760577294,0.01062743662093181,0.19658655900779254,2
0.6424290937412112,0.8063476858486718,0.217442867297047,0.5078152704656428,1
0.5459511498604591,0.5514512791537416,0.401076959527861,0.6819516808059867,1
0.5586684839437798,0.5217959415821319,0.15078294957675492,0.8101139329132455,2
0.5920357109375564,0.8579965350406178,0.13782497253753206,0.7039408239904706,1
0.3014516582653657,0.6844754103881429,0.20267818295388462,0.3896542004237249,2
0.3101053588040586,0.9420835406945635,0.3371098714110324,0.26995644543859165,1
0.3951856579336405,0.4325960628182917,0.411191763413531,0.8027060203497094,2
0.6327153148865283,0.5023611116308134,0.40823658646908056,0.6871273084372186,1
0.4023465951294089,0.4566000740887643,0.3326426432894652,0.822577448011857,2
0.47757249277055436,0.6242352580197347,0.15078294957675492,0.5766023804977404,2
0.26655561084308677,0.49647666765202225,0.3411333922071209,0.8261045491330006,2
0.6684983666140233,0.6686024539096792,0.020781011049604763,0.5853041999690843,2
0.8475939106793876,0.5930319142965123,0.21607685183190817,0.8898315102248652,1
0.28314187020891474,0.19248859669145024,0.6774678527580934,0.8656109913891086,2
0.6789549214316105,0.9072393703203404,0.09810670515002047,0.4861834747265337,1
0.8207962846779021,0.31691656033556975,0.3948736726473819,0.7132291297271247,1
0.23341914919700868,0.6061957664632344,0.25704870010984987,0.6784236704038117,2
0.6334580908494327,0.33542378399009154,0.5815710685592436,0.5894232430417269,1
0.664697949794114,0.48509431350024507,0.4475111465311134,0.7154632332214917,1
0.3651212599787984,0.6362353927265788,0.16923772804618004,0.5425043418169253,2
0.8240269995456808,0.33278951681403346,0.3727270769164495,0.7746052356401792,1
0.5077425235633054,0.5205570128008921,0.2192512977362311,0.778014984951399,2
0.8572355753629146,0.8188941316460053,0.10058371206410065,0.6433890722605635,1
0.835659015353107,0.8209820877315742,0.12180412260107266,0.6443256317229966,1
0.40275043448788117,0.8566794014525889,0.30278070950093694,0.3113469179919437,1
0.7912006288355724,0.5681747596792481,0.30558511211148687,0.8589086809060075,1
0.6473040117113413,0.5153693293919108,0.4351821138561613,0.7463860625403493,1
0.20178266231097072,0.026555957597278915,0.9648566566868417,0.5225183447448102,2
0.6823226532245852,0.757336845689568,0.19511146531113363,0.7980032188548514,1
0.8480770756261313,0.8901278592463152,0.057617334740560466,0.42645280376806055,1
0.5776330686743252,0.7844353725205522,0.28284834255928665,0.5539067259517899,1
0.28164189544887464,0.5311648025983453,0.34068968488164214,0.7714305718468407,2
0.34858548053277955,0.1746025212631012,0.6153832898959657,0.7514425743564563,2
0.704029018742473,0.8552088517364087,0.0850798027010145,0.6892432053974922,1
0.5748797496195978,0.3732876327891426,0.42772524608525214,0.7503841712358038,1
0.3153985389668924,0.12427454751596835,0.6203286880479031,0.61975685825218,2
0.7547973952361379,0.5098717665680064,0.2623266633639908,0.8037644234703619,1
0.31741052434213846,0.3501330230086773,0.4854545846167101,0.7646107822544714,2
0.7010939719764331,0.6326731450680457,0.2423947272061516,0.830454549587641,1
0.23970750492179216,0.19697882483245832,0.7602946561268228,0.6904189057712067,2
0.22784472376666737,0.6986458220298076,0.18795054601848063,0.31534775453049274,2
0.6550995536132805,0.5619034077089734,0.4093824714067245,0.8594969857333805,1
0.6334941479350107,0.6531934876724528,0.054847394834902106,0.6208116242487065,2
0.509080616431935,0.8406492869891897,0.2879789777500162,0.4165780117660965,1
0.7079087611506537,0.7719712475724704,0.18174768992181276,0.7841290451639888,1
0.31608362359287223,0.45528294050073526,0.2865056971159024,0.7922420142393409,2
0.8370003389366045,0.3796338218951008,0.3512826587976824,0.8024714258435853,1
0.7879266454651004,0.8905918494875528,0.05842720830551188,0.406112187093665,1
0.7690038869538253,0.8396427275142472,0.10678269110646822,0.7366276585104158,1
0.8630984574778789,0.7210221255991649,0.12099424903612124,0.7312183456540913,1
0.21783527681024598,0.036389557226086736,0.900596635578435,0.6903016085181446,2
0.8014336297225767,0.9046088450010664,0.047985008723372184,0.3446175109341043,1
0.2987762225154865,0.4927598813083028,0.33991427402158225,0.902534166234758,2
0.7938400074998737,0.6620991068187856,0.2581187670967325,0.8078798294188785,1
0.554143319703755,0.6324411499474268,0.4126650440476447,0.8360984569500896,1
0.49205085491349904,0.43290663693137804,0.2236069528507119,0.8285741564145229,2
0.23233743662967207,0.026866531710365318,0.9582527408619985,0.5676641479582094,2
0.5736862600869697,0.6402616306263493,0.05300364012320419,0.6250488738554425,2
0.7620881379399866,0.5633739574251535,0.3107545178452194,0.9408603617119942,1
0.5775753773374005,0.6591542655296412,0.01527990178129107,0.40152941069496345,2
0.29770893278238103,0.1609746788551415,0.6484545630775196,0.7225183447448102,2
0.6671426201962948,0.7943475511418276,0.17049130893661016,0.4770179219291307,1
0.36253236123430616,0.653346903800604,0.14420918861869172,0.4233976195022595,2
0.46791640525279626,0.21889113816057804,0.5170138066211472,0.844916664393464,2
0.6152564740497155,0.6436704621567314,0.05407198397484224,0.6476172290569846,2
0.48831534084763,0.6376311053070755,0.07452129148986582,0.49641288633077824,2
0.4604078777520571,0.4105303333620209,0.3876020419152648,0.8679623921365376,2
0.8498871413221412,0.5942704688920736,0.23360975294548433,0.9276939723760423,1
0.49933799190879,0.4562894999756779,0.5736360307579641,0.7747228056775507,1
0.8678507813570445,0.8096779383865863,0.12641781721842893,0.7118179255662548,1
0.38783001247575166,0.4641885596470681,0.31374415749456136,0.8248115515062241,2
0.6261601367284686,0.6744098156387163,0.016533482671721195,0.5352119079443883,2
0.8149406139800532,0.9380573027947928,0.051340814612186904,0.382125353483001,1
0.4576639335395799,0.8377867665492972,0.30706270058371204,0.38365294561590146,1
0.40489222537120767,0.9598910371304449,0.24564283714218021,0.14097493112196186,1
0.7101154547880204,0.5369721643273826,0.2855450492170505,0.8875946788874037,1
0.4993863084034644,0.5379787238023251,0.21109397548840117,0.7719009429244296,2
0.6963416480972675,0.8150213098743858,0.06721519805285718,0.6584376733316966,1
0.7310141415889637,0.842123578562154,0.10275917031037975,0.6893605026505542,1
0.42630292278735693,0.5844368692632659,0.16923772804618004,0.651736272129627,2
0.30657897583454125,0.3015861730908111,0.484162233183277,0.819049437609682,2
0.5123441432475896,0.6250098223740584,0.07493053611045299,0.5341571419478618,2
0.7112620701093972,0.7889293425183445,0.19245395998018394,0.6064722623821344,1
0.5554435382096936,0.9040662757673612,0.16728196954358457,0.4212789946988916,1
0.8300557442543035,0.6010843900960535,0.26897107286708166,0.8527946752502795,1
0.6928080537106347,0.8384041729186857,0.09873564951429127,0.6583194667976031,1
0.4677051107313098,0.6356179863571901,0.08519180649191205,0.5229911708811842,2
0.8366541909150568,0.4247755821393692,0.3414995584465936,0.9242841685079607,1
0.6661113875487671,0.5669362050836866,0.277610011415771,0.8552642825318021,1
0.2528467069063742,0.5267512825214128,0.2560148189631034,0.7503841712358038,2
0.38104406896999327,0.6178853270569922,0.1186292459129386,0.5741382289024068,2
0.7902775674447786,0.8988763204077127,0.05141404786008143,0.3711957954845103,1
0.47533911688986,0.4641885596470681,0.5329614233097121,0.7406248579248389,1
0.7161009309939497,0.5320942798235341,0.42547655459107847,0.7550869727306618,1
0.22511880809697912,0.6677493105628874,0.21751653132875265,0.5849495803668039,2
0.3362251115966799,0.46147945533532647,0.2762788894393349,0.7918892131991234,2
0.6482847644390599,0.33674091757812064,0.5950459861718396,0.607527028378661,1
0.6041004117719172,0.7443301515077813,0.24774678527580934,0.822577448011857,1
0.5060097065674376,0.5088652070930637,0.22283197277446315,0.8881857115578711,2
0.751263800849505,0.36213689957230577,0.41583992073577875,0.8745464960855451,1
0.4037960899696399,0.6385590857895506,0.14284360393736403,0.46455167898742467,2
0.7942654811096929,0.5541615060225185,0.260444568893101,0.8683179210198496,1
0.5440545471590622,0.5398369298813458,0.17691429556077282,0.8136410340343889,2
0.36416935291954217,0.9514531500821337,0.34205526956296983,0.3034725442592542,1
0.39642602167751984,0.1355786968609563,0.6419238805005708,0.6651390745337661,2
0.2137103462201357,0.6247778272534397,0.2652060223576798,0.7178146339689208,2
0.7899530536745777,0.6266337882183898,0.26771576884140696,0.8323358520417905,1
0.5894323893588329,0.8117696363289392,0.27480130096710964,0.5186357147403547,1
0.5710093820536674,0.770343539871355,0.2639877657397635,0.7616719859607008,1
0.8109094318124455,0.5238865169674496,0.26911840093049305,0.8657282886421707,1
0.7888569182730099,0.7928770014256474,0.14912012406573763,0.7900079107449739,1
0.9266021965976534,0.7028254760577294,0.13128998212247184,0.8171690444365639,1
0.5716158622330874,0.7619804899587275,0.2517703060718978,0.7370977568036953,1
0.6809957524753188,0.5760738193506382,0.3582958192431128,0.842447966392973,1
0.4909922188809323,0.6366245458321329,0.0955995433691602,0.5246369695481783,2
0.5489835507575593,0.5144401620972359,0.2812242875912723,0.7261627431190157,1
0.5813483907722706,0.5566386152136413,0.1286363538458225,0.8312783582021694,2
0.798664445550195,0.5240414298383144,0.26609171387339264,0.8847759076897896,1
0.1987610785395438,0.8343030978832318,0.3629482844034721,0.6939460068923502,1
0.5917760999213956,0.6617885327056993,0.03152045146143408,0.42563445083972096,2
0.5352241669010377,0.5419293761950555,0.2603355805888815,0.7368631622975713,1
0.24813765152990214,0.27069340348067517,0.6810476662287032,0.7327468470680233,2
0.34730184828620664,0.9845910337627738,0.35453076873371103,0.45667730525473504,1
0.6644743958635312,0.48772708393358954,0.46323475563788313,0.7114660338070687,1
0.5787205503753543,0.6434384670361126,0.05672992008960305,0.621639069987361,2
0.443358645407409,0.635075417123485,0.14923212785663514,0.5094701619429517,2
0.5352241669010377,0.5419293761950555,0.2603355805888815,0.7368631622975713,1
0.5639436355638247,0.7639187717729292,0.17849957998578414,0.6811333278776471,1
0.5587261752807045,0.3096386488903523,0.5868524780838736,0.5161715631450212,1
0.5107556843995413,0.8343030978832318,0.2900122773386176,0.41986960910008453,1
0.45423706812625747,0.503058219549705,0.20928554504921704,0.7984733171481309,2
0.23925318564351078,0.5866034043413023,0.2261907510715747,0.5490875364849014,2
0.13868276254966863,0.764150766893548,0.22556327137226184,0.1843658219445884,2
0.37647924193583276,0.6183493172982297,0.19658776143192538,0.5633177846276949,2
0.8777953255594257,0.8397998854991824,0.10316410709285545,0.6400974749265755,1
0.6434026350518139,0.6078197323075657,0.33511534236543394,0.8115251370741153,1
0.6748804707613093,0.41703368045291433,0.3635384582247399,0.7694317902834228,1
0.9221743864886889,0.8963206322241222,0.021556421909664635,0.3829527992216554,1
0.7329684356272851,0.39798762942147153,0.3106812845973248,0.7432117624594233,1
0.7486749021050128,0.34270169543530893,0.3992676675210545,0.7556752775580348,1
0.42993747701360796,0.5976755585656714,0.11630732117087042,0.6612564445293106,2
0.49221455408202264,0.8159492903568608,0.30891076313352145,0.42398865217272697,1
0.8699493037376775,0.8175769980579763,0.09626295043832254,0.6212844503850804,1
0.807318146088888,0.36809767742949406,0.35106295905399876,0.7756634569046256,1
0.384786794452978,0.6199770249993451,0.12527624011889635,0.5636724042299753,2
0.44485068760862195,0.577233794953732,0.13309927412927822,0.7062922247378997,2
0.4072647816022326,0.6019337915860609,0.2085471815969156,0.6417432735935695,2
0.7377856622604907,0.38761146055895856,0.34722467529670237,0.7588495776389608,1
0.8374474467977703,0.7851350997391926,0.08644538738234218,0.6413886539912891,1
0.5984971406731137,0.6977140996905485,0.0,0.24315084063031353,2
0.6185737259228812,0.8587673575381576,0.12985116419324963,0.7104076306864162,1
0.3588545385053617,0.5547040752562237,0.20777220152066686,0.6774871109413786,2
0.5270442564668383,0.5427795260564197,0.19847028668662633,0.7804841012211644,2
0.4353604626845221,0.5185439312695745,0.21711073297865469,0.818814843103558,2
0.8830596600537972,0.646768719574027,0.17370495616774723,0.8693726870163762,1
0.4236996012086335,0.4620968617047151,0.3536821246257566,0.8373923638578975,2
0.6124512327917558,0.8442901136401907,0.13154845240915847,0.7179328405030142,1
0.9122803222061167,0.9008146022219146,0.020927477545393855,0.3814252070887549,1
0.4336152997425524,0.2763436072247771,0.4657462252568549,0.849973176209571,2
0.4741932227101948,0.6028655139253201,0.09929136063066751,0.6824245069423607,2
0.5294413315160562,0.7822688374425157,0.21415770995325997,0.6697218509324676,1
0.8858793241459879,0.9279917080453663,0.040196437417881856,0.4043481818925775,1
0.7116370637994073,0.8671304074507853,0.08541150623559568,0.6817152677377997,1
0.3393692894590716,0.9629107155552729,0.36054881857539794,0.28230448184620416,1
0.2979973894670041,0.13851979629331668,0.5902470545156913,0.5958882311756094,2
0.8000706718877327,0.7279146257956123,0.14288237448036703,0.7796611109595643,1
0.620859745148519,0.8120016314495578,0.22526796906972238,0.5800121843658219,1
0.7146009562339095,0.88958529001261,0.0896547267753678,0.4945306745955972,1
0.12991367933712653,0.7632976235467563,0.21914058629676697,0.15344117406366786,2
0.6336888561971313,0.6950835743712745,0.31765567449975235,0.83421715449594,1
0.7415067534921287,0.37661414347027283,0.45518771404570624,0.8148167344081034,1
0.817197787537229,0.8589245155230929,0.029267452129148996,0.38388935868408847,1
0.6419098717088895,0.6353859912365715,0.22083873608029814,0.7534411740636678,1
0.8638051763552057,0.7999229177502459,0.1267882912960131,0.6997081207888922,1
0.5666681089500898,0.696475545094987,0.0010683438516380526,0.22421960955472503,2
0.3738182290201848,0.8104525027409101,0.15602128072027055,0.610109386508088,1
0.47105481398149546,0.5065422624014488,0.22858995842936225,0.8466806695945515,2
0.3404510020264082,0.6338368625279236,0.18462963361836862,0.5303927184774998,2
0.8049095327722852,0.9241974652662145,0.06001680056863464,0.397173954554134,1
0.7626866855605796,0.8656598577346051,0.07127318155383722,0.6639661020031461,1
0.6227851935183782,0.6914427477202738,0.28698386714627266,0.7847169862789493,1
0.4567300550231126,0.30731495582738066,0.40211084067460745,0.8593796884803186,2
0.3980197448600624,0.2729385175511792,0.4757102548086243,0.8566745774116407,2
0.3398163973202374,0.1429351872986413,0.5928317573825577,0.6069359957081935,2
0.6597004377330189,0.7999229177502459,0.2071445495078295,0.609409240113842,1
0.6151699370443287,0.6511017897300999,0.3702199151355893,0.82175454867836,1
0.9251382789231912,0.8106096607258454,0.11486850324164818,0.7329823508551787,1
0.6916542269721423,0.7454901271108749,0.17772416912572428,0.6647844549314856,1
0.2041624299591112,0.04862542891033389,0.8726172270446076,0.6510270329250661,2
0.4156300254563024,0.4252395723806067,0.4247356064359102,0.820577939023614,2
0.5703841521897468,0.7235778137827553,0.29993753634738407,0.7620238777198868,1
0.5914011062313855,0.8496334851279902,0.13808344282421867,0.6747774534675431,1
0.19293425351015728,0.7424704486860471,0.25236091067697675,0.28018585704283616,2
0.7817392495799349,0.9053834093553904,0.04850194929674545,0.32510433999836325,1
0.5096389964591942,0.6425853236893211,0.036763090443061176,0.3894177873555379,2
0.3039900770900489,0.177079630454224,0.6184117000883107,0.6879502077707157,2
0.5953673856449532,0.844600687753277,0.13435716285781982,0.7098193258590433,1
0.005927784869004564,0.8518785991984943,0.23711633316819958,0.3615483237404184,2
0.21813094491198465,0.20433531527014331,0.7642449436750167,0.6465624630604581,2
0.06407344107190502,0.8120802104420256,0.25428005255562497,0.4804277257972121,2
0.34469131529036773,0.9687966562767777,0.24014302022529993,0.07184229429789864,1
0.4419819858800453,0.44010971124091197,0.2192883451439895,0.7833060549023886,2
0.6391983788734324,0.2730919336793303,0.574557908113813,0.7392136537639689,1
0.8829154317114857,0.5276033033111691,0.23545566157623796,0.8845394946216026,1
0.8999920674411729,0.8696075166419082,0.014836194455812362,0.4208152613728325,1
0.6489770604821554,0.32396247666016825,0.598737803433347,0.647271702265019,1
0.5516308619806878,0.663337661414347,0.02214659573093243,0.3694317902834229,2
0.11543315376904714,0.7861416592141353,0.23242854373532643,0.08947325349845876,2
0.898607475354982,0.8950072404928773,0.05178452193766561,0.44091946497904105,1
0.5391255435605651,0.7226498333002803,0.31529497921468114,0.7405075606717768,1
0.24233246075186232,0.63600339760596,0.19784306545760008,0.46807968938959965,2
0.38966892384022384,0.6410361949806733,0.1531824154048291,0.45314929485256,2
0.36118382623369316,0.46263943093842025,0.277610011415771,0.8104667339534629,2
0.46144704295841177,0.6079731484357168,0.10084218235078728,0.6838338925411677,2
0.4826745703798253,0.6348434220028664,0.08101751136192302,0.4878292733935278,2
0.39438519063381144,0.5551680654974612,0.19703103797359295,0.7010011184156687,2
0.7435908530385306,0.6432813090511773,0.2366364400025847,0.7711954317720977,1
0.38558726175280705,0.5552466444899288,0.6080728886208456,0.8636123916818971,1
0.4736062133569867,0.3526138740565844,0.31344691666487173,0.845622266473899,2
0.7907535209744067,0.39388281252923324,0.3766773644646434,0.8533829800776526,1
0.7916910051994317,0.895624646862266,0.06300644021797662,0.41199523536739496,1
0.35979202273038674,0.6590008494014901,0.1934503629353609,0.6669030797348536,2
0.4876324196467848,0.6303531938618582,0.08186615546987745,0.5121707266064722,2
0.028203852339023127,0.7695689755170311,0.2572701229887781,0.08724551497131212,2
0.7883953875776128,0.43484117688879576,0.3410213884162233,0.8777198868854396,1
0.3812099315636515,0.9623681463215678,0.36102698860576826,0.33192394773452627,1
0.9471475239599334,0.626401793097771,0.17056454218450473,0.9095810942287932,1
0.1736725583944501,0.03824926004782092,0.9478406961466389,0.4847740891277267,2
0.6986709358255991,0.33519178886947276,0.5014754345531695,0.7775446684306718,1
0.612963243406962,0.5121947112596212,0.40771964589570725,0.831042854415014,1
0.5773828325004146,0.7338754036528007,0.3278092489284253,0.7833060549023886,1
0.37552012345946106,0.928223703165985,0.36497727615396214,0.33274230066286586,1
0.7601266324845496,0.6337582835354559,0.2374855148943503,0.7622593815070423,1
0.5610266173405736,0.6969432771930087,0.02100071079328838,0.26208207170590214,2
0.8104406896999329,0.5432438904833357,0.2635819673896655,0.8457404730079926,1
0.38736127036323903,0.43716486995176745,0.2959527860942986,0.8419778680996935,2
0.2042994468843072,0.6922958910670653,0.20655394490275059,0.3029997181228802,2
0.758619446307394,0.8450646779945145,0.09035690438753312,0.6933586113460086,1
0.2269360852101046,0.6581477060546984,0.21423137398496567,0.42998081417023554,2
0.486554312788006,0.8539665552840631,0.20500355396644196,0.588241177700792,1
0.4929652626037543,0.8603950652392731,0.06813707540870614,0.1580239504623694,1
0.7946404747997029,0.9326353523145255,0.05853921209640943,0.3822435600170944,1
0.8436132084315889,0.8012400513382751,0.12328171107329787,0.6646662483973921,1
0.33997504849678006,0.5691813191541907,0.19234324854071985,0.6603198850668776,2
0.7740951474374229,0.36724827593948667,0.4148448101320352,0.9001791283632031,1
0.7053631309088549,0.7923344321919423,0.2308046610808366,0.5472053247497204,1
0.8974031686966806,0.6315131694649518,0.17802140995541388,0.9195831855751656,1
0.2253495734446776,0.615097643752783,0.26169944213496454,0.7061749274848377,2
0.38653916881206324,0.2604706507463133,0.5352876558898917,0.8984151231621157,2
0.8601201422091455,0.5752206760038466,0.22770410278501735,0.9264027933113287,1
0.7993351073419437,0.3510647453479365,0.43219247420681933,0.8806568646171472,1
0.5157908400579798,0.5892376715173604,0.08268033687294032,0.7179328405030142,2
0.41408678219356887,0.8995760476263532,0.10050617097809467,0.2440874000927466,1
0.45586396382753175,0.26248376969619863,0.47932883882223704,0.833982559989816,2
0.451089284555308,0.8733269222853765,0.06459172464298792,0.0950016821699082,1
0.247611218080465,0.6397976403851119,0.20533568828483426,0.45232184911390555,2
0.3227541844247813,0.25784012542703943,0.5525965494216727,0.8416250670594759,2
0.39352703199705774,0.43468776076064464,0.30130312102871176,0.8592614819462251,2
0.5908963070332951,0.567246779196773,0.45485601051112506,0.7376851523500368,1
0.7290237904650643,0.35029018099361264,0.3924397441144162,0.7029997181228802,1
0.5930092522481594,0.8291131425235831,0.13911732397096518,0.6951226165470962,1
0.7051756340638499,0.32706073407746394,0.5146531113360759,0.7246342417050837,1
0.3168840908927013,0.894696666379791,0.17037930514571265,0.2798312374405557,1
0.6363354462785482,0.7742163616429745,0.17281754151678982,0.6339780135846586,1
0.9047516027374539,0.9032917114130374,0.037611734551015574,0.4116406157651145,1
0.5349768152939733,0.4845524926378968,0.26155168328774203,0.8450348709275576,2
0.7019449191960712,0.9200926483739761,0.08555797273138477,0.38729916255216995,1
0.5639147898953623,0.7390616171556651,0.2791565252977793,0.7452103621666347,1
0.7099928606970556,0.8553622678645597,0.08268033687294032,0.6843067186775416,1
0.7820637633501359,0.5458766609166801,0.31835785211191764,0.8704274530129026,1
0.7222739040448838,0.8444435297683417,0.07108794451504515,0.652209098266001,1
0.6478088109094319,0.5327135571213147,0.42791048312404417,0.8761922947525391,1
0.7237450331364617,0.7848245256261063,0.17536347384065307,0.8064686252580084,1
0.5966005379717169,0.6610139683513753,0.019747129902858256,0.412931794829828,2
0.26566139512075515,0.24444427813969846,0.7206151592823142,0.7253398437855187,2
0.39069294507063584,0.2779713149258925,0.4283541904495229,0.7927121125326204,2
0.38451276060258605,0.1864492398417943,0.5712021022249983,0.7359220564299808,2
0.7138004889340804,0.7742163616429745,0.19352445775087776,0.821283541104049,1
0.51138141906266,0.7452581319902561,0.3045167682598488,0.7117006283131927,1
0.39807743619698704,0.26697399783720677,0.4753785512740431,0.7675504878292734,2
0.2620484751458509,0.6971752723136274,0.19459452473776034,0.33474271893214036,2
0.5254267356078143,0.5704984527422198,0.16657979193141922,0.7240468461587423,2
0.1511440913253863,0.6490138336445311,0.2633605445107373,0.6412704474571955,2
0.8431588891533076,0.8010080562176564,0.14402825941801106,0.7432117624594233,1
0.5997519272512241,0.8452966731151332,0.16170762702737632,0.6139920165125435,1
0.35883290425401493,0.5217184851466995,0.18440562603657357,0.7018240177491657,2
0.8116810534438123,0.41037317537708556,0.31437310185883216,0.838568064231612,1
0.5634525380582538,0.8553622678645597,0.17481207056238826,0.6409158278549151,1
0.8558942517794172,0.5454119223040858,0.29824024813147526,0.8852487338261636,1
0.5773633616742027,0.725512353740173,0.32308355052017146,0.7659046891622794,1
0.35813339679380396,0.9203246434945949,0.3416115622374911,0.33745237640597575,1
0.5774787443480518,0.8294237166366695,0.16908695371227953,0.6439801049310311,1
0.3065357073318478,0.5817277649515242,0.5195985094880134,0.7409776589650562,1
0.6886110089493687,0.5587303131559943,0.3967949684450858,0.7887149131181974,1
0.5911847637179182,0.7548597364984453,0.29451396816507636,0.8405666639388235,1
0.363130908854899,0.2639543194123788,0.6161199302130226,0.7863630577302526,2
0.6115209599838464,0.5403791249293725,0.1404096754043983,0.8706638660810896,2
0.8161665548897014,0.4161056999704394,0.3197966700411399,0.863141384107586,1
0.8214092551327261,0.9310113864701943,0.05171128868977105,0.3904725533520645,1
0.5250517419178042,0.5934959045377497,0.08330928123721112,0.7167562308482682,2
0.3539940433694625,0.5740607004007529,0.2240868029379456,0.6185747929112451,2
0.8445290584052672,0.5643805169000962,0.23010334503629357,0.9508533602480519,1
0.551139764475117,0.5527676643704139,0.13240140435522435,0.7861279176555097,2
0.5627595208734468,0.7331794182909445,0.2792340663837853,0.7185202360493557,1
0.1655669255565411,0.6321343176911247,0.2740258901070498,0.6593742327941297,2
0.3782027706264558,0.2620983584474288,0.5152777478622353,0.859026887440101,2
0.9360058845163663,0.7461075334802636,0.11612208413207832,0.7440346617929203,1
0.10940440906042441,0.7520720531942361,0.2663872315678377,0.1749547632686834,2
0.4899905530435786,0.5878419589368636,0.1213259525707024,0.7040581212435327,2
0.7556122853701981,0.5401467556230753,0.31835785211191764,0.9493257681151513,1
0.5949491234522496,0.6678278895553552,0.02251276197040518,0.5396855706193113,2
0.6044898282961585,0.6699944246333916,0.025170698085165952,0.5409767496840248,2
0.6930099733898708,0.6468435567097105,0.25416934111616085,0.7402720568846213,1
0.4990401603819167,0.8449075200095792,0.2684541322937084,0.39294579775771293,1
0.66958007918136,0.36035577574303923,0.4531587222952162,0.7407430644589322,1
0.5665044097815661,0.8579965350406178,0.1351325737178797,0.3970648408303554,1
0.24965926054128895,0.03151391783630874,0.795399228896978,0.5437955208816388,2
0.8431661005704232,0.3346492196357677,0.3765653606737459,0.7543813706502268,1
0.4303557392063114,0.27920986952145394,0.4584013612768433,0.8504432745028505,2
0.584651219811205,0.8284957361541945,0.16738966549637063,0.6271584058484956,1
0.2999372606710945,0.6611673844795264,0.2195834320546234,0.6711403293415895,2
0.7801887949000859,0.8813008190924502,0.05938785620436384,0.45608627258426754,1
0.33212902667503186,0.6501738092476248,0.16669179572231677,0.5140529383416532,2
0.40124324831072555,0.5207119256717568,0.17765093587782974,0.7330996481082408,2
0.34256394724127237,0.2438231299135257,0.5706076205656191,0.8610254871473126,2
0.6358234356633423,0.48656561158778205,0.46832662028560973,0.8958327650326886,1
0.735290511938501,0.32187452057459953,0.5119951752213152,0.829514353001082,1
0.8256567798138011,0.5127367192148088,0.3156654532922653,0.8801931312910881,1
0.5502642984372859,0.9184686825296449,0.16790660606974392,0.3837711521499949,1
0.8177025867353193,0.8003869079914836,0.12487130333642063,0.6898315102248651,1
0.3829190374200434,0.16802059517974008,0.560238654231374,0.621166243850987,2
0.44557255046189126,0.5877671218011802,0.12549593986257998,0.6781872573356247,2
0.7628164910686599,0.766395880964052,0.19245395998018394,0.8208134428107694,1
0.5163006872480511,0.7502123503725019,0.160966678872208,0.5522609272847958,1
0.5257447591026113,0.8013934674664263,0.27029961014065096,0.6978268183347427,1
0.6217683837050819,0.33921802676924345,0.5688370991018157,0.636451257990307,1
0.702154050292423,0.7697261335019664,0.2103556120360997,0.818109241023123,1
0.1013276218909778,0.8194367008797105,0.23335171344260885,0.3213399165280013,2
0.853730826644744,0.776772049826565,0.14170202683783145,0.7454458659537904,1
0.7911862060013413,0.4062721003416315,0.32304477997716846,0.805292924884294,1
0.6479458278346277,0.75470257851351,0.2316905249100739,0.830102657828455,1
0.15769205806633058,0.2944616777737449,0.7007947961315614,0.7025296198296007,2
0.34467689245613653,0.5116527033044337,0.34888319296960824,0.8215190448912045,2
0.598814443026199,0.6811451578502284,0.17027160919292655,0.6179928530510925,1
0.447893184489684,0.5168404883871475,0.2300295086910634,0.7562626731043763,2
0.4783037304660739,0.5095619408262768,0.23032481099360289,0.7691965592805768,2
0.32120372974493216,0.6600074088764327,0.21334568246925284,0.660910917737345,2
0.8872999733177566,0.6644227998817573,0.16063497533762683,0.869136273948189,1
0.3188960762679474,0.25884668490198204,0.4955306179593771,0.7206370422906607,2
0.6328162747261464,0.663337661414347,0.023473409869257122,0.5497967756894624,2
0.6024057287497566,0.6854819698630854,0.32651689749499213,0.797767715067696,1
0.37239036843130047,0.2689122796514086,0.436586469080492,0.775310655864408,2
0.37486388450194347,0.19179261132959394,0.5585413660154651,0.7166389335952063,2
0.4899429576906158,0.5087102942221989,0.4390936308613522,0.7913009083717504,1
0.4698706992911177,0.506077897974533,0.20806728843130076,0.8154050392354765,2
0.5962616013672847,0.548896339341508,0.4757102548086243,0.7667275884957764,1
0.41953861353294536,0.580796042612265,0.16395631852154996,0.6483264682615456,2
0.4430701887227859,0.34750249768940344,0.3225278394037952,0.8234003473453541,2
0.5430247567949578,0.6488566756595958,0.038680078402653625,0.4306900533747965,2
0.34430189876612655,0.6387162437744858,0.13051887910052343,0.5532065795575438,2
0.7594631821099165,0.7656998956021958,0.17584164387102333,0.7420360620857087,1
0.4718156184871889,0.5817277649515242,0.13092381588299912,0.7153459359684297,2
0.2631950904672277,0.6409613578449899,0.1966984728713895,0.45690462551260713,2
0.45482407747946546,0.5803320523710276,0.16336614470028216,0.6719586822699292,2
0.4403457153365208,0.32450504589387347,0.42315032201089886,0.9033525191630977,2
0.3106894835904203,0.5324037313795852,0.3327891097852543,0.7970630222682925,2
0.71036064296995,0.9383678769078793,0.08386068451547592,0.3754239522809314,1
0.8246832385031984,0.5287647756569765,0.3156654532922653,0.8864217063567836,1
0.3168840908927013,0.894696666379791,0.17037930514571265,0.2798312374405557,1
0.6923104659296598,0.6134736779084518,0.3074676373661878,0.8138765378215446,1
0.8904946310999575,0.7125056595583861,0.10320287763585845,0.7293379524809732,1
0.5295278685214432,0.5218733980175643,0.15214853425808259,0.82175454867836,2
0.8399498085368757,0.36283288493416205,0.34655696038942857,0.8063513280049465,1
0.7662202799472124,0.3732876327891426,0.375867490899692,0.7659046891622794,1
0.39912309167874577,0.5873031315599426,0.5355805888814699,0.8583212853596661,1
0.5452985166114993,0.3932616643030604,0.3608072888620846,0.6877165225456232,1
0.779929183883925,0.7850565207467249,0.15528464040321366,0.6911245078516417,1
0.35666947911934177,0.24947707551441176,0.5128438193292697,0.7466215663275048,2
0.6825389957380525,0.3441722451514891,0.4839037628965904,0.796827518481137,1
0.7725086356719959,0.6274083525727137,0.26439399487367266,0.805175627631232,1
0.4574425430341316,0.38900343128267106,0.4052469468197385,0.9140547569037163,2
0.3924453194297211,0.15679502482721971,0.6328429577616473,0.7847169862789493,2
0.1665116211986817,0.28416408790369957,0.718293234540246,0.6796057357447466,2
0.08367407279204434,0.8019360367001314,0.2516595946324337,0.5121707266064722,2
0.7378505650145311,0.7306237301073539,0.21973119090184592,0.7499140729425243,1
0.41848574663407107,0.2706148244882075,0.4351433433131583,0.7742524345999618,2
0.5315751898405556,0.3486624732924972,0.42466237318801564,0.6873619029433427,1
0.3817075193446264,0.27843530516713005,0.49043875331165054,0.7902434145321293,2
0.7437783498835356,0.5821131762002941,0.3188747926852909,0.8330414541222254,1
0.4328292552769545,0.8670555703151017,0.2647631765998234,0.2922974803822617,1
0.1423894309470754,0.32125337234842677,0.6768776789368256,0.6984142138810842,2
0.36684478866942144,0.25435271490418976,0.4662976285351197,0.7655518881220619,2
0.5753225306304942,0.8478523612987237,0.15521140715531911,0.6263400529201559,1
0.673178576322033,0.8535811440352933,0.08806944235035649,0.6591469125362576,1
0.8942662022514045,0.6559025919841944,0.15299717836603702,0.8753739418241995,1
0.5614210818567957,0.9333350795331661,0.16816507635643052,0.40693963283231943,1
0.4385551204667229,0.616261361212661,0.09320007754108603,0.6579648471953227,2
0.21919823464509006,0.01029758987004531,0.9892217890451677,0.4753721232621366,2
0.2748703747773475,0.24545083761464115,0.7292911452387619,0.6912418051047037,2
0.4121108539039007,0.8707712341017859,0.3328623430331488,0.29818052865599165,1
0.5720110478910211,0.6000778306211109,0.09397548840114589,0.7664920847086207,2
0.48351181590694386,0.491056588100147,0.5579511921941973,0.843036271220346,1
0.6673733855439933,0.29686394982918424,0.5623796497727616,0.6997081207888922,1
0.25828411541151947,0.6160293660920423,0.2346802507161781,0.6843067186775416,2
0.6456093286891808,0.8473097920650187,0.12697352833480519,0.7085263282322667,1
0.7804123488306687,0.3914805404737939,0.3418355698192862,0.7833060549023886,1
0.6844139641881026,0.27897787440083516,0.5707583948995196,0.79600461914764,1
0.44485068760862195,0.5141304486112098,0.21902987485730288,0.8279858515871501,2
0.39475297290670586,0.24428712015476317,0.5100394167187198,0.765669185375124,2
0.561575406183069,0.6514123638431862,0.03798220862859975,0.400701964956309,2
0.3559699716591307,0.5595797146460016,0.20474551446356645,0.7020595215363212,2
0.17776864331609804,0.6445198636467387,0.25645809550477094,0.6911245078516417,2
0.4877860228313466,0.821756652085898,0.09271759967260432,0.5474417378179074,1
0.38477958303586235,0.6391802340157233,0.12937299416287937,0.5774298262363948,2
0.7436773900439175,0.7747589308766796,0.18267387511577315,0.7985915236822244,1
0.2938580360426627,0.018192907684651285,0.8080987356495143,0.5383943915545977,2
0.48778746511476967,0.821756652085898,0.09271759967260432,0.5474417378179074,1
0.5902761251613555,0.37537558887471145,0.46799491675102856,0.7194613419169462,1
0.43866112829832193,0.26418631453299757,0.44249251513128135,0.8071742273384435,2
0.763393404437906,0.5617499915808223,0.31374415749456136,0.9731943951917219,1
0.3079130880009231,0.6380165165558453,0.18743403622891852,0.49123907726160926,2
0.6857624991887156,0.5674787743173918,0.3014883580675038,0.814934940942197,1
0.33823709697192594,0.33441722451514894,0.5140974002196997,0.7717833728870581,2
0.800849504936215,0.6494778238857686,0.2589678419884981,0.8131709357411094,1
0.2927835348924417,0.6724752756812985,0.20230900122773385,0.4168144248342835,2
0.0821164066950796,0.76113108846872,0.25686389385486896,0.16989916073360786,2
0.7418456900965609,0.7634547815316917,0.20038985934908565,0.856321776371423,1
0.49868391637640713,0.47231961443907694,0.18673272018437548,0.8298671540412994,2
0.8407142187511267,0.8962457950884389,0.045990479677773734,0.37496021895487236,1
0.38128204573480734,0.5123495867119182,0.1950744179033752,0.7435645634996408,2
0.808630624003923,0.8417344254566002,0.09751653132875267,0.7229884430380897,1
0.6940123603689361,0.8803728386099751,0.09094707820880092,0.5048782927339353,1
0.3390159300204083,0.9785516769131178,0.25804510306502687,0.08770924829737126,1
0.4036013817075193,0.19961309200851649,0.6088870700239085,0.865375487601953,2
0.6837288795621227,0.7564088652070932,0.19293385314579878,0.7144048301008392,1
0.703704504972272,0.3581892406650028,0.40827535701208345,0.7927121125326204,1
0.4076902552120517,0.3328680958065011,0.5067525362396882,0.808349927712158,2
0.49835651803935993,0.44885817240230946,0.5866284705020786,0.8092910335797485,1
0.36559000209131093,0.6232286985447919,0.1282658797682383,0.5615537794266073,2
0.740785611780571,0.8086713789116435,0.07544316884571478,0.6667848732007602,1
0.6630681695259936,0.28462807814493707,0.5759234927951408,0.7460332615001317,1
0.5489063885944228,0.800850898232721,0.2955823120167144,0.4841830564572592,1
0.5043731475672284,0.4943860922667046,0.5603463501841601,0.8184620420633404,1
0.4818560745372073,0.34889446841311594,0.3184698559028152,0.8630240868545241,2
0.4061109548637402,0.24939849652194412,0.4709113231524759,0.8057639324586049,2
0.3229344698526707,0.45156727671405106,0.2924462058715834,0.8070569300853814,2
0.45197484657710085,0.44514250861562527,0.33120382536024295,0.8801931312910881,2
0.5757847824676027,0.7344965518789733,0.3085402890559373,0.7476799694481573,1
0.8031283127447375,0.4043338185274297,0.3297650074310208,0.8458577702610545,1
0.481846699694957,0.669377018264003,0.3618756327137227,0.7434472662465788,1
0.32452819303521335,0.4907467623584175,0.343347620996403,0.8859488802204096,2
0.800272591566969,0.5303906124296999,0.2904516768259849,0.8366867617774625,1
0.7114639897886335,0.6223755551980004,0.2361935942447283,0.8292788492139266,1
0.7662130685300969,0.569338477139126,0.27173842806987314,0.9046436982278112,1
0.5320403262445104,0.7711966832181465,0.25775001615439297,0.7266328414122952,1
0.5115836271985807,0.7792491590176878,0.13922932776186273,0.4907753439355501,1
0.5229625943794215,0.49810250442474563,0.5605703577659552,0.85996708402666,1
0.7458408151785907,0.7803342974850981,0.1706033127275077,0.7975331205615719,1
0.8472910311605334,0.8257828899856687,0.11741443556551145,0.6417432735935695,1
0.4182405584521414,0.45110328647281356,0.2050776487819588,0.7581439755585259,2
0.29004319638852233,0.49020456731039075,0.3442694983522519,0.8552642825318021,2
0.3314583648832832,0.576305814471257,0.18957460098649492,0.6426798330560026,2
0.8372455271185341,0.6348434220028664,0.13701509897258063,0.8042345217636415,1
0.5800142786058888,0.8066582599617583,0.21556034204234606,0.5353301144784818,1
0.753311843310329,0.8418878415847513,0.09884765330518881,0.7252225465324568,1
0.8141401466802242,0.5708090268553062,0.20688607922114288,0.8639651927221145,1
0.8225414476198717,0.39922618401703297,0.33005794042259895,0.8486792693017631,1
0.3755561805450389,0.2687551216664733,0.4708036271996899,0.827280249506715,2
0.6917479753946448,0.33008041250229186,0.5022508454132293,0.7394491575511243,1
0.31320626816375685,0.9718163347016057,0.25686389385486896,0.0,1
0.4929652626037543,0.8603950652392731,0.06813707540870614,0.1580239504623694,1
0.8033013867555112,0.532945926427612,0.2995325995649084,0.860555388854033,1
0.5542010110406796,0.781108861839422,0.24276390893230235,0.7396846613382797,1
0.602211020487636,0.6995738025122826,0.31392939453335345,0.7972976167744165,1
0.5189573733134298,0.5197828226322466,0.1552458698602107,0.8313956554552315,2
0.5707591458797568,0.8631041695510148,0.19393025610097575,0.5774298262363948,1
0.6847096322898413,0.6263269559620875,0.23634135309195084,0.7721360829991726,1
0.652431329280517,0.25853611078889566,0.5780300256316367,0.7554397737708793,1
0.7995081813527177,0.9334884956613171,0.039972429836086766,0.34626330960109836,1
0.5902617023271244,0.5465733946498932,0.4627178150645098,0.7254571410385807,1
0.3546574937440956,0.2572975561933343,0.4689211019449889,0.7343935550160487,2
0.451695764734728,0.6426639026817889,0.0775497016822108,0.45384944124680604,2
0.24898138733242467,0.2694548488851138,0.6811208994765977,0.7623766787601044,2
0.7853377467206081,0.8953140727491796,0.061602084993645945,0.3933004173599934,1
0.8421637135913579,0.41579512585735295,0.3498783035733517,0.8863034998226901,1
0.3307660688401878,0.177079630454224,0.6094772438451763,0.6981796193749602,2
0.32953291651342403,0.5003479926809281,0.2917095655545265,0.8790110659501532,2
0.7792368878408297,0.6194344557656399,0.2561996252180843,0.808349927712158,1
0.5419942452891418,0.641114773973141,0.03358821375492709,0.40964019749584,2
0.38099358905018427,0.2735559239205679,0.5929049906304521,0.8063513280049465,2
0.5753420014567062,0.8387147470317722,0.15727916944881212,0.6586740863998836,1
0.718141762037658,0.9206352176076813,0.08367544747668383,0.4024659701573965,1
0.37454658214885805,0.52698365182771,0.26103517349817995,0.9062894968948053,2
0.3313501936265495,0.9877678701725371,0.2594106877463545,0.08065322749302123,1
0.3878588581442139,0.6384056696613994,0.12992439744114417,0.5751929948989334,2
0.3210667128197362,0.5007352748580901,0.2679742391280936,0.8163452358220354,2
0.9110255356280063,0.9069287962072541,0.03886531544144573,0.38283459268756187,1
0.7946476862168185,0.5279127548672202,0.3249273052318694,0.9739036343962828,1
0.46309340948589806,0.5362754305941695,0.21109397548840117,0.7168744373823618,2
0.5067605593175115,0.47704183770070385,0.18721261334999031,0.836333960737245,2
0.8733891497018079,0.5233446961051013,0.2364520645314149,0.8872491520954381,1
0.7005098471900713,0.7270614824488207,0.25915264824347906,0.641861480127663,1
0.5315780744074018,0.3486624732924972,0.42466237318801564,0.6873619029433427,1
0.6788755958433392,0.7956646847298566,0.228405410644668,0.6189294125135255,1
0.4370241366130858,0.6199770249993451,0.17455360027570166,0.634805459323313,2
0.4111012555077198,0.4436682170426609,0.2210231115514679,0.7663747874555589,2
0.28123084467328674,0.02756251707222155,0.9030693346544036,0.7171090318884857,2
0.7771960567971212,0.8742549027678516,0.05957309324315593,0.4727806723223946,1
0.8078662137896718,0.935191040498116,0.0720485924138971,0.406112187093665,1
0.555067823377972,0.7092539860129393,0.27369418657246863,0.7389790592578448,1
0.531712927907463,0.6864885293380282,0.3163288603614276,0.7600252780126754,1
0.1914270673330016,0.22624762859826303,0.7431709996338337,0.6450348709275575,2
0.268394522207559,0.5143627430803713,0.3553061795937709,0.7363921547232604,2
0.7242426209174365,0.7328688441778579,0.13162599349516446,0.7167562308482682,1
0.2550029206239318,0.04514176024426836,0.8808107351325737,0.7088791292724842,2
0.6532534308316927,0.5059229851036682,0.4504620156374524,0.8751375287560126,1
0.5761504013153625,0.49399881008954266,0.5374631141361708,0.7158160342617093,1
0.5416574721098443,0.49167586539792774,0.5458418592629289,0.8104667339534629,1
0.35061188874225674,0.6418107593349973,0.17491976651517438,0.5352119079443883,2
0.38322912835601325,0.2593892541356872,0.6132422943545782,0.8391554597779536,2
0.500156487751408,0.4866430680232145,0.5618971719042799,0.8356283586568101,1
0.5196316408137363,0.38970315850131154,0.28694509660326967,0.9006519544995771,2
0.6448088613893517,0.5518385613309036,0.40978740818920023,0.8512661738363475,1
0.17059328328609855,0.30344587591254535,0.7002433928532965,0.7468570701146603,2
0.3409125327218051,0.6525760813030642,0.19769530661037757,0.6638478954690525,2
0.6667315694207069,0.7396827653818379,0.2505520494539816,0.8545586804513671,1
0.5100144228342312,0.4760352782257612,0.2881297520839167,0.847621775462142,2
0.1384952657046636,0.3166097280792675,0.6750683869300191,0.6807787082753667,2
0.3156581499830532,0.03592556698484918,0.7734723329097294,0.603762604908299,2
0.8089623491912397,0.8993403106489501,0.06164085553664895,0.38577157041926946,1
0.41408678219356887,0.8995760476263532,0.10050617097809467,0.2440874000927466,1
0.39926732002105736,0.5180019233143871,0.5235832597410989,0.7312183456540913,1
0.451377741239931,0.9404558329934481,0.2115002046223103,0.13627394818916677,1
0.3790392950118628,0.2116918057078283,0.5329614233097121,0.6671394928030406,2
0.2921056616835774,0.26744172993522847,0.6004350916492559,0.9427425734471754,2
0.6656282226020236,0.617731910928841,0.28491610485277963,0.7606135828400484,1
0.7964793861641751,0.38087611834744634,0.38095935554741855,0.8016485265100886,1
0.5537394803452826,0.7100285503672633,0.00302410235423352,0.22069159915255002,2
0.720564798188492,0.5995352613874056,0.2856915157128395,0.7738997244878474,1
0.34338604879244816,0.5039098661537829,0.28521334568246925,0.9024159597006647,2
0.36446502102128087,0.5527676643704139,0.21541258319512355,0.7135819307673422,2
0.43866112829832193,0.518776225738736,0.49568139229327757,0.6424434199878156,1
0.11259185542550962,0.8215246569652793,0.23970017446744352,0.31969411786100727,2
0.616561740547635,0.5886951022836552,0.09596570960863293,0.7661392836684033,2
0.41558675695360897,0.5953556073594839,0.2072182135395352,0.6502086799967265,2
0.37479898174790327,0.5622925608145274,0.2394417041807569,0.67972394227884,2
0.4467472903100188,0.6325983079323622,0.09799900919723438,0.5100521018031042,2
0.35470797366390466,0.5595797146460016,0.20378572813233678,0.7034698164161597,2
0.3738182290201848,0.8104525027409101,0.15602128072027055,0.610109386508088,1
0.47941068299331496,0.5145950375495328,0.2248619553277188,0.7366276585104158,2
0.5435829204797035,0.8979483399252377,0.18045964632649106,0.4121134419014884,1
0.5688048518414354,0.6456835811066168,0.07131195209684021,0.65032688653082,2
0.5211619035256618,0.7588859743982159,0.3144463351067267,0.6979441155878047,1
0.7519272512241381,0.6376311053070755,0.2669037413573998,0.8001200250961564,1
0.7694437833978754,0.5521483870726333,0.25738083442824217,0.8349227565763749,1
0.8675406904210747,0.7849779417542573,0.0862213798005471,0.6717222692017422,1
0.7000050479919809,0.9177689553110043,0.08127598164860966,0.39823781336097547,1
0.19077082837548404,0.7009695150927794,0.1997622073362483,0.2797221237167771,2
0.34037888785525244,0.16623947135047354,0.6254593232386327,0.7046464260709057,2
0.4053104875639112,0.9514531500821337,0.2252310508971073,0.13145475872227824,1
0.18491515767763522,0.7911744565888486,0.2142684213927241,0.16119734126226387,2
0.704678046282875,0.6227647083035545,0.24974002196997439,0.8236358511325095,1
0.3479364529923775,0.570266457621601,0.1964033859607556,0.6706675032052156,2
0.3333333333333333,0.5062328108453977,0.2579343916255627,0.8152877419824144,2
0.46891807109014993,0.7895467488877331,0.2477838326835678,0.6450348709275575,1
0.06070570927893035,0.8401852967479523,0.22811012557348095,0.4405648453767606,2
0.4423670755540171,0.21966570251490194,0.5198182092316971,0.808349927712158,2
0.34022744809582534,0.9463417737149529,0.30625282701876066,0.28853305691189973,1
0.5452985166114993,0.3932616643030604,0.3608072888620846,0.6877165225456232,1
0.6053191412644499,0.55501464936931,0.12675382859112155,0.8136410340343889,2
0.2303182398373104,0.03623614109793558,0.9032890343980873,0.6607927112032516,2
0.27535353972409116,0.6198984460068776,0.2416197471299029,0.6990025187084572,2
0.8088109094318124,0.6401082144981983,0.16635578434962414,0.8322185547887285,1
0.4783715177869603,0.6312811743443332,0.10017446744351348,0.5327477563490548,2
0.5489835507575593,0.5144416962585173,0.2812242875912723,0.7261609245569528,1
0.44890350402757645,0.6418893383274649,0.0696878971288259,0.4630240868545241,2
0.7955635361904968,0.414092581020554,0.3308721218256618,0.8557343808250815,1
0.5203441288247553,0.8098350963715216,0.23929437611734553,0.43280867817816454,1
0.8705478513582704,0.32938442714043564,0.3785986602623474,0.7556752775580348,1
0.5043731475672284,0.4553615194932029,0.5928317573825577,0.8459750675141166,1
0.27797128413704575,0.2319015741991491,0.7389622417989532,0.7246342417050837,2
0.7389683346674455,0.8404958708610387,0.1026471665194822,0.7061749274848377,1
0.6194535188109815,0.8589245155230929,0.1573868654015982,0.619284032115806,1
0.531231926385854,0.8920623992037329,0.17610011415770996,0.4018840302972439,1
0.5269577194614514,0.6054212021089105,0.10530510263424302,0.7227529392509343,2
0.2923364270312759,0.5270611082631423,0.24711956404678312,0.7835411949771316,2
0.5452985166114993,0.3932616643030604,0.3608072888620846,0.6877165225456232,1
0.5066739501979534,0.8801408434893563,0.2343481163977858,0.630568209716577,1
0.33393188095392623,0.1735173827956909,0.6302582548947812,0.7179328405030142,2
0.6868946916758613,0.7629122122979866,0.193561074374825,0.6946516089727851,1
0.8082195732283352,0.3862943269709295,0.38465117280892586,0.8761922947525391,1
0.7668116161506898,0.6281080797913542,0.2591156008357206,0.8285741564145229,1
0.7588285774037457,0.8783597196600897,0.06599607986731859,0.4646698855215181,1
0.3223287108149622,0.47959677751293744,0.3443427316001465,0.7621420842539803,2
0.7615977615761274,0.7523040483148549,0.1510758825683331,0.7754282259017795,1
0.5315751898405556,0.3486624732924972,0.42466237318801564,0.6873619029433427,1
0.3307155889203787,0.34486823051334536,0.5057186550929416,0.7721360829991726,2
0.6446141531272311,0.42121333448083603,0.3487367264738191,0.7047637233239678,1
0.3675154504611701,0.9352696194905836,0.30990587373726497,0.4644334724533311,1
0.12554356056508664,0.7919490209431724,0.22899601524974691,0.1045218545695918,2
0.5963841954582495,0.6662001818542397,0.027682167704137672,0.4215154077670786,2
0.7596290447035747,0.8360804798557141,0.09707713184138542,0.7234585413313692,1
0.6474338172194218,0.8209072505958906,0.22670751933142355,0.5719013975649454,1
0.34570812510366405,0.6310491792237144,0.12446205871583346,0.5343935550160488,2
0.2412940166872192,0.003562247658533124,0.9850130312102872,0.5392127444829373,2
0.7635376327802177,0.8660490108401592,0.053891054774161604,0.4175236640388444,1
0.7769725028665384,0.37003595924369587,0.3723609106769768,0.7767216236122098,1
0.8488270630061514,0.594191889899606,0.21552329463458764,0.9193467725069787,1
0.6029033165307315,0.5865285672056187,0.0850798027010145,0.783188393936914,2
0.6322826298595937,0.34811990405879206,0.5819027720938247,0.612937250516017,1
0.44449444360311247,0.6372419522015215,0.0692829603463502,0.4777180683233767,2
0.5570026465900814,0.6968646982005411,0.0031361061451310648,0.22221919128545053,2
0.7575377337400573,0.34889446841311594,0.3803304111831478,0.7913009083717504,1
0.6907672226669263,0.6126205345616602,0.3179141447864389,0.7955345208543605,1
0.7978423439990192,0.4143245761411728,0.3352273461563315,0.810584031206525,1
0.3269440177689318,0.5068520881431784,0.2918172615073126,0.8870127390272511,2
0.7890732607864772,0.5802534733785599,0.2966894264113555,0.8652581903488912,1
0.7208821005415774,0.5556320557386987,0.25553535658129967,0.8585558798657902,1
0.6367392856370205,0.694230431024483,0.006457449329054239,0.48301008392663913,2
0.7848762160252111,0.890359854366934,0.04377625088849163,0.3302781490675323,1
0.5315751898405556,0.3486624732924972,0.42466237318801564,0.6873619029433427,1
0.451589756903129,0.6363139717190464,0.08633338359144464,0.49535812033425164,2
0.21985447360260765,0.7336434085321819,0.251290412906283,0.3282777307982578,2
0.2215563680418839,0.6531149086799852,0.20186615546987743,0.4123498549696754,2
0.6746785510820731,0.9144424446298743,0.07570163913240142,0.3437991580057648,1
0.7832897042597841,0.8519534363341777,0.038904085984448715,0.4105858497685879,1
0.5275447288146594,0.6978712576754836,0.015796842354664303,0.24808823663129562,2
0.48150920537394803,0.6236141097935618,0.07064854502767787,0.4990043372705202,2
0.5184958426180328,0.8126976168114141,0.27399142740215826,0.47348991152695563,1
0.6448016499722361,0.8020894528282825,0.2343481163977858,0.4944124680615038,1
0.555568295725793,0.8768105909514419,0.21530187175565943,0.6259854333178755,1
0.9217921813815633,0.49879923815795874,0.2440928769896827,0.9024159597006647,1
0.3660082642840145,0.9571033538262357,0.210281948004394,0.061494676159560585,1
0.42893509003454267,0.6017017964654422,0.11899971999052278,0.6458532238558972,2
0.5509760653065934,0.646379566468473,0.05628621276412434,0.61504678250907,2
0.5307696745487456,0.4782033100465113,0.27487453421500424,0.8578511870663866,2
0.24882994757299753,0.2823081269387495,0.6687918668016455,0.6723133018722096,2
0.2144819678515025,0.6087477127900407,0.26199452904559845,0.6768960782709111,2
0.40415666082541885,0.4617862875916287,0.31880155943739635,0.8155223364885384,2
0.5181684442809856,0.4746395656452645,0.27096301720981325,0.8216363421442664,2
0.4635268156545443,0.5119624167904597,0.21400995110603746,0.8229302490520746,2
0.3304054979844089,0.9917155290798401,0.2672358756757921,0.08241723269410874,1
0.11192119363376095,0.8560582532264159,0.21102031145669548,0.2338579884885021,2
0.6710584196900532,0.34750249768940344,0.38520257608719066,0.7215772388772197,1
0.04861937419322271,0.8150998888668535,0.24601201886833093,0.4844194695254462,2
0.8633147999913463,0.5257447230464701,0.2366734874103431,0.8078798294188785,1
0.8065681587088679,0.37769928193768315,0.39262498115320826,0.9254571410385807,1
0.4136108286639408,0.5248156200069599,0.2605552803325651,0.9387417369086263,2
0.3340400522106599,0.655438601742957,0.21039265944385813,0.6594924393282231,2
0.43765008761871793,0.27526221061415096,0.469067568440778,0.8711366922174636,2
0.7866285903842964,0.41664826920414444,0.3106080513494303,0.78695090791711,1
0.4991843887242282,0.772588653941859,0.2673465871152562,0.7164043390890823,1
0.7576891734994844,0.36879366279135034,0.3989359639864734,0.8101139329132455,1
0.32375657140384656,0.2398754710062227,0.5260559588170677,0.7165216363421442,2
