0.7153076751112362,0.36345403316033487,0.383914532491869,0.7476799694481573,1
0.4816729045424716,0.82555089486505,0.14495013677386004,0.47419005792120167,1
0.5352241669010377,0.5419293761950555,0.2603355805888815,0.7368631622975713,1
0.7016853081799105,0.7406107458643129,0.20762444267344435,0.7142875328477772,1
0.546730704050653,0.661092547343843,0.02022529993322851,0.3824799730852814,2
0.7002502361739106,0.8976377658121514,0.07946668964180328,0.412931794829828,1
0.4111012555077198,0.43762886019300495,0.3487367264738191,0.8324540585758841,2
0.41519734042936773,0.6377845214352266,0.15159282314170633,0.48077325258917775,2
0.447893184489684,0.5168404883871475,0.2300295086910634,0.7562626731043763,2
0.45695144552856076,0.8418130044490677,0.32341525405475263,0.35932058521327187,1
0.07083775032631659,0.8631827485434823,0.20891636332306632,0.19811415114069303,2
0.35979202273038674,0.6590008494014901,0.1934503629353609,0.6669030797348536,2
0.5905645818459785,0.6500203931194738,0.31123268787558966,0.7378033588841302,1
0.5483864454203895,0.5528443724344895,0.12981670148835808,0.7767216236122098,2
0.3951856579336405,0.4325960628182917,0.411191763413531,0.8027060203497094,2
0.6803106678493391,0.6858673811118553,0.01280720270532233,0.5136983187393728,2
0.5569355804109065,0.6024015236840825,0.4391668641092468,0.827280249506715,1
0.49933799190879,0.4562894999756779,0.5736360307579641,0.7747228056775507,1
0.39118332143449513,0.5562532039648715,0.2124229435457816,0.7227529392509343,2
0.7259228811053661,0.3904739809988513,0.3391388631615224,0.7274566500268237,1
0.755273348765766,0.7497483601312643,0.14365778534042692,0.7443874628331378,1
0.6598518774924461,0.7696475545094987,0.22035884291468327,0.821871845931422,1
0.9040593066943585,0.573286136046429,0.22951274043121458,0.9526173654491393,1
0.1438245029530753,0.29825592055289674,0.712089947659767,0.7418005582985533,2
0.3307660688401878,0.177079630454224,0.6094772438451763,0.6981796193749602,2
0.7388313177422496,0.7308557252279727,0.19525922415835614,0.7215772388772197,1
0.3651212599787984,0.6362353927265788,0.16923772804618004,0.5425043418169253,2
0.8942662022514045,0.6559025919841944,0.15299717836603702,0.8753739418241995,1
0.7804123488306687,0.3914805404737939,0.3418355698192862,0.7833060549023886,1
0.4398639926732002,0.5168404883871475,0.21729510844982444,0.805998526964729,2
0.36118382623369316,0.46263943093842025,0.277610011415771,0.8104667339534629,2
0.8014336297225767,0.9046088450010664,0.047985008723372184,0.3446175109341043,1
0.6218477092933532,0.5478897798665654,0.12804187218644325,0.8522072797039381,2
0.3409485898073831,0.48974020288347486,0.31315398367329356,0.7365094519763222,2
0.6473040117113413,0.5153693293919108,0.4351821138561613,0.7463860625403493,1
0.38021475600170185,0.6438238782848825,0.17540224438365606,0.5609627467561399,2
0.32452819303521335,0.4907467623584175,0.343347620996403,0.8859488802204096,2
0.48150920537394803,0.6236141097935618,0.07064854502767787,0.4990043372705202,2
0.601936986637244,0.5095619408262768,0.507342710060956,0.7087609227383906,1
0.1586151194571245,0.3285312837936441,0.6759558015809767,0.7289851514407558,2
0.48351181590694386,0.491056588100147,0.5579511921941973,0.843036271220346,1
0.5542594235193158,0.6562131660972808,0.03499256897925778,0.409167371359466,2
0.7620448694372931,0.5423147874438254,0.3006397139595494,0.8358638624439655,1
0.2137103462201357,0.6247778272534397,0.2652060223576798,0.7178146339689208,2
0.800849504936215,0.6494778238857686,0.2589678419884981,0.8131709357411094,1
0.37552012345946106,0.928223703165985,0.36497727615396214,0.33274230066286586,1
0.451377741239931,0.9404558329934481,0.2115002046223103,0.13627394818916677,1
0.2042994468843072,0.6922958910670653,0.20655394490275059,0.3029997181228802,2
0.808630624003923,0.8417344254566002,0.09751653132875267,0.7229884430380897,1
0.028203852339023127,0.7695689755170311,0.2572701229887781,0.08724551497131212,2
0.753311843310329,0.8418878415847513,0.09884765330518881,0.7252225465324568,1
0.5619987163677534,0.5870673945825398,0.09375148081935082,0.7586149831328368,2
0.3101053588040586,0.9420835406945635,0.3371098714110324,0.26995644543859165,1
0.763393404437906,0.5617499915808223,0.31374415749456136,0.9731943951917219,1
0.863660948012894,0.6055746182370616,0.22013742003575507,0.9249843149022068,1
0.4783715177869603,0.6312811743443332,0.10017446744351348,0.5327477563490548,2
0.32375657140384656,0.2398754710062227,0.5260559588170677,0.7165216363421442,2
0.8120704699680534,0.7704221188638227,0.17255907123010317,0.8464460750884275,1
0.451695764734728,0.6426639026817889,0.0775497016822108,0.45384944124680604,2
0.38558726175280705,0.5552466444899288,0.6080728886208456,0.8636123916818971,1
0.6467631554276732,0.8055768633511322,0.22046955435414736,0.4974767451376197,1
0.7114279327030555,0.9214097819620053,0.09216619639433953,0.4155232457695699,1
0.451089284555308,0.8733269222853765,0.06459172464298792,0.0950016821699082,1
0.40770467804628285,0.9831990630390613,0.2574915458677063,0.09088263909726574,1
0.8033013867555112,0.532945926427612,0.2995325995649084,0.860555388854033,1
0.18298970930777606,0.2978705093041269,0.6966980420875784,0.7292197459468797,2
0.8372455271185341,0.6348434220028664,0.13701509897258063,0.8042345217636415,1
0.5902617023271244,0.5465733946498932,0.4627178150645098,0.7254571410385807,1
0.4053104875639112,0.9514531500821337,0.2252310508971073,0.13145475872227824,1
0.5489835507575593,0.5144416962585173,0.2812242875912723,0.7261609245569528,1
0.2276139584189689,0.0346870123892878,0.77893467163504,0.49218472953435716,2
0.10940440906042441,0.7520720531942361,0.2663872315678377,0.1749547632686834,2
0.4718156184871889,0.5817277649515242,0.13092381588299912,0.7153459359684297,2
0.3390159300204083,0.9785516769131178,0.25804510306502687,0.08770924829737126,1
0.5843267060410041,0.607202325938177,0.33622245676007495,0.7617892832137628,1
0.7946404747997029,0.9326353523145255,0.05853921209640943,0.3822435600170944,1
0.7072957906958297,0.5401467556230753,0.40646606500527716,0.7514425743564563,1
0.7499729571858166,0.3542378399009156,0.4872251060805135,0.793887812906335,1
0.5257447591026113,0.8013934674664263,0.27029961014065096,0.6978268183347427,1
0.3853276507366462,0.24908792240885771,0.4771490727378465,0.7924775180264964,2
0.5196316408137363,0.38970315850131154,0.28694509660326967,0.9006519544995771,2
0.4962190540063028,0.2735559239205679,0.5877355848967196,0.6389154095856405,1
0.6205568656296649,0.548896339341508,0.14284360393736403,0.8368040590305245,2
0.8872999733177566,0.6644227998817573,0.16063497533762683,0.869136273948189,1
0.6225111596679863,0.6012378062242045,0.3673035087341418,0.7940060194404284,1
0.3206196049585704,0.16554348598861726,0.6496349107200552,0.7517953753966738,2
0.1736725583944501,0.03824926004782092,0.9478406961466389,0.4847740891277267,2
0.800272591566969,0.4233836114156567,0.32596118637861593,0.8711366922174636,1
0.37647924193583276,0.6183493172982297,0.19658776143192538,0.5633177846276949,2
0.7101154547880204,0.5369721643273826,0.2855450492170505,0.8875946788874037,1
0.5232899927164687,0.48935292070631287,0.2655011092683137,0.8042345217636415,2
0.5894323893588329,0.8117696363289392,0.27480130096710964,0.5186357147403547,1
0.5052299360347302,0.5724329926996374,0.16702349925689794,0.7080562299389872,2
0.4303557392063114,0.27920986952145394,0.4584013612768433,0.8504432745028505,2
0.40275043448788117,0.8566794014525889,0.30278070950093694,0.3113469179919437,1
0.24784198342816344,0.29183115245447094,0.662446421263489,0.7019413150022277,2
0.6684983666140233,0.6686024539096792,0.020781011049604763,0.5853041999690843,2
0.23562584283437535,0.6095222771443647,0.26361858401361277,0.7490902643279959,2
0.8777953255594257,0.8397998854991824,0.10316410709285545,0.6400974749265755,1
0.8396613518522525,0.725901506845727,0.13623968811252074,0.7948289187739254,1
0.5315780744074018,0.3486624732924972,0.42466237318801564,0.6873619029433427,1
0.20907340501481944,0.6192024606450213,0.2571223641415556,0.7118179255662548,2
0.7500667056083191,0.8821539624392416,0.06311844400887416,0.43962828591432745,1
0.7563766955844493,0.6257843867283824,0.2719624356516682,0.8269274484664976,1
0.36446502102128087,0.5527676643704139,0.21541258319512355,0.7135819307673422,2
0.7738932277581868,0.8853270569922207,0.05200852951946066,0.38024314174782,1
0.5761504013153625,0.49399881008954266,0.5374631141361708,0.7158160342617093,1
0.34256394724127237,0.2438231299135257,0.5706076205656191,0.8610254871473126,2
0.4724408483511095,0.6218329859642951,0.07075624098046396,0.49535812033425164,2
0.7664510452949109,0.39953301627333515,0.3487367264738191,0.7995317202687834,1
0.704678046282875,0.6227647083035545,0.24974002196997439,0.8236358511325095,1
0.8011956529577627,0.40549753598730764,0.32245460615590066,0.822812042517981,1
0.35813339679380396,0.9203246434945949,0.3416115622374911,0.33745237640597575,1
0.7740951474374229,0.36724827593948667,0.4148448101320352,0.9001791283632031,1
0.5918049455898579,0.6579157109340797,0.014874964998815342,0.4052938341653254,2
0.4783037304660739,0.5095619408262768,0.23032481099360289,0.7691965592805768,2
0.7613597848113134,0.8966312063372087,0.043517780601804994,0.3246315138619893,1
0.6626210616648277,0.7428558599348168,0.20282594180110713,0.5744837556943724,1
0.7890732607864772,0.5802534733785599,0.2966894264113555,0.8652581903488912,1
0.4136108286639408,0.5248156200069599,0.2605552803325651,0.9387417369086263,2
0.46956277178028255,0.5117301597398661,0.21832855881275984,0.8720732516798967,2
0.5254267356078143,0.5704984527422198,0.16657979193141922,0.7240468461587423,2
0.36776785006021534,0.5294615093901897,0.17215413444762748,0.7022941160424452,2
0.5587261752807045,0.3096386488903523,0.5868524780838736,0.5161715631450212,1
0.4236996012086335,0.4620968617047151,0.3536821246257566,0.8373923638578975,2
0.9136360686238453,0.8927621264223733,0.04277683244663667,0.43045364030660954,1
0.5614210818567957,0.9333350795331661,0.16816507635643052,0.40693963283231943,1
0.4036013817075193,0.19961309200851649,0.6088870700239085,0.865375487601953,2
0.2990141992803006,0.06557978199942373,0.7409912335494433,0.5267465015412313,2
0.8205583079130879,0.38126152959621623,0.38660693131152135,0.845387671967775,1
0.753686837000339,0.7176132940687827,0.11903849053352575,0.6954745083062822,1
0.46791640525279626,0.21889113816057804,0.5170138066211472,0.844916664393464,2
0.4987315117293699,0.9015891665762384,0.06780537187412498,0.22092801222073702,1
0.7801238921460456,0.7839713822793146,0.16225903030564112,0.8137592405684825,1
0.7010939719764331,0.6326731450680457,0.2423947272061516,0.830454549587641,1
0.45245584809870987,0.6448304377598253,0.07950546018480627,0.46560644498395115,2
0.7716432656181266,0.7281466209162311,0.15380705193098845,0.7556752775580348,1
0.6029033165307315,0.5865285672056187,0.0850798027010145,0.783188393936914,2
0.5502642984372859,0.9184686825296449,0.16790660606974392,0.3837711521499949,1
0.7995081813527177,0.9334884956613171,0.039972429836086766,0.34626330960109836,1
0.703704504972272,0.3581892406650028,0.40827535701208345,0.7927121125326204,1
0.5526325278180415,0.6529614925518341,0.052081762767355225,0.588950416905353,2
0.5270442564668383,0.5427795260564197,0.19847028668662633,0.7804841012211644,2
0.3710418334306874,0.26132379409310486,0.4550024770069141,0.7476799694481573,2
0.33224440934888116,0.16925914977530146,0.6150860490662762,0.7318066504814643,2
0.32097296439723366,0.5114205210909758,0.28284834255928665,0.871964137956118,2
0.15125226258212,0.6388696599026369,0.27350894953367655,0.6459714303899906,2
0.28335821272238204,0.2593892541356872,0.6903870592543132,0.6847795448139156,2
0.0821164066950796,0.76113108846872,0.25686389385486896,0.16989916073360786,2
0.8031283127447375,0.4043338185274297,0.3297650074310208,0.8458577702610545,1
0.3429822094339759,0.31149835171208656,0.4777392465591143,0.8574983860261691,2
0.47533911688986,0.4641885596470681,0.5329614233097121,0.7406248579248389,1
0.5753420014567062,0.8387147470317722,0.15727916944881212,0.6586740863998836,1
0.702154050292423,0.7697261335019664,0.2103556120360997,0.818109241023123,1
0.45423706812625747,0.503058219549705,0.20928554504921704,0.7984733171481309,2
0.44485068760862195,0.5141304486112098,0.21902987485730288,0.8279858515871501,2
0.5258889874449229,0.8643427241465761,0.06887371572576304,0.20857997581312454,1
0.43866112829832193,0.26418631453299757,0.44249251513128135,0.8071742273384435,2
0.790969863487874,0.7409998989698667,0.14088784543476857,0.7713130018094692,1
0.27797128413704575,0.2319015741991491,0.7389622417989532,0.7246342417050837,2
0.7436773900439175,0.7747589308766796,0.18267387511577315,0.7985915236822244,1
0.3678688098998334,0.1903968987490973,0.6220992095117065,0.8627885830673686,2
0.5570026465900814,0.6968646982005411,0.0031361061451310648,0.22221919128545053,2
0.22692887379298904,0.6665107559673261,0.2147112671505805,0.5787210053011084,2
0.2502938652474598,0.04792944354847759,0.8690718762788894,0.7345108522691108,2
0.3340400522106599,0.655438601742957,0.21039265944385813,0.6594924393282231,2
0.4638635888338417,0.3656205682383713,0.3072867081655072,0.831983051001573,2
0.8559447316992261,0.6301960358769229,0.2572701229887781,0.850678778290006,1
0.35666947911934177,0.24947707551441176,0.5128438193292697,0.7466215663275048,2
0.7547973952361379,0.5098717665680064,0.2623266633639908,0.8037644234703619,1
0.5736862600869697,0.6402616306263493,0.05300364012320419,0.6250488738554425,2
0.3516936013095933,0.6284149120476563,0.12375988110366815,0.5568527964938123,2
0.8746078791943405,0.638095095548313,0.17300277855558188,0.8790110659501532,1
0.43488450915489407,0.508245929795283,0.1886889094707821,0.7775446684306718,2
0.5503695851271733,0.7932624126744173,0.28093135459969415,0.5081698900679232,1
0.7806503255954828,0.8915235718268119,0.06027527085532128,0.4375096611109595,1
0.8999920674411729,0.8696075166419082,0.014836194455812362,0.4208152613728325,1
0.19077082837548404,0.7009695150927794,0.1997622073362483,0.2797221237167771,2
0.24882994757299753,0.2823081269387495,0.6687918668016455,0.6723133018722096,2
0.7265791200628836,0.4183508140409434,0.3275852413466302,0.8048228265910146,1
0.807318146088888,0.36809767742949406,0.35106295905399876,0.7756634569046256,1
0.46309340948589806,0.5362754305941695,0.21109397548840117,0.7168744373823618,2
0.7506364075604497,0.3213319513408943,0.38682663105520493,0.6733680678687362,1
0.8177025867353193,0.8003869079914836,0.12487130333642063,0.6898315102248651,1
0.569999062515775,0.616261361212661,0.4125573480948586,0.8270447457195595,1
0.6993848661200412,0.9159129943460544,0.08519180649191205,0.406585013230039,1
0.7304083825512551,0.4186613881540298,0.32382019083722835,0.8054111314183874,1
0.3539940433694625,0.5740607004007529,0.2240868029379456,0.6185747929112451,2
0.39912309167874577,0.5873031315599426,0.5355805888814699,0.8583212853596661,1
0.2303182398373104,0.03623614109793558,0.9032890343980873,0.6607927112032516,2
0.34022744809582534,0.9463417737149529,0.30625282701876066,0.28853305691189973,1
0.3304054979844089,0.9917155290798401,0.2672358756757921,0.08241723269410874,1
0.4736062133569867,0.3526138740565844,0.31344691666487173,0.845622266473899,2
0.7585689663875849,0.5096393972617091,0.33670493462855666,1.0,1
0.5436507078005899,0.7221821012022587,0.3043315312210567,0.7343935550160487,1
0.6261601367284686,0.6744098156387163,0.016533482671721195,0.5352119079443883,2
0.3287396606307106,0.236623797460776,0.5248023779266375,0.7186375333024178,2
0.5163490037427255,0.530003330252538,0.18540375212699506,0.8162279385689735,2
0.7725086356719959,0.6274083525727137,0.26439399487367266,0.805175627631232,1
0.6660753304631893,0.6856353859912366,0.013358605983587148,0.5294561590150667,2
0.2999372606710945,0.6611673844795264,0.2195834320546234,0.6711403293415895,2
0.8136425588992492,0.42237705194071407,0.29698666724104505,0.8423306691399111,1
0.6446141531272311,0.42121333448083603,0.3487367264738191,0.7047637233239678,1
0.6587124735881849,0.260549229738781,0.5923148168091843,0.7225183447448102,1
0.28314187020891474,0.19248859669145024,0.6774678527580934,0.8656109913891086,2
0.596153430110551,0.8438261233989531,0.13236263381222135,0.7039408239904706,1
0.5707591458797568,0.8631041695510148,0.19393025610097575,0.5774298262363948,1
0.35470797366390466,0.5595797146460016,0.20378572813233678,0.7034698164161597,2
0.5276312658200463,0.8603164862468055,0.08614814655265256,0.3367431372014148,1
0.5077425235633054,0.5205570128008921,0.2192512977362311,0.778014984951399,2
0.20921763335713098,0.6449090167522928,0.2071075021000711,0.42375223910453996,2
0.6122493131125197,0.33278951681403346,0.5871109483705603,0.5855406130372713,1
0.7290237904650643,0.35029018099361264,0.3924397441144162,0.7029997181228802,1
0.6534553505109288,0.5461861124727313,0.4274667757985655,0.9064077034288986,1
0.7578478246760272,0.7724352378137079,0.18219139724729147,0.7107604317266337,1
0.7916910051994317,0.895624646862266,0.06300644021797662,0.41199523536739496,1
0.350727271416106,0.27409849315427304,0.48766881340599216,0.7583794793456813,2
0.36559000209131093,0.6232286985447919,0.1282658797682383,0.5615537794266073,2
0.40365907304444393,0.5955876024801027,0.20736597238675772,0.625630813715595,2
0.41848574663407107,0.2706148244882075,0.4351433433131583,0.7742524345999618,2
0.8697401726413259,0.8370870393306566,0.10117388588536844,0.6607927112032516,1
0.6886110089493687,0.5587303131559943,0.3967949684450858,0.7887149131181974,1
0.7318218203059083,0.8723951999461173,0.044478428500656975,0.4132864144321085,1
0.8699493037376775,0.8175769980579763,0.09626295043832254,0.6212844503850804,1
0.7769725028665384,0.37003595924369587,0.3723609106769768,0.7767216236122098,1
0.42492554211828165,0.5638416895231753,0.5594632433713141,0.83421715449594,1
0.7848762160252111,0.890359854366934,0.04377625088849163,0.3302781490675323,1
0.4336152997425524,0.2763436072247771,0.4657462252568549,0.849973176209571,2
0.7287353337804412,0.39070971797625415,0.4487302647166519,0.8524418742100621,1
0.5776330686743252,0.7844353725205522,0.28284834255928665,0.5539067259517899,1
0.05485003858108152,0.7647681732629366,0.25036767398281173,0.13980195859134179,2
0.5920357109375564,0.8579965350406178,0.13782497253753206,0.7039408239904706,1
0.5211619035256618,0.7588859743982159,0.3144463351067267,0.6979441155878047,1
0.2550029206239318,0.04514176024426836,0.8808107351325737,0.7088791292724842,2
0.5612480078460218,0.5801000572504088,0.09002520085295196,0.7640233867081299,2
0.521595309694308,0.8569899755656752,0.06724966075774873,0.24785182356310861,1
0.20871283415904057,0.7818834261937458,0.2241237211105607,0.19376778781017842,2
0.2714593744816794,0.5828091615621505,0.23549227820018526,0.5596715676914263,2
0.7907535209744067,0.39388281252923324,0.3766773644646434,0.8533829800776526,1
0.8480770756261313,0.8901278592463152,0.057617334740560466,0.42645280376806055,1
0.34858548053277955,0.1746025212631012,0.6153832898959657,0.7514425743564563,2
0.7578334018417959,0.36298630106231317,0.4124453443039611,0.9174645607717977,1
0.555067823377972,0.7092539860129393,0.27369418657246863,0.7389790592578448,1
0.23341914919700868,0.6061957664632344,0.25704870010984987,0.6784236704038117,2
0.9122803222061167,0.9008146022219146,0.020927477545393855,0.3814252070887549,1
0.6960820370811068,0.8150213098743858,0.2175535787365111,0.6171654073124381,1
0.800272591566969,0.5303906124296999,0.2904516768259849,0.8366867617774625,1
0.7005098471900713,0.7270614824488207,0.25915264824347906,0.641861480127663,1
0.735290511938501,0.32187452057459953,0.5119951752213152,0.829514353001082,1
0.5459511498604591,0.5514512791537416,0.401076959527861,0.6819516808059867,1
0.5224138055369261,0.5871459735750074,0.0862989208865531,0.7211071405839402,2
0.8183876713612992,0.8224563793045385,0.10785534279621772,0.6469170826627385,1
0.7972077392928485,0.8950820776285608,0.05813427531393372,0.40693963283231943,1
0.7923977240767583,0.7717392524518516,0.16119068645400308,0.7265155441592333,1
0.2976512414454564,0.6670533252010312,0.20803024102354234,0.4105858497685879,2
0.3106894835904203,0.5324037313795852,0.3327891097852543,0.7970630222682925,2
0.5556937743836041,0.5136658970914547,0.2196204794623818,0.7985915236822244,2
0.8000418262192703,0.5091750328347933,0.2472668921101945,0.8238704456386335,1
0.17776864331609804,0.6445198636467387,0.25645809550477094,0.6911245078516417,2
0.8545385053616885,0.5989141131612329,0.2163723695263532,0.9185193267683243,1
0.5203441288247553,0.8098350963715216,0.23929437611734553,0.43280867817816454,1
0.8037773402851394,0.33550236298255925,0.3719904365993926,0.7325122525618992,1
0.3675154504611701,0.9352696194905836,0.30990587373726497,0.4644334724533311,1
0.2923364270312759,0.5270611082631423,0.24711956404678312,0.7835411949771316,2
0.5419942452891418,0.641114773973141,0.03358821375492709,0.40964019749584,2
0.5509760653065934,0.646379566468473,0.05628621276412434,0.61504678250907,2
0.9360058845163663,0.7461075334802636,0.11612208413207832,0.7440346617929203,1
0.6671426201962948,0.7943475511418276,0.17049130893661016,0.4770179219291307,1
0.587521363823205,0.7938835609005902,0.245421414263252,0.5014684888658537,1
0.661250892412868,0.7097179762541769,0.1503004717082732,0.6703128836029352,1
0.1324881552473876,0.7869910607041426,0.23076774290822155,0.1134600871091228,2
0.4801520166727964,0.4761886943539123,0.574557908113813,0.8223419442247015,1
0.774232164362619,0.36763368718825656,0.41133822990932,0.8825390763523282,1
0.42715387000699506,0.6401867934906659,0.1697546686195533,0.599298035043691,2
0.3740345715336521,0.15602046047289583,0.5627113533073427,0.6884203060639952,2
0.8225414476198717,0.39922618401703297,0.33005794042259895,0.8486792693017631,1
0.3112231284569731,0.6620991068187856,0.20651689749499216,0.4465570073742691,2
0.6479458278346277,0.75470257851351,0.2316905249100739,0.830102657828455,1
0.7571050487131226,0.871699214584261,0.05492062808279667,0.45043963737872456,1
0.5359683851473652,0.5100266794388711,0.22633838068365392,0.809172827045655,2
0.2487073534820327,0.523963973402882,0.25841428479117756,0.7469743673677224,2
0.7836286408642161,0.39906902603209765,0.3334180541495251,0.8245760477190685,1
0.4991843887242282,0.772588653941859,0.2673465871152562,0.7164043390890823,1
0.4908090488861966,0.8641893080184249,0.3195037370495617,0.37907016921719994,1
0.7820637633501359,0.5458766609166801,0.31835785211191764,0.8704274530129026,1
0.8733891497018079,0.5233446961051013,0.2364520645314149,0.8872491520954381,1
0.4271178129214172,0.9167623958360618,0.3179141447864389,0.2634914573047091,1
0.6563687630256221,0.4782033100465113,0.4522368449393672,0.7506187657419278,1
0.443358645407409,0.635075417123485,0.14923212785663514,0.5094701619429517,2
0.5396555827185601,0.6257058077359147,0.41392293277618625,0.8423306691399111,1
0.7146009562339095,0.88958529001261,0.0896547267753678,0.4945306745955972,1
0.41408678219356887,0.8995760476263532,0.10050617097809467,0.2440874000927466,1
0.29010088772544695,0.5818811810796753,0.25948478256187135,0.7360393536830429,2
0.8431661005704232,0.3346492196357677,0.3765653606737459,0.7543813706502268,1
0.6262899422365489,0.6281829169270375,0.23755960970986711,0.7639051801740363,1
0.7099928606970556,0.8553622678645597,0.08268033687294032,0.6843067186775416,1
0.5720110478910211,0.6000778306211109,0.09397548840114589,0.7664920847086207,2
0.7329684356272851,0.39798762942147153,0.3106812845973248,0.7432117624594233,1
0.205258565360679,0.2092146965167055,0.7502186227841557,0.6316320685234185,2
0.1384952657046636,0.3166097280792675,0.6750683869300191,0.6807787082753667,2
0.7005170586071868,0.6300426197487717,0.243723695263532,0.8305727561217345,1
0.6586331479999133,0.5506770889850963,0.42377495853705816,0.8894768906225847,1
0.6805630674483844,0.8711566453505558,0.09080061171301183,0.5037053202033153,1
0.5586684839437798,0.5217959415821319,0.15078294957675492,0.8101139329132455,2
0.6952527241128155,0.6470007146946458,0.2605552803325651,0.8510315793302236,1
0.29393015021381846,0.12899677077759528,0.6061171301182502,0.5850677869008974,2
0.3876785727163245,0.50414223546008,0.28905162943976564,0.7795435409221928,2
0.2938580360426627,0.018192907684651285,0.8080987356495143,0.5383943915545977,2
0.6414843980990704,0.7453367109827239,0.27155319103108105,0.591769188102967,1
0.6931542017321823,0.35044359712176376,0.48556658840760764,0.7843641852387316,1
0.32505462648465044,0.4864106987169173,0.3724686066297629,0.7774270983933003,2
0.2921056616835774,0.26744172993522847,0.6004350916492559,0.9427425734471754,2
0.6983247878040514,0.7992269323883897,0.21541258319512355,0.625630813715595,1
0.5452985166114993,0.3932616643030604,0.3608072888620846,0.6877165225456232,1
0.7112620701093972,0.7889293425183445,0.19245395998018394,0.6064722623821344,1
0.26655561084308677,0.49647666765202225,0.3411333922071209,0.8261045491330006,2
0.7832897042597841,0.8519534363341777,0.038904085984448715,0.4105858497685879,1
0.48778746511476967,0.821756652085898,0.09271759967260432,0.5474417378179074,1
0.704079498662282,0.7791705800252202,0.20238309604325072,0.8152877419824144,1
0.3878588581442139,0.6384056696613994,0.12992439744114417,0.5751929948989334,2
0.39438519063381144,0.5551680654974612,0.19703103797359295,0.7010011184156687,2
0.8256567798138011,0.5127367192148088,0.3156654532922653,0.8801931312910881,1
0.4430701887227859,0.34750249768940344,0.3225278394037952,0.8234003473453541,2
0.46134175626852436,0.34301226954839525,0.5872918775712408,0.5308655446138737,1
0.6704238149838825,0.8184301414047679,0.21700002153919054,0.47995489966083815,1
0.4070844961743432,0.6395656452644931,0.16772136903095183,0.5958882311756094,2
0.6227851935183782,0.6914427477202738,0.28698386714627266,0.7847169862789493,1
0.620859745148519,0.8120016314495578,0.22526796906972238,0.5800121843658219,1
0.8882807260454751,0.5205570128008921,0.2329454843086997,0.8812478972876145,1
0.3875704014595908,0.2476959516851452,0.5677299847071747,0.8652581903488912,2
0.6930099733898708,0.6468435567097105,0.25416934111616085,0.7402720568846213,1
0.49835651803935993,0.44885817240230946,0.5866284705020786,0.8092910335797485,1
0.2412940166872192,0.003562247658533124,0.9850130312102872,0.5392127444829373,2
0.6032710988036258,0.6387162437744858,0.23789174402825944,0.7663747874555589,1
0.6521140269274315,0.5851328546251221,0.3418355698192862,0.8203433445174899,1
0.3588545385053617,0.5547040752562237,0.20777220152066686,0.6774871109413786,2
0.46896566644311277,0.32202793670275065,0.37590195360458356,0.7820126935631996,2
0.6217683837050819,0.33921802676924345,0.5688370991018157,0.636451257990307,1
0.42630292278735693,0.5844368692632659,0.16923772804618004,0.651736272129627,2
0.7594631821099165,0.7656998956021958,0.17584164387102333,0.7420360620857087,1
0.38783001247575166,0.4641885596470681,0.31374415749456136,0.8248115515062241,2
0.6857624991887156,0.5674787743173918,0.3014883580675038,0.814934940942197,1
0.4510885634135964,0.8733269222853765,0.06459172464298792,0.0950016821699082,1
0.8858432670604101,0.9097164795114633,0.050345704008443376,0.3881266082908244,1
0.5073382010398864,0.8631041695510148,0.2099498136860017,0.5987070023732235,1
0.8605167701505023,0.38970315850131154,0.37505330949662913,0.8764287078207261,1
0.4580201775450894,0.4966315805228871,0.21245956016972883,0.820460641770552,2
0.7377856622604907,0.38761146055895856,0.34722467529670237,0.7588495776389608,1
0.7899530536745777,0.6266337882183898,0.26771576884140696,0.8323358520417905,1
0.6185737259228812,0.8587673575381576,0.12985116419324963,0.7104076306864162,1
0.8572355753629146,0.8188941316460053,0.10058371206410065,0.6433890722605635,1
0.5452985166114993,0.3932616643030604,0.3608072888620846,0.6877165225456232,1
0.5269577194614514,0.6054212021089105,0.10530510263424302,0.7227529392509343,2
0.551139764475117,0.5876885428087125,0.08604045059986647,0.7477972667012194,2
0.29105279478470314,0.05745246906419901,0.742727292308355,0.5808396301044764,2
0.8534495813772365,0.5792469139036173,0.22548943502703167,0.9129908980968747,1
0.38334451102986244,0.28997144963273674,0.4535291963728003,0.8041172245105794,2
0.9298401228825476,0.7170744666918618,0.12416912572425529,0.7716657119215835,1
0.6048359763177062,0.5241963427091791,0.146793891485558,0.8978240904916481,2
0.8078662137896718,0.935191040498116,0.0720485924138971,0.406112187093665,1
0.3778133541022146,0.9599696161229124,0.31584638249294594,0.2978259090537112,1
0.8420988108373176,0.402788431675566,0.34305038016671335,0.8874764723533102,1
0.7320237399851445,0.6318237435780384,0.26254851702673015,0.816698036862253,1
0.4575391760234804,0.4492435836510793,0.21286578930363798,0.7660219864153412,2
0.29990841500263216,0.5816491859590566,0.25741745105218944,0.7350991570964837,2
0.36372945647549193,0.26813771529708474,0.435587050638637,0.7390963565109068,2
0.2104075171812013,0.6572197255722235,0.19957783186507852,0.397173954554134,2
0.6474338172194218,0.8209072505958906,0.22670751933142355,0.5719013975649454,1
0.38736127036323903,0.43716486995176745,0.2959527860942986,0.8419778680996935,2
0.6533399678370796,0.5826557454339992,0.10028647123441102,0.7963574201878574,2
0.7620881379399866,0.5633739574251535,0.3107545178452194,0.9408603617119942,1
0.02087705254959648,0.8452966731151332,0.22504650311241306,0.4385644271074861,2
0.7722562360729507,0.6763443555961339,0.25180735347965627,0.8079971266719406,1
0.2244481463052304,0.2878049145547003,0.6626273504641697,0.6850068650717878,2
0.7309131817493456,0.40619352134916387,0.3234884873026472,0.7975331205615719,1
0.1423894309470754,0.32125337234842677,0.6768776789368256,0.6984142138810842,2
0.34570812510366405,0.6310491792237144,0.12446205871583346,0.5343935550160488,2
0.6327153148865283,0.5023611116308134,0.40823658646908056,0.6871273084372186,1
0.2930359344914869,0.6030975090459388,0.2504047213905702,0.7407430644589322,2
0.554143319703755,0.6324411499474268,0.4126650440476447,0.8360984569500896,1
0.21919823464509006,0.01029758987004531,0.9892217890451677,0.4753721232621366,2
0.6167203917241777,0.5168404883871475,0.4962327955715425,0.7496785691553689,1
0.7578045561733336,0.5569491893267278,0.30278070950093694,0.8990061558325833,1
0.7374178799875963,0.7859845012291999,0.18156676072113212,0.5416859888885858,1
0.6034874413170932,0.5540080898943675,0.4713938010209576,0.7396846613382797,1
0.8633147999913463,0.5257447230464701,0.2366734874103431,0.8078798294188785,1
0.8030129300708884,0.7179238681818693,0.14923212785663514,0.7987088209352865,1
0.718141762037658,0.9206352176076813,0.08367544747668383,0.4024659701573965,1
0.35713822123185424,0.9204818014795302,0.32939453335343655,0.46631568418851205,1
0.11543315376904714,0.7861416592141353,0.23242854373532643,0.08947325349845876,2
0.5679005401351419,0.7975206456948066,0.2557197320524695,0.6931231075588532,1
0.6173045165105395,0.7284534531725333,0.231801236349538,0.7748403757149221,1
0.8436132084315889,0.8012400513382751,0.12328171107329787,0.6646662483973921,1
0.7572853341410121,0.9311648025983454,0.04661942404204451,0.3141656891895578,1
0.6788755958433392,0.7956646847298566,0.228405410644668,0.6189294125135255,1
0.38653916881206324,0.2604706507463133,0.5352876558898917,0.8984151231621157,2
0.6809669068068567,0.8655812787421373,0.08312404419841904,0.4724260527201142,1
0.7623116918705696,0.5421598745729607,0.3117496284489629,0.9534448111877938,1
0.555568295725793,0.8768105909514419,0.21530187175565943,0.6259854333178755,1
0.48831534084763,0.6376311053070755,0.07452129148986582,0.49641288633077824,2
0.42893509003454267,0.6017017964654422,0.11899971999052278,0.6458532238558972,2
0.5911847637179182,0.7548597364984453,0.29451396816507636,0.8405666639388235,1
0.18335028016355492,0.6436704621567314,0.2519546815430676,0.6711403293415895,2
0.5481751508989032,0.5037549532829181,0.23560298963964935,0.8178737372359675,2
0.6328162747261464,0.663337661414347,0.023473409869257122,0.5497967756894624,2
0.44759463182109915,0.5454893787395182,0.15702069916212552,0.7597906835065513,2
0.6322826298595937,0.34811990405879206,0.5819027720938247,0.612937250516017,1
0.5767951020054951,0.6078983113000332,0.4197514377409697,0.796944815734199,1
0.3333333333333333,0.5062328108453977,0.2579343916255627,0.8152877419824144,2
0.31320626816375685,0.9718163347016057,0.25686389385486896,0.0,1
0.28438223395279405,0.12396397340288196,0.6142029422534301,0.5642543440901279,2
0.34338604879244816,0.5039098661537829,0.28521334568246925,0.9024159597006647,2
0.5748797496195978,0.3732876327891426,0.42772524608525214,0.7503841712358038,1
0.36998175511469755,0.2848600732655558,0.46921403493656705,0.8214017476381424,2
0.36684478866942144,0.25435271490418976,0.4662976285351197,0.7655518881220619,2
0.3604266274365575,0.5612860013395847,0.23571370107911346,0.6780690508015311,2
0.46023408259957166,0.3946573768835572,0.39166433325435634,0.8848941142238832,2
0.24898138733242467,0.2694548488851138,0.6811208994765977,0.7623766787601044,2
0.7918352335417433,0.5501352681227479,0.26155168328774203,0.8388026587377361,1
0.39475297290670586,0.24428712015476317,0.5100394167187198,0.765669185375124,2
0.39553901737230385,0.14564429161038286,0.5770306071897818,0.6790147030742791,2
0.45181114740857725,0.520247561244841,0.22637529885626897,0.7450930649135729,2
0.7437783498835356,0.5821131762002941,0.3188747926852909,0.8330414541222254,1
0.3393692894590716,0.9629107155552729,0.36054881857539794,0.28230448184620416,1
0.5724249832334553,0.8063476858486718,0.10936739397333449,0.6012984533129654,1
0.531231926385854,0.8920623992037329,0.17610011415770996,0.4018840302972439,1
0.6209895506565996,0.75284661754856,0.21984190234131,0.5581439755585258,1
0.5819974183126726,0.8808368288512125,0.16875525017769832,0.6149376687852914,1
0.6806856615393492,0.5241963427091791,0.436547698537489,0.9079352955617992,1
0.7079087611506537,0.7719712475724704,0.18174768992181276,0.7841290451639888,1
0.5315751898405556,0.3486624732924972,0.42466237318801564,0.6873619029433427,1
0.3269440177689318,0.5068520881431784,0.2918172615073126,0.8870127390272511,2
0.7094736386647341,0.5947344591333111,0.30691623408792296,0.8121125326204569,1
0.6391190532851612,0.7681770047933185,0.22814703943825793,0.8131709357411094,1
0.8161665548897014,0.4161056999704394,0.3197966700411399,0.863141384107586,1
0.3632751371972106,0.49686357564350586,0.2851401124345747,0.9276939723760423,2
0.598814443026199,0.6811451578502284,0.17027160919292655,0.6179928530510925,1
0.19823464509010666,0.6404187886112847,0.26099812609042156,0.6865390036098457,2
0.7827127908905379,0.8950072404928773,0.05340857690567991,0.36237576947907285,1
0.4958051186638686,0.7360419387308371,0.24918646477265385,0.7135819307673422,1
0.549272728583894,0.8936901069048484,0.15484093307773494,0.3778971966865799,1
0.0004110507755878495,0.8631041695510148,0.23486505697115903,0.36449439428244085,2
0.8275750167665448,0.8853270569922207,0.02613134598401793,0.43644580230411806,1
0.7265502743944212,0.6012378062242045,0.31876278889439336,0.809172827045655,1
0.6056652892859976,0.6738672464050112,0.3196502035453508,0.8064686252580084,1
0.6478088109094319,0.5327135571213147,0.42791048312404417,0.8761922947525391,1
0.9217921813815633,0.49879923815795874,0.2440928769896827,0.9024159597006647,1
0.38009937332785265,0.11250266607295868,0.6679087599887996,0.6859525173445357,2
0.7000050479919809,0.9177689553110043,0.08127598164860966,0.39823781336097547,1
0.36253236123430616,0.653346903800604,0.14420918861869172,0.4233976195022595,2
0.6904859773994187,0.7970566554535692,0.20965429599155663,0.5365121798194167,1
0.8000706718877327,0.7279146257956123,0.14288237448036703,0.7796611109595643,1
0.4390361219883319,0.5895482456304467,0.12793417623365716,0.6685488784018476,2
0.3168840908927013,0.894696666379791,0.17037930514571265,0.2798312374405557,1
0.3980630133627559,0.9210206288564511,0.34759084153617503,0.40470280149485793,1
0.9110255356280063,0.9069287962072541,0.03886531544144573,0.38283459268756187,1
0.5612386330037716,0.5290742272130277,0.32245460615590066,0.821283541104049,1
0.6531668938263058,0.5317069976463721,0.4252913175522864,0.7486201660347164,1
0.5816440588740094,0.7735952134168017,0.14129278221724428,0.5306291315456868,1
0.3242108906821279,0.6317451645855706,0.19186335537510502,0.5012320757976667,2
0.33887170167809677,1.0,0.37110302194843514,0.23692226556461804,1
0.5229625943794215,0.49810250442474563,0.5605703577659552,0.85996708402666,1
0.8779323424846216,0.5142079050466423,0.24176707519331425,0.8786655391581876,1
0.3278887134110724,0.9324819361863743,0.3110862213798006,0.4623148476499631,1
0.8101882901008878,0.39310824817490936,0.3390268593706249,0.7970630222682925,1
0.5444785784854581,0.5332553779836631,0.1424042044499968,0.8297498567882375,2
0.5315751898405556,0.3486624732924972,0.42466237318801564,0.6873619029433427,1
0.2636349869112779,0.029343640901488145,0.7900833566674565,0.5299289851514407,2
0.8366541909150568,0.4247755821393692,0.3414995584465936,0.9242841685079607,1
0.4993863084034644,0.5379787238023251,0.21109397548840117,0.7719009429244296,2
0.7611506537149616,0.6241566790272669,0.2732892497899929,0.814346636114824,1
0.5753225306304942,0.8478523612987237,0.15521140715531911,0.6263400529201559,1
0.13528618508823165,0.816338443462415,0.22962349494905984,0.3682497249424879,2
0.6550995536132805,0.5619034077089734,0.4093824714067245,0.8594969857333805,1
0.8370003389366045,0.3796338218951008,0.3512826587976824,0.8024714258435853,1
0.4677051107313098,0.6356179863571901,0.08519180649191205,0.5229911708811842,2
0.7223171725475773,0.850640044602933,0.1026859370624852,0.6828973330787346,1
0.1849440033460975,0.027794512192840296,0.9636418463394146,0.5013502823317603,2
0.0633811450288096,0.8412704352153627,0.21840265362827666,0.4467934204424561,2
0.5812618537668838,0.8562154112113514,0.20098046395416463,0.6215208634532674,1
0.3362251115966799,0.46147945533532647,0.2762788894393349,0.7918892131991234,2
0.4182405584521414,0.45110328647281356,0.2050776487819588,0.7581439755585259,2
0.3065357073318478,0.5817277649515242,0.5195985094880134,0.7409776589650562,1
0.7208821005415774,0.5556320557386987,0.25553535658129967,0.8585558798657902,1
0.3476407848906388,0.5064648059660165,0.25184397010360354,0.7823654036753139,2
0.3447345837930612,0.3379008931812144,0.501216964266483,0.7874210062103895,2
0.6581427716360543,0.7632976235467563,0.24855881275981648,0.5760113478272729,1
0.535227051467884,0.5419275052666634,0.2603338574536369,0.7368622530165398,1
0.32249457340862053,0.25923209615075193,0.6154177526008573,0.9714303899906342,2
0.5430247567949578,0.6488566756595958,0.038680078402653625,0.4306900533747965,2
0.2895816656931253,0.5130464327008348,0.2572701229887781,0.7722536530365439,2
0.8558942517794172,0.5454119223040858,0.29824024813147526,0.8852487338261636,1
0.4486633638376277,0.5397594734459134,0.20666465634221468,0.7293379524809732,2
0.30872076671786775,0.12210427058114776,0.6164516337476037,0.599534448111878,2
0.3668159430009591,0.5231123267988042,0.2814482951730674,0.7435645634996408,2
0.7135120322494574,0.8585353624175388,0.07064854502767787,0.6677305254735081,1
0.4576639335395799,0.8377867665492972,0.30706270058371204,0.38365294561590146,1
0.3515349501330506,0.5200151919385437,0.18263510457277016,0.6988843121743638,2
0.7920659988894417,0.3922551048281178,0.36416309475089925,0.8760740882184457,1
0.71036064296995,0.9383678769078793,0.08386068451547592,0.3754239522809314,1
0.25084193294824364,0.20170104809408523,0.761587007560256,0.660674504669158,2
0.5387217042020928,0.47982914681923466,0.18148921963512613,0.8064686252580084,2
0.6644743958635312,0.48772708393358954,0.46323475563788313,0.7114660338070687,1
0.6448016499722361,0.8020894528282825,0.2343481163977858,0.4944124680615038,1
0.7411317598021188,0.8763466007102044,0.08954703082258171,0.5413313692863052,1
0.7354058946123503,0.6235392726578782,0.25343140844767054,0.8498549696754775,1
0.6124079642890625,0.650327225375776,0.05300364012320419,0.6320958018494776,2
0.8566370277423216,0.8900492802538476,0.04145001830831198,0.3837711521499949,1
0.8475939106793876,0.5930319142965123,0.21607685183190817,0.8898315102248652,1
0.7118966748155681,0.7529214546842435,0.19603420423460488,0.7239286396246488,1
0.4635268156545443,0.5119624167904597,0.21400995110603746,0.8229302490520746,2
0.5828339426980796,0.2559804226053052,0.5847847157903806,0.6591469125362576,1
0.5371236541692808,0.5658548084730605,0.1652486699549831,0.7263982469061713,2
0.5958000706718877,0.5938813157865196,0.09006397139595496,0.7889495076243214,2
0.8808890235020084,0.6635696565349658,0.14229220065909923,0.814346636114824,1
0.44384974291297985,0.6204410152405827,0.09231266289012859,0.6678396391972866,2
0.8673387707418385,0.8278745879280216,0.11818984642557134,0.660674504669158,1
0.268394522207559,0.5143627430803713,0.3553061795937709,0.7363921547232604,2
0.6015764157814651,0.6117673912148687,0.31433433131582916,0.7600252780126754,1
0.37523887819195345,0.2795952807702238,0.471135330734271,0.7950635132800494,2
0.51138141906266,0.7452581319902561,0.3045167682598488,0.7117006283131927,1
0.20178266231097072,0.026555957597278915,0.9648566566868417,0.5225183447448102,2
0.2236260447540546,0.03344845779372635,0.7903073642492515,0.47607226965638266,2
0.38128204573480734,0.5123495867119182,0.1950744179033752,0.7435645634996408,2
0.41742566831808114,0.9224949204294155,0.3109009843410085,0.38412577175227547,1
0.7792368878408297,0.6194344557656399,0.2561996252180843,0.808349927712158,1
0.5451903453547656,0.525047989313257,0.1914941736489543,0.8646698855215181,2
0.8445290584052672,0.5643805169000962,0.23010334503629357,0.9508533602480519,1
0.5291233080212593,0.6981818317885702,0.005906046050789421,0.21058039408239898,2
0.4096733949188355,0.9155238412405005,0.30104465074202513,0.5133436991370923,1
0.5748797496195978,0.3732876327891426,0.42772524608525214,0.7503841712358038,1
0.6146074465093136,0.8011614723458074,0.10763133521442265,0.6832428598707001,1
0.48027749533060743,0.8293451376442019,0.32086932173088933,0.43715504150867907,1
0.779929183883925,0.7850565207467249,0.15528464040321366,0.6911245078516417,1
0.44169352919542215,0.8891212997713726,0.2785663514765115,0.3020540658501322,1
0.6789549214316105,0.9072393703203404,0.09810670515002047,0.4861834747265337,1
0.6363354462785482,0.7742163616429745,0.17281754151678982,0.6339780135846586,1
0.6844139641881026,0.27897787440083516,0.5707583948995196,0.79600461914764,1
0.4953623376529722,0.471155896979199,0.2872423374329593,0.8439764678069052,2
0.8246832385031984,0.5287647756569765,0.3156654532922653,0.8864217063567836,1
0.66958007918136,0.36035577574303923,0.4531587222952162,0.7407430644589322,1
0.5295278685214432,0.5218733980175643,0.15214853425808259,0.82175454867836,2
0.25828411541151947,0.6160293660920423,0.2346802507161781,0.6843067186775416,2
0.21813094491198465,0.20433531527014331,0.7642449436750167,0.6465624630604581,2
0.322862355681515,0.29871991079413424,0.48671247334525175,0.7815423224856105,2
0.4571057698548342,0.6260163818490011,0.07286277381695996,0.49123907726160926,2
0.5719245108856341,0.7153681799982787,0.3158119197880544,0.7596724769724579,1
0.7846382392603971,0.746807260698904,0.13966872724923,0.7742524345999618,1
0.2273543474028081,0.22229996969096003,0.6507807956576992,0.820460641770552,2
0.42993747701360796,0.5976755585656714,0.11630732117087042,0.6612564445293106,2
0.5363628496635874,0.7730563860398808,0.2733280203329959,0.7158160342617093,1
0.18491515767763522,0.7911744565888486,0.2142684213927241,0.16119734126226387,2
0.33997504849678006,0.5691813191541907,0.19234324854071985,0.6603198850668776,2
0.27670207472470415,0.5100266794388711,0.26974605294333037,0.7814247524482391,2
0.5807931116543712,0.5491287086478053,0.12645658776143193,0.8161106413159115,2
0.6897576242707455,0.5990712711461681,0.34504490921231185,0.8495030779162915,1
0.39642602167751984,0.1355786968609563,0.6419238805005708,0.6651390745337661,2
0.7662202799472124,0.3732876327891426,0.375867490899692,0.7659046891622794,1
0.8431588891533076,0.8010080562176564,0.14402825941801106,0.7432117624594233,1
0.5639147898953623,0.7390616171556651,0.2791565252977793,0.7452103621666347,1
0.4784097382976729,0.5356557791107103,0.20500355396644196,0.837156860070742,2
0.692151814753117,0.641114773973141,0.31525620867167814,0.8016485265100886,1
0.4121108539039007,0.8707712341017859,0.3328623430331488,0.29818052865599165,1
0.8374474467977703,0.7851350997391926,0.08644538738234218,0.6413886539912891,1
0.7888064383532009,0.3361197693519478,0.37398496564499106,0.7283968466133828,1
0.2634835471518508,0.2079761419211441,0.6727809248928425,0.8665511879756677,2
0.4037960899696399,0.6385590857895506,0.14284360393736403,0.46455167898742467,2
0.17059328328609855,0.30344587591254535,0.7002433928532965,0.7468570701146603,2
0.6358234356633423,0.48656561158778205,0.46832662028560973,0.8958327650326886,1
0.23884934628503846,0.029964789127660887,0.7869472505223254,0.5332205824854287,2
0.6419098717088895,0.6353859912365715,0.22083873608029814,0.7534411740636678,1
0.7860805226835125,0.5447151885708726,0.27524500829258836,0.9319221291724632,1
0.3307155889203787,0.34486823051334536,0.5057186550929416,0.7721360829991726,2
0.758619446307394,0.8450646779945145,0.09035690438753312,0.6933586113460086,1
0.3302829038934441,0.6188133075394672,0.20075904107523643,0.5174627422097346,2
0.7085361544397089,0.9262105842160997,0.07448682878497427,0.37683333787973844,1
0.7668116161506898,0.6281080797913542,0.2591156008357206,0.8285741564145229,1
0.2483323597920227,0.004258233020389358,0.9861201456049282,0.5506151286178018,2
0.6826038984920927,0.8720883676898151,0.09508260279578695,0.5249824963401438,1
0.29855988000201916,0.22888189577432114,0.7374114200788334,0.7006483173754512,2
0.8196496693565253,0.33263610068588234,0.3757167165657915,0.7247515389581457,1
0.5391255435605651,0.7226498333002803,0.31529497921468114,0.7405075606717768,1
0.7186465612357484,0.7416173053392554,0.22290563680616884,0.7239286396246488,1
0.23259704764583286,0.7077048573042916,0.1996885433045426,0.2834774543768242,2
0.3844911263512393,0.33658375959318537,0.49527214767269045,0.8134064395282649,2
0.5043731475672284,0.4553615194932029,0.5928317573825577,0.8459750675141166,1
0.2927835348924417,0.6724752756812985,0.20230900122773385,0.4168144248342835,2
0.584651219811205,0.8284957361541945,0.16738966549637063,0.6271584058484956,1
0.2852476040066633,0.2670525768296744,0.6817843065457599,0.6961801103867172,2
0.791705428033663,0.9115761823331974,0.06724966075774873,0.38507142402502337,1
0.23738542861057624,0.011768139586225437,0.985603205031555,0.5247551760822717,2
0.5787205503753543,0.6434384670361126,0.05672992008960305,0.621639069987361,2
0.8716656210111848,0.6611673844795264,0.16609731406293754,0.8557343808250815,1
0.2215563680418839,0.6531149086799852,0.20186615546987743,0.4123498549696754,2
0.2914926912287533,0.172742818441367,0.6402610549895535,0.7108777289796957,2
0.3638520505664568,0.1598895403877312,0.6448015163590152,0.7655518881220619,2
0.5416574721098443,0.49167586539792774,0.5458418592629289,0.8104667339534629,1
0.8707137139519288,0.8222992213196032,0.11461003295496157,0.6832428598707001,1
0.5615083400038942,0.3742156132716177,0.29720636698472874,0.9205197450375987,2
0.6340061585502167,0.5087877506576314,0.4509789562108256,0.8947689062258471,1
0.6710584196900532,0.34750249768940344,0.38520257608719066,0.7215772388772197,1
0.2528467069063742,0.5267512825214128,0.2560148189631034,0.7503841712358038,2
0.8065681587088679,0.37769928193768315,0.39262498115320826,0.9254571410385807,1
0.2748703747773475,0.24545083761464115,0.7292911452387619,0.6912418051047037,2
0.41449783296915677,0.6154082178658694,0.1914941736489543,0.5924784273075279,2
0.5123441432475896,0.6250098223740584,0.07493053611045299,0.5341571419478618,2
0.44890350402757645,0.6418893383274649,0.0696878971288259,0.4630240868545241,2
0.48114358652618827,0.3075469509479994,0.4334115923923579,0.9179373869081717,2
0.32797525041645936,0.6480072741695884,0.16860878368190924,0.5182810951380743,2
0.19293425351015728,0.7424704486860471,0.25236091067697675,0.28018585704283616,2
0.13868276254966863,0.764150766893548,0.22556327137226184,0.1843658219445884,2
0.7902775674447786,0.8988763204077127,0.05141404786008143,0.3711957954845103,1
0.3738182290201848,0.8104525027409101,0.15602128072027055,0.610109386508088,1
0.6194535188109815,0.8589245155230929,0.1573868654015982,0.619284032115806,1
0.5167239974327356,0.8515680250854079,0.18743403622891852,0.5560253507551579,1
0.6847096322898413,0.6263269559620875,0.23634135309195084,0.7721360829991726,1
0.639905097750759,0.7536211819028839,0.22615383289895966,0.7817774625603535,1
0.5452985166114993,0.3932616643030604,0.3608072888620846,0.6877165225456232,1
0.1985591588603076,0.2211362522310821,0.737708660908523,0.6047082571810469,2
0.5537394803452826,0.7100285503672633,0.00302410235423352,0.22069159915255002,2
0.3755561805450389,0.2687551216664733,0.4708036271996899,0.827280249506715,2
0.5715105755432,0.5400692991876429,0.48660046955435415,0.7379206561371923,1
0.7575377337400573,0.34889446841311594,0.3803304111831478,0.7913009083717504,1
0.5757847824676027,0.7344965518789733,0.3085402890559373,0.7476799694481573,1
0.6061845113183191,0.336662338585653,0.5903590583065889,0.6059994362457605,1
0.8830596600537972,0.646768719574027,0.17370495616774723,0.8693726870163762,1
0.4061109548637402,0.24939849652194412,0.4709113231524759,0.8057639324586049,2
0.31741052434213846,0.3501330230086773,0.4854545846167101,0.7646107822544714,2
0.6928080537106347,0.8384041729186857,0.09873564951429127,0.6583194667976031,1
0.486554312788006,0.8539665552840631,0.20500355396644196,0.588241177700792,1
0.8141617809315709,0.8033280074238438,0.10840674607448253,0.6793693226765596,1
0.1511440913253863,0.6490138336445311,0.2633605445107373,0.6412704474571955,2
0.8966387584824294,0.8893532948919912,0.06366984728713895,0.4713712867235876,1
0.487141322141214,0.6343008527691611,0.07363818467701984,0.48724733353337507,2
0.7242426209174365,0.7328688441778579,0.13162599349516446,0.7167562308482682,1
0.7576891734994844,0.36879366279135034,0.3989359639864734,0.8101139329132455,1
0.44324326273355974,0.6277189266858001,0.07234583324358672,0.4639606463169571,2
0.7556122853701981,0.5401467556230753,0.31835785211191764,0.9493257681151513,1
0.3433355688726391,0.4833135638566569,0.34482520946862816,0.7813071824108677,2
0.8407142187511267,0.8962457950884389,0.045990479677773734,0.37496021895487236,1
0.5774787443480518,0.8294237166366695,0.16908695371227953,0.6439801049310311,1
0.47686937960178555,0.5098717665680064,0.22962349494905984,0.7630822808405393,2
0.777830661503292,0.5451020965623562,0.26900768949102893,0.8688998608800022,1
0.19040304610258962,0.03128192271568999,0.9021474572985547,0.6244578411849749,2
0.4111012555077198,0.4436682170426609,0.2210231115514679,0.7663747874555589,2
0.7964793861641751,0.38087611834744634,0.38095935554741855,0.8016485265100886,1
0.32953291651342403,0.5003479926809281,0.2917095655545265,0.8790110659501532,2
0.512604042720435,0.6085942966618896,0.1010618820944709,0.7207543395437228,2
0.3559699716591307,0.5595797146460016,0.20474551446356645,0.7020595215363212,2
0.3590564581845978,0.45869177203111733,0.28022917698752886,0.8177564399829055,2
0.6334580908494327,0.33542378399009154,0.5815710685592436,0.5894232430417269,1
0.3227541844247813,0.25784012542703943,0.5525965494216727,0.8416250670594759,2
0.6916542269721423,0.7454901271108749,0.17772416912572428,0.6647844549314856,1
0.32120372974493216,0.6600074088764327,0.21334568246925284,0.660910917737345,2
0.7866285903842964,0.41664826920414444,0.3106080513494303,0.78695090791711,1
0.6702795866415708,0.8881933192888976,0.09094707820880092,0.5049964992680287,1
0.3314583648832832,0.576305814471257,0.18957460098649492,0.6426798330560026,2
0.806020091008084,0.7443301515077813,0.12306201132961425,0.7594378824663338,1
0.8601201422091455,0.5752206760038466,0.22770410278501735,0.9264027933113287,1
0.673178576322033,0.8535811440352933,0.08806944235035649,0.6591469125362576,1
0.5452963531863646,0.3932616643030604,0.3608072888620846,0.6877147039835602,1
0.38092147487902844,0.9614401658390926,0.3429771469188188,0.4750175036598561,1
0.3980197448600624,0.2729385175511792,0.4757102548086243,0.8566745774116407,2
0.704029018742473,0.8552088517364087,0.0850798027010145,0.6892432053974922,1
0.6489770604821554,0.32396247666016825,0.598737803433347,0.647271702265019,1
0.5665044097815661,0.8579965350406178,0.1351325737178797,0.3970648408303554,1
0.8765477503984308,0.4967086627726411,0.25479699312899823,0.8790110659501532,1
0.38451276060258605,0.1864492398417943,0.5712021022249983,0.7359220564299808,2
0.5354195963048699,0.7702687027356715,0.30580911969328195,0.7215772388772197,1
0.34467689245613653,0.5116527033044337,0.34888319296960824,0.8215190448912045,2
0.5567906309268834,0.6695304343921541,0.0308915070971633,0.400701964956309,2
0.2631950904672277,0.6409613578449899,0.1966984728713895,0.45690462551260713,2
0.5275447288146594,0.6978712576754836,0.015796842354664303,0.24808823663129562,2
0.7966308259236022,0.53255864425045,0.28639369332500486,0.9244023750420542,1
0.5657825469282969,0.6219115649567629,0.4148448101320352,0.831983051001573,1
0.4929652626037543,0.8603950652392731,0.06813707540870614,0.1580239504623694,1
0.2620484751458509,0.6971752723136274,0.19459452473776034,0.33474271893214036,2
0.44449444360311247,0.6372419522015215,0.0692829603463502,0.4777180683233767,2
0.30758136281360654,0.3022073213169839,0.4826501820061602,0.8115251370741153,2
0.7911862060013413,0.4062721003416315,0.32304477997716846,0.805292924884294,1
0.6459843223791907,0.7429344389272846,0.2379283606522067,0.594360639042709,1
0.8355724783477202,0.8232272018020782,0.12361341460787906,0.632923247588132,1
0.6358162242462265,0.27464106238797814,0.5788054364916967,0.6955927148403757,1
0.3248599182225299,0.2549738631303626,0.6070390074740991,0.9162915882411776,2
0.8629902862211453,0.5411533150980179,0.26103517349817995,0.8872491520954381,1
0.5491854704367956,0.8593885057643303,0.18854115062355958,0.607054202242287,1
