0.9040593066943585,0.573286136046429,0.22951274043121458,0.9526173654491393,1
0.0,0.8596205008849491,0.23888814698343638,0.35143711867026733,2
0.755273348765766,0.7497483601312643,0.14365778534042692,0.7443874628331378,1
0.36416935291954217,0.9514531500821337,0.34205526956296983,0.3034725442592542,1
0.9136360686238453,0.8927621264223733,0.04277683244663667,0.43045364030660954,1
0.758619446307394,0.8450646779945145,0.09035690438753312,0.6933586113460086,1
0.5920357109375564,0.8579965350406178,0.13782497253753206,0.7039408239904706,1
0.3710418334306874,0.26132379409310486,0.4550024770069141,0.7476799694481573,2
0.2999372606710945,0.6611673844795264,0.2195834320546234,0.6711403293415895,2
0.40417108365964993,0.44568133599254617,0.40115019277575553,0.8273975467597771,2
0.9122803222061167,0.9008146022219146,0.020927477545393855,0.3814252070887549,1
0.5318672522337364,0.6392550711514068,0.03351498050703257,0.41246806150376897,2
0.6192948676344389,0.8352310783657068,0.24575354858164433,0.5791938314374824,1
0.549272728583894,0.8936901069048484,0.15484093307773494,0.3778971966865799,1
0.5813267565209239,0.6025549398122336,0.4402395157989963,0.8526773779972175,1
0.3433355688726391,0.4833135638566569,0.34482520946862816,0.7813071824108677,2
0.29105279478470314,0.05745246906419901,0.742727292308355,0.5808396301044764,2
0.7848762160252111,0.890359854366934,0.04377625088849163,0.3302781490675323,1
0.8065681587088679,0.37769928193768315,0.39262498115320826,0.9254571410385807,1
0.40710613042568994,0.15353960942498884,0.6354621233334051,0.7455631632068523,2
0.6554240673834815,0.5913293694597133,0.32145949555215714,0.7696669303581658,1
0.40415666082541885,0.4617862875916287,0.31880155943739635,0.8155223364885384,2
0.7972077392928485,0.8950820776285608,0.05813427531393372,0.40693963283231943,1
0.4816729045424716,0.82555089486505,0.14495013677386004,0.47419005792120167,1
0.4510885634135964,0.8733269222853765,0.06459172464298792,0.0950016821699082,1
0.6056364436175352,0.6356179863571901,0.41495681392293277,0.8487974758358565,1
0.555568295725793,0.8768105909514419,0.21530187175565943,0.6259854333178755,1
0.6152564740497155,0.6436704621567314,0.05407198397484224,0.6476172290569846,2
0.8858793241459879,0.9279917080453663,0.040196437417881856,0.4043481818925775,1
0.6542990863134515,0.5846688643838845,0.09796023865423138,0.7775446684306718,2
0.6521140269274315,0.5851328546251221,0.3418355698192862,0.8203433445174899,1
0.7962486208164766,0.5492061650832376,0.2780881814461413,0.9308673631759367,1
0.32797525041645936,0.6480072741695884,0.16860878368190924,0.5182810951380743,2
0.7479681832276861,0.5495156166392887,0.2958063195985095,0.8130536384880475,1
0.9811421442427651,0.8827713688086303,0.03768496779891014,0.48395573619938714,1
0.06070570927893035,0.8401852967479523,0.22811012557348095,0.4405648453767606,2
0.19077082837548404,0.7009695150927794,0.1997622073362483,0.2797221237167771,2
0.5257447591026113,0.8013934674664263,0.27029961014065096,0.6978268183347427,1
0.4430701887227859,0.34750249768940344,0.3225278394037952,0.8234003473453541,2
0.5703841521897468,0.7235778137827553,0.29993753634738407,0.7620238777198868,1
0.4924070989190086,0.48981765931890725,0.23187507269476815,0.8860670867545032,2
0.5819974183126726,0.8808368288512125,0.16875525017769832,0.6149376687852914,1
0.30758136281360654,0.3022073213169839,0.4826501820061602,0.8115251370741153,2
0.46486453352948387,0.6082088854131198,0.10419798823960195,0.6955927148403757,2
0.43488450915489407,0.508245929795283,0.1886889094707821,0.7775446684306718,2
0.8049239556065162,0.41076232848263966,0.3169190341826954,0.838568064231612,1
0.353474821337141,0.5090975763993609,0.28462317186120145,0.7582621820926194,2
0.2979973894670041,0.13851979629331668,0.5902470545156913,0.5958882311756094,2
0.5085319213378621,0.648624680538977,0.03787020483770221,0.37625139801958585,2
0.3390159300204083,0.9785516769131178,0.25804510306502687,0.08770924829737126,1
0.1849440033460975,0.027794512192840296,0.9636418463394146,0.5013502823317603,2
0.7112620701093972,0.7889293425183445,0.19245395998018394,0.6064722623821344,1
0.46144704295841177,0.6079731484357168,0.10084218235078728,0.6838338925411677,2
0.32881898621898187,0.24204200608425913,0.5223296788506688,0.7235758385844312,2
0.4962190540063028,0.2735559239205679,0.5877355848967196,0.6389154095856405,1
0.33072280033749435,0.5062328108453977,0.2882029853318112,0.7355692553897634,2
0.2930359344914869,0.6030975090459388,0.2504047213905702,0.7407430644589322,2
0.6234486438930114,0.33627318548009894,0.5947142826372585,0.5844767542304299,1
0.5657825469282969,0.6219115649567629,0.4148448101320352,0.831983051001573,1
0.7662202799472124,0.3732876327891426,0.375867490899692,0.7659046891622794,1
0.18432382147415782,0.01811807054896779,0.9733474056044975,0.4845376760595397,2
0.7716432656181266,0.7281466209162311,0.15380705193098845,0.7556752775580348,1
0.5807931116543712,0.5491287086478053,0.12645658776143193,0.8161106413159115,2
0.7995081813527177,0.9334884956613171,0.039972429836086766,0.34626330960109836,1
0.7832897042597841,0.8519534363341777,0.038904085984448715,0.4105858497685879,1
0.7146009562339095,0.88958529001261,0.0896547267753678,0.4945306745955972,1
0.30657897583454125,0.3015861730908111,0.484162233183277,0.819049437609682,2
0.3429822094339759,0.31149835171208656,0.4777392465591143,0.8574983860261691,2
0.5666681089500898,0.696475545094987,0.0010683438516380526,0.22421960955472503,2
0.6952527241128155,0.6470007146946458,0.2605552803325651,0.8510315793302236,1
0.6358234356633423,0.48656561158778205,0.46832662028560973,0.8958327650326886,1
0.7913160115094217,0.5847474433763522,0.22670751933142355,0.8892404775543977,1
0.7662130685300969,0.569338477139126,0.27173842806987314,0.9046436982278112,1
0.19216984329590606,0.3089426635284961,0.6989510414198635,0.7401547596315592,2
0.34786433882122175,0.4684467926674575,0.3568914640187822,0.8103494367004009,2
0.524011855569738,0.49585701616856315,0.21031899541215243,0.8865399128908772,2
0.42231500912244263,0.46852537165992514,0.325224546061559,0.8475035689280486,2
0.6419098717088895,0.6353859912365715,0.22083873608029814,0.7534411740636678,1
0.7898160367493816,0.7423132907011117,0.12202813018286775,0.7152277294343362,1
0.23884934628503846,0.029964789127660887,0.7869472505223254,0.5332205824854287,2
0.46309340948589806,0.5362754305941695,0.21109397548840117,0.7168744373823618,2
0.4908090488861966,0.8641893080184249,0.3195037370495617,0.37907016921719994,1
0.8162819375635505,0.6087477127900407,0.24863290757533335,0.8101139329132455,1
0.8779323424846216,0.5142079050466423,0.24176707519331425,0.8786655391581876,1
0.2137103462201357,0.6247778272534397,0.2652060223576798,0.7178146339689208,2
0.5812618537668838,0.8562154112113514,0.20098046395416463,0.6215208634532674,1
0.7101154547880204,0.5369721643273826,0.2855450492170505,0.8875946788874037,1
0.8765477503984308,0.4967086627726411,0.25479699312899823,0.8790110659501532,1
0.8445290584052672,0.5643805169000962,0.23010334503629357,0.9508533602480519,1
0.6597004377330189,0.7999229177502459,0.2071445495078295,0.609409240113842,1
0.551139764475117,0.5876885428087125,0.08604045059986647,0.7477972667012194,2
0.51138141906266,0.7452581319902561,0.3045167682598488,0.7117006283131927,1
0.23738542861057624,0.011768139586225437,0.985603205031555,0.5247551760822717,2
0.5707591458797568,0.8631041695510148,0.19393025610097575,0.5774298262363948,1
0.7946404747997029,0.9326353523145255,0.05853921209640943,0.3822435600170944,1
0.8808890235020084,0.6635696565349658,0.14229220065909923,0.814346636114824,1
0.45181114740857725,0.520247561244841,0.22637529885626897,0.7450930649135729,2
0.1985591588603076,0.2211362522310821,0.737708660908523,0.6047082571810469,2
0.5774787443480518,0.8294237166366695,0.16908695371227953,0.6439801049310311,1
0.5363628496635874,0.7730563860398808,0.2733280203329959,0.7158160342617093,1
0.4580201775450894,0.4966315805228871,0.21245956016972883,0.820460641770552,2
0.4236996012086335,0.4620968617047151,0.3536821246257566,0.8373923638578975,2
0.5997519272512241,0.8452966731151332,0.16170762702737632,0.6139920165125435,1
0.6015764157814651,0.6117673912148687,0.31433433131582916,0.7600252780126754,1
0.24813765152990214,0.27069340348067517,0.6810476662287032,0.7327468470680233,2
0.36118382623369316,0.46263943093842025,0.277610011415771,0.8104667339534629,2
0.5352241669010377,0.5419293761950555,0.2603355805888815,0.7368631622975713,1
0.41742566831808114,0.9224949204294155,0.3109009843410085,0.38412577175227547,1
0.4136108286639408,0.5248156200069599,0.2605552803325651,0.9387417369086263,2
0.8812135372722094,0.8233843597870135,0.08766450556788076,0.634569046255126,1
0.692151814753117,0.641114773973141,0.31525620867167814,0.8016485265100886,1
0.24898138733242467,0.2694548488851138,0.6811208994765977,0.7623766787601044,2
0.5310776020595808,0.48176480933368754,0.5761475003769359,0.8402138628986061,1
0.8214092551327261,0.9310113864701943,0.05171128868977105,0.3904725533520645,1
0.7993351073419437,0.3510647453479365,0.43219247420681933,0.8806568646171472,1
0.4398639926732002,0.5168404883871475,0.21729510844982444,0.805998526964729,2
0.6916542269721423,0.7454901271108749,0.17772416912572428,0.6647844549314856,1
0.6404098969488494,0.7422384535654282,0.251290412906283,0.8238704456386335,1
0.47105481398149546,0.5065422624014488,0.22858995842936225,0.8466806695945515,2
0.2269360852101046,0.6581477060546984,0.21423137398496567,0.42998081417023554,2
0.8177025867353193,0.8003869079914836,0.12487130333642063,0.6898315102248651,1
0.7846382392603971,0.746807260698904,0.13966872724923,0.7742524345999618,1
0.2634835471518508,0.2079761419211441,0.6727809248928425,0.8665511879756677,2
0.7002502361739106,0.8976377658121514,0.07946668964180328,0.412931794829828,1
0.5435829204797035,0.8979483399252377,0.18045964632649106,0.4121134419014884,1
0.3951856579336405,0.4325960628182917,0.411191763413531,0.8027060203497094,2
0.29010088772544695,0.5818811810796753,0.25948478256187135,0.7360393536830429,2
0.45586396382753175,0.26248376969619863,0.47932883882223704,0.833982559989816,2
0.817197787537229,0.8589245155230929,0.029267452129148996,0.38388935868408847,1
0.6803106678493391,0.6858673811118553,0.01280720270532233,0.5136983187393728,2
0.5612386330037716,0.5290742272130277,0.32245460615590066,0.821283541104049,1
0.28438223395279405,0.12396397340288196,0.6142029422534301,0.5642543440901279,2
0.8545385053616885,0.5989141131612329,0.2163723695263532,0.9185193267683243,1
0.3776979714283654,0.26039581361062986,0.5164236327998794,0.8834847286250762,2
0.39807743619698704,0.26697399783720677,0.4753785512740431,0.7675504878292734,2
0.702154050292423,0.7697261335019664,0.2103556120360997,0.818109241023123,1
0.8421637135913579,0.41579512585735295,0.3498783035733517,0.8863034998226901,1
0.8123733494869078,0.5577237536810516,0.2588200831412755,0.8646698855215181,1
0.508060208121498,0.36546715211022013,0.3050681715381136,0.8606726861070951,2
0.601936986637244,0.5095619408262768,0.507342710060956,0.7087609227383906,1
0.5966005379717169,0.6610139683513753,0.019747129902858256,0.412931794829828,2
0.8475939106793876,0.5930319142965123,0.21607685183190817,0.8898315102248652,1
0.7114279327030555,0.9214097819620053,0.09216619639433953,0.4155232457695699,1
0.8399498085368757,0.36283288493416205,0.34655696038942857,0.8063513280049465,1
0.3039900770900489,0.177079630454224,0.6184117000883107,0.6879502077707157,2
0.7938400074998737,0.6620991068187856,0.2581187670967325,0.8078798294188785,1
0.5748797496195978,0.3732876327891426,0.42772524608525214,0.7503841712358038,1
0.7626866855605796,0.8656598577346051,0.07127318155383722,0.6639661020031461,1
0.2862211453172663,0.49547010817707965,0.33057488099597215,0.8478563699682661,2
0.4390361219883319,0.5895482456304467,0.12793417623365716,0.6685488784018476,2
0.27535353972409116,0.6198984460068776,0.2416197471299029,0.6990025187084572,2
0.3101053588040586,0.9420835406945635,0.3371098714110324,0.26995644543859165,1
0.36446502102128087,0.5527676643704139,0.21541258319512355,0.7135819307673422,2
0.22511880809697912,0.6677493105628874,0.21751653132875265,0.5849495803668039,2
0.7834050869336333,0.5240414298383144,0.3144463351067267,0.9642561626521908,1
0.8829154317114857,0.5276033033111691,0.23545566157623796,0.8845394946216026,1
0.5902761251613555,0.37537558887471145,0.46799491675102856,0.7194613419169462,1
0.5349768152939733,0.4845524926378968,0.26155168328774203,0.8450348709275576,2
0.8149406139800532,0.9380573027947928,0.051340814612186904,0.382125353483001,1
0.7051756340638499,0.32706073407746394,0.5146531113360759,0.7246342417050837,1
0.8777953255594257,0.8397998854991824,0.10316410709285545,0.6400974749265755,1
0.5436507078005899,0.7221821012022587,0.3043315312210567,0.7343935550160487,1
0.8104406896999329,0.5432438904833357,0.2635819673896655,0.8457404730079926,1
0.26655561084308677,0.49647666765202225,0.3411333922071209,0.8261045491330006,2
0.4053104875639112,0.9514531500821337,0.2252310508971073,0.13145475872227824,1
0.3221123683014949,0.3036778710331641,0.4906239903504426,0.8365694645244004,2
0.2041624299591112,0.04862542891033389,0.8726172270446076,0.6510270329250661,2
0.4061974918691272,0.4358477363637384,0.22323777112456114,0.7597906835065513,2
0.3409485898073831,0.5933424884095986,0.2075503478579275,0.6248124607872555,2
0.7153076751112362,0.36345403316033487,0.383914532491869,0.7476799694481573,1
0.835659015353107,0.8209820877315742,0.12180412260107266,0.6443256317229966,1
0.6805630674483844,0.8711566453505558,0.09080061171301183,0.5037053202033153,1
0.3242108906821279,0.6317451645855706,0.19186335537510502,0.5012320757976667,2
0.509080616431935,0.8406492869891897,0.2879789777500162,0.4165780117660965,1
0.6424290937412112,0.8063476858486718,0.217442867297047,0.5078152704656428,1
0.3307155889203787,0.34486823051334536,0.5057186550929416,0.7721360829991726,2
0.6611859896588279,0.7727458119267944,0.24700885260731903,0.5751929948989334,1
0.1324881552473876,0.7869910607041426,0.23076774290822155,0.1134600871091228,2
0.7167427471172361,0.541850048831231,0.32636612316109165,0.9469707302435965,1
0.3393692894590716,0.9629107155552729,0.36054881857539794,0.28230448184620416,1
0.7966308259236022,0.53255864425045,0.28639369332500486,0.9244023750420542,1
0.0633811450288096,0.8412704352153627,0.21840265362827666,0.4467934204424561,2
0.5052299360347302,0.5724329926996374,0.16702349925689794,0.7080562299389872,2
0.3632751371972106,0.49686357564350586,0.2851401124345747,0.9276939723760423,2
0.8630984574778789,0.7210221255991649,0.12099424903612124,0.7312183456540913,1
0.2714593744816794,0.5828091615621505,0.23549227820018526,0.5596715676914263,2
0.2823125572406233,0.249245080393793,0.7183664677881405,0.7696669303581658,2
0.3590564581845978,0.45869177203111733,0.28022917698752886,0.8177564399829055,2
0.6446141531272311,0.42121333448083603,0.3487367264738191,0.7047637233239678,1
0.08367407279204434,0.8019360367001314,0.2516595946324337,0.5121707266064722,2
0.6968680815467048,0.732094279823534,0.2305462769509122,0.6339780135846586,1
0.8032292725843555,0.8966312063372087,0.05831951235272579,0.3969466342962619,1
0.5157908400579798,0.5892376715173604,0.08268033687294032,0.7179328405030142,2
0.6044898282961585,0.6699944246333916,0.025170698085165952,0.5409767496840248,2
0.6534553505109288,0.5461861124727313,0.4274667757985655,0.9064077034288986,1
0.451589756903129,0.6363139717190464,0.08633338359144464,0.49535812033425164,2
0.486554312788006,0.8539665552840631,0.20500355396644196,0.588241177700792,1
0.40365907304444393,0.5955876024801027,0.20736597238675772,0.625630813715595,2
0.8011956529577627,0.40549753598730764,0.32245460615590066,0.822812042517981,1
0.8633147999913463,0.5257447230464701,0.2366734874103431,0.8078798294188785,1
0.806020091008084,0.7443301515077813,0.12306201132961425,0.7594378824663338,1
0.5567906309268834,0.6695304343921541,0.0308915070971633,0.400701964956309,2
0.7341078395315463,0.3615943303386006,0.4245891399401211,0.8672567900561026,1
0.561575406183069,0.6514123638431862,0.03798220862859975,0.400701964956309,2
0.443358645407409,0.635075417123485,0.14923212785663514,0.5094701619429517,2
0.40562057849988103,0.43104693410964395,0.29310961294074567,0.8336297589495985,2
0.07083775032631659,0.8631827485434823,0.20891636332306632,0.19811415114069303,2
0.4876324196467848,0.6303531938618582,0.08186615546987745,0.5121707266064722,2
0.4036013817075193,0.19961309200851649,0.6088870700239085,0.865375487601953,2
0.4741932227101948,0.6028655139253201,0.09929136063066751,0.6824245069423607,2
0.5489063885944228,0.800850898232721,0.2955823120167144,0.4841830564572592,1
0.753686837000339,0.7176132940687827,0.11903849053352575,0.6954745083062822,1
0.8078662137896718,0.935191040498116,0.0720485924138971,0.406112187093665,1
0.3516936013095933,0.6284149120476563,0.12375988110366815,0.5568527964938123,2
0.38783001247575166,0.4641885596470681,0.31374415749456136,0.8248115515062241,2
0.7623116918705696,0.5421598745729607,0.3117496284489629,0.9534448111877938,1
0.46896566644311277,0.32202793670275065,0.37590195360458356,0.7820126935631996,2
0.5371236541692808,0.5658548084730605,0.1652486699549831,0.7263982469061713,2
0.7946476862168185,0.5279127548672202,0.3249273052318694,0.9739036343962828,1
0.6414843980990704,0.7453367109827239,0.27155319103108105,0.591769188102967,1
0.5736862600869697,0.6402616306263493,0.05300364012320419,0.6250488738554425,2
0.7576531164139065,0.9152918461198816,0.08094427811402849,0.40364803549833145,1
0.7804123488306687,0.3914805404737939,0.3418355698192862,0.7833060549023886,1
0.9047516027374539,0.9032917114130374,0.037611734551015574,0.4116406157651145,1
0.6471669947861455,0.7414638892111044,0.23892519439119478,0.5905962155723469,1
0.6587124735881849,0.260549229738781,0.5923148168091843,0.7225183447448102,1
0.5723860415810311,0.6939984359038642,0.019083722833695933,0.26890167944206506,2
0.33997504849678006,0.5691813191541907,0.19234324854071985,0.6603198850668776,2
0.5949491234522496,0.6678278895553552,0.02251276197040518,0.5396855706193113,2
0.5902617023271244,0.5465733946498932,0.4627178150645098,0.7254571410385807,1
0.7486749021050128,0.34270169543530893,0.3992676675210545,0.7556752775580348,1
0.6673733855439933,0.29686394982918424,0.5623796497727616,0.6997081207888922,1
0.48273226171675,0.5008901877289549,0.2071075021000711,0.83421715449594,2
0.4635268156545443,0.5119624167904597,0.21400995110603746,0.8229302490520746,2
0.4385551204667229,0.616261361212661,0.09320007754108603,0.6579648471953227,2
0.4336152997425524,0.2763436072247771,0.4657462252568549,0.849973176209571,2
0.807318146088888,0.36809767742949406,0.35106295905399876,0.7756634569046256,1
0.5542010110406796,0.781108861839422,0.24276390893230235,0.7396846613382797,1
0.36801303824214493,0.5741392793932205,0.22969733129428999,0.6752502796039171,2
0.384786794452978,0.6199770249993451,0.12527624011889635,0.5636724042299753,2
0.5391255435605651,0.7226498333002803,0.31529497921468114,0.7405075606717768,1
0.26550274394421247,0.503135301799459,0.31957697029745624,0.831983051001573,2
0.5665044097815661,0.8579965350406178,0.1351325737178797,0.3970648408303554,1
0.5537394803452826,0.7100285503672633,0.00302410235423352,0.22069159915255002,2
0.863660948012894,0.6055746182370616,0.22013742003575507,0.9249843149022068,1
0.6448088613893517,0.5518385613309036,0.40978740818920023,0.8512661738363475,1
0.7388313177422496,0.7308557252279727,0.19525922415835614,0.7215772388772197,1
0.5315751898405556,0.3486624732924972,0.42466237318801564,0.6873619029433427,1
0.7499729571858166,0.3542378399009156,0.4872251060805135,0.793887812906335,1
0.48351181590694386,0.491056588100147,0.5579511921941973,0.843036271220346,1
0.20871283415904057,0.7818834261937458,0.2241237211105607,0.19376778781017842,2
0.6823226532245852,0.757336845689568,0.19511146531113363,0.7980032188548514,1
0.6257346631186494,0.6383270906689318,0.351579899627372,0.7851872664284351,1
0.45627789916996586,0.3490516263980512,0.3235272578456502,0.822577448011857,2
0.6167203917241777,0.5168404883871475,0.4962327955715425,0.7496785691553689,1
0.41714442305057364,0.5748352647550767,0.529601309582786,0.815875137528756,1
0.7899530536745777,0.6266337882183898,0.26771576884140696,0.8323358520417905,1
0.6829788921821027,0.8664344220889291,0.08781097206366986,0.6450348709275575,1
0.5639147898953623,0.7390616171556651,0.2791565252977793,0.7452103621666347,1
0.4604078777520571,0.4105303333620209,0.3876020419152648,0.8679623921365376,2
0.32249457340862053,0.25923209615075193,0.6154177526008573,0.9714303899906342,2
0.5962616013672847,0.548896339341508,0.4757102548086243,0.7667275884957764,1
0.761330939142851,0.7706541139844415,0.19869170956555454,0.7346281495221728,1
0.800272591566969,0.4233836114156567,0.32596118637861593,0.8711366922174636,1
0.23327492085469712,0.2123877910696846,0.6661339306868848,0.8364512579903071,2
0.48027749533060743,0.8293451376442019,0.32086932173088933,0.43715504150867907,1
0.37454658214885805,0.52698365182771,0.26103517349817995,0.9062894968948053,2
0.8136425588992492,0.42237705194071407,0.29698666724104505,0.8423306691399111,1
0.5491854704367956,0.8593885057643303,0.18854115062355958,0.607054202242287,1
0.6349003742725483,0.6788214647872568,0.31983544058414287,0.8458577702610545,1
0.5481751508989032,0.5037549532829181,0.23560298963964935,0.8178737372359675,2
0.4958051186638686,0.7360419387308371,0.24918646477265385,0.7135819307673422,1
0.66958007918136,0.36035577574303923,0.4531587222952162,0.7407430644589322,1
0.7135120322494574,0.8585353624175388,0.07064854502767787,0.6677305254735081,1
0.6917479753946448,0.33008041250229186,0.5022508454132293,0.7394491575511243,1
0.38099358905018427,0.2735559239205679,0.5929049906304521,0.8063513280049465,2
0.5634525380582538,0.8553622678645597,0.17481207056238826,0.6409158278549151,1
0.6704238149838825,0.8184301414047679,0.21700002153919054,0.47995489966083815,1
0.6334580908494327,0.33542378399009154,0.5815710685592436,0.5894232430417269,1
0.34557110817846814,0.6393336501438743,0.1896486958020118,0.5138165252734662,2
0.6923104659296598,0.6134736779084518,0.3074676373661878,0.8138765378215446,1
0.6530659339866877,0.7451795529977886,0.24405582958192432,0.8290442547078025,1
0.7615977615761274,0.7523040483148549,0.1510758825683331,0.7754282259017795,1
0.7722562360729507,0.6763443555961339,0.25180735347965627,0.8079971266719406,1
0.6907672226669263,0.6126205345616602,0.3179141447864389,0.7955345208543605,1
0.6924835399404337,0.8621761890685397,0.07300924031274907,0.6539731034670886,1
0.31410769530320404,0.5117301597398661,0.25428005255562497,0.7828356838247997,2
0.08430867749821513,0.8586925204024741,0.21589247636073838,0.22786582649099352,2
0.5163006872480511,0.7502123503725019,0.160966678872208,0.5522609272847958,1
0.3980197448600624,0.2729385175511792,0.4757102548086243,0.8566745774116407,2
0.2550029206239318,0.04514176024426836,0.8808107351325737,0.7088791292724842,2
0.7817392495799349,0.9053834093553904,0.04850194929674545,0.32510433999836325,1
0.5554435382096936,0.9040662757673612,0.16728196954358457,0.4212789946988916,1
0.45245584809870987,0.6448304377598253,0.07950546018480627,0.46560644498395115,2
0.3014516582653657,0.6844754103881429,0.20267818295388462,0.3896542004237249,2
0.8372455271185341,0.6348434220028664,0.13701509897258063,0.8042345217636415,1
0.38334451102986244,0.28997144963273674,0.4535291963728003,0.8041172245105794,2
0.34858548053277955,0.1746025212631012,0.6153832898959657,0.7514425743564563,2
0.3778133541022146,0.9599696161229124,0.31584638249294594,0.2978259090537112,1
0.5352241669010377,0.5419293761950555,0.2603355805888815,0.7368631622975713,1
0.32092248447742466,0.47588186209761013,0.39550261701165274,0.8479745765023596,2
0.7883953875776128,0.43484117688879576,0.3410213884162233,0.8777198868854396,1
0.4698706992911177,0.506077897974533,0.20806728843130076,0.8154050392354765,2
0.6741737518839827,0.647696700056502,0.2525086695241993,0.8154050392354765,1
0.797027453864959,0.9141318705167879,0.04942382665259441,0.3167571401292997,1
0.481846699694957,0.669377018264003,0.3618756327137227,0.7434472662465788,1
0.42893509003454267,0.6017017964654422,0.11899971999052278,0.6458532238558972,2
0.6334941479350107,0.6531934876724528,0.054847394834902106,0.6208116242487065,2
0.27670207472470415,0.5100266794388711,0.26974605294333037,0.7814247524482391,2
0.735290511938501,0.32187452057459953,0.5119951752213152,0.829514353001082,1
0.8601201422091455,0.5752206760038466,0.22770410278501735,0.9264027933113287,1
0.3156581499830532,0.03592556698484918,0.7734723329097294,0.603762604908299,2
0.8049095327722852,0.9241974652662145,0.06001680056863464,0.397173954554134,1
0.4111012555077198,0.4436682170426609,0.2210231115514679,0.7663747874555589,2
0.3980630133627559,0.9210206288564511,0.34759084153617503,0.40470280149485793,1
0.5430247567949578,0.6488566756595958,0.038680078402653625,0.4306900533747965,2
0.8872999733177566,0.6644227998817573,0.16063497533762683,0.869136273948189,1
0.37552012345946106,0.928223703165985,0.36497727615396214,0.33274230066286586,1
0.30872076671786775,0.12210427058114776,0.6164516337476037,0.599534448111878,2
0.7016853081799105,0.7406107458643129,0.20762444267344435,0.7142875328477772,1
0.7242426209174365,0.7328688441778579,0.13162599349516446,0.7167562308482682,1
0.28123084467328674,0.02756251707222155,0.9030693346544036,0.7171090318884857,2
0.673178576322033,0.8535811440352933,0.08806944235035649,0.6591469125362576,1
0.5230397565425582,0.8684475410388143,0.22364387102332697,0.6082362675832219,1
0.5452985166114993,0.3932616643030604,0.3608072888620846,0.6877165225456232,1
0.44890350402757645,0.6418893383274649,0.0696878971288259,0.4630240868545241,2
0.48778746511476967,0.821756652085898,0.09271759967260432,0.5474417378179074,1
0.5679005401351419,0.7975206456948066,0.2557197320524695,0.6931231075588532,1
0.6671426201962948,0.7943475511418276,0.17049130893661016,0.4770179219291307,1
0.38736127036323903,0.43716486995176745,0.2959527860942986,0.8419778680996935,2
0.6857624991887156,0.5674787743173918,0.3014883580675038,0.814934940942197,1
0.6328162747261464,0.663337661414347,0.023473409869257122,0.5497967756894624,2
0.3278887134110724,0.9324819361863743,0.3110862213798006,0.4623148476499631,1
0.599463470566601,0.8160278693493286,0.2192512977362311,0.5782481791647344,1
0.6886110089493687,0.5587303131559943,0.3967949684450858,0.7887149131181974,1
0.3812099315636515,0.9623681463215678,0.36102698860576826,0.33192394773452627,1
0.3978466708492886,0.28137640459949037,0.4582893574859457,0.8317484564954489,2
0.8728555048352552,0.50197420363933,0.2469718051995606,0.8680796893895997,1
0.5477128990617947,0.385830336729692,0.3011566545329227,0.8773652672831591,2
0.8558942517794172,0.5454119223040858,0.29824024813147526,0.8852487338261636,1
0.40691142216356935,0.4436682170426609,0.3360759902642859,0.8317484564954489,2
0.7957293987841552,0.34819848305125967,0.3884162233183277,0.7673149840421178,1
0.7657226921662376,0.881147402964299,0.05628621276412434,0.4623148476499631,1
0.7436773900439175,0.7747589308766796,0.18267387511577315,0.7985915236822244,1
0.44449444360311247,0.6372419522015215,0.0692829603463502,0.4777180683233767,2
0.4037960899696399,0.6385590857895506,0.14284360393736403,0.46455167898742467,2
0.6905076116507655,0.6243886741478857,0.19230620113296143,0.7661392836684033,1
0.4783715177869603,0.6312811743443332,0.10017446744351348,0.5327477563490548,2
0.555067823377972,0.7092539860129393,0.27369418657246863,0.7389790592578448,1
0.5067605593175115,0.47704183770070385,0.18721261334999031,0.836333960737245,2
0.5452985166114993,0.3932616643030604,0.3608072888620846,0.6877165225456232,1
0.39069294507063584,0.2779713149258925,0.4283541904495229,0.7927121125326204,2
0.3876785727163245,0.50414223546008,0.28905162943976564,0.7795435409221928,2
0.7673164153487803,0.7821902584500482,0.17156396062635967,0.7965920146939813,1
0.3740345715336521,0.15602046047289583,0.5627113533073427,0.6884203060639952,2
0.2025542839423375,0.6993418073916638,0.20651689749499216,0.2934704529128817,2
0.4467472903100188,0.6325983079323622,0.09799900919723438,0.5100521018031042,2
0.5639436355638247,0.7639187717729292,0.17849957998578414,0.6811333278776471,1
0.45482407747946546,0.5803320523710276,0.16336614470028216,0.6719586822699292,2
0.8830596600537972,0.646768719574027,0.17370495616774723,0.8693726870163762,1
0.9323136389531907,0.7351925372408297,0.10637775432399252,0.7499140729425243,1
0.49868391637640713,0.47231961443907694,0.18673272018437548,0.8298671540412994,2
0.4993863084034644,0.5379787238023251,0.21109397548840117,0.7719009429244296,2
0.6205568656296649,0.548896339341508,0.14284360393736403,0.8368040590305245,2
0.4560081921698433,0.3015075940983435,0.3926982144011028,0.8703183392891242,2
0.5716158622330874,0.7619804899587275,0.2517703060718978,0.7370977568036953,1
0.48150920537394803,0.6236141097935618,0.07064854502767787,0.4990043372705202,2
0.4317186970411555,0.5451020965623562,0.1546212333340513,0.7347463560562663,2
0.39352703199705774,0.43468776076064464,0.30130312102871176,0.8592614819462251,2
0.5828339426980796,0.2559804226053052,0.5847847157903806,0.6591469125362576,1
0.8256351455624545,0.9235014799043582,0.030525340857690594,0.37472380588668536,1
0.7407207090265309,0.8049557151249593,0.21142610980679347,0.5462687652872873,1
0.5615083400038942,0.3742156132716177,0.29720636698472874,0.9205197450375987,2
0.3581694538793818,0.5631419623045347,0.20005772503069336,0.6623203033361521,2
0.8638051763552057,0.7999229177502459,0.1267882912960131,0.6997081207888922,1
0.7287353337804412,0.39070971797625415,0.4487302647166519,0.8524418742100621,1
0.5181684442809856,0.4746395656452645,0.27096301720981325,0.8216363421442664,2
0.6598518774924461,0.7696475545094987,0.22035884291468327,0.821871845931422,1
0.8678507813570445,0.8096779383865863,0.12641781721842893,0.7118179255662548,1
0.4953623376529722,0.471155896979199,0.2872423374329593,0.8439764678069052,2
0.7519272512241381,0.6376311053070755,0.2669037413573998,0.8001200250961564,1
0.7787681457283171,0.31242633219456156,0.3925129773623107,0.6633750693326786,1
0.41408678219356887,0.8995760476263532,0.10050617097809467,0.2440874000927466,1
0.7571050487131226,0.871699214584261,0.05492062808279667,0.45043963737872456,1
0.7222739040448838,0.8444435297683417,0.07108794451504515,0.652209098266001,1
0.5787205503753543,0.6434384670361126,0.05672992008960305,0.621639069987361,2
0.6495179167658237,0.7749909259972984,0.252582333555905,0.8376269583640215,1
0.8366541909150568,0.4247755821393692,0.3414995584465936,0.9242841685079607,1
0.48630335547238385,0.6080517274281845,0.10058371206410065,0.7171090318884857,2
0.02087705254959648,0.8452966731151332,0.22504650311241306,0.4385644271074861,2
0.4520996040932004,0.2367023764532436,0.5073814806039589,0.8101139329132455,2
0.6393570300499751,0.26186636332681,0.5890279363301527,0.7280440455731653,1
0.8974031686966806,0.6315131694649518,0.17802140995541388,0.9195831855751656,1
0.779929183883925,0.7850565207467249,0.15528464040321366,0.6911245078516417,1
0.7820349176816737,0.3705747866206169,0.40192560363581536,0.8639651927221145,1
0.8210631071111785,0.6399547983700472,0.2637292954530769,0.836333960737245,1
0.17059328328609855,0.30344587591254535,0.7002433928532965,0.7468570701146603,2
0.49576689815315605,0.8007760610970377,0.2796734658711526,0.447739072715204,1
0.38874586244942994,0.1973679779380124,0.6202554548000085,0.8898315102248652,2
0.6826038984920927,0.8720883676898151,0.09508260279578695,0.5249824963401438,1
0.7506364075604497,0.3213319513408943,0.38682663105520493,0.6733680678687362,1
0.31608362359287223,0.45528294050073526,0.2865056971159024,0.7922420142393409,2
0.4444655979346502,0.4325960628182917,0.22548943502703167,0.7863630577302526,2
0.7853377467206081,0.8953140727491796,0.061602084993645945,0.3933004173599934,1
0.7854459179773418,0.8818433883261553,0.04890688607922114,0.37189594187875646,1
0.6061845113183191,0.336662338585653,0.5903590583065889,0.6059994362457605,1
0.2951128226207732,0.20580586498632353,0.6698989811962867,0.8830119024887022,2
0.25084193294824364,0.20170104809408523,0.761587007560256,0.660674504669158,2
0.49933799190879,0.4562894999756779,0.5736360307579641,0.7747228056775507,1
0.531231926385854,0.8920623992037329,0.17610011415770996,0.4018840302972439,1
0.5229625943794215,0.49810250442474563,0.5605703577659552,0.85996708402666,1
0.8566370277423216,0.8900492802538476,0.04145001830831198,0.3837711521499949,1
0.4899429576906158,0.5087102942221989,0.4390936308613522,0.7913009083717504,1
0.9251382789231912,0.8106096607258454,0.11486850324164818,0.7329823508551787,1
0.6710584196900532,0.34750249768940344,0.38520257608719066,0.7215772388772197,1
0.7094736386647341,0.5947344591333111,0.30691623408792296,0.8121125326204569,1
0.6456093286891808,0.8473097920650187,0.12697352833480519,0.7085263282322667,1
0.7820637633501359,0.5458766609166801,0.31835785211191764,0.8704274530129026,1
0.6261457138942375,0.6481606902977396,0.2878712817972301,0.7441519590459823,1
0.18491515767763522,0.7911744565888486,0.2142684213927241,0.16119734126226387,2
0.005927784869004564,0.8518785991984943,0.23711633316819958,0.3615483237404184,2
0.4575391760234804,0.4492435836510793,0.21286578930363798,0.7660219864153412,2
0.7601266324845496,0.6337582835354559,0.2374855148943503,0.7622593815070423,1
0.6940123603689361,0.8803728386099751,0.09094707820880092,0.5048782927339353,1
0.9298401228825476,0.7170744666918618,0.12416912572425529,0.7716657119215835,1
0.25828411541151947,0.6160293660920423,0.2346802507161781,0.6843067186775416,2
0.8534495813772365,0.5792469139036173,0.22548943502703167,0.9129908980968747,1
0.02187943952866177,0.7768468869622485,0.25693798867038575,0.08724551497131212,2
0.3546574937440956,0.2572975561933343,0.4689211019449889,0.7343935550160487,2
0.6459843223791907,0.7429344389272846,0.2379283606522067,0.594360639042709,1
0.8037773402851394,0.33550236298255925,0.3719904365993926,0.7325122525618992,1
0.7019449191960712,0.9200926483739761,0.08555797273138477,0.38729916255216995,1
0.33212902667503186,0.6501738092476248,0.16669179572231677,0.5140529383416532,2
0.42492554211828165,0.5638416895231753,0.5594632433713141,0.83421715449594,1
0.6391190532851612,0.7681770047933185,0.22814703943825793,0.8131709357411094,1
0.35979202273038674,0.6590008494014901,0.1934503629353609,0.6669030797348536,2
0.6210616648277553,0.8114590622158528,0.2402171150408168,0.577657146494267,1
0.7916910051994317,0.895624646862266,0.06300644021797662,0.41199523536739496,1
0.503362323230138,0.7472712509401415,0.2750597712537963,0.6744319266755776,1
0.2938580360426627,0.018192907684651285,0.8080987356495143,0.5383943915545977,2
0.6685776922022948,0.8758040314764993,0.09364378486656473,0.5302745119434062,1
0.41128154093560926,0.5734432940313643,0.532737415727917,0.8710184856833701,1
0.4929652626037543,0.8603950652392731,0.06813707540870614,0.1580239504623694,1
0.35813339679380396,0.9203246434945949,0.3416115622374911,0.33745237640597575,1
0.5809229171624516,0.8317474096996412,0.15568957718568938,0.588004764632605,1
0.7437783498835356,0.5821131762002941,0.3188747926852909,0.8330414541222254,1
0.32505462648465044,0.4864106987169173,0.3724686066297629,0.7774270983933003,2
0.2990141992803006,0.06557978199942373,0.7409912335494433,0.5267465015412313,2
0.5115836271985807,0.7792491590176878,0.13922932776186273,0.4907753439355501,1
0.6803683591862637,0.8819968044543064,0.09692635750748489,0.5206361330096293,1
0.6107853954380575,0.8291131425235831,0.13727356925926726,0.598352382770943,1
0.1511440913253863,0.6490138336445311,0.2633605445107373,0.6412704474571955,2
0.7265502743944212,0.6012378062242045,0.31876278889439336,0.809172827045655,1
0.5456042806971998,0.6517229379562726,0.0521894587201413,0.5962428507778899,2
0.4711896674815568,0.6226861293110867,0.1497102978870054,0.5716649844967583,2
0.774232164362619,0.36763368718825656,0.41133822990932,0.8825390763523282,1
0.2276139584189689,0.0346870123892878,0.77893467163504,0.49218472953435716,2
0.46218837663789314,0.32349848641893075,0.4242574364055399,0.9118179255662546,2
0.7801887949000859,0.8813008190924502,0.05938785620436384,0.45608627258426754,1
0.2852476040066633,0.2670525768296744,0.6817843065457599,0.6961801103867172,2
0.7865132077104472,0.6540466310192443,0.25804510306502687,0.8092910335797485,1
0.8116810534438123,0.41037317537708556,0.31437310185883216,0.838568064231612,1
0.5483864454203895,0.5528443724344895,0.12981670148835808,0.7767216236122098,2
0.37349371524998376,0.4836233895983865,0.33703663816313784,0.7861279176555097,2
0.7000050479919809,0.9177689553110043,0.08127598164860966,0.39823781336097547,1
0.36954185867064737,0.9527702836701628,0.337368341697719,0.4793638669903707,1
0.5354195963048699,0.7702687027356715,0.30580911969328195,0.7215772388772197,1
0.5619987163677534,0.5870673945825398,0.09375148081935082,0.7586149831328368,2
0.0004110507755878495,0.8631041695510148,0.23486505697115903,0.36449439428244085,2
0.028203852339023127,0.7695689755170311,0.2572701229887781,0.08724551497131212,2
0.21919823464509006,0.01029758987004531,0.9892217890451677,0.4753721232621366,2
0.4929652626037543,0.8603950652392731,0.06813707540870614,0.1580239504623694,1
0.8082988988166065,0.49872215590820473,0.23781764921274257,0.8025887230966474,1
0.7237450331364617,0.7848245256261063,0.17536347384065307,0.8064686252580084,1
0.6367392856370205,0.694230431024483,0.006457449329054239,0.48301008392663913,2
0.5077425235633054,0.5205570128008921,0.2192512977362311,0.778014984951399,2
0.6587701649251094,0.8261720430912228,0.22870071294720745,0.47971848659265115,1
0.837332064123921,0.3486624732924972,0.3645723393714865,0.7776622475608536,1
0.29004319638852233,0.49020456731039075,0.3442694983522519,0.8552642825318021,2
0.8707137139519288,0.8222992213196032,0.11461003295496157,0.6832428598707001,1
0.5026788251159235,0.6553600227504892,0.03207616257781033,0.39059075988615793,2
0.6702795866415708,0.8881933192888976,0.09094707820880092,0.5049964992680287,1
0.20921763335713098,0.6449090167522928,0.2071075021000711,0.42375223910453996,2
0.3362251115966799,0.46147945533532647,0.2762788894393349,0.7918892131991234,2
0.38451276060258605,0.1864492398417943,0.5712021022249983,0.7359220564299808,2
0.23562584283437535,0.6095222771443647,0.26361858401361277,0.7490902643279959,2
0.5839300780996473,0.559736872630937,0.11394231804768779,0.7873037089573274,2
0.3125283949548926,0.25992808151260816,0.5522648458870916,0.830925557161952,2
0.3210667128197362,0.5007352748580901,0.2679742391280936,0.8163452358220354,2
0.704029018742473,0.8552088517364087,0.0850798027010145,0.6892432053974922,1
0.37521003252349117,0.1752985066249574,0.6258297973162168,0.7677859916164289,2
0.664697949794114,0.48509431350024507,0.4475111465311134,0.7154632332214917,1
0.5610266173405736,0.6969432771930087,0.02100071079328838,0.26208207170590214,2
0.584651219811205,0.8284957361541945,0.16738966549637063,0.6271584058484956,1
0.753311843310329,0.8418878415847513,0.09884765330518881,0.7252225465324568,1
0.7500667056083191,0.8821539624392416,0.06311844400887416,0.43962828591432745,1
0.2658705262171069,0.5286873192215441,0.34175802873328026,0.7428589614192057,2
0.8224981791171784,0.5327135571213147,0.28923686647855773,0.960964565318203,1
0.3755561805450389,0.2687551216664733,0.4708036271996899,0.827280249506715,2
0.7005170586071868,0.6300426197487717,0.243723695263532,0.8305727561217345,1
0.2303182398373104,0.03623614109793558,0.9032890343980873,0.6607927112032516,2
0.1586151194571245,0.3285312837936441,0.6759558015809767,0.7289851514407558,2
0.12604114834606148,0.32280250105707453,0.672854158140737,0.6756048992061976,2
0.7377856622604907,0.38761146055895856,0.34722467529670237,0.7588495776389608,1
0.3188960762679474,0.25884668490198204,0.4955306179593771,0.7206370422906607,2
0.38477958303586235,0.6391802340157233,0.12937299416287937,0.5774298262363948,2
0.41519734042936773,0.6377845214352266,0.15159282314170633,0.48077325258917775,2
0.41953861353294536,0.580796042612265,0.16395631852154996,0.6483264682615456,2
0.6844139641881026,0.27897787440083516,0.5707583948995196,0.79600461914764,1
0.8705478513582704,0.32938442714043564,0.3785986602623474,0.7556752775580348,1
0.5724538289019175,0.9100270536245496,0.16665302517931377,0.4105858497685879,1
0.6474338172194218,0.8209072505958906,0.22670751933142355,0.5719013975649454,1
0.46956277178028255,0.5117301597398661,0.21832855881275984,0.8720732516798967,2
0.34730184828620664,0.9845910337627738,0.35453076873371103,0.45667730525473504,1
0.6729261767229877,0.6550531904941871,0.25490770456846235,0.7410949562181183,1
0.35157821863574407,0.5749886808832279,0.2296604131216749,0.6246942542531619,2
0.5773633616742027,0.725512353740173,0.32308355052017146,0.7659046891622794,1
0.9205229719692216,0.7335648295397141,0.12391065543756867,0.7549696754775999,1
0.3851329424745256,0.5149821700524234,0.18492385896138025,0.7289851514407558,2
0.8067772898052197,0.7869162235684591,0.14520860706054667,0.6990025187084572,1
0.3660082642840145,0.9571033538262357,0.210281948004394,0.061494676159560585,1
0.7588285774037457,0.8783597196600897,0.06599607986731859,0.4646698855215181,1
0.531712927907463,0.6864885293380282,0.3163288603614276,0.7600252780126754,1
0.5720110478910211,0.6000778306211109,0.09397548840114589,0.7664920847086207,2
0.37960899696399336,0.5473475848185386,0.5348784112693045,0.7797786809969356,1
0.33743662967209687,0.5114205210909758,0.31101298813190603,0.8805477508933686,2
0.661575406183069,0.43902457277350165,0.33788528227109227,0.7716657119215835,1
0.4638635888338417,0.3656205682383713,0.3072867081655072,0.831983051001573,2
0.2528467069063742,0.5267512825214128,0.2560148189631034,0.7503841712358038,2
0.596153430110551,0.8438261233989531,0.13236263381222135,0.7039408239904706,1
0.6997021684731267,0.6339154415203913,0.3122321063174446,0.7942406139465524,1
0.18298970930777606,0.2978705093041269,0.6966980420875784,0.7292197459468797,2
0.5162624667373386,0.6551280276298704,0.03653908286126609,0.3795429953535739,2
0.799212513250979,0.5346492196357677,0.27199689835655977,0.8778380934195331,1
0.3227541844247813,0.25784012542703943,0.5525965494216727,0.8416250670594759,2
0.7436269101241085,0.3529207063128866,0.38660693131152135,0.7501486674486484,1
0.6809669068068567,0.8655812787421373,0.08312404419841904,0.4724260527201142,1
0.3302829038934441,0.6188133075394672,0.20075904107523643,0.5174627422097346,2
0.4182405584521414,0.45110328647281356,0.2050776487819588,0.7581439755585259,2
0.48831534084763,0.6376311053070755,0.07452129148986582,0.49641288633077824,2
0.42625244286754793,0.5866034043413023,0.5522648458870916,0.8702001327550306,1
0.6581427716360543,0.7632976235467563,0.24855881275981648,0.5760113478272729,1
0.15886030763905412,0.7651573263684905,0.21725806104206605,0.1791920128754194,2
0.512604042720435,0.6085942966618896,0.1010618820944709,0.7207543395437228,2
0.5715105755432,0.5400692991876429,0.48660046955435415,0.7379206561371923,1
0.7223171725475773,0.850640044602933,0.1026859370624852,0.6828973330787346,1
0.3307660688401878,0.177079630454224,0.6094772438451763,0.6981796193749602,2
0.29855988000201916,0.22888189577432114,0.7374114200788334,0.7006483173754512,2
0.5444785784854581,0.5332553779836631,0.1424042044499968,0.8297498567882375,2
0.45695144552856076,0.8418130044490677,0.32341525405475263,0.35932058521327187,1
0.7415067534921287,0.37661414347027283,0.45518771404570624,0.8148167344081034,1
0.3844911263512393,0.33658375959318537,0.49527214767269045,0.8134064395282649,2
0.5081275916030259,0.5389078268418355,0.20009434165464063,0.846210571301272,2
0.620859745148519,0.8120016314495578,0.22526796906972238,0.5800121843658219,1
0.1987610785395438,0.8343030978832318,0.3629482844034721,0.6939460068923502,1
0.5189573733134298,0.5197828226322466,0.1552458698602107,0.8313956554552315,2
0.2144819678515025,0.6087477127900407,0.26199452904559845,0.6768960782709111,2
0.3112231284569731,0.6620991068187856,0.20651689749499216,0.4465570073742691,2
0.42715387000699506,0.6401867934906659,0.1697546686195533,0.599298035043691,2
0.34256394724127237,0.2438231299135257,0.5706076205656191,0.8610254871473126,2
0.29393015021381846,0.12899677077759528,0.6061171301182502,0.5850677869008974,2
0.8673387707418385,0.8278745879280216,0.11818984642557134,0.660674504669158,1
0.6847096322898413,0.6263269559620875,0.23634135309195084,0.7721360829991726,1
0.6173045165105395,0.7284534531725333,0.231801236349538,0.7748403757149221,1
0.9317367255839445,0.7376696464319524,0.10475369935597821,0.7219300399174373,1
0.6303427586555034,0.6242352580197347,0.35283348051780217,0.7873037089573274,1
0.7114639897886335,0.6223755551980004,0.2361935942447283,0.8292788492139266,1
0.7329684356272851,0.39798762942147153,0.3106812845973248,0.7432117624594233,1
0.39438519063381144,0.5551680654974612,0.19703103797359295,0.7010011184156687,2
0.4909922188809323,0.6366245458321329,0.0955995433691602,0.5246369695481783,2
0.718141762037658,0.9206352176076813,0.08367544747668383,0.4024659701573965,1
0.47533911688986,0.4641885596470681,0.5329614233097121,0.7406248579248389,1
0.6262899422365489,0.6281829169270375,0.23755960970986711,0.7639051801740363,1
0.5905645818459785,0.6500203931194738,0.31123268787558966,0.7378033588841302,1
0.5163490037427255,0.530003330252538,0.18540375212699506,0.8162279385689735,2
0.8000706718877327,0.7279146257956123,0.14288237448036703,0.7796611109595643,1
0.3065357073318478,0.5817277649515242,0.5195985094880134,0.7409776589650562,1
0.777830661503292,0.5451020965623562,0.26900768949102893,0.8688998608800022,1
0.3447345837930612,0.3379008931812144,0.501216964266483,0.7874210062103895,2
0.28164189544887464,0.5311648025983453,0.34068968488164214,0.7714305718468407,2
0.2640893061895593,0.488888556279397,0.33681263058134275,0.8425652636460351,2
0.33887170167809677,1.0,0.37110302194843514,0.23692226556461804,1
0.41449783296915677,0.6154082178658694,0.1914941736489543,0.5924784273075279,2
0.7668116161506898,0.6281080797913542,0.2591156008357206,0.8285741564145229,1
0.7806503255954828,0.8915235718268119,0.06027527085532128,0.4375096611109595,1
0.2976512414454564,0.6670533252010312,0.20803024102354234,0.4105858497685879,2
0.5440545471590622,0.5398369298813458,0.17691429556077282,0.8136410340343889,2
0.8141617809315709,0.8033280074238438,0.10840674607448253,0.6793693226765596,1
0.5753225306304942,0.8478523612987237,0.15521140715531911,0.6263400529201559,1
0.2343061535022247,0.039798388756468704,0.77893467163504,0.5203997199414423,2
0.7389683346674455,0.8404958708610387,0.1026471665194822,0.7061749274848377,1
0.535227051467884,0.5419275052666634,0.2603338574536369,0.7368622530165398,1
0.7833113385111309,0.9242760442586822,0.05492062808279667,0.3200487374632877,1
0.3340400522106599,0.655438601742957,0.21039265944385813,0.6594924393282231,2
0.8082195732283352,0.3862943269709295,0.38465117280892586,0.8761922947525391,1
0.203160042980046,0.7499803552518831,0.23453249186895558,0.2730116297043927,2
0.5107556843995413,0.8343030978832318,0.2900122773386176,0.41986960910008453,1
0.5211619035256618,0.7588859743982159,0.3144463351067267,0.6979441155878047,1
0.272079556353619,0.038634671296590754,0.8978999289206712,0.7643761877483474,2
0.7694437833978754,0.5521483870726333,0.25738083442824217,0.8349227565763749,1
0.8240269995456808,0.33278951681403346,0.3727270769164495,0.7746052356401792,1
0.6904859773994187,0.7970566554535692,0.20965429599155663,0.5365121798194167,1
0.19293425351015728,0.7424704486860471,0.25236091067697675,0.28018585704283616,2
0.05089097058462954,0.8627935954379282,0.22833157429943782,0.16037898833392436,2
0.3304054979844089,0.9917155290798401,0.2672358756757921,0.08241723269410874,1
0.4987315117293699,0.9015891665762384,0.06780537187412498,0.22092801222073702,1
0.7964793861641751,0.38087611834744634,0.38095935554741855,0.8016485265100886,1
0.4826745703798253,0.6348434220028664,0.08101751136192302,0.4878292733935278,2
0.3853276507366462,0.24908792240885771,0.4771490727378465,0.7924775180264964,2
0.7690038869538253,0.8396427275142472,0.10678269110646822,0.7366276585104158,1
0.26895701274257405,0.5191635453344658,0.25154888319296964,0.7503841712358038,2
0.3313501936265495,0.9877678701725371,0.2594106877463545,0.08065322749302123,1
0.25413755057006254,0.6229967034241731,0.2343851638055442,0.6673759058712276,2
0.33224440934888116,0.16925914977530146,0.6150860490662762,0.7318066504814643,2
0.29990841500263216,0.5816491859590566,0.25741745105218944,0.7350991570964837,2
0.5247531892492194,0.3464173592219931,0.31902125918108,0.9086445347663603,2
0.3559699716591307,0.5595797146460016,0.20474551446356645,0.7020595215363212,2
0.800272591566969,0.5303906124296999,0.2904516768259849,0.8366867617774625,1
0.6358162242462265,0.27464106238797814,0.5788054364916967,0.6955927148403757,1
0.5258889874449229,0.8643427241465761,0.06887371572576304,0.20857997581312454,1
0.5870670445449234,0.5392951090189975,0.4857130549033967,0.7242814406648662,1
0.4023465951294089,0.4566000740887643,0.3326426432894652,0.822577448011857,2
0.4531777109519792,0.610222004363005,0.09648265018200616,0.6624385098702456,2
0.7428192314071638,0.3484304781718784,0.3915178667585672,0.7635532884148504,1
0.7888569182730099,0.7928770014256474,0.14912012406573763,0.7900079107449739,1
0.3079130880009231,0.6380165165558453,0.18743403622891852,0.49123907726160926,2
0.6179391212167102,0.306308396352438,0.6006203286880478,0.6206934177146131,1
0.4486633638376277,0.5397594734459134,0.20666465634221468,0.7293379524809732,2
0.8118973959572796,0.8693755215212893,0.015391905572188615,0.3011175063876992,1
0.2244481463052304,0.2878049145547003,0.6626273504641697,0.6850068650717878,2
0.20907340501481944,0.6192024606450213,0.2571223641415556,0.7118179255662548,2
0.5746872047826118,0.8682941249106633,0.19917160273116938,0.625167080389536,1
0.322862355681515,0.29871991079413424,0.48671247334525175,0.7815423224856105,2
0.5614210818567957,0.9333350795331661,0.16816507635643052,0.40693963283231943,1
0.5509760653065934,0.646379566468473,0.05628621276412434,0.61504678250907,2
0.34570812510366405,0.6310491792237144,0.12446205871583346,0.5343935550160488,2
0.6151699370443287,0.6511017897300999,0.3702199151355893,0.82175454867836,1
0.6809957524753188,0.5760738193506382,0.3582958192431128,0.842447966392973,1
0.6032710988036258,0.6387162437744858,0.23789174402825944,0.7663747874555589,1
0.8559447316992261,0.6301960358769229,0.2572701229887781,0.850678778290006,1
0.6194535188109815,0.8589245155230929,0.1573868654015982,0.619284032115806,1
0.4271178129214172,0.9167623958360618,0.3179141447864389,0.2634914573047091,1
0.76875148735478,0.3752221727465603,0.34951213733387904,0.7125235276466897,1
0.037398409161384254,0.8746403140166212,0.2167781678764512,0.14403011538776286,2
0.4567300550231126,0.30731495582738066,0.40211084067460745,0.8593796884803186,2
0.5681406803250907,0.5567957731985765,0.1212871820276994,0.7715481418842122,2
0.3651212599787984,0.6362353927265788,0.16923772804618004,0.5425043418169253,2
0.40770467804628285,0.9831990630390613,0.2574915458677063,0.09088263909726574,1
0.21985447360260765,0.7336434085321819,0.251290412906283,0.3282777307982578,2
0.7320237399851445,0.6318237435780384,0.26254851702673015,0.816698036862253,1
0.8488270630061514,0.594191889899606,0.21552329463458764,0.9193467725069787,1
0.7784219977067693,0.3770032965758268,0.39978460809442784,0.8959418787564671,1
0.5748797496195978,0.3732876327891426,0.42772524608525214,0.7503841712358038,1
0.46134175626852436,0.34301226954839525,0.5872918775712408,0.5308655446138737,1
0.6225255825022176,0.5981432906636931,0.0933853145798781,0.7666102912427143,2
0.47232546567726025,0.5488188829060756,0.1575721024403903,0.7255753475726742,2
0.6209895506565996,0.75284661754856,0.21984190234131,0.5581439755585258,1
0.7923977240767583,0.7717392524518516,0.16119068645400308,0.7265155441592333,1
0.247611218080465,0.6397976403851119,0.20533568828483426,0.45232184911390555,2
0.42835096524818095,0.29686394982918424,0.42433066965343447,0.8397437646053265,2
0.36776785006021534,0.5294615093901897,0.17215413444762748,0.7022941160424452,2
0.5315751898405556,0.3486624732924972,0.42466237318801564,0.6873619029433427,1
0.3467321463340761,0.252264758818621,0.5505287871281798,0.8330414541222254,2
0.9110255356280063,0.9069287962072541,0.03886531544144573,0.38283459268756187,1
0.5489835507575593,0.5144401620972359,0.2812242875912723,0.7261627431190157,1
0.5096389964591942,0.6425853236893211,0.036763090443061176,0.3894177873555379,2
0.6684983666140233,0.6686024539096792,0.020781011049604763,0.5853041999690843,2
0.5688048518414354,0.6456835811066168,0.07131195209684021,0.65032688653082,2
0.808630624003923,0.8417344254566002,0.09751653132875267,0.7229884430380897,1
0.38558726175280705,0.5552466444899288,0.6080728886208456,0.8636123916818971,1
0.37647924193583276,0.6183493172982297,0.19658776143192538,0.5633177846276949,2
0.33393188095392623,0.1735173827956909,0.6302582548947812,0.7179328405030142,2
0.5061348246543929,0.7838179661511635,0.26151463587998364,0.7084081216981732,1
0.602211020487636,0.6995738025122826,0.31392939453335345,0.7972976167744165,1
0.6507510690925874,0.8619441939479209,0.07603765050509403,0.607054202242287,1
0.7099928606970556,0.8553622678645597,0.08268033687294032,0.6843067186775416,1
0.9266021965976534,0.7028254760577294,0.13128998212247184,0.8171690444365639,1
0.48114358652618827,0.3075469509479994,0.4334115923923579,0.9179373869081717,2
0.7920659988894417,0.3922551048281178,0.36416309475089925,0.8760740882184457,1
0.3453836113334631,0.946884342948658,0.3392853296573115,0.47960028005855765,1
0.36330398286567295,0.164847500626761,0.6297800848644107,0.7679032888694908,2
0.5043731475672284,0.4943860922667046,0.5603463501841601,0.8184620420633404,1
0.4070844961743432,0.6395656452644931,0.16772136903095183,0.5958882311756094,2
0.05485003858108152,0.7647681732629366,0.25036767398281173,0.13980195859134179,2
0.8120704699680534,0.7704221188638227,0.17255907123010317,0.8464460750884275,1
0.7878689541281758,0.7549345736341287,0.12295000753871671,0.6878320012366221,1
