0.5181684442809856,0.4746395656452645,0.27096301720981325,0.8216363421442664,2
0.7911862060013413,0.4062721003416315,0.32304477997716846,0.805292924884294,1
0.587521363823205,0.7938835609005902,0.245421414263252,0.5014684888658537,1
0.7957293987841552,0.34819848305125967,0.3884162233183277,0.7673149840421178,1
0.8396613518522525,0.725901506845727,0.13623968811252074,0.7948289187739254,1
0.32505462648465044,0.4864106987169173,0.3724686066297629,0.7774270983933003,2
0.3941255796176506,0.9210992078489189,0.33740280440261056,0.5102885148712912,1
0.4778032581182528,0.5275258468757367,0.21323497102978872,0.7445047600861998,2
0.4075460268697402,0.4638031483982982,0.3270338380683654,0.775310655864408,2
0.7833113385111309,0.9242760442586822,0.05492062808279667,0.3200487374632877,1
0.5224138055369261,0.5871459735750074,0.0862989208865531,0.7211071405839402,2
0.2999372606710945,0.6611673844795264,0.2195834320546234,0.6711403293415895,2
0.8149406139800532,0.9380573027947928,0.051340814612186904,0.382125353483001,1
0.47232546567726025,0.5488188829060756,0.1575721024403903,0.7255753475726742,2
0.4182405584521414,0.45110328647281356,0.2050776487819588,0.7581439755585259,2
0.26655561084308677,0.49647666765202225,0.3411333922071209,0.8261045491330006,2
0.8421637135913579,0.41579512585735295,0.3498783035733517,0.8863034998226901,1
0.43866112829832193,0.26418631453299757,0.44249251513128135,0.8071742273384435,2
0.9360058845163663,0.7461075334802636,0.11612208413207832,0.7440346617929203,1
0.02087705254959648,0.8452966731151332,0.22504650311241306,0.4385644271074861,2
0.6210616648277553,0.8114590622158528,0.2402171150408168,0.577657146494267,1
0.5416574721098443,0.49167586539792774,0.5458418592629289,0.8104667339534629,1
0.33072280033749435,0.5062328108453977,0.2882029853318112,0.7355692553897634,2
0.45627789916996586,0.3490516263980512,0.3235272578456502,0.822577448011857,2
0.6404098969488494,0.7422384535654282,0.251290412906283,0.8238704456386335,1
0.763393404437906,0.5617499915808223,0.31374415749456136,0.9731943951917219,1
0.28335821272238204,0.2593892541356872,0.6903870592543132,0.6847795448139156,2
0.6871110341893286,0.4781258536110789,0.4577724169125724,0.7632004873746329,1
0.76800149997476,0.7719712475724704,0.17765093587782974,0.802941524136865,1
0.39118332143449513,0.5562532039648715,0.2124229435457816,0.7227529392509343,2
0.35666947911934177,0.24947707551441176,0.5128438193292697,0.7466215663275048,2
0.38128204573480734,0.5123495867119182,0.1950744179033752,0.7435645634996408,2
0.5917760999213956,0.6617885327056993,0.03152045146143408,0.42563445083972096,2
0.7585689663875849,0.5096393972617091,0.33670493462855666,1.0,1
0.07083775032631659,0.8631827485434823,0.20891636332306632,0.19811415114069303,2
0.3433355688726391,0.4833135638566569,0.34482520946862816,0.7813071824108677,2
0.3778133541022146,0.9599696161229124,0.31584638249294594,0.2978259090537112,1
0.2709113067808955,0.6664359188316425,0.20817799987076485,0.6115278649172099,2
0.7966308259236022,0.53255864425045,0.28639369332500486,0.9244023750420542,1
0.3515349501330506,0.5200151919385437,0.18263510457277016,0.6988843121743638,2
0.7223171725475773,0.850640044602933,0.1026859370624852,0.6828973330787346,1
0.19040304610258962,0.03128192271568999,0.9021474572985547,0.6244578411849749,2
0.6928080537106347,0.8384041729186857,0.09873564951429127,0.6583194667976031,1
0.6414843980990704,0.7453367109827239,0.27155319103108105,0.591769188102967,1
0.45586396382753175,0.26248376969619863,0.47932883882223704,0.833982559989816,2
0.1384952657046636,0.3166097280792675,0.6750683869300191,0.6807787082753667,2
0.40110623138552953,0.12156170134744261,0.6549507829495769,0.7315711466943088,2
0.6707843858396614,0.5141304486112098,0.431714304176449,0.7520299699027978,1
0.24965926054128895,0.03151391783630874,0.795399228896978,0.5437955208816388,2
0.7161009309939497,0.5320942798235341,0.42547655459107847,0.7550869727306618,1
0.32097296439723366,0.5114205210909758,0.28284834255928665,0.871964137956118,2
0.04861937419322271,0.8150998888668535,0.24601201886833093,0.4844194695254462,2
0.20871283415904057,0.7818834261937458,0.2241237211105607,0.19376778781017842,2
0.6702795866415708,0.8881933192888976,0.09094707820880092,0.5049964992680287,1
0.6034874413170932,0.5540080898943675,0.4713938010209576,0.7396846613382797,1
0.6056364436175352,0.6356179863571901,0.41495681392293277,0.8487974758358565,1
0.41953861353294536,0.580796042612265,0.16395631852154996,0.6483264682615456,2
0.6474338172194218,0.8209072505958906,0.22670751933142355,0.5719013975649454,1
0.4328292552769545,0.8670555703151017,0.2647631765998234,0.2922974803822617,1
0.2748703747773475,0.24545083761464115,0.7292911452387619,0.6912418051047037,2
0.5724538289019175,0.9100270536245496,0.16665302517931377,0.4105858497685879,1
0.808630624003923,0.8417344254566002,0.09751653132875267,0.7229884430380897,1
0.7506364075604497,0.3213319513408943,0.38682663105520493,0.6733680678687362,1
0.5294413315160562,0.7822688374425157,0.21415770995325997,0.6697218509324676,1
0.25413755057006254,0.6229967034241731,0.2343851638055442,0.6673759058712276,2
0.13528618508823165,0.816338443462415,0.22962349494905984,0.3682497249424879,2
0.32375657140384656,0.2398754710062227,0.5260559588170677,0.7165216363421442,2
0.761330939142851,0.7706541139844415,0.19869170956555454,0.7346281495221728,1
0.32249457340862053,0.25923209615075193,0.6154177526008573,0.9714303899906342,2
0.7016853081799105,0.7406107458643129,0.20762444267344435,0.7142875328477772,1
0.6234486438930114,0.33627318548009894,0.5947142826372585,0.5844767542304299,1
0.5703841521897468,0.7235778137827553,0.29993753634738407,0.7620238777198868,1
0.6489770604821554,0.32396247666016825,0.598737803433347,0.647271702265019,1
0.4136108286639408,0.5248156200069599,0.2605552803325651,0.9387417369086263,2
0.3581694538793818,0.5631419623045347,0.20005772503069336,0.6623203033361521,2
0.8601201422091455,0.5752206760038466,0.22770410278501735,0.9264027933113287,1
0.5352241669010377,0.5419293761950555,0.2603355805888815,0.7368631622975713,1
0.3878588581442139,0.6384056696613994,0.12992439744114417,0.5751929948989334,2
0.5489835507575593,0.5144416962585173,0.2812242875912723,0.7261609245569528,1
0.3516936013095933,0.6284149120476563,0.12375988110366815,0.5568527964938123,2
0.817197787537229,0.8589245155230929,0.029267452129148996,0.38388935868408847,1
0.8290966257779316,0.6088262917825082,0.27214336485234886,0.865375487601953,1
0.37506580418117963,0.9206352176076813,0.34700066771490723,0.49629467979668473,1
0.2528467069063742,0.5267512825214128,0.2560148189631034,0.7503841712358038,2
0.4073729528589663,0.5739821214082852,0.5524500829258837,0.848561972048701,1
0.5452985166114993,0.3932616643030604,0.3608072888620846,0.6877165225456232,1
0.40770467804628285,0.9831990630390613,0.2574915458677063,0.09088263909726574,1
0.5787205503753543,0.6434384670361126,0.05672992008960305,0.621639069987361,2
0.8882807260454751,0.5205570128008921,0.2329454843086997,0.8812478972876145,1
0.39069294507063584,0.2779713149258925,0.4283541904495229,0.7927121125326204,2
0.1324881552473876,0.7869910607041426,0.23076774290822155,0.1134600871091228,2
0.5516308619806878,0.663337661414347,0.02214659573093243,0.3694317902834229,2
0.5077425235633054,0.5205570128008921,0.2192512977362311,0.778014984951399,2
0.3156581499830532,0.03592556698484918,0.7734723329097294,0.603762604908299,2
0.612963243406962,0.5121947112596212,0.40771964589570725,0.831042854415014,1
0.4419819858800453,0.44010971124091197,0.2192883451439895,0.7833060549023886,2
0.6179391212167102,0.306308396352438,0.6006203286880478,0.6206934177146131,1
0.5639147898953623,0.7390616171556651,0.2791565252977793,0.7452103621666347,1
0.42492554211828165,0.5638416895231753,0.5594632433713141,0.83421715449594,1
0.5452985166114993,0.3932616643030604,0.3608072888620846,0.6877165225456232,1
0.5773828325004146,0.7338754036528007,0.3278092489284253,0.7833060549023886,1
0.7000050479919809,0.9177689553110043,0.08127598164860966,0.39823781336097547,1
0.6550995536132805,0.5619034077089734,0.4093824714067245,0.8594969857333805,1
0.43488450915489407,0.508245929795283,0.1886889094707821,0.7775446684306718,2
0.28314187020891474,0.19248859669145024,0.6774678527580934,0.8656109913891086,2
0.3596766400565375,0.10870842329380681,0.6366424709759407,0.6489175009320131,2
0.38736127036323903,0.43716486995176745,0.2959527860942986,0.8419778680996935,2
0.8205583079130879,0.38126152959621623,0.38660693131152135,0.845387671967775,1
0.5748797496195978,0.3732876327891426,0.42772524608525214,0.7503841712358038,1
0.5483864454203895,0.5528443724344895,0.12981670148835808,0.7767216236122098,2
0.7479681832276861,0.5495156166392887,0.2958063195985095,0.8130536384880475,1
0.7832897042597841,0.8519534363341777,0.038904085984448715,0.4105858497685879,1
0.6334580908494327,0.33542378399009154,0.5815710685592436,0.5894232430417269,1
0.34786433882122175,0.4684467926674575,0.3568914640187822,0.8103494367004009,2
0.5522950334970325,0.661092547343843,0.024063583690524918,0.3776607836183929,2
0.1665116211986817,0.28416408790369957,0.718293234540246,0.6796057357447466,2
0.2343061535022247,0.039798388756468704,0.77893467163504,0.5203997199414423,2
0.451377741239931,0.9404558329934481,0.2115002046223103,0.13627394818916677,1
0.4736062133569867,0.3526138740565844,0.31344691666487173,0.845622266473899,2
0.7814003129755028,0.8141681665275943,0.11796583884377627,0.607054202242287,1
0.837332064123921,0.3486624732924972,0.3645723393714865,0.7776622475608536,1
0.7318218203059083,0.8723951999461173,0.044478428500656975,0.4132864144321085,1
0.7287353337804412,0.39070971797625415,0.4487302647166519,0.8524418742100621,1
0.5914011062313855,0.8496334851279902,0.13808344282421867,0.6747774534675431,1
0.6685776922022948,0.8758040314764993,0.09364378486656473,0.5302745119434062,1
0.6384628143276436,0.8000014967427137,0.18555151097421763,0.5529701664893568,1
0.5291233080212593,0.6981818317885702,0.005906046050789421,0.21058039408239898,2
0.4987315117293699,0.9015891665762384,0.06780537187412498,0.22092801222073702,1
0.2273543474028081,0.22229996969096003,0.6507807956576992,0.820460641770552,2
0.8429064895542623,0.9094844843908445,0.030193637323109392,0.39482800949289387,1
0.3409485898073831,0.5933424884095986,0.2075503478579275,0.6248124607872555,2
0.6459843223791907,0.7429344389272846,0.2379283606522067,0.594360639042709,1
0.6053191412644499,0.55501464936931,0.12675382859112155,0.8136410340343889,2
0.8714997584175267,0.49554756461251204,0.24944493505934048,0.8778380934195331,1
0.7918352335417433,0.5501352681227479,0.26155168328774203,0.8388026587377361,1
0.800272591566969,0.5303906124296999,0.2904516768259849,0.8366867617774625,1
0.42630292278735693,0.5844368692632659,0.16923772804618004,0.651736272129627,2
0.2198616850197232,0.6134736779084518,0.25479699312899823,0.6718404757358357,2
0.4816729045424716,0.82555089486505,0.14495013677386004,0.47419005792120167,1
0.7547973952361379,0.5098717665680064,0.2623266633639908,0.8037644234703619,1
0.2938580360426627,0.018192907684651285,0.8080987356495143,0.5383943915545977,2
0.7834050869336333,0.5240414298383144,0.3144463351067267,0.9642561626521908,1
0.48778746511476967,0.821756652085898,0.09271759967260432,0.5474417378179074,1
0.9471475239599334,0.626401793097771,0.17056454218450473,0.9095810942287932,1
0.3678688098998334,0.1903968987490973,0.6220992095117065,0.8627885830673686,2
0.41742566831808114,0.9224949204294155,0.3109009843410085,0.38412577175227547,1
0.2852476040066633,0.2670525768296744,0.6817843065457599,0.6961801103867172,2
0.5440545471590622,0.5398369298813458,0.17691429556077282,0.8136410340343889,2
0.75001622568851,0.9029025583074833,0.0670299610140651,0.44091946497904105,1
0.4908090488861966,0.8641893080184249,0.3195037370495617,0.37907016921719994,1
0.43866112829832193,0.518776225738736,0.49568139229327757,0.6424434199878156,1
0.47686937960178555,0.5098717665680064,0.22962349494905984,0.7630822808405393,2
0.508060208121498,0.36546715211022013,0.3050681715381136,0.8606726861070951,2
0.4899905530435786,0.5878419589368636,0.1213259525707024,0.7040581212435327,2
0.7916910051994317,0.895624646862266,0.06300644021797662,0.41199523536739496,1
0.35813339679380396,0.9203246434945949,0.3416115622374911,0.33745237640597575,1
0.9175158110320258,0.8070474130673123,0.11205979279298685,0.6931231075588532,1
0.6233621068876245,0.7445621466283999,0.25051543283003425,0.8208134428107694,1
0.6225255825022176,0.5981432906636931,0.0933853145798781,0.7666102912427143,2
0.6785871391587162,0.25946409127137066,0.590466754259375,0.7365094519763222,1
0.353474821337141,0.5090975763993609,0.28462317186120145,0.7582621820926194,2
0.2823125572406233,0.249245080393793,0.7183664677881405,0.7696669303581658,2
0.4236996012086335,0.4620968617047151,0.3536821246257566,0.8373923638578975,2
0.3125283949548926,0.25992808151260816,0.5522648458870916,0.830925557161952,2
0.7865132077104472,0.6540466310192443,0.25804510306502687,0.8092910335797485,1
0.7899530536745777,0.6266337882183898,0.26771576884140696,0.8323358520417905,1
0.9248209765701059,0.7241203830164605,0.12394511814246022,0.7721360829991726,1
0.5325992110709675,0.5200151919385437,0.21533891916341785,0.7905962155723469,2
0.5567906309268834,0.6695304343921541,0.0308915070971633,0.400701964956309,2
0.4076902552120517,0.3328680958065011,0.5067525362396882,0.808349927712158,2
0.247611218080465,0.6397976403851119,0.20533568828483426,0.45232184911390555,2
0.8699493037376775,0.8175769980579763,0.09626295043832254,0.6212844503850804,1
0.596153430110551,0.8438261233989531,0.13236263381222135,0.7039408239904706,1
0.7304083825512551,0.4186613881540298,0.32382019083722835,0.8054111314183874,1
0.8082988988166065,0.49872215590820473,0.23781764921274257,0.8025887230966474,1
0.8210631071111785,0.6399547983700472,0.2637292954530769,0.836333960737245,1
0.6534553505109288,0.5461861124727313,0.4274667757985655,0.9064077034288986,1
0.7329684356272851,0.39798762942147153,0.3106812845973248,0.7432117624594233,1
0.6983247878040514,0.7992269323883897,0.21541258319512355,0.625630813715595,1
0.5962616013672847,0.548896339341508,0.4757102548086243,0.7667275884957764,1
0.5812618537668838,0.8562154112113514,0.20098046395416463,0.6215208634532674,1
0.8436132084315889,0.8012400513382751,0.12328171107329787,0.6646662483973921,1
0.5905645818459785,0.6500203931194738,0.31123268787558966,0.7378033588841302,1
0.6122493131125197,0.33278951681403346,0.5871109483705603,0.5855406130372713,1
0.26566139512075515,0.24444427813969846,0.7206151592823142,0.7253398437855187,2
0.5666681089500898,0.696475545094987,0.0010683438516380526,0.22421960955472503,2
0.42993747701360796,0.5976755585656714,0.11630732117087042,0.6612564445293106,2
0.599463470566601,0.8160278693493286,0.2192512977362311,0.5782481791647344,1
0.7500667056083191,0.8821539624392416,0.06311844400887416,0.43962828591432745,1
0.31320626816375685,0.9718163347016057,0.25686389385486896,0.0,1
0.7848762160252111,0.890359854366934,0.04377625088849163,0.3302781490675323,1
0.6403305713605781,0.7447155627565512,0.26391410170805785,0.8275157532938704,1
0.6358234356633423,0.48656561158778205,0.46832662028560973,0.8958327650326886,1
0.36801303824214493,0.5741392793932205,0.22969733129428999,0.6752502796039171,2
0.3404510020264082,0.6338368625279236,0.18462963361836862,0.5303927184774998,2
0.2215563680418839,0.6531149086799852,0.20186615546987743,0.4123498549696754,2
0.6322826298595937,0.34811990405879206,0.5819027720938247,0.612937250516017,1
0.6611859896588279,0.7727458119267944,0.24700885260731903,0.5751929948989334,1
0.8407142187511267,0.8962457950884389,0.045990479677773734,0.37496021895487236,1
0.7010939719764331,0.6326731450680457,0.2423947272061516,0.830454549587641,1
0.9047516027374539,0.9032917114130374,0.037611734551015574,0.4116406157651145,1
0.40124324831072555,0.5207119256717568,0.17765093587782974,0.7330996481082408,2
0.5984971406731137,0.6977140996905485,0.0,0.24315084063031353,2
0.5026788251159235,0.6553600227504892,0.03207616257781033,0.39059075988615793,2
0.598814443026199,0.6811451578502284,0.17027160919292655,0.6179928530510925,1
0.9110255356280063,0.9069287962072541,0.03886531544144573,0.38283459268756187,1
0.6993848661200412,0.9159129943460544,0.08519180649191205,0.406585013230039,1
0.06070570927893035,0.8401852967479523,0.22811012557348095,0.4405648453767606,2
0.37523887819195345,0.2795952807702238,0.471135330734271,0.7950635132800494,2
0.34469131529036773,0.9687966562767777,0.24014302022529993,0.07184229429789864,1
0.0821164066950796,0.76113108846872,0.25686389385486896,0.16989916073360786,2
0.25175778292192197,0.5862965720850001,0.23575074848687186,0.5553252043609118,2
0.7310141415889637,0.842123578562154,0.10275917031037975,0.6893605026505542,1
0.6225111596679863,0.6012378062242045,0.3673035087341418,0.7940060194404284,1
0.8765477503984308,0.4967086627726411,0.25479699312899823,0.8790110659501532,1
0.8061931650188578,0.5337975730316898,0.27480130096710964,0.9434518126517363,1
0.46956277178028255,0.5117301597398661,0.21832855881275984,0.8720732516798967,2
0.7657226921662376,0.881147402964299,0.05628621276412434,0.4623148476499631,1
0.1987610785395438,0.8343030978832318,0.3629482844034721,0.6939460068923502,1
0.7820637633501359,0.5458766609166801,0.31835785211191764,0.8704274530129026,1
0.6656282226020236,0.617731910928841,0.28491610485277963,0.7606135828400484,1
0.4958051186638686,0.7360419387308371,0.24918646477265385,0.7135819307673422,1
0.36118382623369316,0.46263943093842025,0.277610011415771,0.8104667339534629,2
0.4430701887227859,0.34750249768940344,0.3225278394037952,0.8234003473453541,2
0.37647924193583276,0.6183493172982297,0.19658776143192538,0.5633177846276949,2
0.6825389957380525,0.3441722451514891,0.4839037628965904,0.796827518481137,1
0.6684983666140233,0.6686024539096792,0.020781011049604763,0.5853041999690843,2
0.3951856579336405,0.4325960628182917,0.411191763413531,0.8027060203497094,2
0.36155160850658763,0.6593114235145765,0.20038985934908565,0.6704310901370286,2
0.5254267356078143,0.5704984527422198,0.16657979193141922,0.7240468461587423,2
0.5537394803452826,0.7100285503672633,0.00302410235423352,0.22069159915255002,2
0.34430189876612655,0.6387162437744858,0.13051887910052343,0.5532065795575438,2
0.692151814753117,0.641114773973141,0.31525620867167814,0.8016485265100886,1
0.8089623491912397,0.8993403106489501,0.06164085553664895,0.38577157041926946,1
0.6334941479350107,0.6531934876724528,0.054847394834902106,0.6208116242487065,2
0.3314583648832832,0.576305814471257,0.18957460098649492,0.6426798330560026,2
0.5229625943794215,0.49810250442474563,0.5605703577659552,0.85996708402666,1
0.8558942517794172,0.5454119223040858,0.29824024813147526,0.8852487338261636,1
0.5710093820536674,0.770343539871355,0.2639877657397635,0.7616719859607008,1
0.7978423439990192,0.4143245761411728,0.3352273461563315,0.810584031206525,1
0.7415067534921287,0.37661414347027283,0.45518771404570624,0.8148167344081034,1
0.3112231284569731,0.6620991068187856,0.20651689749499216,0.4465570073742691,2
0.5363628496635874,0.7730563860398808,0.2733280203329959,0.7158160342617093,1
0.5736862600869697,0.6402616306263493,0.05300364012320419,0.6250488738554425,2
0.45423706812625747,0.503058219549705,0.20928554504921704,0.7984733171481309,2
0.5452985166114993,0.3932616643030604,0.3608072888620846,0.6877165225456232,1
0.2303182398373104,0.03623614109793558,0.9032890343980873,0.6607927112032516,2
0.028203852339023127,0.7695689755170311,0.2572701229887781,0.08724551497131212,2
0.5542010110406796,0.781108861839422,0.24276390893230235,0.7396846613382797,1
0.4801520166727964,0.4761886943539123,0.574557908113813,0.8223419442247015,1
0.4929652626037543,0.8603950652392731,0.06813707540870614,0.1580239504623694,1
0.7623116918705696,0.5421598745729607,0.3117496284489629,0.9534448111877938,1
0.3738182290201848,0.8104525027409101,0.15602128072027055,0.610109386508088,1
0.2550029206239318,0.04514176024426836,0.8808107351325737,0.7088791292724842,2
0.7486749021050128,0.34270169543530893,0.3992676675210545,0.7556752775580348,1
0.7792368878408297,0.6194344557656399,0.2561996252180843,0.808349927712158,1
0.66958007918136,0.36035577574303923,0.4531587222952162,0.7407430644589322,1
0.5459511498604591,0.5514512791537416,0.401076959527861,0.6819516808059867,1
0.34933546791279946,0.4358477363637384,0.3016003618584014,0.8183447448102785,2
0.35470797366390466,0.5595797146460016,0.20378572813233678,0.7034698164161597,2
0.44557255046189126,0.5877671218011802,0.12549593986257998,0.6781872573356247,2
0.42271163706379944,0.9460311996018664,0.23442178042949147,0.15719650472371494,1
0.6788755958433392,0.7956646847298566,0.228405410644668,0.6189294125135255,1
0.3101053588040586,0.9420835406945635,0.3371098714110324,0.26995644543859165,1
0.27797128413704575,0.2319015741991491,0.7389622417989532,0.7246342417050837,2
0.32881898621898187,0.24204200608425913,0.5223296788506688,0.7235758385844312,2
0.20907340501481944,0.6192024606450213,0.2571223641415556,0.7118179255662548,2
0.5163006872480511,0.7502123503725019,0.160966678872208,0.5522609272847958,1
0.3030958613677173,0.26728457195029315,0.6793891485557974,0.7389790592578448,2
0.3479364529923775,0.570266457621601,0.1964033859607556,0.6706675032052156,2
0.3307155889203787,0.34486823051334536,0.5057186550929416,0.7721360829991726,2
0.6061845113183191,0.336662338585653,0.5903590583065889,0.6059994362457605,1
0.6266216674238655,0.5334102908545278,0.4321192409589248,0.8886585376942451,1
0.7575377337400573,0.34889446841311594,0.3803304111831478,0.7913009083717504,1
0.9040593066943585,0.573286136046429,0.22951274043121458,0.9526173654491393,1
0.40519510489006194,0.47835822291737606,0.32932130010554206,0.8131709357411094,2
0.5615083400038942,0.3742156132716177,0.29720636698472874,0.9205197450375987,2
0.4574425430341316,0.38900343128267106,0.4052469468197385,0.9140547569037163,2
0.6261457138942375,0.6481606902977396,0.2878712817972301,0.7441519590459823,1
0.8033013867555112,0.532945926427612,0.2995325995649084,0.860555388854033,1
0.7715927856983177,0.7877656250584665,0.12996316798414717,0.6732498613346426,1
0.41714442305057364,0.5748352647550767,0.529601309582786,0.815875137528756,1
0.32953291651342403,0.5003479926809281,0.2917095655545265,0.8790110659501532,2
0.800849504936215,0.6494778238857686,0.2589678419884981,0.8131709357411094,1
0.6167203917241777,0.5168404883871475,0.4962327955715425,0.7496785691553689,1
0.5081275916030259,0.5389078268418355,0.20009434165464063,0.846210571301272,2
0.6478088109094319,0.5327135571213147,0.42791048312404417,0.8761922947525391,1
0.7388313177422496,0.7308557252279727,0.19525922415835614,0.7215772388772197,1
0.3973418716511982,0.3246622038788088,0.5153897516531329,0.7931822108258999,2
0.5724249832334553,0.8063476858486718,0.10936739397333449,0.6012984533129654,1
0.9221743864886889,0.8963206322241222,0.021556421909664635,0.3829527992216554,1
0.5813267565209239,0.6025549398122336,0.4402395157989963,0.8526773779972175,1
0.46681882756780535,0.5684067547998668,0.1663213216447326,0.6750138665357301,2
0.5307696745487456,0.4782033100465113,0.27487453421500424,0.8578511870663866,2
0.3168840908927013,0.894696666379791,0.17037930514571265,0.2798312374405557,1
0.3978466708492886,0.28137640459949037,0.4582893574859457,0.8317484564954489,2
0.5800142786058888,0.8066582599617583,0.21556034204234606,0.5353301144784818,1
0.49576689815315605,0.8007760610970377,0.2796734658711526,0.447739072715204,1
0.31410769530320404,0.5117301597398661,0.25428005255562497,0.7828356838247997,2
0.6837288795621227,0.7564088652070932,0.19293385314579878,0.7144048301008392,1
0.720564798188492,0.5995352613874056,0.2856915157128395,0.7738997244878474,1
0.4635268156545443,0.5119624167904597,0.21400995110603746,0.8229302490520746,2
0.6521140269274315,0.5851328546251221,0.3418355698192862,0.8203433445174899,1
0.7946404747997029,0.9326353523145255,0.05853921209640943,0.3822435600170944,1
0.5052299360347302,0.5724329926996374,0.16702349925689794,0.7080562299389872,2
0.19077082837548404,0.7009695150927794,0.1997622073362483,0.2797221237167771,2
0.4164881840930561,0.6208264264893526,0.12320847782540333,0.6057630231775734,2
0.6041004117719172,0.7443301515077813,0.24774678527580934,0.822577448011857,1
0.8366541909150568,0.4247755821393692,0.3414995584465936,0.9242841685079607,1
0.6554240673834815,0.5913293694597133,0.32145949555215714,0.7696669303581658,1
0.7135120322494574,0.8585353624175388,0.07064854502767787,0.6677305254735081,1
0.652431329280517,0.25853611078889566,0.5780300256316367,0.7554397737708793,1
0.5184958426180328,0.8126976168114141,0.27399142740215826,0.47348991152695563,1
0.8966387584824294,0.8893532948919912,0.06366984728713895,0.4713712867235876,1
0.5753420014567062,0.8387147470317722,0.15727916944881212,0.6586740863998836,1
0.037398409161384254,0.8746403140166212,0.2167781678764512,0.14403011538776286,2
0.5963841954582495,0.6662001818542397,0.027682167704137672,0.4215154077670786,2
0.39438519063381144,0.5551680654974612,0.19703103797359295,0.7010011184156687,2
0.4096733949188355,0.9155238412405005,0.30104465074202513,0.5133436991370923,1
0.6293403716764382,0.8427409849315427,0.1732612488422685,0.6512634459932531,1
0.7259228811053661,0.3904739809988513,0.3391388631615224,0.7274566500268237,1
0.5908963070332951,0.567246779196773,0.45485601051112506,0.7376851523500368,1
0.1736725583944501,0.03824926004782092,0.9478406961466389,0.4847740891277267,2
0.7153076751112362,0.36345403316033487,0.383914532491869,0.7476799694481573,1
0.7005098471900713,0.7270614824488207,0.25915264824347906,0.641861480127663,1
0.551139764475117,0.5876885428087125,0.08604045059986647,0.7477972667012194,2
0.7563766955844493,0.6257843867283824,0.2719624356516682,0.8269274484664976,1
0.23259704764583286,0.7077048573042916,0.1996885433045426,0.2834774543768242,2
0.790969863487874,0.7409998989698667,0.14088784543476857,0.7713130018094692,1
0.591631871579084,0.9005040281088282,0.17248583798220865,0.40999481709812047,1
0.39807743619698704,0.26697399783720677,0.4753785512740431,0.7675504878292734,2
0.03848733314583646,0.8435155492858667,0.2377069377732785,0.419287669239932,2
0.2979973894670041,0.13851979629331668,0.5902470545156913,0.5958882311756094,2
0.3059876396310639,0.5890056763967416,0.20946992052038688,0.5851859934349909,2
0.3782027706264558,0.2620983584474288,0.5152777478622353,0.859026887440101,2
0.8673387707418385,0.8278745879280216,0.11818984642557134,0.660674504669158,1
0.735290511938501,0.32187452057459953,0.5119951752213152,0.829514353001082,1
0.5452985166114993,0.3932616643030604,0.3608072888620846,0.6877165225456232,1
0.7962486208164766,0.5492061650832376,0.2780881814461413,0.9308673631759367,1
0.5272173304776121,0.701976074567722,0.005828504964783422,0.1961228256817334,2
0.8177025867353193,0.8003869079914836,0.12487130333642063,0.6898315102248651,1
0.5315751898405556,0.3486624732924972,0.42466237318801564,0.6873619029433427,1
0.8118973959572796,0.8693755215212893,0.015391905572188615,0.3011175063876992,1
0.3980630133627559,0.9210206288564511,0.34759084153617503,0.40470280149485793,1
0.5162624667373386,0.6551280276298704,0.03653908286126609,0.3795429953535739,2
0.3307660688401878,0.177079630454224,0.6094772438451763,0.6981796193749602,2
0.4382370969719259,0.8675195605563392,0.30226376892756374,0.3350973385344208,1
0.5502642984372859,0.9184686825296449,0.16790660606974392,0.3837711521499949,1
0.3755561805450389,0.2687551216664733,0.4708036271996899,0.827280249506715,2
0.5911847637179182,0.7548597364984453,0.29451396816507636,0.8405666639388235,1
0.8300557442543035,0.6010843900960535,0.26897107286708166,0.8527946752502795,1
0.5085319213378621,0.648624680538977,0.03787020483770221,0.37625139801958585,2
0.5570026465900814,0.6968646982005411,0.0031361061451310648,0.22221919128545053,2
0.37454658214885805,0.52698365182771,0.26103517349817995,0.9062894968948053,2
0.5843267060410041,0.607202325938177,0.33622245676007495,0.7617892832137628,1
0.7118966748155681,0.7529214546842435,0.19603420423460488,0.7239286396246488,1
0.7407207090265309,0.8049557151249593,0.21142610980679347,0.5462687652872873,1
0.3651212599787984,0.6362353927265788,0.16923772804618004,0.5425043418169253,2
0.7771960567971212,0.8742549027678516,0.05957309324315593,0.4727806723223946,1
0.38104406896999327,0.6178853270569922,0.1186292459129386,0.5741382289024068,2
0.23738542861057624,0.011768139586225437,0.985603205031555,0.5247551760822717,2
0.42231500912244263,0.46852537165992514,0.325224546061559,0.8475035689280486,2
0.7290237904650643,0.35029018099361264,0.3924397441144162,0.7029997181228802,1
0.555568295725793,0.8768105909514419,0.21530187175565943,0.6259854333178755,1
0.9217921813815633,0.49879923815795874,0.2440928769896827,0.9024159597006647,1
0.46896566644311277,0.32202793670275065,0.37590195360458356,0.7820126935631996,2
0.7411317598021188,0.8763466007102044,0.08954703082258171,0.5413313692863052,1
0.8049239556065162,0.41076232848263966,0.3169190341826954,0.838568064231612,1
0.7853377467206081,0.8953140727491796,0.061602084993645945,0.3933004173599934,1
0.6660753304631893,0.6856353859912366,0.013358605983587148,0.5294561590150667,2
0.5211619035256618,0.7588859743982159,0.3144463351067267,0.6979441155878047,1
0.2658705262171069,0.5286873192215441,0.34175802873328026,0.7428589614192057,2
0.6741737518839827,0.647696700056502,0.2525086695241993,0.8154050392354765,1
0.5902761251613555,0.37537558887471145,0.46799491675102856,0.7194613419169462,1
0.9298401228825476,0.7170744666918618,0.12416912572425529,0.7716657119215835,1
0.5618061715307675,0.7876122089303155,0.2772740000430784,0.7282795493603207,1
0.40415666082541885,0.4617862875916287,0.31880155943739635,0.8155223364885384,2
0.5352241669010377,0.5419293761950555,0.2603355805888815,0.7368631622975713,1
0.205258565360679,0.2092146965167055,0.7502186227841557,0.6316320685234185,2
0.751263800849505,0.36213689957230577,0.41583992073577875,0.8745464960855451,1
0.6587124735881849,0.260549229738781,0.5923148168091843,0.7225183447448102,1
0.7662130685300969,0.569338477139126,0.27173842806987314,0.9046436982278112,1
0.8120704699680534,0.7704221188638227,0.17255907123010317,0.8464460750884275,1
0.4991843887242282,0.772588653941859,0.2673465871152562,0.7164043390890823,1
0.40489222537120767,0.9598910371304449,0.24564283714218021,0.14097493112196186,1
0.6809957524753188,0.5760738193506382,0.3582958192431128,0.842447966392973,1
0.5123441432475896,0.6250098223740584,0.07493053611045299,0.5341571419478618,2
0.2412940166872192,0.003562247658533124,0.9850130312102872,0.5392127444829373,2
0.500156487751408,0.4866430680232145,0.5618971719042799,0.8356283586568101,1
0.7722562360729507,0.6763443555961339,0.25180735347965627,0.8079971266719406,1
0.5315751898405556,0.3486624732924972,0.42466237318801564,0.6873619029433427,1
0.6952527241128155,0.6470007146946458,0.2605552803325651,0.8510315793302236,1
0.7309131817493456,0.40619352134916387,0.3234884873026472,0.7975331205615719,1
0.3790392950118628,0.2116918057078283,0.5329614233097121,0.6671394928030406,2
0.6434026350518139,0.6078197323075657,0.33511534236543394,0.8115251370741153,1
0.8480770756261313,0.8901278592463152,0.057617334740560466,0.42645280376806055,1
0.8123733494869078,0.5577237536810516,0.2588200831412755,0.8646698855215181,1
0.45197484657710085,0.44514250861562527,0.33120382536024295,0.8801931312910881,2
0.36684478866942144,0.25435271490418976,0.4662976285351197,0.7655518881220619,2
0.753686837000339,0.7176132940687827,0.11903849053352575,0.6954745083062822,1
0.5456042806971998,0.6517229379562726,0.0521894587201413,0.5962428507778899,2
0.807318146088888,0.36809767742949406,0.35106295905399876,0.7756634569046256,1
0.21985447360260765,0.7336434085321819,0.251290412906283,0.3282777307982578,2
0.7784219977067693,0.3770032965758268,0.39978460809442784,0.8959418787564671,1
0.6448016499722361,0.8020894528282825,0.2343481163977858,0.4944124680615038,1
0.7572853341410121,0.9311648025983454,0.04661942404204451,0.3141656891895578,1
0.7578478246760272,0.7724352378137079,0.18219139724729147,0.7107604317266337,1
0.5704418435266714,0.8986443252870939,0.1634781484911797,0.4128135882957345,1
0.3227541844247813,0.25784012542703943,0.5525965494216727,0.8416250670594759,2
0.3168840908927013,0.894696666379791,0.17037930514571265,0.2798312374405557,1
0.24898138733242467,0.2694548488851138,0.6811208994765977,0.7623766787601044,2
0.2276139584189689,0.0346870123892878,0.77893467163504,0.49218472953435716,2
0.5625669760364609,0.5262869180944969,0.15661145454153835,0.8535002773307147,2
0.6448088613893517,0.5518385613309036,0.40978740818920023,0.8512661738363475,1
0.6070210357037262,0.847620366178105,0.14528184030844124,0.7283968466133828,1
0.6905076116507655,0.6243886741478857,0.19230620113296143,0.7661392836684033,1
0.5715105755432,0.5400692991876429,0.48660046955435415,0.7379206561371923,1
0.5253308237601771,0.5368172514565178,0.14413595537079718,0.817286341689626,2
0.5100144228342312,0.4760352782257612,0.2881297520839167,0.847621775462142,2
0.6124512327917558,0.8442901136401907,0.13154845240915847,0.7179328405030142,1
0.45482407747946546,0.5803320523710276,0.16336614470028216,0.6719586822699292,2
0.8630984574778789,0.7210221255991649,0.12099424903612124,0.7312183456540913,1
0.7571050487131226,0.871699214584261,0.05492062808279667,0.45043963737872456,1
0.6473040117113413,0.5153693293919108,0.4351821138561613,0.7463860625403493,1
0.546730704050653,0.661092547343843,0.02022529993322851,0.3824799730852814,2
0.3812099315636515,0.9623681463215678,0.36102698860576826,0.33192394773452627,1
0.35883290425401493,0.5217184851466995,0.18440562603657357,0.7018240177491657,2
0.8872999733177566,0.6644227998817573,0.16063497533762683,0.869136273948189,1
0.8829154317114857,0.5276033033111691,0.23545566157623796,0.8845394946216026,1
0.6046052109700077,0.3499010278880586,0.5762207336248304,0.619520445183993,1
0.5060097065674376,0.5088652070930637,0.22283197277446315,0.8881857115578711,2
0.5757847824676027,0.7344965518789733,0.3085402890559373,0.7476799694481573,1
0.6930099733898708,0.6468435567097105,0.25416934111616085,0.7402720568846213,1
0.2634835471518508,0.2079761419211441,0.6727809248928425,0.8665511879756677,2
0.8999920674411729,0.8696075166419082,0.014836194455812362,0.4208152613728325,1
0.5436507078005899,0.7221821012022587,0.3043315312210567,0.7343935550160487,1
0.4638635888338417,0.3656205682383713,0.3072867081655072,0.831983051001573,2
0.48351181590694386,0.491056588100147,0.5579511921941973,0.843036271220346,1
0.20178266231097072,0.026555957597278915,0.9648566566868417,0.5225183447448102,2
0.9205229719692216,0.7335648295397141,0.12391065543756867,0.7549696754775999,1
0.4353604626845221,0.5185439312695745,0.21711073297865469,0.818814843103558,2
0.7578045561733336,0.5569491893267278,0.30278070950093694,0.8990061558325833,1
0.3188960762679474,0.25884668490198204,0.4955306179593771,0.7206370422906607,2
0.37885179816685777,0.27781415694095724,0.4696189717190428,0.8159924347818179,2
0.704678046282875,0.6227647083035545,0.24974002196997439,0.8236358511325095,1
0.8065681587088679,0.37769928193768315,0.39262498115320826,0.9254571410385807,1
0.8830596600537972,0.646768719574027,0.17370495616774723,0.8693726870163762,1
0.22982065205633556,0.6471541308227968,0.211168070303918,0.4262163906998736,2
0.42893509003454267,0.6017017964654422,0.11899971999052278,0.6458532238558972,2
0.3248599182225299,0.2549738631303626,0.6070390074740991,0.9162915882411776,2
0.7589367486604793,0.35958121138871535,0.37852542701445274,0.7701372105076516,1
0.8370003389366045,0.3796338218951008,0.3512826587976824,0.8024714258435853,1
0.7378505650145311,0.7306237301073539,0.21973119090184592,0.7499140729425243,1
0.3539940433694625,0.5740607004007529,0.2240868029379456,0.6185747929112451,2
0.36372945647549193,0.26813771529708474,0.435587050638637,0.7390963565109068,2
0.8475939106793876,0.5930319142965123,0.21607685183190817,0.8898315102248652,1
0.8256567798138011,0.5127367192148088,0.3156654532922653,0.8801931312910881,1
0.32120372974493216,0.6600074088764327,0.21334568246925284,0.660910917737345,2
0.44485068760862195,0.5141304486112098,0.21902987485730288,0.8279858515871501,2
0.8207962846779021,0.31691656033556975,0.3948736726473819,0.7132291297271247,1
0.2923364270312759,0.5270611082631423,0.24711956404678312,0.7835411949771316,2
0.4929652626037543,0.8603950652392731,0.06813707540870614,0.1580239504623694,1
0.3604266274365575,0.5612860013395847,0.23571370107911346,0.6780690508015311,2
0.33887170167809677,1.0,0.37110302194843514,0.23692226556461804,1
0.4111012555077198,0.4436682170426609,0.2210231115514679,0.7663747874555589,2
0.3844911263512393,0.33658375959318537,0.49527214767269045,0.8134064395282649,2
0.7883953875776128,0.43484117688879576,0.3410213884162233,0.8777198868854396,1
0.3924453194297211,0.15679502482721971,0.6328429577616473,0.7847169862789493,2
0.704029018742473,0.8552088517364087,0.0850798027010145,0.6892432053974922,1
0.7208821005415774,0.5556320557386987,0.25553535658129967,0.8585558798657902,1
1.0,0.7106459567366518,0.11818984642557134,0.8269274484664976,1
0.6467631554276732,0.8055768633511322,0.22046955435414736,0.4974767451376197,1
0.7167427471172361,0.541850048831231,0.32636612316109165,0.9469707302435965,1
0.6257346631186494,0.6383270906689318,0.351579899627372,0.7851872664284351,1
0.7912006288355724,0.5681747596792481,0.30558511211148687,0.8589086809060075,1
0.3065357073318478,0.5817277649515242,0.5195985094880134,0.7409776589650562,1
0.6340061585502167,0.5087877506576314,0.4509789562108256,0.8947689062258471,1
0.45245584809870987,0.6448304377598253,0.07950546018480627,0.46560644498395115,2
0.5481751508989032,0.5037549532829181,0.23560298963964935,0.8178737372359675,2
0.8116810534438123,0.41037317537708556,0.31437310185883216,0.838568064231612,1
0.41449783296915677,0.6154082178658694,0.1914941736489543,0.5924784273075279,2
0.7588285774037457,0.8783597196600897,0.06599607986731859,0.4646698855215181,1
0.5163490037427255,0.530003330252538,0.18540375212699506,0.8162279385689735,2
0.6844139641881026,0.27897787440083516,0.5707583948995196,0.79600461914764,1
0.9266021965976534,0.7028254760577294,0.13128998212247184,0.8171690444365639,1
0.203160042980046,0.7499803552518831,0.23453249186895558,0.2730116297043927,2
0.8228587499729572,0.8772745811926793,0.057100394167187214,0.4897114851287087,1
0.4317186970411555,0.5451020965623562,0.1546212333340513,0.7347463560562663,2
0.38783001247575166,0.4641885596470681,0.31374415749456136,0.8248115515062241,2
0.7210840202208136,0.3434762597896328,0.48217201197578996,0.8292788492139266,1
0.4567300550231126,0.30731495582738066,0.40211084067460745,0.8593796884803186,2
0.4924070989190086,0.48981765931890725,0.23187507269476815,0.8860670867545032,2
0.5636840245476639,0.8542022922614659,0.12394511814246022,0.6510270329250661,1
0.3933395351520527,0.26813771529708474,0.4776660133112198,0.805998526964729,2
0.4724408483511095,0.6218329859642951,0.07075624098046396,0.49535812033425164,2
0.6205568656296649,0.548896339341508,0.14284360393736403,0.8368040590305245,2
0.2714593744816794,0.5828091615621505,0.23549227820018526,0.5596715676914263,2
0.24784198342816344,0.29183115245447094,0.662446421263489,0.7019413150022277,2
0.740785611780571,0.8086713789116435,0.07544316884571478,0.6667848732007602,1
0.569999062515775,0.616261361212661,0.4125573480948586,0.8270447457195595,1
0.384786794452978,0.6199770249993451,0.12527624011889635,0.5636724042299753,2
0.5773633616742027,0.725512353740173,0.32308355052017146,0.7659046891622794,1
0.5587261752807045,0.3096386488903523,0.5868524780838736,0.5161715631450212,1
0.3668159430009591,0.5231123267988042,0.2814482951730674,0.7435645634996408,2
0.7072957906958297,0.5401467556230753,0.40646606500527716,0.7514425743564563,1
0.5542594235193158,0.6562131660972808,0.03499256897925778,0.409167371359466,2
0.2976512414454564,0.6670533252010312,0.20803024102354234,0.4105858497685879,2
0.6581427716360543,0.7632976235467563,0.24855881275981648,0.5760113478272729,1
0.88908840476242,0.6372419522015215,0.16860878368190924,0.8833665220909827,1
0.7942654811096929,0.5541615060225185,0.260444568893101,0.8683179210198496,1
0.6367392856370205,0.694230431024483,0.006457449329054239,0.48301008392663913,2
0.5807931116543712,0.5491287086478053,0.12645658776143193,0.8161106413159115,2
0.7978423439990192,0.4333706271726156,0.3338962241798953,0.8810114842194277,1
0.3638520505664568,0.1598895403877312,0.6448015163590152,0.7655518881220619,2
0.6056652892859976,0.6738672464050112,0.3196502035453508,0.8064686252580084,1
0.2144819678515025,0.6087477127900407,0.26199452904559845,0.6768960782709111,2
0.4816058383632968,0.6292680553944479,0.07773493872100289,0.5241641434118043,2
0.702154050292423,0.7697261335019664,0.2103556120360997,0.818109241023123,1
0.5556937743836041,0.5136658970914547,0.2196204794623818,0.7985915236822244,2
0.29004319638852233,0.49020456731039075,0.3442694983522519,0.8552642825318021,2
0.7601266324845496,0.6337582835354559,0.2374855148943503,0.7622593815070423,1
0.15886030763905412,0.7651573263684905,0.21725806104206605,0.1791920128754194,2
0.4156300254563024,0.4252395723806067,0.4247356064359102,0.820577939023614,2
0.664697949794114,0.48509431350024507,0.4475111465311134,0.7154632332214917,1
0.3287036035451326,0.9704206221211089,0.3492148965041894,0.4370368349745856,1
0.2236260447540546,0.03344845779372635,0.7903073642492515,0.47607226965638266,2
0.3559699716591307,0.5595797146460016,0.20474551446356645,0.7020595215363212,2
0.703704504972272,0.3581892406650028,0.40827535701208345,0.7927121125326204,1
0.39280589028549995,0.2694548488851138,0.43315312210567125,0.6914773088918591,2
0.616561740547635,0.5886951022836552,0.09596570960863293,0.7661392836684033,2
0.6264630162473227,0.8095245222584351,0.18998083012040407,0.45384944124680604,1
0.3588545385053617,0.5547040752562237,0.20777220152066686,0.6774871109413786,2
0.33743662967209687,0.5114205210909758,0.31101298813190603,0.8805477508933686,2
0.2505246305951582,0.2080509790568276,0.6620759471859048,0.8652581903488912,2
0.7946476862168185,0.5279127548672202,0.3249273052318694,0.9739036343962828,1
0.6986709358255991,0.33519178886947276,0.5014754345531695,0.7775446684306718,1
0.8746078791943405,0.638095095548313,0.17300277855558188,0.8790110659501532,1
0.4909922188809323,0.6366245458321329,0.0955995433691602,0.5246369695481783,2
0.37349371524998376,0.4836233895983865,0.33703663816313784,0.7861279176555097,2
0.4349133548233563,0.627565510557649,0.17747000667714907,0.6301044763905179,2
0.5451903453547656,0.525047989313257,0.1914941736489543,0.8646698855215181,2
0.13868276254966863,0.764150766893548,0.22556327137226184,0.1843658219445884,2
0.6391190532851612,0.7681770047933185,0.22814703943825793,0.8131709357411094,1
0.4510885634135964,0.8733269222853765,0.06459172464298792,0.0950016821699082,1
0.6847096322898413,0.6263269559620875,0.23634135309195084,0.7721360829991726,1
0.3453836113334631,0.946884342948658,0.3392853296573115,0.47960028005855765,1
0.36776785006021534,0.5294615093901897,0.17215413444762748,0.7022941160424452,2
0.6372008163324175,0.4735581690346384,0.2942899605832813,0.7535584713167298,1
0.29010088772544695,0.5818811810796753,0.25948478256187135,0.7360393536830429,2
0.4037960899696399,0.6385590857895506,0.14284360393736403,0.46455167898742467,2
0.3362251115966799,0.46147945533532647,0.2762788894393349,0.7918892131991234,2
0.5639436355638247,0.7639187717729292,0.17849957998578414,0.6811333278776471,1
0.9122803222061167,0.9008146022219146,0.020927477545393855,0.3814252070887549,1
0.7907535209744067,0.39388281252923324,0.3766773644646434,0.8533829800776526,1
0.46309340948589806,0.5362754305941695,0.21109397548840117,0.7168744373823618,2
0.3817868449328978,0.29748135619857285,0.48058241971266724,0.8874764723533102,2
0.3333333333333333,0.5062328108453977,0.2579343916255627,0.8152877419824144,2
0.8275750167665448,0.8853270569922207,0.02613134598401793,0.43644580230411806,1
0.38653916881206324,0.2604706507463133,0.5352876558898917,0.8984151231621157,2
0.777830661503292,0.5451020965623562,0.26900768949102893,0.8688998608800022,1
0.5612386330037716,0.5290742272130277,0.32245460615590066,0.821283541104049,1
0.49205085491349904,0.43290663693137804,0.2236069528507119,0.8285741564145229,2
0.3853276507366462,0.24908792240885771,0.4771490727378465,0.7924775180264964,2
0.8605167701505023,0.38970315850131154,0.37505330949662913,0.8764287078207261,1
0.8101882901008878,0.39310824817490936,0.3390268593706249,0.7970630222682925,1
0.6358162242462265,0.27464106238797814,0.5788054364916967,0.6955927148403757,1
0.6868946916758613,0.7629122122979866,0.193561074374825,0.6946516089727851,1
0.5189573733134298,0.5197828226322466,0.1552458698602107,0.8313956554552315,2
0.44449444360311247,0.6372419522015215,0.0692829603463502,0.4777180683233767,2
0.4486633638376277,0.5397594734459134,0.20666465634221468,0.7293379524809732,2
0.5845430485544715,0.6536574779136903,0.048536412001637,0.6010620402447784,2
0.8136425588992492,0.42237705194071407,0.29698666724104505,0.8423306691399111,1
0.18298970930777606,0.2978705093041269,0.6966980420875784,0.7292197459468797,2
0.31608362359287223,0.45528294050073526,0.2865056971159024,0.7922420142393409,2
0.7019449191960712,0.9200926483739761,0.08555797273138477,0.38729916255216995,1
0.3980197448600624,0.2729385175511792,0.4757102548086243,0.8566745774116407,2
0.2636349869112779,0.029343640901488145,0.7900833566674565,0.5299289851514407,2
0.4271178129214172,0.9167623958360618,0.3179141447864389,0.2634914573047091,1
0.5748797496195978,0.3732876327891426,0.42772524608525214,0.7503841712358038,1
0.39910145742739905,0.24149943685055397,0.5679539922889698,0.8890131572965255,2
0.6907672226669263,0.6126205345616602,0.3179141447864389,0.7955345208543605,1
0.5688048518414354,0.6456835811066168,0.07131195209684021,0.65032688653082,2
0.5232899927164687,0.48935292070631287,0.2655011092683137,0.8042345217636415,2
0.4072647816022326,0.6019337915860609,0.2085471815969156,0.6417432735935695,2
0.8858793241459879,0.9279917080453663,0.040196437417881856,0.4043481818925775,1
0.6729261767229877,0.6550531904941871,0.25490770456846235,0.7410949562181183,1
0.503362323230138,0.7472712509401415,0.2750597712537963,0.6744319266755776,1
0.4061109548637402,0.24939849652194412,0.4709113231524759,0.8057639324586049,2
0.27535353972409116,0.6198984460068776,0.2416197471299029,0.6990025187084572,2
0.34467689245613653,0.5116527033044337,0.34888319296960824,0.8215190448912045,2
0.8140175525892593,0.5602008628721744,0.25642104809701255,0.8633768878947417,1
0.6419098717088895,0.6353859912365715,0.22083873608029814,0.7534411740636678,1
0.272079556353619,0.038634671296590754,0.8978999289206712,0.7643761877483474,2
0.47533911688986,0.4641885596470681,0.5329614233097121,0.7406248579248389,1
0.5753225306304942,0.8478523612987237,0.15521140715531911,0.6263400529201559,1
0.554143319703755,0.6324411499474268,0.4126650440476447,0.8360984569500896,1
0.3168840908927013,0.894696666379791,0.17037930514571265,0.2798312374405557,1
0.6701209354650283,0.6491672497726823,0.24291166777952486,0.8030588213899269,1
0.487141322141214,0.6343008527691611,0.07363818467701984,0.48724733353337507,2
0.555067823377972,0.7092539860129393,0.27369418657246863,0.7389790592578448,1
0.44326273355977186,0.5912507904672456,0.12582764339716113,0.6613746510634042,2
0.4256899523325329,0.5831983146677044,0.5255777887866974,0.841036762232103,1
0.3632751371972106,0.49686357564350586,0.2851401124345747,0.9276939723760423,2
0.6931542017321823,0.35044359712176376,0.48556658840760764,0.7843641852387316,1
0.12991367933712653,0.7632976235467563,0.21914058629676697,0.15344117406366786,2
0.3429822094339759,0.31149835171208656,0.4777392465591143,0.8574983860261691,2
0.8355724783477202,0.8232272018020782,0.12361341460787906,0.632923247588132,1
0.8566370277423216,0.8900492802538476,0.04145001830831198,0.3837711521499949,1
0.5695461855209167,0.5156790459761943,0.5122148749649988,0.7289851514407558,1
0.8014336297225767,0.9046088450010664,0.047985008723372184,0.3446175109341043,1
0.46791640525279626,0.21889113816057804,0.5170138066211472,0.844916664393464,2
0.7576891734994844,0.36879366279135034,0.3989359639864734,0.8101139329132455,1
0.7820349176816737,0.3705747866206169,0.40192560363581536,0.8639651927221145,1
0.6530659339866877,0.7451795529977886,0.24405582958192432,0.8290442547078025,1
0.1655669255565411,0.6321343176911247,0.2740258901070498,0.6593742327941297,2
0.863660948012894,0.6055746182370616,0.22013742003575507,0.9249843149022068,1
0.7346486958152147,0.7333328344190955,0.20555754194757364,0.6413886539912891,1
0.6479458278346277,0.75470257851351,0.2316905249100739,0.830102657828455,1
0.589446812193064,0.6637230726631169,0.3740926615977772,0.8539703756239941,1
0.44907729918006184,0.30065819260833615,0.41691257242552826,0.8064686252580084,2
0.8904946310999575,0.7125056595583861,0.10320287763585845,0.7293379524809732,1
0.34037888785525244,0.16623947135047354,0.6254593232386327,0.7046464260709057,2
0.5419942452891418,0.641114773973141,0.03358821375492709,0.40964019749584,2
0.5270442564668383,0.5427795260564197,0.19847028668662633,0.7804841012211644,2
0.38558726175280705,0.5552466444899288,0.6080728886208456,0.8636123916818971,1
0.22511880809697912,0.6677493105628874,0.21751653132875265,0.5849495803668039,2
0.6673733855439933,0.29686394982918424,0.5623796497727616,0.6997081207888922,1
0.44759463182109915,0.5454893787395182,0.15702069916212552,0.7597906835065513,2
0.8629902862211453,0.5411533150980179,0.26103517349817995,0.8872491520954381,1
0.845077126106051,0.38853944104143356,0.37804294914597114,0.9115815124980677,1
0.7626866855605796,0.8656598577346051,0.07127318155383722,0.6639661020031461,1
0.3371049044847803,0.49903160746425596,0.30060525125465787,0.7381561599243478,2
0.6197131298271423,0.6576088786777775,0.01601654209834796,0.43644580230411806,2
0.4576639335395799,0.8377867665492972,0.30706270058371204,0.38365294561590146,1
0.7695303204032624,0.5457992044812476,0.2978353113489995,0.8478563699682661,1
0.08430867749821513,0.8586925204024741,0.21589247636073838,0.22786582649099352,2
0.33224440934888116,0.16925914977530146,0.6150860490662762,0.7318066504814643,2
0.7805565771729803,0.40743207594472536,0.32489284252697787,0.7629649835874773,1
0.30657897583454125,0.3015861730908111,0.484162233183277,0.819049437609682,2
0.46891807109014993,0.7895467488877331,0.2477838326835678,0.6450348709275575,1
0.7972077392928485,0.8950820776285608,0.05813427531393372,0.40693963283231943,1
0.5396555827185601,0.6257058077359147,0.41392293277618625,0.8423306691399111,1
0.1013276218909778,0.8194367008797105,0.23335171344260885,0.3213399165280013,2
0.779929183883925,0.7850565207467249,0.15528464040321366,0.6911245078516417,1
0.2927835348924417,0.6724752756812985,0.20230900122773385,0.4168144248342835,2
0.6590009302728079,0.6080517274281845,0.3111982251706981,0.773547014375733,1
0.2137103462201357,0.6247778272534397,0.2652060223576798,0.7178146339689208,2
0.7519272512241381,0.6376311053070755,0.2669037413573998,0.8001200250961564,1
0.5043731475672284,0.4943860922667046,0.5603463501841601,0.8184620420633404,1
0.4093272468972878,0.5222606801947263,0.26671936588623,0.9209925711739727,2
0.5665044097815661,0.8579965350406178,0.1351325737178797,0.3970648408303554,1
0.6032710988036258,0.6387162437744858,0.23789174402825944,0.7663747874555589,1
0.7769725028665384,0.37003595924369587,0.3723609106769768,0.7767216236122098,1
0.4297139230830251,0.5036774968474856,0.2829215758071812,0.8148167344081034,2
0.35713822123185424,0.9204818014795302,0.32939453335343655,0.46631568418851205,1
0.3287396606307106,0.236623797460776,0.5248023779266375,0.7186375333024178,2
0.8031283127447375,0.4043338185274297,0.3297650074310208,0.8458577702610545,1
0.23233743662967207,0.026866531710365318,0.9582527408619985,0.5676641479582094,2
0.2500919455682236,0.6629485083087929,0.22430826889525493,0.5844767542304299,2
0.5083490109541426,0.8284171571617268,0.24959226312275187,0.43033543377251604,1
0.28164189544887464,0.5311648025983453,0.34068968488164214,0.7714305718468407,2
0.044523289271574756,0.8720097886973475,0.22870071294720745,0.15425952699200737,2
0.1438245029530753,0.29825592055289674,0.712089947659767,0.7418005582985533,2
0.7101154547880204,0.5369721643273826,0.2855450492170505,0.8875946788874037,1
0.8032292725843555,0.8966312063372087,0.05831951235272579,0.3969466342962619,1
0.5310776020595808,0.48176480933368754,0.5761475003769359,0.8402138628986061,1
0.8078662137896718,0.935191040498116,0.0720485924138971,0.406112187093665,1
0.20921763335713098,0.6449090167522928,0.2071075021000711,0.42375223910453996,2
0.5315780744074018,0.3486624732924972,0.42466237318801564,0.6873619029433427,1
0.46023408259957166,0.3946573768835572,0.39166433325435634,0.8848941142238832,2
0.3447345837930612,0.3379008931812144,0.501216964266483,0.7874210062103895,2
0.6637171970663955,0.2579149625627229,0.5788786697395911,0.7699020704329087,1
0.5614210818567957,0.9333350795331661,0.16816507635643052,0.40693963283231943,1
0.5894323893588329,0.8117696363289392,0.27480130096710964,0.5186357147403547,1
0.5599391356395446,0.5133561461868609,0.47198397484222543,0.6544368367931476,1
0.547337184230073,0.9036022855261238,0.16122514915889463,0.3987106394973495,1
0.7860805226835125,0.5447151885708726,0.27524500829258836,0.9319221291724632,1
0.511102265106116,0.767323861446527,0.2738449609063692,0.6924175054784182,1
0.8777953255594257,0.8397998854991824,0.10316410709285545,0.6400974749265755,1
0.6897576242707455,0.5990712711461681,0.34504490921231185,0.8495030779162915,1
0.7112620701093972,0.7889293425183445,0.19245395998018394,0.6064722623821344,1
0.8374474467977703,0.7851350997391926,0.08644538738234218,0.6413886539912891,1
0.824041422379912,0.4003861596201267,0.35877398927348314,0.8931231075588533,1
0.5679005401351419,0.7975206456948066,0.2557197320524695,0.6931231075588532,1
0.6227851935183782,0.6914427477202738,0.28698386714627266,0.7847169862789493,1
0.7219782359431451,0.7257443488607916,0.23958946302797943,0.6721950953381162,1
