0.5753225306304942,0.8478523612987237,0.15521140715531911,0.6263400529201559,1
0.37546243212253644,0.2625623486886663,0.44562862127641245,0.7272211462396683,2
0.6489770604821554,0.32396247666016825,0.598737803433347,0.647271702265019,1
0.7341078395315463,0.3615943303386006,0.4245891399401211,0.8672567900561026,1
0.8714997584175267,0.49554756461251204,0.24944493505934048,0.8778380934195331,1
0.23562584283437535,0.6095222771443647,0.26361858401361277,0.7490902643279959,2
0.7576531164139065,0.9152918461198816,0.08094427811402849,0.40364803549833145,1
0.7817392495799349,0.9053834093553904,0.04850194929674545,0.32510433999836325,1
0.7290237904650643,0.35029018099361264,0.3924397441144162,0.7029997181228802,1
0.7922030158146377,0.6089797079106595,0.29326038727464626,0.8593796884803186,1
0.5883578882086119,0.8390253211448585,0.1862528270187606,0.6125826309137365,1
0.5489063885944228,0.800850898232721,0.2955823120167144,0.4841830564572592,1
0.40562057849988103,0.43104693410964395,0.29310961294074567,0.8336297589495985,2
0.34786433882122175,0.4684467926674575,0.3568914640187822,0.8103494367004009,2
0.9122803222061167,0.9008146022219146,0.020927477545393855,0.3814252070887549,1
0.24813765152990214,0.27069340348067517,0.6810476662287032,0.7327468470680233,2
0.26566139512075515,0.24444427813969846,0.7206151592823142,0.7253398437855187,2
0.32797525041645936,0.6480072741695884,0.16860878368190924,0.5182810951380743,2
0.790969863487874,0.7409998989698667,0.14088784543476857,0.7713130018094692,1
0.3675154504611701,0.9352696194905836,0.30990587373726497,0.4644334724533311,1
0.7898160367493816,0.7423132907011117,0.12202813018286775,0.7152277294343362,1
0.8429064895542623,0.9094844843908445,0.030193637323109392,0.39482800949289387,1
0.5163490037427255,0.530003330252538,0.18540375212699506,0.8162279385689735,2
0.34467689245613653,0.5116527033044337,0.34888319296960824,0.8215190448912045,2
0.5161946794164521,0.6359285604702767,0.07994916751028497,0.5185175082062613,2
0.5843267060410041,0.607202325938177,0.33622245676007495,0.7617892832137628,1
0.3420663594602975,0.31978282263224656,0.4702479160833136,0.8606726861070951,2
0.43488450915489407,0.508245929795283,0.1886889094707821,0.7775446684306718,2
0.5774787443480518,0.8294237166366695,0.16908695371227953,0.6439801049310311,1
0.3467321463340761,0.252264758818621,0.5505287871281798,0.8330414541222254,2
0.272079556353619,0.038634671296590754,0.8978999289206712,0.7643761877483474,2
0.4929652626037543,0.8603950652392731,0.06813707540870614,0.1580239504623694,1
0.8049095327722852,0.9241974652662145,0.06001680056863464,0.397173954554134,1
0.44485068760862195,0.5141304486112098,0.21902987485730288,0.8279858515871501,2
0.7231392740987531,0.787301634817229,0.21009757253322422,0.5733107831637524,1
0.6857624991887156,0.5674787743173918,0.3014883580675038,0.814934940942197,1
0.35979202273038674,0.6590008494014901,0.1934503629353609,0.6669030797348536,2
0.7436773900439175,0.7747589308766796,0.18267387511577315,0.7985915236822244,1
0.9217921813815633,0.49879923815795874,0.2440928769896827,0.9024159597006647,1
0.2244481463052304,0.2878049145547003,0.6626273504641697,0.6850068650717878,2
0.8065681587088679,0.37769928193768315,0.39262498115320826,0.9254571410385807,1
0.7506364075604497,0.3213319513408943,0.38682663105520493,0.6733680678687362,1
0.7585689663875849,0.5096393972617091,0.33670493462855666,1.0,1
0.38570264442665625,0.6195878718937912,0.13365498524565447,0.6019985997072115,2
0.6809957524753188,0.5760738193506382,0.3582958192431128,0.842447966392973,1
0.6048359763177062,0.5241963427091791,0.146793891485558,0.8978240904916481,2
0.7019449191960712,0.9200926483739761,0.08555797273138477,0.38729916255216995,1
0.3632751371972106,0.49686357564350586,0.2851401124345747,0.9276939723760423,2
0.799212513250979,0.5346492196357677,0.27199689835655977,0.8778380934195331,1
0.3559699716591307,0.5595797146460016,0.20474551446356645,0.7020595215363212,2
0.5746872047826118,0.8682941249106633,0.19917160273116938,0.625167080389536,1
0.4580201775450894,0.4966315805228871,0.21245956016972883,0.820460641770552,2
0.36684478866942144,0.25435271490418976,0.4662976285351197,0.7655518881220619,2
0.6785871391587162,0.25946409127137066,0.590466754259375,0.7365094519763222,1
0.2236260447540546,0.03344845779372635,0.7903073642492515,0.47607226965638266,2
0.47941068299331496,0.5145950375495328,0.2248619553277188,0.7366276585104158,2
0.5066739501979534,0.8801408434893563,0.2343481163977858,0.630568209716577,1
0.6684983666140233,0.6686024539096792,0.020781011049604763,0.5853041999690843,2
0.25413755057006254,0.6229967034241731,0.2343851638055442,0.6673759058712276,2
0.1438245029530753,0.29825592055289674,0.712089947659767,0.7418005582985533,2
0.3827603862435007,0.5908616373616916,0.5620824089430719,0.8623184847740891,1
0.7827127908905379,0.8950072404928773,0.05340857690567991,0.36237576947907285,1
0.36330398286567295,0.164847500626761,0.6297800848644107,0.7679032888694908,2
0.5295278685214432,0.5218733980175643,0.15214853425808259,0.82175454867836,2
0.25084193294824364,0.20170104809408523,0.761587007560256,0.660674504669158,2
0.3479364529923775,0.570266457621601,0.1964033859607556,0.6706675032052156,2
0.2979973894670041,0.13851979629331668,0.5902470545156913,0.5958882311756094,2
0.4924070989190086,0.48981765931890725,0.23187507269476815,0.8860670867545032,2
0.23327492085469712,0.2123877910696846,0.6661339306868848,0.8364512579903071,2
0.02087705254959648,0.8452966731151332,0.22504650311241306,0.4385644271074861,2
0.7638333008819562,0.8377867665492972,0.08644538738234218,0.6680760522654736,1
0.4724408483511095,0.6218329859642951,0.07075624098046396,0.49535812033425164,2
0.8407142187511267,0.8962457950884389,0.045990479677773734,0.37496021895487236,1
0.8177025867353193,0.8003869079914836,0.12487130333642063,0.6898315102248651,1
0.8633147999913463,0.5257447230464701,0.2366734874103431,0.8078798294188785,1
0.6531668938263058,0.5845154482557334,0.3628750511555776,0.8162279385689735,1
0.3933395351520527,0.26813771529708474,0.4776660133112198,0.805998526964729,2
0.3447345837930612,0.3379008931812144,0.501216964266483,0.7874210062103895,2
0.7853377467206081,0.8953140727491796,0.061602084993645945,0.3933004173599934,1
0.702154050292423,0.7697261335019664,0.2103556120360997,0.818109241023123,1
0.3678688098998334,0.1903968987490973,0.6220992095117065,0.8627885830673686,2
0.3853276507366462,0.24908792240885771,0.4771490727378465,0.7924775180264964,2
0.3371049044847803,0.49903160746425596,0.30060525125465787,0.7381561599243478,2
0.4061974918691272,0.4358477363637384,0.22323777112456114,0.7597906835065513,2
0.6015764157814651,0.6117673912148687,0.31433433131582916,0.7600252780126754,1
0.2927835348924417,0.6724752756812985,0.20230900122773385,0.4168144248342835,2
0.48150920537394803,0.6236141097935618,0.07064854502767787,0.4990043372705202,2
0.8638051763552057,0.7999229177502459,0.1267882912960131,0.6997081207888922,1
0.17949217200672105,0.044442033025627964,0.8929200680638423,0.6410340343890085,2
0.2502938652474598,0.04792944354847759,0.8690718762788894,0.7345108522691108,2
0.8049239556065162,0.41076232848263966,0.3169190341826954,0.838568064231612,1
0.7411317598021188,0.8763466007102044,0.08954703082258171,0.5413313692863052,1
0.7310141415889637,0.842123578562154,0.10275917031037975,0.6893605026505542,1
0.584651219811205,0.8284957361541945,0.16738966549637063,0.6271584058484956,1
0.8014336297225767,0.9046088450010664,0.047985008723372184,0.3446175109341043,1
0.7265502743944212,0.6012378062242045,0.31876278889439336,0.809172827045655,1
0.6531668938263058,0.5317069976463721,0.4252913175522864,0.7486201660347164,1
0.42271163706379944,0.9460311996018664,0.23442178042949147,0.15719650472371494,1
0.37239036843130047,0.2689122796514086,0.436586469080492,0.775310655864408,2
0.6923104659296598,0.6134736779084518,0.3074676373661878,0.8138765378215446,1
0.1914270673330016,0.22624762859826303,0.7431709996338337,0.6450348709275575,2
0.29010088772544695,0.5818811810796753,0.25948478256187135,0.7360393536830429,2
0.38128204573480734,0.5123495867119182,0.1950744179033752,0.7435645634996408,2
0.5396555827185601,0.6257058077359147,0.41392293277618625,0.8423306691399111,1
0.42630292278735693,0.5844368692632659,0.16923772804618004,0.651736272129627,2
0.835659015353107,0.8209820877315742,0.12180412260107266,0.6443256317229966,1
0.3404510020264082,0.6338368625279236,0.18462963361836862,0.5303927184774998,2
0.45482407747946546,0.5803320523710276,0.16336614470028216,0.6719586822699292,2
0.8123733494869078,0.5577237536810516,0.2588200831412755,0.8646698855215181,1
0.8275750167665448,0.8853270569922207,0.02613134598401793,0.43644580230411806,1
0.8116810534438123,0.41037317537708556,0.31437310185883216,0.838568064231612,1
0.5845430485544715,0.6536574779136903,0.048536412001637,0.6010620402447784,2
0.5229625943794215,0.49810250442474563,0.5605703577659552,0.85996708402666,1
0.42835096524818095,0.29686394982918424,0.42433066965343447,0.8397437646053265,2
0.5615083400038942,0.3742156132716177,0.29720636698472874,0.9205197450375987,2
0.3156581499830532,0.03592556698484918,0.7734723329097294,0.603762604908299,2
0.40691142216356935,0.4436682170426609,0.3360759902642859,0.8317484564954489,2
0.704029018742473,0.8552088517364087,0.0850798027010145,0.6892432053974922,1
0.6227851935183782,0.6914427477202738,0.28698386714627266,0.7847169862789493,1
0.11259185542550962,0.8215246569652793,0.23970017446744352,0.31969411786100727,2
0.6225111596679863,0.6012378062242045,0.3673035087341418,0.7940060194404284,1
0.7578478246760272,0.7724352378137079,0.18219139724729147,0.7107604317266337,1
0.8082195732283352,0.3862943269709295,0.38465117280892586,0.8761922947525391,1
0.6829788921821027,0.8664344220889291,0.08781097206366986,0.6450348709275575,1
0.4486633638376277,0.5397594734459134,0.20666465634221468,0.7293379524809732,2
0.27797128413704575,0.2319015741991491,0.7389622417989532,0.7246342417050837,2
0.7428192314071638,0.3484304781718784,0.3915178667585672,0.7635532884148504,1
0.3638520505664568,0.1598895403877312,0.6448015163590152,0.7655518881220619,2
0.8256567798138011,0.5127367192148088,0.3156654532922653,0.8801931312910881,1
0.6303427586555034,0.6242352580197347,0.35283348051780217,0.7873037089573274,1
0.4574425430341316,0.38900343128267106,0.4052469468197385,0.9140547569037163,2
0.6261457138942375,0.6481606902977396,0.2878712817972301,0.7441519590459823,1
0.6741737518839827,0.647696700056502,0.2525086695241993,0.8154050392354765,1
0.6924835399404337,0.8621761890685397,0.07300924031274907,0.6539731034670886,1
0.5052299360347302,0.5724329926996374,0.16702349925689794,0.7080562299389872,2
0.5315751898405556,0.3486624732924972,0.42466237318801564,0.6873619029433427,1
0.7784219977067693,0.3770032965758268,0.39978460809442784,0.8959418787564671,1
0.6704238149838825,0.8184301414047679,0.21700002153919054,0.47995489966083815,1
0.5724538289019175,0.9100270536245496,0.16665302517931377,0.4105858497685879,1
0.5115836271985807,0.7792491590176878,0.13922932776186273,0.4907753439355501,1
0.5026788251159235,0.6553600227504892,0.03207616257781033,0.39059075988615793,2
0.5813267565209239,0.6025549398122336,0.4402395157989963,0.8526773779972175,1
0.4003562440055095,0.432364067697673,0.29687466345014757,0.8585558798657902,2
0.3206196049585704,0.16554348598861726,0.6496349107200552,0.7517953753966738,2
0.41128154093560926,0.5734432940313643,0.532737415727917,0.8710184856833701,1
0.4816058383632968,0.6292680553944479,0.07773493872100289,0.5241641434118043,2
0.4990401603819167,0.8449075200095792,0.2684541322937084,0.39294579775771293,1
0.23925318564351078,0.5866034043413023,0.2261907510715747,0.5490875364849014,2
0.5315751898405556,0.3486624732924972,0.42466237318801564,0.6873619029433427,1
0.41408678219356887,0.8995760476263532,0.10050617097809467,0.2440874000927466,1
0.6581427716360543,0.7632976235467563,0.24855881275981648,0.5760113478272729,1
0.7860805226835125,0.5447151885708726,0.27524500829258836,0.9319221291724632,1
0.6044898282961585,0.6699944246333916,0.025170698085165952,0.5409767496840248,2
0.6293403716764382,0.8427409849315427,0.1732612488422685,0.6512634459932531,1
0.6384628143276436,0.8000014967427137,0.18555151097421763,0.5529701664893568,1
0.42993747701360796,0.5976755585656714,0.11630732117087042,0.6612564445293106,2
0.6194535188109815,0.8589245155230929,0.1573868654015982,0.619284032115806,1
0.5807931116543712,0.5491287086478053,0.12645658776143193,0.8161106413159115,2
0.817197787537229,0.8589245155230929,0.029267452129148996,0.38388935868408847,1
0.7354058946123503,0.6235392726578782,0.25343140844767054,0.8498549696754775,1
0.6363354462785482,0.7742163616429745,0.17281754151678982,0.6339780135846586,1
0.7114639897886335,0.6223755551980004,0.2361935942447283,0.8292788492139266,1
0.6173045165105395,0.7284534531725333,0.231801236349538,0.7748403757149221,1
0.3079130880009231,0.6380165165558453,0.18743403622891852,0.49123907726160926,2
0.4993863084034644,0.5379787238023251,0.21109397548840117,0.7719009429244296,2
0.4784097382976729,0.5356557791107103,0.20500355396644196,0.837156860070742,2
0.4236996012086335,0.4620968617047151,0.3536821246257566,0.8373923638578975,2
0.4638635888338417,0.3656205682383713,0.3072867081655072,0.831983051001573,2
0.4061109548637402,0.24939849652194412,0.4709113231524759,0.8057639324586049,2
0.2999372606710945,0.6611673844795264,0.2195834320546234,0.6711403293415895,2
0.7690038869538253,0.8396427275142472,0.10678269110646822,0.7366276585104158,1
0.8601201422091455,0.5752206760038466,0.22770410278501735,0.9264027933113287,1
0.7673164153487803,0.7821902584500482,0.17156396062635967,0.7965920146939813,1
0.8777953255594257,0.8397998854991824,0.10316410709285545,0.6400974749265755,1
0.6928080537106347,0.8384041729186857,0.09873564951429127,0.6583194667976031,1
0.21985447360260765,0.7336434085321819,0.251290412906283,0.3282777307982578,2
0.2631950904672277,0.6409613578449899,0.1966984728713895,0.45690462551260713,2
0.7005098471900713,0.7270614824488207,0.25915264824347906,0.641861480127663,1
0.753311843310329,0.8418878415847513,0.09884765330518881,0.7252225465324568,1
0.6179391212167102,0.306308396352438,0.6006203286880478,0.6206934177146131,1
0.6729261767229877,0.6550531904941871,0.25490770456846235,0.7410949562181183,1
0.42492554211828165,0.5638416895231753,0.5594632433713141,0.83421715449594,1
0.49221455408202264,0.8159492903568608,0.30891076313352145,0.42398865217272697,1
0.48273226171675,0.5008901877289549,0.2071075021000711,0.83421715449594,2
0.4718156184871889,0.5817277649515242,0.13092381588299912,0.7153459359684297,2
0.037398409161384254,0.8746403140166212,0.2167781678764512,0.14403011538776286,2
0.32881898621898187,0.24204200608425913,0.5223296788506688,0.7235758385844312,2
0.6960820370811068,0.8150213098743858,0.2175535787365111,0.6171654073124381,1
0.758619446307394,0.8450646779945145,0.09035690438753312,0.6933586113460086,1
0.6952527241128155,0.6470007146946458,0.2605552803325651,0.8510315793302236,1
0.42715387000699506,0.6401867934906659,0.1697546686195533,0.599298035043691,2
0.6115209599838464,0.5403791249293725,0.1404096754043983,0.8706638660810896,2
0.447893184489684,0.5168404883871475,0.2300295086910634,0.7562626731043763,2
0.9047516027374539,0.9032917114130374,0.037611734551015574,0.4116406157651145,1
0.5707591458797568,0.8631041695510148,0.19393025610097575,0.5774298262363948,1
0.3014516582653657,0.6844754103881429,0.20267818295388462,0.3896542004237249,2
0.4336152997425524,0.2763436072247771,0.4657462252568549,0.849973176209571,2
0.535227051467884,0.5419275052666634,0.2603338574536369,0.7368622530165398,1
0.6322826298595937,0.34811990405879206,0.5819027720938247,0.612937250516017,1
0.7547973952361379,0.5098717665680064,0.2623266633639908,0.8037644234703619,1
0.1665116211986817,0.28416408790369957,0.718293234540246,0.6796057357447466,2
0.6056364436175352,0.6356179863571901,0.41495681392293277,0.8487974758358565,1
0.7899530536745777,0.6266337882183898,0.26771576884140696,0.8323358520417905,1
0.7832897042597841,0.8519534363341777,0.038904085984448715,0.4105858497685879,1
0.3269440177689318,0.5068520881431784,0.2918172615073126,0.8870127390272511,2
0.8031283127447375,0.4043338185274297,0.3297650074310208,0.8458577702610545,1
0.9205229719692216,0.7335648295397141,0.12391065543756867,0.7549696754775999,1
0.7814003129755028,0.8141681665275943,0.11796583884377627,0.607054202242287,1
0.7135120322494574,0.8585353624175388,0.07064854502767787,0.6677305254735081,1
0.3778133541022146,0.9599696161229124,0.31584638249294594,0.2978259090537112,1
0.6167203917241777,0.5168404883871475,0.4962327955715425,0.7496785691553689,1
0.7803618689108597,0.6117673912148687,0.2841406939927198,0.828691453667585,1
0.5522950334970325,0.661092547343843,0.024063583690524918,0.3776607836183929,2
0.4531777109519792,0.610222004363005,0.09648265018200616,0.6624385098702456,2
0.551139764475117,0.5876885428087125,0.08604045059986647,0.7477972667012194,2
0.5962616013672847,0.548896339341508,0.4757102548086243,0.7667275884957764,1
0.6482847644390599,0.33674091757812064,0.5950459861718396,0.607527028378661,1
0.5902617023271244,0.5465733946498932,0.4627178150645098,0.7254571410385807,1
0.21783527681024598,0.036389557226086736,0.900596635578435,0.6903016085181446,2
0.6917479753946448,0.33008041250229186,0.5022508454132293,0.7394491575511243,1
0.9323136389531907,0.7351925372408297,0.10637775432399252,0.7499140729425243,1
0.2938580360426627,0.018192907684651285,0.8080987356495143,0.5383943915545977,2
0.7848762160252111,0.890359854366934,0.04377625088849163,0.3302781490675323,1
0.6507510690925874,0.8619441939479209,0.07603765050509403,0.607054202242287,1
0.1586151194571245,0.3285312837936441,0.6759558015809767,0.7289851514407558,2
0.28335821272238204,0.2593892541356872,0.6903870592543132,0.6847795448139156,2
0.7407207090265309,0.8049557151249593,0.21142610980679347,0.5462687652872873,1
0.7725086356719959,0.6274083525727137,0.26439399487367266,0.805175627631232,1
0.2042994468843072,0.6922958910670653,0.20655394490275059,0.3029997181228802,2
0.5189573733134298,0.5197828226322466,0.1552458698602107,0.8313956554552315,2
0.9175158110320258,0.8070474130673123,0.11205979279298685,0.6931231075588532,1
0.6185737259228812,0.8587673575381576,0.12985116419324963,0.7104076306864162,1
0.6660753304631893,0.6856353859912366,0.013358605983587148,0.5294561590150667,2
0.5730314634128753,0.6415001852219108,0.03391991728950826,0.441155878047228,2
0.7888064383532009,0.3361197693519478,0.37398496564499106,0.7283968466133828,1
0.7223171725475773,0.850640044602933,0.1026859370624852,0.6828973330787346,1
0.6107853954380575,0.8291131425235831,0.13727356925926726,0.598352382770943,1
0.7571050487131226,0.871699214584261,0.05492062808279667,0.45043963737872456,1
0.3973418716511982,0.3246622038788088,0.5153897516531329,0.7931822108258999,2
0.5452985166114993,0.3932616643030604,0.3608072888620846,0.6877165225456232,1
0.7964793861641751,0.38087611834744634,0.38095935554741855,0.8016485265100886,1
0.4876324196467848,0.6303531938618582,0.08186615546987745,0.5121707266064722,2
0.8374474467977703,0.7851350997391926,0.08644538738234218,0.6413886539912891,1
0.6340061585502167,0.5087877506576314,0.4509789562108256,0.8947689062258471,1
0.7320237399851445,0.6318237435780384,0.26254851702673015,0.816698036862253,1
0.5459511498604591,0.5514512791537416,0.401076959527861,0.6819516808059867,1
0.7913160115094217,0.5847474433763522,0.22670751933142355,0.8892404775543977,1
0.6897576242707455,0.5990712711461681,0.34504490921231185,0.8495030779162915,1
0.2104075171812013,0.6572197255722235,0.19957783186507852,0.397173954554134,2
0.3248599182225299,0.2549738631303626,0.6070390074740991,0.9162915882411776,2
0.34557110817846814,0.6393336501438743,0.1896486958020118,0.5138165252734662,2
0.49835651803935993,0.44885817240230946,0.5866284705020786,0.8092910335797485,1
0.35157821863574407,0.5749886808832279,0.2296604131216749,0.6246942542531619,2
0.8205583079130879,0.38126152959621623,0.38660693131152135,0.845387671967775,1
0.7010939719764331,0.6326731450680457,0.2423947272061516,0.830454549587641,1
0.40489222537120767,0.9598910371304449,0.24564283714218021,0.14097493112196186,1
0.39475297290670586,0.24428712015476317,0.5100394167187198,0.765669185375124,2
0.6046052109700077,0.3499010278880586,0.5762207336248304,0.619520445183993,1
0.23233743662967207,0.026866531710365318,0.9582527408619985,0.5676641479582094,2
0.9317367255839445,0.7376696464319524,0.10475369935597821,0.7219300399174373,1
0.5748797496195978,0.3732876327891426,0.42772524608525214,0.7503841712358038,1
0.6327153148865283,0.5023611116308134,0.40823658646908056,0.6871273084372186,1
0.5107556843995413,0.8343030978832318,0.2900122773386176,0.41986960910008453,1
0.3740345715336521,0.15602046047289583,0.5627113533073427,0.6884203060639952,2
0.6434026350518139,0.6078197323075657,0.33511534236543394,0.8115251370741153,1
0.2276139584189689,0.0346870123892878,0.77893467163504,0.49218472953435716,2
0.47686937960178555,0.5098717665680064,0.22962349494905984,0.7630822808405393,2
0.06070570927893035,0.8401852967479523,0.22811012557348095,0.4405648453767606,2
0.4093272468972878,0.5222606801947263,0.26671936588623,0.9209925711739727,2
0.6825389957380525,0.3441722451514891,0.4839037628965904,0.796827518481137,1
0.25828411541151947,0.6160293660920423,0.2346802507161781,0.6843067186775416,2
0.837332064123921,0.3486624732924972,0.3645723393714865,0.7776622475608536,1
0.23970750492179216,0.19697882483245832,0.7602946561268228,0.6904189057712067,2
0.8082988988166065,0.49872215590820473,0.23781764921274257,0.8025887230966474,1
0.7594631821099165,0.7656998956021958,0.17584164387102333,0.7420360620857087,1
0.652431329280517,0.25853611078889566,0.5780300256316367,0.7554397737708793,1
0.5724249832334553,0.8063476858486718,0.10936739397333449,0.6012984533129654,1
0.5276312658200463,0.8603164862468055,0.08614814655265256,0.3367431372014148,1
0.8000706718877327,0.7279146257956123,0.14288237448036703,0.7796611109595643,1
0.5610266173405736,0.6969432771930087,0.02100071079328838,0.26208207170590214,2
0.5230397565425582,0.8684475410388143,0.22364387102332697,0.6082362675832219,1
0.4403457153365208,0.32450504589387347,0.42315032201089886,0.9033525191630977,2
0.4367739004391753,0.2661245963471994,0.47862666121007175,0.8269274484664976,2
0.481846699694957,0.669377018264003,0.3618756327137227,0.7434472662465788,1
0.4826745703798253,0.6348434220028664,0.08101751136192302,0.4878292733935278,2
0.3875704014595908,0.2476959516851452,0.5677299847071747,0.8652581903488912,2
0.5043731475672284,0.4553615194932029,0.5928317573825577,0.8459750675141166,1
0.7657226921662376,0.881147402964299,0.05628621276412434,0.4623148476499631,1
0.8141401466802242,0.5708090268553062,0.20688607922114288,0.8639651927221145,1
0.8141617809315709,0.8033280074238438,0.10840674607448253,0.6793693226765596,1
0.6459843223791907,0.7429344389272846,0.2379283606522067,0.594360639042709,1
0.4741932227101948,0.6028655139253201,0.09929136063066751,0.6824245069423607,2
0.531231926385854,0.8920623992037329,0.17610011415770996,0.4018840302972439,1
0.41720211438749827,0.4602409007397651,0.3514291252934715,0.8178737372359675,2
0.8829154317114857,0.5276033033111691,0.23545566157623796,0.8845394946216026,1
0.34730184828620664,0.9845910337627738,0.35453076873371103,0.45667730525473504,1
0.8904946310999575,0.7125056595583861,0.10320287763585845,0.7293379524809732,1
0.26550274394421247,0.503135301799459,0.31957697029745624,0.831983051001573,2
0.5634525380582538,0.8553622678645597,0.17481207056238826,0.6409158278549151,1
0.7101154547880204,0.5369721643273826,0.2855450492170505,0.8875946788874037,1
0.40710613042568994,0.15353960942498884,0.6354621233334051,0.7455631632068523,2
0.8630984574778789,0.7210221255991649,0.12099424903612124,0.7312183456540913,1
0.7389683346674455,0.8404958708610387,0.1026471665194822,0.7061749274848377,1
0.2990141992803006,0.06557978199942373,0.7409912335494433,0.5267465015412313,2
0.6495179167658237,0.7749909259972984,0.252582333555905,0.8376269583640215,1
0.6904859773994187,0.7970566554535692,0.20965429599155663,0.5365121798194167,1
0.7925347410019543,0.3742156132716177,0.3519116031619532,0.7790731698446037,1
0.37100577634510956,0.6466115615890917,0.15085618282464947,0.427280249506715,2
0.8716656210111848,0.6611673844795264,0.16609731406293754,0.8557343808250815,1
0.5083490109541426,0.8284171571617268,0.24959226312275187,0.43033543377251604,1
0.3227541844247813,0.25784012542703943,0.5525965494216727,0.8416250670594759,2
0.38451276060258605,0.1864492398417943,0.5712021022249983,0.7359220564299808,2
0.33212902667503186,0.6501738092476248,0.16669179572231677,0.5140529383416532,2
0.7911862060013413,0.4062721003416315,0.32304477997716846,0.805292924884294,1
0.46438353200787486,0.5798680621297901,0.13509380317487668,0.7072324213244587,2
0.247611218080465,0.6397976403851119,0.20533568828483426,0.45232184911390555,2
0.7662202799472124,0.3732876327891426,0.375867490899692,0.7659046891622794,1
0.4801520166727964,0.4761886943539123,0.574557908113813,0.8223419442247015,1
0.4510885634135964,0.8733269222853765,0.06459172464298792,0.0950016821699082,1
0.31827589439600773,0.5221057673238615,0.3050681715381136,0.8657282886421707,2
0.7002502361739106,0.8976377658121514,0.07946668964180328,0.412931794829828,1
0.5060097065674376,0.5088652070930637,0.22283197277446315,0.8881857115578711,2
0.8207962846779021,0.31691656033556975,0.3948736726473819,0.7132291297271247,1
0.7918352335417433,0.5501352681227479,0.26155168328774203,0.8388026587377361,1
0.37521003252349117,0.1752985066249574,0.6258297973162168,0.7677859916164289,2
0.15125226258212,0.6388696599026369,0.27350894953367655,0.6459714303899906,2
0.4778032581182528,0.5275258468757367,0.21323497102978872,0.7445047600861998,2
0.7378505650145311,0.7306237301073539,0.21973119090184592,0.7499140729425243,1
0.7415860790804001,0.5307004381714294,0.28809098154091367,0.8859488802204096,1
0.620859745148519,0.8120016314495578,0.22526796906972238,0.5800121843658219,1
0.2951128226207732,0.20580586498632353,0.6698989811962867,0.8830119024887022,2
0.551139764475117,0.5527676643704139,0.13240140435522435,0.7861279176555097,2
0.5773828325004146,0.7338754036528007,0.3278092489284253,0.7833060549023886,1
0.5270442564668383,0.5427795260564197,0.19847028668662633,0.7804841012211644,2
0.5776330686743252,0.7844353725205522,0.28284834255928665,0.5539067259517899,1
0.5489835507575593,0.5144416962585173,0.2812242875912723,0.7261609245569528,1
0.616561740547635,0.5886951022836552,0.09596570960863293,0.7661392836684033,2
0.6534553505109288,0.5461861124727313,0.4274667757985655,0.9064077034288986,1
0.3668159430009591,0.5231123267988042,0.2814482951730674,0.7435645634996408,2
0.6837288795621227,0.7564088652070932,0.19293385314579878,0.7144048301008392,1
0.44890350402757645,0.6418893383274649,0.0696878971288259,0.4630240868545241,2
0.664697949794114,0.48509431350024507,0.4475111465311134,0.7154632332214917,1
0.8120704699680534,0.7704221188638227,0.17255907123010317,0.8464460750884275,1
0.1987610785395438,0.8343030978832318,0.3629482844034721,0.6939460068923502,1
0.800272591566969,0.5303906124296999,0.2904516768259849,0.8366867617774625,1
0.36559000209131093,0.6232286985447919,0.1282658797682383,0.5615537794266073,2
0.8088109094318124,0.6401082144981983,0.16635578434962414,0.8322185547887285,1
0.5509760653065934,0.646379566468473,0.05628621276412434,0.61504678250907,2
0.9136360686238453,0.8927621264223733,0.04277683244663667,0.43045364030660954,1
0.11944991310242374,0.8566794014525889,0.20965429599155663,0.23915000409176462,2
0.5949491234522496,0.6678278895553552,0.02251276197040518,0.5396855706193113,2
0.48114358652618827,0.3075469509479994,0.4334115923923579,0.9179373869081717,2
0.7265791200628836,0.4183508140409434,0.3275852413466302,0.8048228265910146,1
0.033518666753203634,0.7698795496301175,0.26454132293708404,0.0921829109722942,2
0.6871110341893286,0.4781258536110789,0.4577724169125724,0.7632004873746329,1
0.47105481398149546,0.5065422624014488,0.22858995842936225,0.8466806695945515,2
0.7972077392928485,0.8950820776285608,0.05813427531393372,0.40693963283231943,1
0.38322912835601325,0.2593892541356872,0.6132422943545782,0.8391554597779536,2
0.7575377337400573,0.34889446841311594,0.3803304111831478,0.7913009083717504,1
0.7946476862168185,0.5279127548672202,0.3249273052318694,0.9739036343962828,1
0.39642602167751984,0.1355786968609563,0.6419238805005708,0.6651390745337661,2
0.7923977240767583,0.7717392524518516,0.16119068645400308,0.7265155441592333,1
0.39069294507063584,0.2779713149258925,0.4283541904495229,0.7927121125326204,2
0.7072957906958297,0.5401467556230753,0.40646606500527716,0.7514425743564563,1
0.5352241669010377,0.5419293761950555,0.2603355805888815,0.7368631622975713,1
0.19216984329590606,0.3089426635284961,0.6989510414198635,0.7401547596315592,2
0.5081275916030259,0.5389078268418355,0.20009434165464063,0.846210571301272,2
0.5355832954733935,0.7622910640718138,0.21334568246925284,0.7259281486128918,1
0.37523887819195345,0.2795952807702238,0.471135330734271,0.7950635132800494,2
0.8572355753629146,0.8188941316460053,0.10058371206410065,0.6433890722605635,1
0.31292502289624935,0.5764629724561923,0.2637292954530769,0.7689614192058339,2
0.7563766955844493,0.6257843867283824,0.2719624356516682,0.8269274484664976,1
0.5232899927164687,0.48935292070631287,0.2655011092683137,0.8042345217636415,2
0.8559880002019197,0.8057302794792832,0.12221336722165982,0.6661938405302926,1
0.807318146088888,0.36809767742949406,0.35106295905399876,0.7756634569046256,1
0.8000418262192703,0.5091750328347933,0.2472668921101945,0.8238704456386335,1
0.8605167701505023,0.38970315850131154,0.37505330949662913,0.8764287078207261,1
0.6887624487087958,0.7713500993462977,0.22644913520149912,0.818109241023123,1
0.49205085491349904,0.43290663693137804,0.2236069528507119,0.8285741564145229,2
0.7309131817493456,0.40619352134916387,0.3234884873026472,0.7975331205615719,1
0.45245584809870987,0.6448304377598253,0.07950546018480627,0.46560644498395115,2
0.5272173304776121,0.701976074567722,0.005828504964783422,0.1961228256817334,2
0.4284735593391457,0.24405512503414445,0.48678570659314624,0.8108195349936804,2
0.2620484751458509,0.6971752723136274,0.19459452473776034,0.33474271893214036,2
0.7834050869336333,0.5240414298383144,0.3144463351067267,0.9642561626521908,1
0.6521140269274315,0.5851328546251221,0.3418355698192862,0.8203433445174899,1
0.3764503962673705,0.25784012542703943,0.4632735261808862,0.7824829737126854,2
0.34430189876612655,0.6387162437744858,0.13051887910052343,0.5532065795575438,2
0.8210631071111785,0.6399547983700472,0.2637292954530769,0.836333960737245,1
0.8488270630061514,0.594191889899606,0.21552329463458764,0.9193467725069787,1
0.845077126106051,0.38853944104143356,0.37804294914597114,0.9115815124980677,1
0.5416574721098443,0.49167586539792774,0.5458418592629289,0.8104667339534629,1
0.7000050479919809,0.9177689553110043,0.08127598164860966,0.39823781336097547,1
0.36118382623369316,0.46263943093842025,0.277610011415771,0.8104667339534629,2
0.4877860228313466,0.821756652085898,0.09271759967260432,0.5474417378179074,1
0.7099928606970556,0.8553622678645597,0.08268033687294032,0.6843067186775416,1
0.41742566831808114,0.9224949204294155,0.3109009843410085,0.38412577175227547,1
0.2487073534820327,0.523963973402882,0.25841428479117756,0.7469743673677224,2
0.3433355688726391,0.4833135638566569,0.34482520946862816,0.7813071824108677,2
0.7635376327802177,0.8660490108401592,0.053891054774161604,0.4175236640388444,1
0.486554312788006,0.8539665552840631,0.20500355396644196,0.588241177700792,1
0.7416437704173248,0.7483563894075519,0.2329825317164581,0.6457350173218036,1
0.5184958426180328,0.8126976168114141,0.27399142740215826,0.47348991152695563,1
0.3409485898073831,0.48974020288347486,0.31315398367329356,0.7365094519763222,2
0.33488378801318247,0.9870681429538967,0.3546427725246085,0.2509070078289096,1
0.48588942012994973,0.6146336535115455,0.10814827578779591,0.7175800394627968,2
0.34469131529036773,0.9687966562767777,0.24014302022529993,0.07184229429789864,1
0.8475939106793876,0.5930319142965123,0.21607685183190817,0.8898315102248652,1
0.7500667056083191,0.8821539624392416,0.06311844400887416,0.43962828591432745,1
0.5723860415810311,0.6939984359038642,0.019083722833695933,0.26890167944206506,2
0.7304083825512551,0.4186613881540298,0.32382019083722835,0.8054111314183874,1
0.7436269101241085,0.3529207063128866,0.38660693131152135,0.7501486674486484,1
0.41408678219356887,0.8995760476263532,0.10050617097809467,0.2440874000927466,1
0.1324881552473876,0.7869910607041426,0.23076774290822155,0.1134600871091228,2
0.32375657140384656,0.2398754710062227,0.5260559588170677,0.7165216363421442,2
0.6701209354650283,0.6491672497726823,0.24291166777952486,0.8030588213899269,1
0.9221743864886889,0.8963206322241222,0.021556421909664635,0.3829527992216554,1
0.4070844961743432,0.6395656452644931,0.16772136903095183,0.5958882311756094,2
0.531712927907463,0.6864885293380282,0.3163288603614276,0.7600252780126754,1
0.3817075193446264,0.27843530516713005,0.49043875331165054,0.7902434145321293,2
0.45695144552856076,0.8418130044490677,0.32341525405475263,0.35932058521327187,1
0.5468850283769263,0.7410747361055503,0.3001960066340707,0.7353337516026077,1
0.02187943952866177,0.7768468869622485,0.25693798867038575,0.08724551497131212,2
0.5639147898953623,0.7390616171556651,0.2791565252977793,0.7452103621666347,1
0.853730826644744,0.776772049826565,0.14170202683783145,0.7454458659537904,1
0.4096733949188355,0.9155238412405005,0.30104465074202513,0.5133436991370923,1
0.2987762225154865,0.4927598813083028,0.33991427402158225,0.902534166234758,2
0.29393015021381846,0.12899677077759528,0.6061171301182502,0.5850677869008974,2
0.5452963531863646,0.3932616643030604,0.3608072888620846,0.6877147039835602,1
0.48630335547238385,0.6080517274281845,0.10058371206410065,0.7171090318884857,2
0.3978466708492886,0.28137640459949037,0.4582893574859457,0.8317484564954489,2
0.8078662137896718,0.935191040498116,0.0720485924138971,0.406112187093665,1
0.3409125327218051,0.6525760813030642,0.19769530661037757,0.6638478954690525,2
0.5665044097815661,0.8579965350406178,0.1351325737178797,0.3970648408303554,1
0.8224981791171784,0.5327135571213147,0.28923686647855773,0.960964565318203,1
0.8431661005704232,0.3346492196357677,0.3765653606737459,0.7543813706502268,1
0.516579769090424,0.5237316040965848,0.2073289249789993,0.8654936941360466,2
0.37748162891489806,0.18559609649500272,0.6028690201822217,0.7575565800121843,2
0.3876785727163245,0.50414223546008,0.28905162943976564,0.7795435409221928,2
0.589446812193064,0.6637230726631169,0.3740926615977772,0.8539703756239941,1
0.40110623138552953,0.12156170134744261,0.6549507829495769,0.7315711466943088,2
0.34338604879244816,0.5039098661537829,0.28521334568246925,0.9024159597006647,2
0.753686837000339,0.7176132940687827,0.11903849053352575,0.6954745083062822,1
0.39438519063381144,0.5551680654974612,0.19703103797359295,0.7010011184156687,2
0.21780643114178366,0.20464588938322972,0.7685657053007948,0.639979268392482,2
0.46309340948589806,0.5362754305941695,0.21109397548840117,0.7168744373823618,2
0.7146009562339095,0.88958529001261,0.0896547267753678,0.4945306745955972,1
0.6563687630256221,0.4782033100465113,0.4522368449393672,0.7506187657419278,1
0.4111012555077198,0.43762886019300495,0.3487367264738191,0.8324540585758841,2
0.5625669760364609,0.5262869180944969,0.15661145454153835,0.8535002773307147,2
0.8566370277423216,0.8900492802538476,0.04145001830831198,0.3837711521499949,1
0.2505246305951582,0.2080509790568276,0.6620759471859048,0.8652581903488912,2
0.26895701274257405,0.5191635453344658,0.25154888319296964,0.7503841712358038,2
0.7738932277581868,0.8853270569922207,0.05200852951946066,0.38024314174782,1
0.39118332143449513,0.5562532039648715,0.2124229435457816,0.7227529392509343,2
0.5748797496195978,0.3732876327891426,0.42772524608525214,0.7503841712358038,1
0.2640893061895593,0.488888556279397,0.33681263058134275,0.8425652636460351,2
0.6471669947861455,0.7414638892111044,0.23892519439119478,0.5905962155723469,1
0.5211619035256618,0.7588859743982159,0.3144463351067267,0.6979441155878047,1
0.791705428033663,0.9115761823331974,0.06724966075774873,0.38507142402502337,1
0.4722966200087979,0.6298892036206207,0.14864195403536737,0.5195813670131028,2
0.800849504936215,0.6494778238857686,0.2589678419884981,0.8131709357411094,1
0.03848733314583646,0.8435155492858667,0.2377069377732785,0.419287669239932,2
0.5073382010398864,0.8631041695510148,0.2099498136860017,0.5987070023732235,1
0.4987315117293699,0.9015891665762384,0.06780537187412498,0.22092801222073702,1
0.47912222630869195,0.7390616171556651,0.287647274215435,0.6716040626676487,1
0.7578334018417959,0.36298630106231317,0.4124453443039611,0.9174645607717977,1
0.2636349869112779,0.029343640901488145,0.7900833566674565,0.5299289851514407,2
0.5624515933626117,0.6287254861607426,0.3533504210911754,0.7710778617347263,1
0.4256899523325329,0.5831983146677044,0.5255777887866974,0.841036762232103,1
0.6264630162473227,0.8095245222584351,0.18998083012040407,0.45384944124680604,1
0.3307660688401878,0.177079630454224,0.6094772438451763,0.6981796193749602,2
0.30657897583454125,0.3015861730908111,0.484162233183277,0.819049437609682,2
0.49050112137536145,0.44862617728169074,0.3196889740883538,0.8901861298271456,2
0.6823226532245852,0.757336845689568,0.19511146531113363,0.7980032188548514,1
0.3941255796176506,0.9210992078489189,0.33740280440261056,0.5102885148712912,1
0.7458408151785907,0.7803342974850981,0.1706033127275077,0.7975331205615719,1
0.05485003858108152,0.7647681732629366,0.25036767398281173,0.13980195859134179,2
0.6587701649251094,0.8261720430912228,0.22870071294720745,0.47971848659265115,1
0.7833113385111309,0.9242760442586822,0.05492062808279667,0.3200487374632877,1
0.36372945647549193,0.26813771529708474,0.435587050638637,0.7390963565109068,2
0.5265437841190173,0.7028254760577294,0.01062743662093181,0.19658655900779254,2
0.7890732607864772,0.5802534733785599,0.2966894264113555,0.8652581903488912,1
0.4186371863934982,0.4521098459477562,0.3361879940551834,0.824223246678851,2
0.6907672226669263,0.6126205345616602,0.3179141447864389,0.7955345208543605,1
0.5542010110406796,0.781108861839422,0.24276390893230235,0.7396846613382797,1
0.8256351455624545,0.9235014799043582,0.030525340857690594,0.37472380588668536,1
0.2412940166872192,0.003562247658533124,0.9850130312102872,0.5392127444829373,2
0.6391190532851612,0.7681770047933185,0.22814703943825793,0.8131709357411094,1
0.7942654811096929,0.5541615060225185,0.260444568893101,0.8683179210198496,1
0.6598518774924461,0.7696475545094987,0.22035884291468327,0.821871845931422,1
0.7928953118577331,0.4272564331872762,0.3302087147564995,0.8211662438509869,1
0.4635268156545443,0.5119624167904597,0.21400995110603746,0.8229302490520746,2
0.4136108286639408,0.5248156200069599,0.2605552803325651,0.9387417369086263,2
0.15547815301184834,0.7793277380101555,0.22028474809916646,0.14450294152413687,2
0.4023465951294089,0.4566000740887643,0.3326426432894652,0.822577448011857,2
0.5387217042020928,0.47982914681923466,0.18148921963512613,0.8064686252580084,2
0.41519734042936773,0.6377845214352266,0.15159282314170633,0.48077325258917775,2
0.4297139230830251,0.5036774968474856,0.2829215758071812,0.8148167344081034,2
0.6146074465093136,0.8011614723458074,0.10763133521442265,0.6832428598707001,1
0.704079498662282,0.7791705800252202,0.20238309604325072,0.8152877419824144,1
0.8629902862211453,0.5411533150980179,0.26103517349817995,0.8872491520954381,1
0.8673387707418385,0.8278745879280216,0.11818984642557134,0.660674504669158,1
0.6916542269721423,0.7454901271108749,0.17772416912572428,0.6647844549314856,1
0.7792368878408297,0.6194344557656399,0.2561996252180843,0.808349927712158,1
0.8942662022514045,0.6559025919841944,0.15299717836603702,0.8753739418241995,1
0.761330939142851,0.7706541139844415,0.19869170956555454,0.7346281495221728,1
0.3287396606307106,0.236623797460776,0.5248023779266375,0.7186375333024178,2
0.6746785510820731,0.9144424446298743,0.07570163913240142,0.3437991580057648,1
0.6554240673834815,0.5913293694597133,0.32145949555215714,0.7696669303581658,1
0.4783037304660739,0.5095619408262768,0.23032481099360289,0.7691965592805768,2
0.23341914919700868,0.6061957664632344,0.25704870010984987,0.6784236704038117,2
0.07083775032631659,0.8631827485434823,0.20891636332306632,0.19811415114069303,2
0.3429822094339759,0.31149835171208656,0.4777392465591143,0.8574983860261691,2
0.6217683837050819,0.33921802676924345,0.5688370991018157,0.636451257990307,1
0.7519272512241381,0.6376311053070755,0.2669037413573998,0.8001200250961564,1
0.777830661503292,0.5451020965623562,0.26900768949102893,0.8688998608800022,1
0.08367407279204434,0.8019360367001314,0.2516595946324337,0.5121707266064722,2
0.5554435382096936,0.9040662757673612,0.16728196954358457,0.4212789946988916,1
0.36998175511469755,0.2848600732655558,0.46921403493656705,0.8214017476381424,2
0.6644743958635312,0.48772708393358954,0.46323475563788313,0.7114660338070687,1
0.546730704050653,0.661092547343843,0.02022529993322851,0.3824799730852814,2
0.046455949058549474,0.7566408603277118,0.2743963641846339,0.17554579593915084,2
0.9298401228825476,0.7170744666918618,0.12416912572425529,0.7716657119215835,1
0.7626866855605796,0.8656598577346051,0.07127318155383722,0.6639661020031461,1
0.5736862600869697,0.6402616306263493,0.05300364012320419,0.6250488738554425,2
0.7801238921460456,0.7839713822793146,0.16225903030564112,0.8137592405684825,1
0.6034874413170932,0.5540080898943675,0.4713938010209576,0.7396846613382797,1
0.6590009302728079,0.6080517274281845,0.3111982251706981,0.773547014375733,1
0.3101053588040586,0.9420835406945635,0.3371098714110324,0.26995644543859165,1
0.7079087611506537,0.7719712475724704,0.18174768992181276,0.7841290451639888,1
0.26413978610936834,0.0,1.0,0.5924784273075279,2
0.31741052434213846,0.3501330230086773,0.4854545846167101,0.7646107822544714,2
0.7374178799875963,0.7859845012291999,0.18156676072113212,0.5416859888885858,1
0.38477958303586235,0.6391802340157233,0.12937299416287937,0.5774298262363948,2
0.21919823464509006,0.01029758987004531,0.9892217890451677,0.4753721232621366,2
0.4908090488861966,0.8641893080184249,0.3195037370495617,0.37907016921719994,1
0.41953861353294536,0.580796042612265,0.16395631852154996,0.6483264682615456,2
0.3539940433694625,0.5740607004007529,0.2240868029379456,0.6185747929112451,2
0.1985591588603076,0.2211362522310821,0.737708660908523,0.6047082571810469,2
0.5902761251613555,0.37537558887471145,0.46799491675102856,0.7194613419169462,1
0.6209895506565996,0.75284661754856,0.21984190234131,0.5581439755585258,1
0.8011956529577627,0.40549753598730764,0.32245460615590066,0.822812042517981,1
0.29105279478470314,0.05745246906419901,0.742727292308355,0.5808396301044764,2
0.4174905710721214,0.8971737755709139,0.3215714993430547,0.2677287069114451,1
0.33549675846800653,0.4860234165397554,0.357559178926056,0.8465633723414896,2
0.7287353337804412,0.39070971797625415,0.4487302647166519,0.8524418742100621,1
0.5085319213378621,0.648624680538977,0.03787020483770221,0.37625139801958585,2
0.38009937332785265,0.11250266607295868,0.6679087599887996,0.6859525173445357,2
0.9248209765701059,0.7241203830164605,0.12394511814246022,0.7721360829991726,1
0.4036013817075193,0.19961309200851649,0.6088870700239085,0.865375487601953,2
0.6122493131125197,0.33278951681403346,0.5871109483705603,0.5855406130372713,1
0.7589367486604793,0.35958121138871535,0.37852542701445274,0.7701372105076516,1
0.3210667128197362,0.5007352748580901,0.2679742391280936,0.8163452358220354,2
0.5440545471590622,0.5398369298813458,0.17691429556077282,0.8136410340343889,2
0.8366541909150568,0.4247755821393692,0.3414995584465936,0.9242841685079607,1
0.6868946916758613,0.7629122122979866,0.193561074374825,0.6946516089727851,1
0.5352241669010377,0.5419293761950555,0.2603355805888815,0.7368631622975713,1
0.38099358905018427,0.2735559239205679,0.5929049906304521,0.8063513280049465,2
0.7346486958152147,0.7333328344190955,0.20555754194757364,0.6413886539912891,1
0.46486453352948387,0.6082088854131198,0.10419798823960195,0.6955927148403757,2
0.26655561084308677,0.49647666765202225,0.3411333922071209,0.8261045491330006,2
0.6806856615393492,0.5241963427091791,0.436547698537489,0.9079352955617992,1
0.5963841954582495,0.6662001818542397,0.027682167704137672,0.4215154077670786,2
0.5451903453547656,0.525047989313257,0.1914941736489543,0.8646698855215181,2
0.08430867749821513,0.8586925204024741,0.21589247636073838,0.22786582649099352,2
0.5491854704367956,0.8593885057643303,0.18854115062355958,0.607054202242287,1
0.5767951020054951,0.6078983113000332,0.4197514377409697,0.796944815734199,1
0.4182405584521414,0.45110328647281356,0.2050776487819588,0.7581439755585259,2
0.5275447288146594,0.6978712576754836,0.015796842354664303,0.24808823663129562,2
0.4510885634135964,0.8733269222853765,0.06459172464298792,0.0950016821699082,1
0.2658705262171069,0.5286873192215441,0.34175802873328026,0.7428589614192057,2
0.044523289271574756,0.8720097886973475,0.22870071294720745,0.15425952699200737,2
0.7435908530385306,0.6432813090511773,0.2366364400025847,0.7711954317720977,1
0.44907729918006184,0.30065819260833615,0.41691257242552826,0.8064686252580084,2
0.7664510452949109,0.39953301627333515,0.3487367264738191,0.7995317202687834,1
0.1736725583944501,0.03824926004782092,0.9478406961466389,0.4847740891277267,2
0.601936986637244,0.5095619408262768,0.507342710060956,0.7087609227383906,1
0.38874586244942994,0.1973679779380124,0.6202554548000085,0.8898315102248652,2
0.2852476040066633,0.2670525768296744,0.6817843065457599,0.6961801103867172,2
0.6667315694207069,0.7396827653818379,0.2505520494539816,0.8545586804513671,1
0.33072280033749435,0.5062328108453977,0.2882029853318112,0.7355692553897634,2
0.8999920674411729,0.8696075166419082,0.014836194455812362,0.4208152613728325,1
0.6826038984920927,0.8720883676898151,0.09508260279578695,0.5249824963401438,1
0.7153076751112362,0.36345403316033487,0.383914532491869,0.7476799694481573,1
0.4929652626037543,0.8603950652392731,0.06813707540870614,0.1580239504623694,1
0.4698706992911177,0.506077897974533,0.20806728843130076,0.8154050392354765,2
0.3651212599787984,0.6362353927265788,0.16923772804618004,0.5425043418169253,2
0.42625244286754793,0.5866034043413023,0.5522648458870916,0.8702001327550306,1
0.7978423439990192,0.4143245761411728,0.3352273461563315,0.810584031206525,1
0.5436507078005899,0.7221821012022587,0.3043315312210567,0.7343935550160487,1
0.5679005401351419,0.7975206456948066,0.2557197320524695,0.6931231075588532,1
0.8882807260454751,0.5205570128008921,0.2329454843086997,0.8812478972876145,1
0.5914011062313855,0.8496334851279902,0.13808344282421867,0.6747774534675431,1
0.6963416480972675,0.8150213098743858,0.06721519805285718,0.6584376733316966,1
0.5775753773374005,0.6591542655296412,0.01527990178129107,0.40152941069496345,2
0.5715105755432,0.5400692991876429,0.48660046955435415,0.7379206561371923,1
0.3812099315636515,0.9623681463215678,0.36102698860576826,0.33192394773452627,1
0.33743662967209687,0.5114205210909758,0.31101298813190603,0.8805477508933686,2
0.3106894835904203,0.5324037313795852,0.3327891097852543,0.7970630222682925,2
0.6151699370443287,0.6511017897300999,0.3702199151355893,0.82175454867836,1
0.37960899696399336,0.5473475848185386,0.5348784112693045,0.7797786809969356,1
0.7865132077104472,0.6540466310192443,0.25804510306502687,0.8092910335797485,1
0.509080616431935,0.8406492869891897,0.2879789777500162,0.4165780117660965,1
0.4430701887227859,0.34750249768940344,0.3225278394037952,0.8234003473453541,2
0.5599391356395446,0.5133561461868609,0.47198397484222543,0.6544368367931476,1
0.46681882756780535,0.5684067547998668,0.1663213216447326,0.6750138665357301,2
0.8104406896999329,0.5432438904833357,0.2635819673896655,0.8457404730079926,1
0.38966892384022384,0.6410361949806733,0.1531824154048291,0.45314929485256,2
0.5011867108005394,0.5300807866879703,0.21356710534818105,0.7647289887885648,2
0.42893509003454267,0.6017017964654422,0.11899971999052278,0.6458532238558972,2
0.3039900770900489,0.177079630454224,0.6184117000883107,0.6879502077707157,2
0.5483864454203895,0.5528443724344895,0.12981670148835808,0.7767216236122098,2
0.39926732002105736,0.5180019233143871,0.5235832597410989,0.7312183456540913,1
0.5813483907722706,0.5566386152136413,0.1286363538458225,0.8312783582021694,2
0.31410769530320404,0.5117301597398661,0.25428005255562497,0.7828356838247997,2
0.7962486208164766,0.5492061650832376,0.2780881814461413,0.9308673631759367,1
0.6448016499722361,0.8020894528282825,0.2343481163977858,0.4944124680615038,1
0.5181684442809856,0.4746395656452645,0.27096301720981325,0.8216363421442664,2
0.39352703199705774,0.43468776076064464,0.30130312102871176,0.8592614819462251,2
0.863660948012894,0.6055746182370616,0.22013742003575507,0.9249843149022068,1
0.2041624299591112,0.04862542891033389,0.8726172270446076,0.6510270329250661,2
0.22784472376666737,0.6986458220298076,0.18795054601848063,0.31534775453049274,2
0.49868391637640713,0.47231961443907694,0.18673272018437548,0.8298671540412994,2
0.718141762037658,0.9206352176076813,0.08367544747668383,0.4024659701573965,1
0.7615977615761274,0.7523040483148549,0.1510758825683331,0.7754282259017795,1
0.751263800849505,0.36213689957230577,0.41583992073577875,0.8745464960855451,1
0.8765477503984308,0.4967086627726411,0.25479699312899823,0.8790110659501532,1
0.46791640525279626,0.21889113816057804,0.5170138066211472,0.844916664393464,2
0.7722562360729507,0.6763443555961339,0.25180735347965627,0.8079971266719406,1
0.40124324831072555,0.5207119256717568,0.17765093587782974,0.7330996481082408,2
0.6289798008206593,0.6727821079376008,0.0321493958257049,0.5596715676914263,2
0.40417108365964993,0.44568133599254617,0.40115019277575553,0.8273975467597771,2
0.8830596600537972,0.646768719574027,0.17370495616774723,0.8693726870163762,1
0.569999062515775,0.616261361212661,0.4125573480948586,0.8270447457195595,1
0.7879266454651004,0.8905918494875528,0.05842720830551188,0.406112187093665,1
0.18298970930777606,0.2978705093041269,0.6966980420875784,0.7292197459468797,2
0.8534495813772365,0.5792469139036173,0.22548943502703167,0.9129908980968747,1
0.5556937743836041,0.5136658970914547,0.2196204794623818,0.7985915236822244,2
0.7329684356272851,0.39798762942147153,0.3106812845973248,0.7432117624594233,1
0.5502642984372859,0.9184686825296449,0.16790660606974392,0.3837711521499949,1
0.798664445550195,0.5240414298383144,0.26609171387339264,0.8847759076897896,1
0.3476407848906388,0.5064648059660165,0.25184397010360354,0.7823654036753139,2
0.6542990863134515,0.5846688643838845,0.09796023865423138,0.7775446684306718,2
0.7902775674447786,0.8988763204077127,0.05141404786008143,0.3711957954845103,1
0.363130908854899,0.2639543194123788,0.6161199302130226,0.7863630577302526,2
0.44759463182109915,0.5454893787395182,0.15702069916212552,0.7597906835065513,2
0.503362323230138,0.7472712509401415,0.2750597712537963,0.6744319266755776,1
0.8697401726413259,0.8370870393306566,0.10117388588536844,0.6607927112032516,1
0.798426468785381,0.6154867968583371,0.2624744222112133,0.842447966392973,1
0.3153985389668924,0.12427454751596835,0.6203286880479031,0.61975685825218,2
0.6809669068068567,0.8655812787421373,0.08312404419841904,0.4724260527201142,1
0.3738182290201848,0.8104525027409101,0.15602128072027055,0.610109386508088,1
0.4929652626037543,0.8603950652392731,0.06813707540870614,0.1580239504623694,1
0.34858548053277955,0.1746025212631012,0.6153832898959657,0.7514425743564563,2
0.33224440934888116,0.16925914977530146,0.6150860490662762,0.7318066504814643,2
0.6630681695259936,0.28462807814493707,0.5759234927951408,0.7460332615001317,1
0.5911847637179182,0.7548597364984453,0.29451396816507636,0.8405666639388235,1
0.7596290447035747,0.8360804798557141,0.09707713184138542,0.7234585413313692,1
0.0,0.8596205008849491,0.23888814698343638,0.35143711867026733,2
0.19823464509010666,0.6404187886112847,0.26099812609042156,0.6865390036098457,2
0.5489835507575593,0.5144401620972359,0.2812242875912723,0.7261627431190157,1
0.3581694538793818,0.5631419623045347,0.20005772503069336,0.6623203033361521,2
0.8699493037376775,0.8175769980579763,0.09626295043832254,0.6212844503850804,1
0.6931542017321823,0.35044359712176376,0.48556658840760764,0.7843641852387316,1
0.36155160850658763,0.6593114235145765,0.20038985934908565,0.6704310901370286,2
0.49576689815315605,0.8007760610970377,0.2796734658711526,0.447739072715204,1
0.38558726175280705,0.5552466444899288,0.6080728886208456,0.8636123916818971,1
0.36776785006021534,0.5294615093901897,0.17215413444762748,0.7022941160424452,2
0.6702146838875307,0.3229559171852257,0.41259181079975016,0.6637296889349591,1
0.5816440588740094,0.7735952134168017,0.14129278221724428,0.5306291315456868,1
0.5250517419178042,0.5934959045377497,0.08330928123721112,0.7167562308482682,2
0.806020091008084,0.7443301515077813,0.12306201132961425,0.7594378824663338,1
0.6474338172194218,0.8209072505958906,0.22670751933142355,0.5719013975649454,1
0.7601266324845496,0.6337582835354559,0.2374855148943503,0.7622593815070423,1
0.23738542861057624,0.011768139586225437,0.985603205031555,0.5247551760822717,2
0.4271178129214172,0.9167623958360618,0.3179141447864389,0.2634914573047091,1
0.44449444360311247,0.6372419522015215,0.0692829603463502,0.4777180683233767,2
0.2215563680418839,0.6531149086799852,0.20186615546987743,0.4123498549696754,2
0.5391255435605651,0.7226498333002803,0.31529497921468114,0.7405075606717768,1
0.5636840245476639,0.8542022922614659,0.12394511814246022,0.6510270329250661,1
0.512604042720435,0.6085942966618896,0.1010618820944709,0.7207543395437228,2
0.5761504013153625,0.49399881008954266,0.5374631141361708,0.7158160342617093,1
0.6448088613893517,0.5518385613309036,0.40978740818920023,0.8512661738363475,1
0.35883290425401493,0.5217184851466995,0.18440562603657357,0.7018240177491657,2
0.6940123603689361,0.8803728386099751,0.09094707820880092,0.5048782927339353,1
