0.7771960567971212,0.8742549027678516,0.05957309324315593,0.4727806723223946,1
0.384786794452978,0.6199770249993451,0.12527624011889635,0.5636724042299753,2
0.7883953875776128,0.43484117688879576,0.3410213884162233,0.8777198868854396,1
0.8011956529577627,0.40549753598730764,0.32245460615590066,0.822812042517981,1
0.8699493037376775,0.8175769980579763,0.09626295043832254,0.6212844503850804,1
0.8974031686966806,0.6315131694649518,0.17802140995541388,0.9195831855751656,1
0.6012951705139576,0.6757269492267453,0.018971719042798388,0.5134619056711858,2
0.5430247567949578,0.6488566756595958,0.038680078402653625,0.4306900533747965,2
0.1985591588603076,0.2211362522310821,0.737708660908523,0.6047082571810469,2
0.5489835507575593,0.5144416962585173,0.2812242875912723,0.7261609245569528,1
0.5066739501979534,0.8801408434893563,0.2343481163977858,0.630568209716577,1
0.5387217042020928,0.47982914681923466,0.18148921963512613,0.8064686252580084,2
0.7801238921460456,0.7839713822793146,0.16225903030564112,0.8137592405684825,1
0.6424290937412112,0.8063476858486718,0.217442867297047,0.5078152704656428,1
0.2979973894670041,0.13851979629331668,0.5902470545156913,0.5958882311756094,2
0.7722562360729507,0.6763443555961339,0.25180735347965627,0.8079971266719406,1
0.6367392856370205,0.694230431024483,0.006457449329054239,0.48301008392663913,2
0.8224981791171784,0.5327135571213147,0.28923686647855773,0.960964565318203,1
0.5081275916030259,0.5389078268418355,0.20009434165464063,0.846210571301272,2
0.4924070989190086,0.48981765931890725,0.23187507269476815,0.8860670867545032,2
0.4531777109519792,0.610222004363005,0.09648265018200616,0.6624385098702456,2
0.5247531892492194,0.3464173592219931,0.31902125918108,0.9086445347663603,2
0.5807931116543712,0.5491287086478053,0.12645658776143193,0.8161106413159115,2
0.5767951020054951,0.6078983113000332,0.4197514377409697,0.796944815734199,1
0.451377741239931,0.9404558329934481,0.2115002046223103,0.13627394818916677,1
0.6917479753946448,0.33008041250229186,0.5022508454132293,0.7394491575511243,1
0.8421637135913579,0.41579512585735295,0.3498783035733517,0.8863034998226901,1
0.39910145742739905,0.24149943685055397,0.5679539922889698,0.8890131572965255,2
0.3951856579336405,0.4325960628182917,0.411191763413531,0.8027060203497094,2
0.38558726175280705,0.5552466444899288,0.6080728886208456,0.8636123916818971,1
0.5813483907722706,0.5566386152136413,0.1286363538458225,0.8312783582021694,2
0.3014516582653657,0.6844754103881429,0.20267818295388462,0.3896542004237249,2
0.8830596600537972,0.646768719574027,0.17370495616774723,0.8693726870163762,1
0.8431661005704232,0.3346492196357677,0.3765653606737459,0.7543813706502268,1
0.44890350402757645,0.6418893383274649,0.0696878971288259,0.4630240868545241,2
0.6044898282961585,0.6699944246333916,0.025170698085165952,0.5409767496840248,2
0.7526700271870425,0.5583411600504402,0.31990867383203736,0.9669658201260263,1
0.11944991310242374,0.8566794014525889,0.20965429599155663,0.23915000409176462,2
0.34730184828620664,0.9845910337627738,0.35453076873371103,0.45667730525473504,1
0.2923364270312759,0.5270611082631423,0.24711956404678312,0.7835411949771316,2
0.753686837000339,0.7176132940687827,0.11903849053352575,0.6954745083062822,1
0.6805630674483844,0.8711566453505558,0.09080061171301183,0.5037053202033153,1
0.8872999733177566,0.6644227998817573,0.16063497533762683,0.869136273948189,1
0.5748797496195978,0.3732876327891426,0.42772524608525214,0.7503841712358038,1
0.205258565360679,0.2092146965167055,0.7502186227841557,0.6316320685234185,2
0.7222739040448838,0.8444435297683417,0.07108794451504515,0.652209098266001,1
0.8858432670604101,0.9097164795114633,0.050345704008443376,0.3881266082908244,1
0.3304054979844089,0.9917155290798401,0.2672358756757921,0.08241723269410874,1
0.9217921813815633,0.49879923815795874,0.2440928769896827,0.9024159597006647,1
0.807318146088888,0.36809767742949406,0.35106295905399876,0.7756634569046256,1
0.2104075171812013,0.6572197255722235,0.19957783186507852,0.397173954554134,2
0.6983247878040514,0.7992269323883897,0.21541258319512355,0.625630813715595,1
0.8707137139519288,0.8222992213196032,0.11461003295496157,0.6832428598707001,1
0.5716158622330874,0.7619804899587275,0.2517703060718978,0.7370977568036953,1
0.5914011062313855,0.8496334851279902,0.13808344282421867,0.6747774534675431,1
0.6630681695259936,0.28462807814493707,0.5759234927951408,0.7460332615001317,1
0.8498871413221412,0.5942704688920736,0.23360975294548433,0.9276939723760423,1
0.6322826298595937,0.34811990405879206,0.5819027720938247,0.612937250516017,1
0.7866285903842964,0.41664826920414444,0.3106080513494303,0.78695090791711,1
0.6046052109700077,0.3499010278880586,0.5762207336248304,0.619520445183993,1
0.7611506537149616,0.6241566790272669,0.2732892497899929,0.814346636114824,1
0.33743662967209687,0.5114205210909758,0.31101298813190603,0.8805477508933686,2
0.5452985166114993,0.3932616643030604,0.3608072888620846,0.6877165225456232,1
0.36446502102128087,0.5527676643704139,0.21541258319512355,0.7135819307673422,2
0.6940123603689361,0.8803728386099751,0.09094707820880092,0.5048782927339353,1
0.353474821337141,0.5090975763993609,0.28462317186120145,0.7582621820926194,2
0.5695461855209167,0.5156790459761943,0.5122148749649988,0.7289851514407558,1
0.4419819858800453,0.44010971124091197,0.2192883451439895,0.7833060549023886,2
0.2921056616835774,0.26744172993522847,0.6004350916492559,0.9427425734471754,2
0.853730826644744,0.776772049826565,0.14170202683783145,0.7454458659537904,1
0.23233743662967207,0.026866531710365318,0.9582527408619985,0.5676641479582094,2
0.4783037304660739,0.5095619408262768,0.23032481099360289,0.7691965592805768,2
0.5203441288247553,0.8098350963715216,0.23929437611734553,0.43280867817816454,1
0.46956277178028255,0.5117301597398661,0.21832855881275984,0.8720732516798967,2
0.692151814753117,0.641114773973141,0.31525620867167814,0.8016485265100886,1
0.9248209765701059,0.7241203830164605,0.12394511814246022,0.7721360829991726,1
0.9175158110320258,0.8070474130673123,0.11205979279298685,0.6931231075588532,1
0.40489222537120767,0.9598910371304449,0.24564283714218021,0.14097493112196186,1
0.7578045561733336,0.5569491893267278,0.30278070950093694,0.8990061558325833,1
0.4467472903100188,0.6325983079323622,0.09799900919723438,0.5100521018031042,2
0.761330939142851,0.7706541139844415,0.19869170956555454,0.7346281495221728,1
0.0821164066950796,0.76113108846872,0.25686389385486896,0.16989916073360786,2
0.6227851935183782,0.6914427477202738,0.28698386714627266,0.7847169862789493,1
0.4317186970411555,0.5451020965623562,0.1546212333340513,0.7347463560562663,2
0.4336152997425524,0.2763436072247771,0.4657462252568549,0.849973176209571,2
0.5026788251159235,0.6553600227504892,0.03207616257781033,0.39059075988615793,2
0.3764503962673705,0.25784012542703943,0.4632735261808862,0.7824829737126854,2
0.5809229171624516,0.8317474096996412,0.15568957718568938,0.588004764632605,1
0.7310141415889637,0.842123578562154,0.10275917031037975,0.6893605026505542,1
0.7259228811053661,0.3904739809988513,0.3391388631615224,0.7274566500268237,1
0.4070844961743432,0.6395656452644931,0.16772136903095183,0.5958882311756094,2
0.3168840908927013,0.894696666379791,0.17037930514571265,0.2798312374405557,1
0.29004319638852233,0.49020456731039075,0.3442694983522519,0.8552642825318021,2
0.720002307653477,0.7926450063050287,0.18562517500592332,0.6968857124671521,1
0.46896566644311277,0.32202793670275065,0.37590195360458356,0.7820126935631996,2
0.4037960899696399,0.6385590857895506,0.14284360393736403,0.46455167898742467,2
0.41408678219356887,0.8995760476263532,0.10050617097809467,0.2440874000927466,1
0.8082988988166065,0.49872215590820473,0.23781764921274257,0.8025887230966474,1
0.28314187020891474,0.19248859669145024,0.6774678527580934,0.8656109913891086,2
0.808630624003923,0.8417344254566002,0.09751653132875267,0.7229884430380897,1
0.6414843980990704,0.7453367109827239,0.27155319103108105,0.591769188102967,1
0.3229344698526707,0.45156727671405106,0.2924462058715834,0.8070569300853814,2
0.34022744809582534,0.9463417737149529,0.30625282701876066,0.28853305691189973,1
0.5067605593175115,0.47704183770070385,0.18721261334999031,0.836333960737245,2
0.6391190532851612,0.7681770047933185,0.22814703943825793,0.8131709357411094,1
0.5352241669010377,0.5419293761950555,0.2603355805888815,0.7368631622975713,1
0.5958000706718877,0.5938813157865196,0.09006397139595496,0.7889495076243214,2
0.47912222630869195,0.7390616171556651,0.287647274215435,0.6716040626676487,1
0.6478088109094319,0.5327135571213147,0.42791048312404417,0.8761922947525391,1
0.9471475239599334,0.626401793097771,0.17056454218450473,0.9095810942287932,1
0.20178266231097072,0.026555957597278915,0.9648566566868417,0.5225183447448102,2
0.5599391356395446,0.5133561461868609,0.47198397484222543,0.6544368367931476,1
0.8014336297225767,0.9046088450010664,0.047985008723372184,0.3446175109341043,1
0.6403305713605781,0.7447155627565512,0.26391410170805785,0.8275157532938704,1
0.4741932227101948,0.6028655139253201,0.09929136063066751,0.6824245069423607,2
0.6473040117113413,0.5153693293919108,0.4351821138561613,0.7463860625403493,1
0.36118382623369316,0.46263943093842025,0.277610011415771,0.8104667339534629,2
0.4958051186638686,0.7360419387308371,0.24918646477265385,0.7135819307673422,1
0.3314583648832832,0.576305814471257,0.18957460098649492,0.6426798330560026,2
0.4385551204667229,0.616261361212661,0.09320007754108603,0.6579648471953227,2
0.7848762160252111,0.890359854366934,0.04377625088849163,0.3302781490675323,1
0.3978466708492886,0.28137640459949037,0.4582893574859457,0.8317484564954489,2
0.7725086356719959,0.6274083525727137,0.26439399487367266,0.805175627631232,1
0.5746872047826118,0.8682941249106633,0.19917160273116938,0.625167080389536,1
0.4991843887242282,0.772588653941859,0.2673465871152562,0.7164043390890823,1
0.5416574721098443,0.49167586539792774,0.5458418592629289,0.8104667339534629,1
0.42835096524818095,0.29686394982918424,0.42433066965343447,0.8397437646053265,2
0.8629902862211453,0.5411533150980179,0.26103517349817995,0.8872491520954381,1
0.7428192314071638,0.3484304781718784,0.3915178667585672,0.7635532884148504,1
0.7479681832276861,0.5495156166392887,0.2958063195985095,0.8130536384880475,1
0.835659015353107,0.8209820877315742,0.12180412260107266,0.6443256317229966,1
0.6837288795621227,0.7564088652070932,0.19293385314579878,0.7144048301008392,1
0.3476407848906388,0.5064648059660165,0.25184397010360354,0.7823654036753139,2
0.6146074465093136,0.8011614723458074,0.10763133521442265,0.6832428598707001,1
0.3188960762679474,0.25884668490198204,0.4955306179593771,0.7206370422906607,2
0.4398639926732002,0.5168404883871475,0.21729510844982444,0.805998526964729,2
0.8633147999913463,0.5257447230464701,0.2366734874103431,0.8078798294188785,1
0.49933799190879,0.4562894999756779,0.5736360307579641,0.7747228056775507,1
0.34786433882122175,0.4684467926674575,0.3568914640187822,0.8103494367004009,2
0.11543315376904714,0.7861416592141353,0.23242854373532643,0.08947325349845876,2
0.7135120322494574,0.8585353624175388,0.07064854502767787,0.6677305254735081,1
0.49868391637640713,0.47231961443907694,0.18673272018437548,0.8298671540412994,2
0.7576891734994844,0.36879366279135034,0.3989359639864734,0.8101139329132455,1
0.46791640525279626,0.21889113816057804,0.5170138066211472,0.844916664393464,2
0.6806856615393492,0.5241963427091791,0.436547698537489,0.9079352955617992,1
0.7645183855079362,0.5643056797644127,0.2833308204277683,0.9278121789101357,1
0.2938580360426627,0.018192907684651285,0.8080987356495143,0.5383943915545977,2
0.451695764734728,0.6426639026817889,0.0775497016822108,0.45384944124680604,2
0.41408678219356887,0.8995760476263532,0.10050617097809467,0.2440874000927466,1
0.5902761251613555,0.37537558887471145,0.46799491675102856,0.7194613419169462,1
0.1665116211986817,0.28416408790369957,0.718293234540246,0.6796057357447466,2
0.5276312658200463,0.8603164862468055,0.08614814655265256,0.3367431372014148,1
0.6746785510820731,0.9144424446298743,0.07570163913240142,0.3437991580057648,1
0.5489063885944228,0.800850898232721,0.2955823120167144,0.4841830564572592,1
0.5776330686743252,0.7844353725205522,0.28284834255928665,0.5539067259517899,1
0.3168840908927013,0.894696666379791,0.17037930514571265,0.2798312374405557,1
0.4073729528589663,0.5739821214082852,0.5524500829258837,0.848561972048701,1
0.3933395351520527,0.26813771529708474,0.4776660133112198,0.805998526964729,2
0.32797525041645936,0.6480072741695884,0.16860878368190924,0.5182810951380743,2
0.508060208121498,0.36546715211022013,0.3050681715381136,0.8606726861070951,2
0.7388313177422496,0.7308557252279727,0.19525922415835614,0.7215772388772197,1
0.2273543474028081,0.22229996969096003,0.6507807956576992,0.820460641770552,2
0.2714593744816794,0.5828091615621505,0.23549227820018526,0.5596715676914263,2
0.29990841500263216,0.5816491859590566,0.25741745105218944,0.7350991570964837,2
0.24813765152990214,0.27069340348067517,0.6810476662287032,0.7327468470680233,2
0.1013276218909778,0.8194367008797105,0.23335171344260885,0.3213399165280013,2
0.779929183883925,0.7850565207467249,0.15528464040321366,0.6911245078516417,1
0.6358234356633423,0.48656561158778205,0.46832662028560973,0.8958327650326886,1
0.5918049455898579,0.6579157109340797,0.014874964998815342,0.4052938341653254,2
0.6554240673834815,0.5913293694597133,0.32145949555215714,0.7696669303581658,1
0.584651219811205,0.8284957361541945,0.16738966549637063,0.6271584058484956,1
0.7601266324845496,0.6337582835354559,0.2374855148943503,0.7622593815070423,1
0.6289798008206593,0.6727821079376008,0.0321493958257049,0.5596715676914263,2
0.5773633616742027,0.725512353740173,0.32308355052017146,0.7659046891622794,1
0.8196496693565253,0.33263610068588234,0.3757167165657915,0.7247515389581457,1
0.512604042720435,0.6085942966618896,0.1010618820944709,0.7207543395437228,2
0.37506580418117963,0.9206352176076813,0.34700066771490723,0.49629467979668473,1
0.7715927856983177,0.7877656250584665,0.12996316798414717,0.6732498613346426,1
0.6637171970663955,0.2579149625627229,0.5788786697395911,0.7699020704329087,1
0.3420663594602975,0.31978282263224656,0.4702479160833136,0.8606726861070951,2
0.5310776020595808,0.48176480933368754,0.5761475003769359,0.8402138628986061,1
0.5123441432475896,0.6250098223740584,0.07493053611045299,0.5341571419478618,2
0.5966005379717169,0.6610139683513753,0.019747129902858256,0.412931794829828,2
0.3433355688726391,0.4833135638566569,0.34482520946862816,0.7813071824108677,2
0.5452985166114993,0.3932616643030604,0.3608072888620846,0.6877165225456232,1
0.503362323230138,0.7472712509401415,0.2750597712537963,0.6744319266755776,1
0.8705478513582704,0.32938442714043564,0.3785986602623474,0.7556752775580348,1
0.9811421442427651,0.8827713688086303,0.03768496779891014,0.48395573619938714,1
0.25175778292192197,0.5862965720850001,0.23575074848687186,0.5553252043609118,2
0.6053191412644499,0.55501464936931,0.12675382859112155,0.8136410340343889,2
0.8777953255594257,0.8397998854991824,0.10316410709285545,0.6400974749265755,1
0.06407344107190502,0.8120802104420256,0.25428005255562497,0.4804277257972121,2
0.41408678219356887,0.8995760476263532,0.10050617097809467,0.2440874000927466,1
0.589446812193064,0.6637230726631169,0.3740926615977772,0.8539703756239941,1
0.7928953118577331,0.4272564331872762,0.3302087147564995,0.8211662438509869,1
0.6741737518839827,0.647696700056502,0.2525086695241993,0.8154050392354765,1
0.40124324831072555,0.5207119256717568,0.17765093587782974,0.7330996481082408,2
0.7620881379399866,0.5633739574251535,0.3107545178452194,0.9408603617119942,1
0.37960899696399336,0.5473475848185386,0.5348784112693045,0.7797786809969356,1
0.4076902552120517,0.3328680958065011,0.5067525362396882,0.808349927712158,2
0.33997504849678006,0.5691813191541907,0.19234324854071985,0.6603198850668776,2
0.9266021965976534,0.7028254760577294,0.13128998212247184,0.8171690444365639,1
0.3812099315636515,0.9623681463215678,0.36102698860576826,0.33192394773452627,1
0.6729261767229877,0.6550531904941871,0.25490770456846235,0.7410949562181183,1
0.6809957524753188,0.5760738193506382,0.3582958192431128,0.842447966392973,1
0.5489835507575593,0.5144416962585173,0.2812242875912723,0.7261609245569528,1
0.43866112829832193,0.26418631453299757,0.44249251513128135,0.8071742273384435,2
0.7694437833978754,0.5521483870726333,0.25738083442824217,0.8349227565763749,1
0.6471669947861455,0.7414638892111044,0.23892519439119478,0.5905962155723469,1
0.661575406183069,0.43902457277350165,0.33788528227109227,0.7716657119215835,1
0.5870670445449234,0.5392951090189975,0.4857130549033967,0.7242814406648662,1
0.42893509003454267,0.6017017964654422,0.11899971999052278,0.6458532238558972,2
0.6968680815467048,0.732094279823534,0.2305462769509122,0.6339780135846586,1
0.6803106678493391,0.6858673811118553,0.01280720270532233,0.5136983187393728,2
0.5681406803250907,0.5567957731985765,0.1212871820276994,0.7715481418842122,2
0.790969863487874,0.7409998989698667,0.14088784543476857,0.7713130018094692,1
0.38451276060258605,0.1864492398417943,0.5712021022249983,0.7359220564299808,2
0.45245584809870987,0.6448304377598253,0.07950546018480627,0.46560644498395115,2
0.26655561084308677,0.49647666765202225,0.3411333922071209,0.8261045491330006,2
0.4486633638376277,0.5397594734459134,0.20666465634221468,0.7293379524809732,2
0.549272728583894,0.8936901069048484,0.15484093307773494,0.3778971966865799,1
0.4444655979346502,0.4325960628182917,0.22548943502703167,0.7863630577302526,2
0.6923104659296598,0.6134736779084518,0.3074676373661878,0.8138765378215446,1
0.8605167701505023,0.38970315850131154,0.37505330949662913,0.8764287078207261,1
0.8101882901008878,0.39310824817490936,0.3390268593706249,0.7970630222682925,1
0.18491515767763522,0.7911744565888486,0.2142684213927241,0.16119734126226387,2
0.322862355681515,0.29871991079413424,0.48671247334525175,0.7815423224856105,2
0.8771535094361392,0.8355416524787931,0.08160768518319082,0.6365694645244006,1
0.02187943952866177,0.7768468869622485,0.25693798867038575,0.08724551497131212,2
0.1849440033460975,0.027794512192840296,0.9636418463394146,0.5013502823317603,2
0.5753225306304942,0.8478523612987237,0.15521140715531911,0.6263400529201559,1
0.800849504936215,0.6494778238857686,0.2589678419884981,0.8131709357411094,1
0.4430701887227859,0.34750249768940344,0.3225278394037952,0.8234003473453541,2
0.774232164362619,0.36763368718825656,0.41133822990932,0.8825390763523282,1
0.41720211438749827,0.4602409007397651,0.3514291252934715,0.8178737372359675,2
0.7411317598021188,0.8763466007102044,0.08954703082258171,0.5413313692863052,1
0.3875704014595908,0.2476959516851452,0.5677299847071747,0.8652581903488912,2
0.6661113875487671,0.5669362050836866,0.277610011415771,0.8552642825318021,1
0.7853377467206081,0.8953140727491796,0.061602084993645945,0.3933004173599934,1
0.5254267356078143,0.5704984527422198,0.16657979193141922,0.7240468461587423,2
0.7138004889340804,0.7742163616429745,0.19352445775087776,0.821283541104049,1
0.740785611780571,0.8086713789116435,0.07544316884571478,0.6667848732007602,1
0.88908840476242,0.6372419522015215,0.16860878368190924,0.8833665220909827,1
0.35813339679380396,0.9203246434945949,0.3416115622374911,0.33745237640597575,1
0.6844139641881026,0.27897787440083516,0.5707583948995196,0.79600461914764,1
0.5930092522481594,0.8291131425235831,0.13911732397096518,0.6951226165470962,1
0.1384952657046636,0.3166097280792675,0.6750683869300191,0.6807787082753667,2
0.3307155889203787,0.34486823051334536,0.5057186550929416,0.7721360829991726,2
0.7913160115094217,0.5847474433763522,0.22670751933142355,0.8892404775543977,1
0.5083490109541426,0.8284171571617268,0.24959226312275187,0.43033543377251604,1
0.6534553505109288,0.5461861124727313,0.4274667757985655,0.9064077034288986,1
0.4164881840930561,0.6208264264893526,0.12320847782540333,0.6057630231775734,2
0.8082195732283352,0.3862943269709295,0.38465117280892586,0.8761922947525391,1
0.4962190540063028,0.2735559239205679,0.5877355848967196,0.6389154095856405,1
0.3596766400565375,0.10870842329380681,0.6366424709759407,0.6489175009320131,2
0.6336888561971313,0.6950835743712745,0.31765567449975235,0.83421715449594,1
0.3738182290201848,0.8104525027409101,0.15602128072027055,0.610109386508088,1
0.9360058845163663,0.7461075334802636,0.11612208413207832,0.7440346617929203,1
0.6829788921821027,0.8664344220889291,0.08781097206366986,0.6450348709275575,1
0.4075460268697402,0.4638031483982982,0.3270338380683654,0.775310655864408,2
0.6034874413170932,0.5540080898943675,0.4713938010209576,0.7396846613382797,1
0.6531668938263058,0.5845154482557334,0.3628750511555776,0.8162279385689735,1
0.6482847644390599,0.33674091757812064,0.5950459861718396,0.607527028378661,1
0.511102265106116,0.767323861446527,0.2738449609063692,0.6924175054784182,1
0.692699882453901,0.7689515691476425,0.20101708057811188,0.8123480364076124,1
0.3590564581845978,0.45869177203111733,0.28022917698752886,0.8177564399829055,2
0.48778746511476967,0.821756652085898,0.09271759967260432,0.5474417378179074,1
0.8205583079130879,0.38126152959621623,0.38660693131152135,0.845387671967775,1
0.4987315117293699,0.9015891665762384,0.06780537187412498,0.22092801222073702,1
0.6825389957380525,0.3441722451514891,0.4839037628965904,0.796827518481137,1
0.9110255356280063,0.9069287962072541,0.03886531544144573,0.38283459268756187,1
0.758619446307394,0.8450646779945145,0.09035690438753312,0.6933586113460086,1
0.4174905710721214,0.8971737755709139,0.3215714993430547,0.2677287069114451,1
0.5619987163677534,0.5870673945825398,0.09375148081935082,0.7586149831328368,2
0.7389683346674455,0.8404958708610387,0.1026471665194822,0.7061749274848377,1
0.41848574663407107,0.2706148244882075,0.4351433433131583,0.7742524345999618,2
0.12991367933712653,0.7632976235467563,0.21914058629676697,0.15344117406366786,2
0.30872076671786775,0.12210427058114776,0.6164516337476037,0.599534448111878,2
0.6448088613893517,0.5518385613309036,0.40978740818920023,0.8512661738363475,1
0.3844911263512393,0.33658375959318537,0.49527214767269045,0.8134064395282649,2
0.49835651803935993,0.44885817240230946,0.5866284705020786,0.8092910335797485,1
0.44324326273355974,0.6277189266858001,0.07234583324358672,0.4639606463169571,2
0.41558675695360897,0.5953556073594839,0.2072182135395352,0.6502086799967265,2
0.5315780744074018,0.3486624732924972,0.42466237318801564,0.6873619029433427,1
0.6809669068068567,0.8655812787421373,0.08312404419841904,0.4724260527201142,1
0.31320626816375685,0.9718163347016057,0.25686389385486896,0.0,1
0.3393692894590716,0.9629107155552729,0.36054881857539794,0.28230448184620416,1
0.6205568656296649,0.548896339341508,0.14284360393736403,0.8368040590305245,2
0.3581694538793818,0.5631419623045347,0.20005772503069336,0.6623203033361521,2
0.6327153148865283,0.5023611116308134,0.40823658646908056,0.6871273084372186,1
0.48027749533060743,0.8293451376442019,0.32086932173088933,0.43715504150867907,1
0.5586684839437798,0.5217959415821319,0.15078294957675492,0.8101139329132455,2
0.3876785727163245,0.50414223546008,0.28905162943976564,0.7795435409221928,2
0.6707843858396614,0.5141304486112098,0.431714304176449,0.7520299699027978,1
0.38009937332785265,0.11250266607295868,0.6679087599887996,0.6859525173445357,2
0.5318672522337364,0.6392550711514068,0.03351498050703257,0.41246806150376897,2
0.5748797496195978,0.3732876327891426,0.42772524608525214,0.7503841712358038,1
0.3371049044847803,0.49903160746425596,0.30060525125465787,0.7381561599243478,2
0.34430189876612655,0.6387162437744858,0.13051887910052343,0.5532065795575438,2
0.5819974183126726,0.8808368288512125,0.16875525017769832,0.6149376687852914,1
0.3059876396310639,0.5890056763967416,0.20946992052038688,0.5851859934349909,2
0.7101154547880204,0.5369721643273826,0.2855450492170505,0.8875946788874037,1
0.0,0.8596205008849491,0.23888814698343638,0.35143711867026733,2
0.5270442564668383,0.5427795260564197,0.19847028668662633,0.7804841012211644,2
0.6474338172194218,0.8209072505958906,0.22670751933142355,0.5719013975649454,1
0.8162819375635505,0.6087477127900407,0.24863290757533335,0.8101139329132455,1
0.9298401228825476,0.7170744666918618,0.12416912572425529,0.7716657119215835,1
0.6197131298271423,0.6576088786777775,0.01601654209834796,0.43644580230411806,2
0.531712927907463,0.6864885293380282,0.3163288603614276,0.7600252780126754,1
0.4784097382976729,0.5356557791107103,0.20500355396644196,0.837156860070742,2
0.19040304610258962,0.03128192271568999,0.9021474572985547,0.6244578411849749,2
0.9205229719692216,0.7335648295397141,0.12391065543756867,0.7549696754775999,1
0.5774787443480518,0.8294237166366695,0.16908695371227953,0.6439801049310311,1
0.3651212599787984,0.6362353927265788,0.16923772804618004,0.5425043418169253,2
0.5569355804109065,0.6024015236840825,0.4391668641092468,0.827280249506715,1
0.6479458278346277,0.75470257851351,0.2316905249100739,0.830102657828455,1
0.044523289271574756,0.8720097886973475,0.22870071294720745,0.15425952699200737,2
0.6581427716360543,0.7632976235467563,0.24855881275981648,0.5760113478272729,1
0.5295278685214432,0.5218733980175643,0.15214853425808259,0.82175454867836,2
0.863660948012894,0.6055746182370616,0.22013742003575507,0.9249843149022068,1
0.31741052434213846,0.3501330230086773,0.4854545846167101,0.7646107822544714,2
0.4003562440055095,0.432364067697673,0.29687466345014757,0.8585558798657902,2
0.22784472376666737,0.6986458220298076,0.18795054601848063,0.31534775453049274,2
0.7219782359431451,0.7257443488607916,0.23958946302797943,0.6721950953381162,1
0.777830661503292,0.5451020965623562,0.26900768949102893,0.8688998608800022,1
0.555067823377972,0.7092539860129393,0.27369418657246863,0.7389790592578448,1
0.6704238149838825,0.8184301414047679,0.21700002153919054,0.47995489966083815,1
0.8030129300708884,0.7179238681818693,0.14923212785663514,0.7987088209352865,1
0.561575406183069,0.6514123638431862,0.03798220862859975,0.400701964956309,2
0.7946404747997029,0.9326353523145255,0.05853921209640943,0.3822435600170944,1
0.41714442305057364,0.5748352647550767,0.529601309582786,0.815875137528756,1
0.34808068133468906,0.9629892945477404,0.23109992030499496,0.06936904989225012,1
0.6963416480972675,0.8150213098743858,0.06721519805285718,0.6584376733316966,1
0.22692887379298904,0.6665107559673261,0.2147112671505805,0.5787210053011084,2
0.8123733494869078,0.5577237536810516,0.2588200831412755,0.8646698855215181,1
0.7437783498835356,0.5821131762002941,0.3188747926852909,0.8330414541222254,1
0.37523887819195345,0.2795952807702238,0.471135330734271,0.7950635132800494,2
0.797027453864959,0.9141318705167879,0.04942382665259441,0.3167571401292997,1
0.4575391760234804,0.4492435836510793,0.21286578930363798,0.7660219864153412,2
0.7415860790804001,0.5307004381714294,0.28809098154091367,0.8859488802204096,1
0.3106894835904203,0.5324037313795852,0.3327891097852543,0.7970630222682925,2
0.38021475600170185,0.6438238782848825,0.17540224438365606,0.5609627467561399,2
0.4061974918691272,0.4358477363637384,0.22323777112456114,0.7597906835065513,2
0.5320403262445104,0.7711966832181465,0.25775001615439297,0.7266328414122952,1
0.23259704764583286,0.7077048573042916,0.1996885433045426,0.2834774543768242,2
0.06070570927893035,0.8401852967479523,0.22811012557348095,0.4405648453767606,2
0.5214417065097462,0.5416180537106123,0.20566825338703773,0.7777798266910353,2
0.6823226532245852,0.757336845689568,0.19511146531113363,0.7980032188548514,1
0.38874586244942994,0.1973679779380124,0.6202554548000085,0.8898315102248652,2
0.5489835507575593,0.5144401620972359,0.2812242875912723,0.7261627431190157,1
0.4580201775450894,0.4966315805228871,0.21245956016972883,0.820460641770552,2
0.71036064296995,0.9383678769078793,0.08386068451547592,0.3754239522809314,1
0.7854459179773418,0.8818433883261553,0.04890688607922114,0.37189594187875646,1
0.36684478866942144,0.25435271490418976,0.4662976285351197,0.7655518881220619,2
0.37100577634510956,0.6466115615890917,0.15085618282464947,0.427280249506715,2
0.44826817817969405,0.6261697979771523,0.17230060094341657,0.6440892186548096,2
0.5812618537668838,0.8562154112113514,0.20098046395416463,0.6215208634532674,1
0.4801520166727964,0.4761886943539123,0.574557908113813,0.8223419442247015,1
0.1736725583944501,0.03824926004782092,0.9478406961466389,0.4847740891277267,2
0.5704418435266714,0.8986443252870939,0.1634781484911797,0.4128135882957345,1
0.7657226921662376,0.881147402964299,0.05628621276412434,0.4623148476499631,1
0.22230635542190394,0.6661253447185562,0.21227518469855902,0.42304299989997907,2
0.7594631821099165,0.7656998956021958,0.17584164387102333,0.7420360620857087,1
0.36330398286567295,0.164847500626761,0.6297800848644107,0.7679032888694908,2
0.08430867749821513,0.8586925204024741,0.21589247636073838,0.22786582649099352,2
0.718141762037658,0.9206352176076813,0.08367544747668383,0.4024659701573965,1
0.5468850283769263,0.7410747361055503,0.3001960066340707,0.7353337516026077,1
0.7072957906958297,0.5401467556230753,0.40646606500527716,0.7514425743564563,1
0.3782027706264558,0.2620983584474288,0.5152777478622353,0.859026887440101,2
0.41953861353294536,0.580796042612265,0.16395631852154996,0.6483264682615456,2
0.3287036035451326,0.9704206221211089,0.3492148965041894,0.4370368349745856,1
0.66958007918136,0.36035577574303923,0.4531587222952162,0.7407430644589322,1
0.4156300254563024,0.4252395723806067,0.4247356064359102,0.820577939023614,2
0.8966387584824294,0.8893532948919912,0.06366984728713895,0.4713712867235876,1
0.5679005401351419,0.7975206456948066,0.2557197320524695,0.6931231075588532,1
0.7784219977067693,0.3770032965758268,0.39978460809442784,0.8959418787564671,1
0.36954185867064737,0.9527702836701628,0.337368341697719,0.4793638669903707,1
0.5436507078005899,0.7221821012022587,0.3043315312210567,0.7343935550160487,1
0.7635376327802177,0.8660490108401592,0.053891054774161604,0.4175236640388444,1
0.7638333008819562,0.8377867665492972,0.08644538738234218,0.6680760522654736,1
0.2852476040066633,0.2670525768296744,0.6817843065457599,0.6961801103867172,2
0.7506364075604497,0.3213319513408943,0.38682663105520493,0.6733680678687362,1
0.800272591566969,0.4233836114156567,0.32596118637861593,0.8711366922174636,1
0.8141617809315709,0.8033280074238438,0.10840674607448253,0.6793693226765596,1
0.33549675846800653,0.4860234165397554,0.357559178926056,0.8465633723414896,2
0.6626210616648277,0.7428558599348168,0.20282594180110713,0.5744837556943724,1
0.7832897042597841,0.8519534363341777,0.038904085984448715,0.4105858497685879,1
0.2927835348924417,0.6724752756812985,0.20230900122773385,0.4168144248342835,2
0.6107853954380575,0.8291131425235831,0.13727356925926726,0.598352382770943,1
0.5250517419178042,0.5934959045377497,0.08330928123721112,0.7167562308482682,2
0.39926732002105736,0.5180019233143871,0.5235832597410989,0.7312183456540913,1
0.2999372606710945,0.6611673844795264,0.2195834320546234,0.6711403293415895,2
0.15886030763905412,0.7651573263684905,0.21725806104206605,0.1791920128754194,2
0.363130908854899,0.2639543194123788,0.6161199302130226,0.7863630577302526,2
0.6056364436175352,0.6356179863571901,0.41495681392293277,0.8487974758358565,1
0.6931542017321823,0.35044359712176376,0.48556658840760764,0.7843641852387316,1
0.5537394803452826,0.7100285503672633,0.00302410235423352,0.22069159915255002,2
0.7833113385111309,0.9242760442586822,0.05492062808279667,0.3200487374632877,1
0.4718156184871889,0.5817277649515242,0.13092381588299912,0.7153459359684297,2
0.33072280033749435,0.5062328108453977,0.2882029853318112,0.7355692553897634,2
0.7563766955844493,0.6257843867283824,0.2719624356516682,0.8269274484664976,1
0.4510885634135964,0.8733269222853765,0.06459172464298792,0.0950016821699082,1
0.3546574937440956,0.2572975561933343,0.4689211019449889,0.7343935550160487,2
0.824041422379912,0.4003861596201267,0.35877398927348314,0.8931231075588533,1
0.47232546567726025,0.5488188829060756,0.1575721024403903,0.7255753475726742,2
0.4297139230830251,0.5036774968474856,0.2829215758071812,0.8148167344081034,2
0.5456042806971998,0.6517229379562726,0.0521894587201413,0.5962428507778899,2
0.23688062941248583,0.20510987962446722,0.671561806707304,0.811877938114333,2
0.8149406139800532,0.9380573027947928,0.051340814612186904,0.382125353483001,1
0.7329684356272851,0.39798762942147153,0.3106812845973248,0.7432117624594233,1
0.7458408151785907,0.7803342974850981,0.1706033127275077,0.7975331205615719,1
0.7834050869336333,0.5240414298383144,0.3144463351067267,0.9642561626521908,1
0.6015764157814651,0.6117673912148687,0.31433433131582916,0.7600252780126754,1
0.6152564740497155,0.6436704621567314,0.05407198397484224,0.6476172290569846,2
0.8037773402851394,0.33550236298255925,0.3719904365993926,0.7325122525618992,1
0.46891807109014993,0.7895467488877331,0.2477838326835678,0.6450348709275575,1
0.7576531164139065,0.9152918461198816,0.08094427811402849,0.40364803549833145,1
0.43765008761871793,0.27526221061415096,0.469067568440778,0.8711366922174636,2
0.7879699139677939,0.40185670933630685,0.33685140112434575,0.7956518181074225,1
0.47686937960178555,0.5098717665680064,0.22962349494905984,0.7630822808405393,2
0.6217683837050819,0.33921802676924345,0.5688370991018157,0.636451257990307,1
0.2412940166872192,0.003562247658533124,0.9850130312102872,0.5392127444829373,2
0.7167427471172361,0.541850048831231,0.32636612316109165,0.9469707302435965,1
0.2343061535022247,0.039798388756468704,0.77893467163504,0.5203997199414423,2
0.7814003129755028,0.8141681665275943,0.11796583884377627,0.607054202242287,1
0.6952527241128155,0.6470007146946458,0.2605552803325651,0.8510315793302236,1
0.7865132077104472,0.6540466310192443,0.25804510306502687,0.8092910335797485,1
0.4626311576487896,0.2795952807702238,0.4338165291748336,0.8778380934195331,2
0.3302829038934441,0.6188133075394672,0.20075904107523643,0.5174627422097346,2
0.5189573733134298,0.5197828226322466,0.1552458698602107,0.8313956554552315,2
0.6598518774924461,0.7696475545094987,0.22035884291468327,0.821871845931422,1
0.601936986637244,0.5095619408262768,0.507342710060956,0.7087609227383906,1
0.40110623138552953,0.12156170134744261,0.6549507829495769,0.7315711466943088,2
0.7242426209174365,0.7328688441778579,0.13162599349516446,0.7167562308482682,1
0.481846699694957,0.669377018264003,0.3618756327137227,0.7434472662465788,1
0.7085361544397089,0.9262105842160997,0.07448682878497427,0.37683333787973844,1
0.6507510690925874,0.8619441939479209,0.07603765050509403,0.607054202242287,1
0.3588545385053617,0.5547040752562237,0.20777220152066686,0.6774871109413786,2
0.5710093820536674,0.770343539871355,0.2639877657397635,0.7616719859607008,1
0.8031283127447375,0.4043338185274297,0.3297650074310208,0.8458577702610545,1
0.7146009562339095,0.88958529001261,0.0896547267753678,0.4945306745955972,1
0.5315751898405556,0.3486624732924972,0.42466237318801564,0.6873619029433427,1
0.763393404437906,0.5617499915808223,0.31374415749456136,0.9731943951917219,1
0.4367739004391753,0.2661245963471994,0.47862666121007175,0.8269274484664976,2
0.546730704050653,0.661092547343843,0.02022529993322851,0.3824799730852814,2
0.5715105755432,0.5400692991876429,0.48660046955435415,0.7379206561371923,1
0.4136108286639408,0.5248156200069599,0.2605552803325651,0.9387417369086263,2
0.48831534084763,0.6376311053070755,0.07452129148986582,0.49641288633077824,2
0.5610266173405736,0.6969432771930087,0.02100071079328838,0.26208207170590214,2
0.7575377337400573,0.34889446841311594,0.3803304111831478,0.7913009083717504,1
0.6563687630256221,0.4782033100465113,0.4522368449393672,0.7506187657419278,1
0.31410769530320404,0.5117301597398661,0.25428005255562497,0.7828356838247997,2
0.48273226171675,0.5008901877289549,0.2071075021000711,0.83421715449594,2
0.41128154093560926,0.5734432940313643,0.532737415727917,0.8710184856833701,1
0.2990141992803006,0.06557978199942373,0.7409912335494433,0.5267465015412313,2
0.8697401726413259,0.8370870393306566,0.10117388588536844,0.6607927112032516,1
0.4783715177869603,0.6312811743443332,0.10017446744351348,0.5327477563490548,2
0.42630292278735693,0.5844368692632659,0.16923772804618004,0.651736272129627,2
0.34858548053277955,0.1746025212631012,0.6153832898959657,0.7514425743564563,2
0.5612480078460218,0.5801000572504088,0.09002520085295196,0.7640233867081299,2
0.8545385053616885,0.5989141131612329,0.2163723695263532,0.9185193267683243,1
0.4510885634135964,0.8733269222853765,0.06459172464298792,0.0950016821699082,1
0.798664445550195,0.5240414298383144,0.26609171387339264,0.8847759076897896,1
0.17059328328609855,0.30344587591254535,0.7002433928532965,0.7468570701146603,2
0.7820637633501359,0.5458766609166801,0.31835785211191764,0.8704274530129026,1
0.3153985389668924,0.12427454751596835,0.6203286880479031,0.61975685825218,2
0.0004110507755878495,0.8631041695510148,0.23486505697115903,0.36449439428244085,2
0.6928080537106347,0.8384041729186857,0.09873564951429127,0.6583194667976031,1
0.7114279327030555,0.9214097819620053,0.09216619639433953,0.4155232457695699,1
0.6611859896588279,0.7727458119267944,0.24700885260731903,0.5751929948989334,1
0.39118332143449513,0.5562532039648715,0.2124229435457816,0.7227529392509343,2
0.7265502743944212,0.6012378062242045,0.31876278889439336,0.809172827045655,1
0.551139764475117,0.5527676643704139,0.13240140435522435,0.7861279176555097,2
0.8678507813570445,0.8096779383865863,0.12641781721842893,0.7118179255662548,1
0.36776785006021534,0.5294615093901897,0.17215413444762748,0.7022941160424452,2
0.8374474467977703,0.7851350997391926,0.08644538738234218,0.6413886539912891,1
0.7135264550836885,0.8524960055678829,0.06569883903762898,0.4738354383189212,1
0.376681161615069,0.1772330465823751,0.6161199302130226,0.7661392836684033,2
0.7938400074998737,0.6620991068187856,0.2581187670967325,0.8078798294188785,1
0.4929652626037543,0.8603950652392731,0.06813707540870614,0.1580239504623694,1
0.5639147898953623,0.7390616171556651,0.2791565252977793,0.7452103621666347,1
0.3409125327218051,0.6525760813030642,0.19769530661037757,0.6638478954690525,2
0.7005170586071868,0.6300426197487717,0.243723695263532,0.8305727561217345,1
0.5509760653065934,0.646379566468473,0.05628621276412434,0.61504678250907,2
0.7878689541281758,0.7549345736341287,0.12295000753871671,0.6878320012366221,1
0.7657875949202778,0.6051892069882918,0.3091692334202081,0.8438591705538431,1
0.2987762225154865,0.4927598813083028,0.33991427402158225,0.902534166234758,2
0.8399498085368757,0.36283288493416205,0.34655696038942857,0.8063513280049465,1
0.7436269101241085,0.3529207063128866,0.38660693131152135,0.7501486674486484,1
0.7572853341410121,0.9311648025983454,0.04661942404204451,0.3141656891895578,1
0.7118966748155681,0.7529214546842435,0.19603420423460488,0.7239286396246488,1
0.8183876713612992,0.8224563793045385,0.10785534279621772,0.6469170826627385,1
0.8161665548897014,0.4161056999704394,0.3197966700411399,0.863141384107586,1
0.6993848661200412,0.9159129943460544,0.08519180649191205,0.406585013230039,1
0.5115836271985807,0.7792491590176878,0.13922932776186273,0.4907753439355501,1
0.32092248447742466,0.47588186209761013,0.39550261701165274,0.8479745765023596,2
0.36253236123430616,0.653346903800604,0.14420918861869172,0.4233976195022595,2
0.32881898621898187,0.24204200608425913,0.5223296788506688,0.7235758385844312,2
0.4023465951294089,0.4566000740887643,0.3326426432894652,0.822577448011857,2
0.5352241669010377,0.5419293761950555,0.2603355805888815,0.7368631622975713,1
0.8488270630061514,0.594191889899606,0.21552329463458764,0.9193467725069787,1
0.15547815301184834,0.7793277380101555,0.22028474809916646,0.14450294152413687,2
0.6586331479999133,0.5506770889850963,0.42377495853705816,0.8894768906225847,1
0.3447345837930612,0.3379008931812144,0.501216964266483,0.7874210062103895,2
0.8396613518522525,0.725901506845727,0.13623968811252074,0.7948289187739254,1
0.12554356056508664,0.7919490209431724,0.22899601524974691,0.1045218545695918,2
0.31209570992795793,0.9439432435162977,0.31857755185560127,0.41693263136837705,1
0.661250892412868,0.7097179762541769,0.1503004717082732,0.6703128836029352,1
0.554143319703755,0.6324411499474268,0.4126650440476447,0.8360984569500896,1
0.7486749021050128,0.34270169543530893,0.3992676675210545,0.7556752775580348,1
0.4635268156545443,0.5119624167904597,0.21400995110603746,0.8229302490520746,2
0.35157821863574407,0.5749886808832279,0.2296604131216749,0.6246942542531619,2
0.521595309694308,0.8569899755656752,0.06724966075774873,0.24785182356310861,1
0.48778746511476967,0.821756652085898,0.09271759967260432,0.5474417378179074,1
0.5315751898405556,0.3486624732924972,0.42466237318801564,0.6873619029433427,1
0.36416935291954217,0.9514531500821337,0.34205526956296983,0.3034725442592542,1
0.7114639897886335,0.6223755551980004,0.2361935942447283,0.8292788492139266,1
0.38570264442665625,0.6195878718937912,0.13365498524565447,0.6019985997072115,2
0.48114358652618827,0.3075469509479994,0.4334115923923579,0.9179373869081717,2
0.32505462648465044,0.4864106987169173,0.3724686066297629,0.7774270983933003,2
0.42492554211828165,0.5638416895231753,0.5594632433713141,0.83421715449594,1
0.7210840202208136,0.3434762597896328,0.48217201197578996,0.8292788492139266,1
0.2276139584189689,0.0346870123892878,0.77893467163504,0.49218472953435716,2
0.5522950334970325,0.661092547343843,0.024063583690524918,0.3776607836183929,2
0.7923977240767583,0.7717392524518516,0.16119068645400308,0.7265155441592333,1
0.5435829204797035,0.8979483399252377,0.18045964632649106,0.4121134419014884,1
0.7662130685300969,0.569338477139126,0.27173842806987314,0.9046436982278112,1
0.44169352919542215,0.8891212997713726,0.2785663514765115,0.3020540658501322,1
0.47533911688986,0.4641885596470681,0.5329614233097121,0.7406248579248389,1
0.3398163973202374,0.1429351872986413,0.5928317573825577,0.6069359957081935,2
0.43488450915489407,0.508245929795283,0.1886889094707821,0.7775446684306718,2
0.5265437841190173,0.7028254760577294,0.01062743662093181,0.19658655900779254,2
0.5363628496635874,0.7730563860398808,0.2733280203329959,0.7158160342617093,1
0.39642602167751984,0.1355786968609563,0.6419238805005708,0.6651390745337661,2
0.5625669760364609,0.5262869180944969,0.15661145454153835,0.8535002773307147,2
0.5257447591026113,0.8013934674664263,0.27029961014065096,0.6978268183347427,1
0.8140175525892593,0.5602008628721744,0.25642104809701255,0.8633768878947417,1
0.21919823464509006,0.01029758987004531,0.9892217890451677,0.4753721232621366,2
0.6904859773994187,0.7970566554535692,0.20965429599155663,0.5365121798194167,1
0.27797128413704575,0.2319015741991491,0.7389622417989532,0.7246342417050837,2
0.5211619035256618,0.7588859743982159,0.3144463351067267,0.6979441155878047,1
0.8675406904210747,0.7849779417542573,0.0862213798005471,0.6717222692017422,1
0.612963243406962,0.5121947112596212,0.40771964589570725,0.831042854415014,1
0.5953673856449532,0.844600687753277,0.13435716285781982,0.7098193258590433,1
0.48630335547238385,0.6080517274281845,0.10058371206410065,0.7171090318884857,2
0.29770893278238103,0.1609746788551415,0.6484545630775196,0.7225183447448102,2
0.38334451102986244,0.28997144963273674,0.4535291963728003,0.8041172245105794,2
0.38104406896999327,0.6178853270569922,0.1186292459129386,0.5741382289024068,2
0.8207962846779021,0.31691656033556975,0.3948736726473819,0.7132291297271247,1
0.4072647816022326,0.6019337915860609,0.2085471815969156,0.6417432735935695,2
0.751263800849505,0.36213689957230577,0.41583992073577875,0.8745464960855451,1
0.6257346631186494,0.6383270906689318,0.351579899627372,0.7851872664284351,1
0.35666947911934177,0.24947707551441176,0.5128438193292697,0.7466215663275048,2
0.6521140269274315,0.5851328546251221,0.3418355698192862,0.8203433445174899,1
0.8558942517794172,0.5454119223040858,0.29824024813147526,0.8852487338261636,1
0.8420988108373176,0.402788431675566,0.34305038016671335,0.8874764723533102,1
0.7918352335417433,0.5501352681227479,0.26155168328774203,0.8388026587377361,1
0.8728555048352552,0.50197420363933,0.2469718051995606,0.8680796893895997,1
0.4353604626845221,0.5185439312695745,0.21711073297865469,0.818814843103558,2
0.4256899523325329,0.5831983146677044,0.5255777887866974,0.841036762232103,1
0.8210631071111785,0.6399547983700472,0.2637292954530769,0.836333960737245,1
0.6489770604821554,0.32396247666016825,0.598737803433347,0.647271702265019,1
0.7846382392603971,0.746807260698904,0.13966872724923,0.7742524345999618,1
0.12604114834606148,0.32280250105707453,0.672854158140737,0.6756048992061976,2
0.486554312788006,0.8539665552840631,0.20500355396644196,0.588241177700792,1
0.6871110341893286,0.4781258536110789,0.4577724169125724,0.7632004873746329,1
0.37349371524998376,0.4836233895983865,0.33703663816313784,0.7861279176555097,2
0.11259185542550962,0.8215246569652793,0.23970017446744352,0.31969411786100727,2
0.42625244286754793,0.5866034043413023,0.5522648458870916,0.8702001327550306,1
0.38128204573480734,0.5123495867119182,0.1950744179033752,0.7435645634996408,2
0.4574425430341316,0.38900343128267106,0.4052469468197385,0.9140547569037163,2
0.3156581499830532,0.03592556698484918,0.7734723329097294,0.603762604908299,2
0.2951128226207732,0.20580586498632353,0.6698989811962867,0.8830119024887022,2
0.8572355753629146,0.8188941316460053,0.10058371206410065,0.6433890722605635,1
0.5043731475672284,0.4943860922667046,0.5603463501841601,0.8184620420633404,1
0.6960820370811068,0.8150213098743858,0.2175535787365111,0.6171654073124381,1
0.639905097750759,0.7536211819028839,0.22615383289895966,0.7817774625603535,1
0.447893184489684,0.5168404883871475,0.2300295086910634,0.7562626731043763,2
0.7879266454651004,0.8905918494875528,0.05842720830551188,0.406112187093665,1
0.7966308259236022,0.53255864425045,0.28639369332500486,0.9244023750420542,1
0.7888064383532009,0.3361197693519478,0.37398496564499106,0.7283968466133828,1
0.7415067534921287,0.37661414347027283,0.45518771404570624,0.8148167344081034,1
0.8445290584052672,0.5643805169000962,0.23010334503629357,0.9508533602480519,1
0.602211020487636,0.6995738025122826,0.31392939453335345,0.7972976167744165,1
0.7898160367493816,0.7423132907011117,0.12202813018286775,0.7152277294343362,1
0.32375657140384656,0.2398754710062227,0.5260559588170677,0.7165216363421442,2
0.673178576322033,0.8535811440352933,0.08806944235035649,0.6591469125362576,1
0.4816729045424716,0.82555089486505,0.14495013677386004,0.47419005792120167,1
0.7668116161506898,0.6281080797913542,0.2591156008357206,0.8285741564145229,1
0.7002502361739106,0.8976377658121514,0.07946668964180328,0.412931794829828,1
0.7836286408642161,0.39906902603209765,0.3334180541495251,0.8245760477190685,1
0.5634525380582538,0.8553622678645597,0.17481207056238826,0.6409158278549151,1
0.3660082642840145,0.9571033538262357,0.210281948004394,0.061494676159560585,1
0.7820349176816737,0.3705747866206169,0.40192560363581536,0.8639651927221145,1
0.4182405584521414,0.45110328647281356,0.2050776487819588,0.7581439755585259,2
0.8480770756261313,0.8901278592463152,0.057617334740560466,0.42645280376806055,1
0.7792368878408297,0.6194344557656399,0.2561996252180843,0.808349927712158,1
0.22982065205633556,0.6471541308227968,0.211168070303918,0.4262163906998736,2
0.569999062515775,0.616261361212661,0.4125573480948586,0.8270447457195595,1
0.8882807260454751,0.5205570128008921,0.2329454843086997,0.8812478972876145,1
0.21813094491198465,0.20433531527014331,0.7642449436750167,0.6465624630604581,2
0.18335028016355492,0.6436704621567314,0.2519546815430676,0.6711403293415895,2
0.42271163706379944,0.9460311996018664,0.23442178042949147,0.15719650472371494,1
0.7596290447035747,0.8360804798557141,0.09707713184138542,0.7234585413313692,1
0.5272173304776121,0.701976074567722,0.005828504964783422,0.1961228256817334,2
0.5371236541692808,0.5658548084730605,0.1652486699549831,0.7263982469061713,2
0.4826745703798253,0.6348434220028664,0.08101751136192302,0.4878292733935278,2
0.8089623491912397,0.8993403106489501,0.06164085553664895,0.38577157041926946,1
0.31608362359287223,0.45528294050073526,0.2865056971159024,0.7922420142393409,2
0.23884934628503846,0.029964789127660887,0.7869472505223254,0.5332205824854287,2
0.3559699716591307,0.5595797146460016,0.20474551446356645,0.7020595215363212,2
0.8355724783477202,0.8232272018020782,0.12361341460787906,0.632923247588132,1
0.599463470566601,0.8160278693493286,0.2192512977362311,0.5782481791647344,1
0.49205085491349904,0.43290663693137804,0.2236069528507119,0.8285741564145229,2
0.5917760999213956,0.6617885327056993,0.03152045146143408,0.42563445083972096,2
0.35061188874225674,0.6418107593349973,0.17491976651517438,0.5352119079443883,2
0.8366541909150568,0.4247755821393692,0.3414995584465936,0.9242841685079607,1
0.7221513099539191,0.7711966832181465,0.21607685183190817,0.8420951653527556,1
0.23925318564351078,0.5866034043413023,0.2261907510715747,0.5490875364849014,2
0.28335821272238204,0.2593892541356872,0.6903870592543132,0.6847795448139156,2
0.23341914919700868,0.6061957664632344,0.25704870010984987,0.6784236704038117,2
0.7740951474374229,0.36724827593948667,0.4148448101320352,0.9001791283632031,1
0.3755561805450389,0.2687551216664733,0.4708036271996899,0.827280249506715,2
0.7962486208164766,0.5492061650832376,0.2780881814461413,0.9308673631759367,1
0.8000706718877327,0.7279146257956123,0.14288237448036703,0.7796611109595643,1
0.8088109094318124,0.6401082144981983,0.16635578434962414,0.8322185547887285,1
0.6930099733898708,0.6468435567097105,0.25416934111616085,0.7402720568846213,1
0.33224440934888116,0.16925914977530146,0.6150860490662762,0.7318066504814643,2
0.3206196049585704,0.16554348598861726,0.6496349107200552,0.7517953753966738,2
0.30657897583454125,0.3015861730908111,0.484162233183277,0.819049437609682,2
0.35713822123185424,0.9204818014795302,0.32939453335343655,0.46631568418851205,1
0.3168840908927013,0.894696666379791,0.17037930514571265,0.2798312374405557,1
0.8638051763552057,0.7999229177502459,0.1267882912960131,0.6997081207888922,1
0.3790392950118628,0.2116918057078283,0.5329614233097121,0.6671394928030406,2
0.5828339426980796,0.2559804226053052,0.5847847157903806,0.6591469125362576,1
0.4349133548233563,0.627565510557649,0.17747000667714907,0.6301044763905179,2
0.5894323893588329,0.8117696363289392,0.27480130096710964,0.5186357147403547,1
0.38099358905018427,0.2735559239205679,0.5929049906304521,0.8063513280049465,2
0.6419098717088895,0.6353859912365715,0.22083873608029814,0.7534411740636678,1
0.8074118945113905,0.7876122089303155,0.12102871174101279,0.6672576993371341,1
0.8109094318124455,0.5238865169674496,0.26911840093049305,0.8657282886421707,1
0.7946476862168185,0.5279127548672202,0.3249273052318694,0.9739036343962828,1
0.5883578882086119,0.8390253211448585,0.1862528270187606,0.6125826309137365,1
0.44485068760862195,0.5141304486112098,0.21902987485730288,0.8279858515871501,2
0.6597004377330189,0.7999229177502459,0.2071445495078295,0.609409240113842,1
0.8078662137896718,0.935191040498116,0.0720485924138971,0.406112187093665,1
0.7556122853701981,0.5401467556230753,0.31835785211191764,0.9493257681151513,1
0.7692058066330615,0.5700344625009822,0.2858767527516316,0.9526173654491393,1
0.7407207090265309,0.8049557151249593,0.21142610980679347,0.5462687652872873,1
0.19823464509010666,0.6404187886112847,0.26099812609042156,0.6865390036098457,2
0.19216984329590606,0.3089426635284961,0.6989510414198635,0.7401547596315592,2
0.7912006288355724,0.5681747596792481,0.30558511211148687,0.8589086809060075,1
0.5703841521897468,0.7235778137827553,0.29993753634738407,0.7620238777198868,1
0.38477958303586235,0.6391802340157233,0.12937299416287937,0.5774298262363948,2
0.801448052556808,0.8012400513382751,0.13801020957632415,0.6709039162734025,1
0.4284735593391457,0.24405512503414445,0.48678570659314624,0.8108195349936804,2
0.837332064123921,0.3486624732924972,0.3645723393714865,0.7776622475608536,1
0.8942662022514045,0.6559025919841944,0.15299717836603702,0.8753739418241995,1
0.5043731475672284,0.4553615194932029,0.5928317573825577,0.8459750675141166,1
0.6671426201962948,0.7943475511418276,0.17049130893661016,0.4770179219291307,1
0.3668159430009591,0.5231123267988042,0.2814482951730674,0.7435645634996408,2
0.44449444360311247,0.6372419522015215,0.0692829603463502,0.4777180683233767,2
0.7748162891489806,0.7770826239396513,0.1479742391280936,0.7655518881220619,1
0.5813267565209239,0.6025549398122336,0.4402395157989963,0.8526773779972175,1
0.3778133541022146,0.9599696161229124,0.31584638249294594,0.2978259090537112,1
0.5908963070332951,0.567246779196773,0.45485601051112506,0.7376851523500368,1
0.5665044097815661,0.8579965350406178,0.1351325737178797,0.3970648408303554,1
0.5325992110709675,0.5200151919385437,0.21533891916341785,0.7905962155723469,2
0.25413755057006254,0.6229967034241731,0.2343851638055442,0.6673759058712276,2
0.13528618508823165,0.816338443462415,0.22962349494905984,0.3682497249424879,2
0.555568295725793,0.8768105909514419,0.21530187175565943,0.6259854333178755,1
0.4876324196467848,0.6303531938618582,0.08186615546987745,0.5121707266064722,2
0.6702795866415708,0.8881933192888976,0.09094707820880092,0.5049964992680287,1
0.6340061585502167,0.5087877506576314,0.4509789562108256,0.8947689062258471,1
0.735290511938501,0.32187452057459953,0.5119951752213152,0.829514353001082,1
0.8559880002019197,0.8057302794792832,0.12221336722165982,0.6661938405302926,1
0.3738182290201848,0.8104525027409101,0.15602128072027055,0.610109386508088,1
0.5440545471590622,0.5398369298813458,0.17691429556077282,0.8136410340343889,2
0.05485003858108152,0.7647681732629366,0.25036767398281173,0.13980195859134179,2
0.7787681457283171,0.31242633219456156,0.3925129773623107,0.6633750693326786,1
0.2636349869112779,0.029343640901488145,0.7900833566674565,0.5299289851514407,2
0.4382370969719259,0.8675195605563392,0.30226376892756374,0.3350973385344208,1
0.7620448694372931,0.5423147874438254,0.3006397139595494,0.8358638624439655,1
0.5542010110406796,0.781108861839422,0.24276390893230235,0.7396846613382797,1
0.41742566831808114,0.9224949204294155,0.3109009843410085,0.38412577175227547,1
0.6192948676344389,0.8352310783657068,0.24575354858164433,0.5791938314374824,1
