0.7620448694372931,0.5423147874438254,0.3006397139595494,0.8358638624439655,1
0.5162624667373386,0.6551280276298704,0.03653908286126609,0.3795429953535739,2
0.4784097382976729,0.5356557791107103,0.20500355396644196,0.837156860070742,2
0.5502642984372859,0.9184686825296449,0.16790660606974392,0.3837711521499949,1
0.2273543474028081,0.22229996969096003,0.6507807956576992,0.820460641770552,2
0.5639436355638247,0.7639187717729292,0.17849957998578414,0.6811333278776471,1
0.4722966200087979,0.6298892036206207,0.14864195403536737,0.5195813670131028,2
0.5695461855209167,0.5156790459761943,0.5122148749649988,0.7289851514407558,1
0.5748797496195978,0.3732876327891426,0.42772524608525214,0.7503841712358038,1
0.5657825469282969,0.6219115649567629,0.4148448101320352,0.831983051001573,1
0.49933799190879,0.4562894999756779,0.5736360307579641,0.7747228056775507,1
0.6173045165105395,0.7284534531725333,0.231801236349538,0.7748403757149221,1
0.703704504972272,0.3581892406650028,0.40827535701208345,0.7927121125326204,1
0.5452985166114993,0.3932616643030604,0.3608072888620846,0.6877165225456232,1
0.48027749533060743,0.8293451376442019,0.32086932173088933,0.43715504150867907,1
0.23341914919700868,0.6061957664632344,0.25704870010984987,0.6784236704038117,2
0.9122803222061167,0.9008146022219146,0.020927477545393855,0.3814252070887549,1
0.704029018742473,0.8552088517364087,0.0850798027010145,0.6892432053974922,1
0.4156300254563024,0.4252395723806067,0.4247356064359102,0.820577939023614,2
0.3678688098998334,0.1903968987490973,0.6220992095117065,0.8627885830673686,2
0.3827603862435007,0.5908616373616916,0.5620824089430719,0.8623184847740891,1
0.7526700271870425,0.5583411600504402,0.31990867383203736,0.9669658201260263,1
0.6533399678370796,0.5826557454339992,0.10028647123441102,0.7963574201878574,2
0.4520996040932004,0.2367023764532436,0.5073814806039589,0.8101139329132455,2
0.6289798008206593,0.6727821079376008,0.0321493958257049,0.5596715676914263,2
0.3878588581442139,0.6384056696613994,0.12992439744114417,0.5751929948989334,2
0.8498871413221412,0.5942704688920736,0.23360975294548433,0.9276939723760423,1
0.5307696745487456,0.4782033100465113,0.27487453421500424,0.8578511870663866,2
0.33072280033749435,0.5062328108453977,0.2882029853318112,0.7355692553897634,2
0.46891807109014993,0.7895467488877331,0.2477838326835678,0.6450348709275575,1
0.7662130685300969,0.569338477139126,0.27173842806987314,0.9046436982278112,1
0.7827127908905379,0.8950072404928773,0.05340857690567991,0.36237576947907285,1
0.4510885634135964,0.8733269222853765,0.06459172464298792,0.0950016821699082,1
0.4574425430341316,0.38900343128267106,0.4052469468197385,0.9140547569037163,2
0.32953291651342403,0.5003479926809281,0.2917095655545265,0.8790110659501532,2
0.7222739040448838,0.8444435297683417,0.07108794451504515,0.652209098266001,1
0.8355724783477202,0.8232272018020782,0.12361341460787906,0.632923247588132,1
0.76800149997476,0.7719712475724704,0.17765093587782974,0.802941524136865,1
0.7978423439990192,0.4143245761411728,0.3352273461563315,0.810584031206525,1
0.39912309167874577,0.5873031315599426,0.5355805888814699,0.8583212853596661,1
0.5716158622330874,0.7619804899587275,0.2517703060718978,0.7370977568036953,1
0.8120704699680534,0.7704221188638227,0.17255907123010317,0.8464460750884275,1
0.5196316408137363,0.38970315850131154,0.28694509660326967,0.9006519544995771,2
0.10940440906042441,0.7520720531942361,0.2663872315678377,0.1749547632686834,2
0.7657875949202778,0.6051892069882918,0.3091692334202081,0.8438591705538431,1
0.3206196049585704,0.16554348598861726,0.6496349107200552,0.7517953753966738,2
0.6905076116507655,0.6243886741478857,0.19230620113296143,0.7661392836684033,1
0.8733891497018079,0.5233446961051013,0.2364520645314149,0.8872491520954381,1
0.704079498662282,0.7791705800252202,0.20238309604325072,0.8152877419824144,1
0.35470797366390466,0.5595797146460016,0.20378572813233678,0.7034698164161597,2
0.5816440588740094,0.7735952134168017,0.14129278221724428,0.5306291315456868,1
0.3581694538793818,0.5631419623045347,0.20005772503069336,0.6623203033361521,2
0.37100577634510956,0.6466115615890917,0.15085618282464947,0.427280249506715,2
0.806020091008084,0.7443301515077813,0.12306201132961425,0.7594378824663338,1
0.2198616850197232,0.6134736779084518,0.25479699312899823,0.6718404757358357,2
0.7138004889340804,0.7742163616429745,0.19352445775087776,0.821283541104049,1
0.2979973894670041,0.13851979629331668,0.5902470545156913,0.5958882311756094,2
0.4353604626845221,0.5185439312695745,0.21711073297865469,0.818814843103558,2
0.36446502102128087,0.5527676643704139,0.21541258319512355,0.7135819307673422,2
0.8183876713612992,0.8224563793045385,0.10785534279621772,0.6469170826627385,1
0.6597004377330189,0.7999229177502459,0.2071445495078295,0.609409240113842,1
0.48114358652618827,0.3075469509479994,0.4334115923923579,0.9179373869081717,2
0.45695144552856076,0.8418130044490677,0.32341525405475263,0.35932058521327187,1
0.5639147898953623,0.7390616171556651,0.2791565252977793,0.7452103621666347,1
0.45423706812625747,0.503058219549705,0.20928554504921704,0.7984733171481309,2
0.6871110341893286,0.4781258536110789,0.4577724169125724,0.7632004873746329,1
0.47686937960178555,0.5098717665680064,0.22962349494905984,0.7630822808405393,2
0.44907729918006184,0.30065819260833615,0.41691257242552826,0.8064686252580084,2
0.3951856579336405,0.4325960628182917,0.411191763413531,0.8027060203497094,2
0.5352241669010377,0.5419293761950555,0.2603355805888815,0.7368631622975713,1
0.6029033165307315,0.5865285672056187,0.0850798027010145,0.783188393936914,2
0.1384952657046636,0.3166097280792675,0.6750683869300191,0.6807787082753667,2
0.6266216674238655,0.5334102908545278,0.4321192409589248,0.8886585376942451,1
0.3539940433694625,0.5740607004007529,0.2240868029379456,0.6185747929112451,2
0.7888064383532009,0.3361197693519478,0.37398496564499106,0.7283968466133828,1
0.46134175626852436,0.34301226954839525,0.5872918775712408,0.5308655446138737,1
0.34256394724127237,0.2438231299135257,0.5706076205656191,0.8610254871473126,2
0.7865132077104472,0.6540466310192443,0.25804510306502687,0.8092910335797485,1
0.6124079642890625,0.650327225375776,0.05300364012320419,0.6320958018494776,2
0.589446812193064,0.6637230726631169,0.3740926615977772,0.8539703756239941,1
0.4635268156545443,0.5119624167904597,0.21400995110603746,0.8229302490520746,2
0.2862211453172663,0.49547010817707965,0.33057488099597215,0.8478563699682661,2
0.9298401228825476,0.7170744666918618,0.12416912572425529,0.7716657119215835,1
0.7112620701093972,0.7889293425183445,0.19245395998018394,0.6064722623821344,1
0.5612480078460218,0.5801000572504088,0.09002520085295196,0.7640233867081299,2
0.2634835471518508,0.2079761419211441,0.6727809248928425,0.8665511879756677,2
0.7801887949000859,0.8813008190924502,0.05938785620436384,0.45608627258426754,1
0.5167239974327356,0.8515680250854079,0.18743403622891852,0.5560253507551579,1
0.38558726175280705,0.5552466444899288,0.6080728886208456,0.8636123916818971,1
0.7920659988894417,0.3922551048281178,0.36416309475089925,0.8760740882184457,1
0.40710613042568994,0.15353960942498884,0.6354621233334051,0.7455631632068523,2
0.6034874413170932,0.5540080898943675,0.4713938010209576,0.7396846613382797,1
0.4349133548233563,0.627565510557649,0.17747000667714907,0.6301044763905179,2
0.4826745703798253,0.6348434220028664,0.08101751136192302,0.4878292733935278,2
0.8240269995456808,0.33278951681403346,0.3727270769164495,0.7746052356401792,1
0.4073729528589663,0.5739821214082852,0.5524500829258837,0.848561972048701,1
0.02187943952866177,0.7768468869622485,0.25693798867038575,0.08724551497131212,2
0.48588942012994973,0.6146336535115455,0.10814827578779591,0.7175800394627968,2
0.22784472376666737,0.6986458220298076,0.18795054601848063,0.31534775453049274,2
0.2930359344914869,0.6030975090459388,0.2504047213905702,0.7407430644589322,2
0.6205568656296649,0.548896339341508,0.14284360393736403,0.8368040590305245,2
0.38874586244942994,0.1973679779380124,0.6202554548000085,0.8898315102248652,2
0.3668159430009591,0.5231123267988042,0.2814482951730674,0.7435645634996408,2
0.2709113067808955,0.6664359188316425,0.20817799987076485,0.6115278649172099,2
0.7942654811096929,0.5541615060225185,0.260444568893101,0.8683179210198496,1
0.18491515767763522,0.7911744565888486,0.2142684213927241,0.16119734126226387,2
0.7208821005415774,0.5556320557386987,0.25553535658129967,0.8585558798657902,1
0.43866112829832193,0.518776225738736,0.49568139229327757,0.6424434199878156,1
0.8974031686966806,0.6315131694649518,0.17802140995541388,0.9195831855751656,1
0.6809957524753188,0.5760738193506382,0.3582958192431128,0.842447966392973,1
0.2631950904672277,0.6409613578449899,0.1966984728713895,0.45690462551260713,2
0.6581427716360543,0.7632976235467563,0.24855881275981648,0.5760113478272729,1
0.5052299360347302,0.5724329926996374,0.16702349925689794,0.7080562299389872,2
0.5352241669010377,0.5419293761950555,0.2603355805888815,0.7368631622975713,1
0.3450014062263375,0.16639288747862463,0.6314773730803196,0.6991198159615192,2
0.5253308237601771,0.5368172514565178,0.14413595537079718,0.817286341689626,2
0.5807931116543712,0.5491287086478053,0.12645658776143193,0.8161106413159115,2
0.31320626816375685,0.9718163347016057,0.25686389385486896,0.0,1
0.5391255435605651,0.7226498333002803,0.31529497921468114,0.7405075606717768,1
0.8445290584052672,0.5643805169000962,0.23010334503629357,0.9508533602480519,1
0.4061109548637402,0.24939849652194412,0.4709113231524759,0.8057639324586049,2
0.45482407747946546,0.5803320523710276,0.16336614470028216,0.6719586822699292,2
0.5666681089500898,0.696475545094987,0.0010683438516380526,0.22421960955472503,2
0.7242426209174365,0.7328688441778579,0.13162599349516446,0.7167562308482682,1
0.8488270630061514,0.594191889899606,0.21552329463458764,0.9193467725069787,1
0.21985447360260765,0.7336434085321819,0.251290412906283,0.3282777307982578,2
0.3590564581845978,0.45869177203111733,0.28022917698752886,0.8177564399829055,2
0.1438245029530753,0.29825592055289674,0.712089947659767,0.7418005582985533,2
0.5452963531863646,0.3932616643030604,0.3608072888620846,0.6877147039835602,1
0.5870670445449234,0.5392951090189975,0.4857130549033967,0.7242814406648662,1
0.5883578882086119,0.8390253211448585,0.1862528270187606,0.6125826309137365,1
0.29393015021381846,0.12899677077759528,0.6061171301182502,0.5850677869008974,2
0.2215563680418839,0.6531149086799852,0.20186615546987743,0.4123498549696754,2
0.3515349501330506,0.5200151919385437,0.18263510457277016,0.6988843121743638,2
0.41720211438749827,0.4602409007397651,0.3514291252934715,0.8178737372359675,2
0.44826817817969405,0.6261697979771523,0.17230060094341657,0.6440892186548096,2
0.1987610785395438,0.8343030978832318,0.3629482844034721,0.6939460068923502,1
0.758619446307394,0.8450646779945145,0.09035690438753312,0.6933586113460086,1
0.3269440177689318,0.5068520881431784,0.2918172615073126,0.8870127390272511,2
0.38128204573480734,0.5123495867119182,0.1950744179033752,0.7435645634996408,2
0.29770893278238103,0.1609746788551415,0.6484545630775196,0.7225183447448102,2
0.6467631554276732,0.8055768633511322,0.22046955435414736,0.4974767451376197,1
0.4284735593391457,0.24405512503414445,0.48678570659314624,0.8108195349936804,2
0.3409485898073831,0.5933424884095986,0.2075503478579275,0.6248124607872555,2
0.34037888785525244,0.16623947135047354,0.6254593232386327,0.7046464260709057,2
0.40562057849988103,0.43104693410964395,0.29310961294074567,0.8336297589495985,2
0.3755561805450389,0.2687551216664733,0.4708036271996899,0.827280249506715,2
0.7898160367493816,0.7423132907011117,0.12202813018286775,0.7152277294343362,1
0.6825389957380525,0.3441722451514891,0.4839037628965904,0.796827518481137,1
0.37960899696399336,0.5473475848185386,0.5348784112693045,0.7797786809969356,1
0.6194535188109815,0.8589245155230929,0.1573868654015982,0.619284032115806,1
0.5107556843995413,0.8343030978832318,0.2900122773386176,0.41986960910008453,1
0.8207962846779021,0.31691656033556975,0.3948736726473819,0.7132291297271247,1
0.6334580908494327,0.33542378399009154,0.5815710685592436,0.5894232430417269,1
0.6741737518839827,0.647696700056502,0.2525086695241993,0.8154050392354765,1
0.4993863084034644,0.5379787238023251,0.21109397548840117,0.7719009429244296,2
0.8431588891533076,0.8010080562176564,0.14402825941801106,0.7432117624594233,1
0.6349003742725483,0.6788214647872568,0.31983544058414287,0.8458577702610545,1
0.3227541844247813,0.25784012542703943,0.5525965494216727,0.8416250670594759,2
0.8049095327722852,0.9241974652662145,0.06001680056863464,0.397173954554134,1
0.6729261767229877,0.6550531904941871,0.25490770456846235,0.7410949562181183,1
0.37521003252349117,0.1752985066249574,0.6258297973162168,0.7677859916164289,2
0.3467321463340761,0.252264758818621,0.5505287871281798,0.8330414541222254,2
0.5715105755432,0.5400692991876429,0.48660046955435415,0.7379206561371923,1
0.8630984574778789,0.7210221255991649,0.12099424903612124,0.7312183456540913,1
0.3933395351520527,0.26813771529708474,0.4776660133112198,0.805998526964729,2
0.8559447316992261,0.6301960358769229,0.2572701229887781,0.850678778290006,1
0.761330939142851,0.7706541139844415,0.19869170956555454,0.7346281495221728,1
0.32881898621898187,0.24204200608425913,0.5223296788506688,0.7235758385844312,2
0.4677051107313098,0.6356179863571901,0.08519180649191205,0.5229911708811842,2
0.32452819303521335,0.4907467623584175,0.343347620996403,0.8859488802204096,2
0.555568295725793,0.8768105909514419,0.21530187175565943,0.6259854333178755,1
0.3479364529923775,0.570266457621601,0.1964033859607556,0.6706675032052156,2
0.7572853341410121,0.9311648025983454,0.04661942404204451,0.3141656891895578,1
0.5258889874449229,0.8643427241465761,0.06887371572576304,0.20857997581312454,1
0.7638333008819562,0.8377867665492972,0.08644538738234218,0.6680760522654736,1
0.3398163973202374,0.1429351872986413,0.5928317573825577,0.6069359957081935,2
0.4271178129214172,0.9167623958360618,0.3179141447864389,0.2634914573047091,1
0.4698706992911177,0.506077897974533,0.20806728843130076,0.8154050392354765,2
0.7085361544397089,0.9262105842160997,0.07448682878497427,0.37683333787973844,1
0.7620881379399866,0.5633739574251535,0.3107545178452194,0.9408603617119942,1
0.503362323230138,0.7472712509401415,0.2750597712537963,0.6744319266755776,1
0.1586151194571245,0.3285312837936441,0.6759558015809767,0.7289851514407558,2
0.8214092551327261,0.9310113864701943,0.05171128868977105,0.3904725533520645,1
0.4990401603819167,0.8449075200095792,0.2684541322937084,0.39294579775771293,1
0.8566370277423216,0.8900492802538476,0.04145001830831198,0.3837711521499949,1
0.5115836271985807,0.7792491590176878,0.13922932776186273,0.4907753439355501,1
0.27797128413704575,0.2319015741991491,0.7389622417989532,0.7246342417050837,2
0.23738542861057624,0.011768139586225437,0.985603205031555,0.5247551760822717,2
0.7913160115094217,0.5847474433763522,0.22670751933142355,0.8892404775543977,1
0.5181684442809856,0.4746395656452645,0.27096301720981325,0.8216363421442664,2
0.7436773900439175,0.7747589308766796,0.18267387511577315,0.7985915236822244,1
0.6474338172194218,0.8209072505958906,0.22670751933142355,0.5719013975649454,1
0.7378505650145311,0.7306237301073539,0.21973119090184592,0.7499140729425243,1
0.8246832385031984,0.5287647756569765,0.3156654532922653,0.8864217063567836,1
0.5355832954733935,0.7622910640718138,0.21334568246925284,0.7259281486128918,1
0.5612386330037716,0.5290742272130277,0.32245460615590066,0.821283541104049,1
0.6907672226669263,0.6126205345616602,0.3179141447864389,0.7955345208543605,1
0.6107853954380575,0.8291131425235831,0.13727356925926726,0.598352382770943,1
0.6823226532245852,0.757336845689568,0.19511146531113363,0.7980032188548514,1
0.3604266274365575,0.5612860013395847,0.23571370107911346,0.6780690508015311,2
0.5773828325004146,0.7338754036528007,0.3278092489284253,0.7833060549023886,1
0.4638635888338417,0.3656205682383713,0.3072867081655072,0.831983051001573,2
0.5962616013672847,0.548896339341508,0.4757102548086243,0.7667275884957764,1
0.3675154504611701,0.9352696194905836,0.30990587373726497,0.4644334724533311,1
0.6940123603689361,0.8803728386099751,0.09094707820880092,0.5048782927339353,1
0.7135120322494574,0.8585353624175388,0.07064854502767787,0.6677305254735081,1
0.3106894835904203,0.5324037313795852,0.3327891097852543,0.7970630222682925,2
0.5489835507575593,0.5144401620972359,0.2812242875912723,0.7261627431190157,1
0.5061348246543929,0.7838179661511635,0.26151463587998364,0.7084081216981732,1
0.6015764157814651,0.6117673912148687,0.31433433131582916,0.7600252780126754,1
0.5067605593175115,0.47704183770070385,0.18721261334999031,0.836333960737245,2
0.3571814897345477,0.49725085782066775,0.3011221918280311,0.9358047591769187,2
0.7116370637994073,0.8671304074507853,0.08541150623559568,0.6817152677377997,1
0.898607475354982,0.8950072404928773,0.05178452193766561,0.44091946497904105,1
0.4297139230830251,0.5036774968474856,0.2829215758071812,0.8148167344081034,2
0.39069294507063584,0.2779713149258925,0.4283541904495229,0.7927121125326204,2
0.2487073534820327,0.523963973402882,0.25841428479117756,0.7469743673677224,2
0.34557110817846814,0.6393336501438743,0.1896486958020118,0.5138165252734662,2
0.35883290425401493,0.5217184851466995,0.18440562603657357,0.7018240177491657,2
0.8472910311605334,0.8257828899856687,0.11741443556551145,0.6417432735935695,1
0.551139764475117,0.5876885428087125,0.08604045059986647,0.7477972667012194,2
0.8436132084315889,0.8012400513382751,0.12328171107329787,0.6646662483973921,1
0.8675406904210747,0.7849779417542573,0.0862213798005471,0.6717222692017422,1
0.6684983666140233,0.6686024539096792,0.020781011049604763,0.5853041999690843,2
0.7722562360729507,0.6763443555961339,0.25180735347965627,0.8079971266719406,1
0.7792368878408297,0.6194344557656399,0.2561996252180843,0.808349927712158,1
0.46896566644311277,0.32202793670275065,0.37590195360458356,0.7820126935631996,2
0.5542594235193158,0.6562131660972808,0.03499256897925778,0.409167371359466,2
0.46486453352948387,0.6082088854131198,0.10419798823960195,0.6955927148403757,2
0.6931542017321823,0.35044359712176376,0.48556658840760764,0.7843641852387316,1
0.7879266454651004,0.8905918494875528,0.05842720830551188,0.406112187093665,1
0.7016853081799105,0.7406107458643129,0.20762444267344435,0.7142875328477772,1
0.5688048518414354,0.6456835811066168,0.07131195209684021,0.65032688653082,2
0.5894323893588329,0.8117696363289392,0.27480130096710964,0.5186357147403547,1
0.7740951474374229,0.36724827593948667,0.4148448101320352,0.9001791283632031,1
0.6336888561971313,0.6950835743712745,0.31765567449975235,0.83421715449594,1
0.451589756903129,0.6363139717190464,0.08633338359144464,0.49535812033425164,2
0.3059876396310639,0.5890056763967416,0.20946992052038688,0.5851859934349909,2
0.45586396382753175,0.26248376969619863,0.47932883882223704,0.833982559989816,2
0.531712927907463,0.6864885293380282,0.3163288603614276,0.7600252780126754,1
0.40770467804628285,0.9831990630390613,0.2574915458677063,0.09088263909726574,1
0.42625244286754793,0.5866034043413023,0.5522648458870916,0.8702001327550306,1
0.6986709358255991,0.33519178886947276,0.5014754345531695,0.7775446684306718,1
0.7389683346674455,0.8404958708610387,0.1026471665194822,0.7061749274848377,1
0.7072957906958297,0.5401467556230753,0.40646606500527716,0.7514425743564563,1
0.664697949794114,0.48509431350024507,0.4475111465311134,0.7154632332214917,1
0.40365907304444393,0.5955876024801027,0.20736597238675772,0.625630813715595,2
0.6367392856370205,0.694230431024483,0.006457449329054239,0.48301008392663913,2
0.3314583648832832,0.576305814471257,0.18957460098649492,0.6426798330560026,2
0.49205085491349904,0.43290663693137804,0.2236069528507119,0.8285741564145229,2
0.9221743864886889,0.8963206322241222,0.021556421909664635,0.3829527992216554,1
0.7854459179773418,0.8818433883261553,0.04890688607922114,0.37189594187875646,1
0.7601266324845496,0.6337582835354559,0.2374855148943503,0.7622593815070423,1
0.5627595208734468,0.7331794182909445,0.2792340663837853,0.7185202360493557,1
0.8942662022514045,0.6559025919841944,0.15299717836603702,0.8753739418241995,1
0.4741932227101948,0.6028655139253201,0.09929136063066751,0.6824245069423607,2
0.7114279327030555,0.9214097819620053,0.09216619639433953,0.4155232457695699,1
0.8104406896999329,0.5432438904833357,0.2635819673896655,0.8457404730079926,1
0.1665116211986817,0.28416408790369957,0.718293234540246,0.6796057357447466,2
0.569999062515775,0.616261361212661,0.4125573480948586,0.8270447457195595,1
0.8140175525892593,0.5602008628721744,0.25642104809701255,0.8633768878947417,1
0.2500919455682236,0.6629485083087929,0.22430826889525493,0.5844767542304299,2
0.5096389964591942,0.6425853236893211,0.036763090443061176,0.3894177873555379,2
0.24882994757299753,0.2823081269387495,0.6687918668016455,0.6723133018722096,2
0.5363628496635874,0.7730563860398808,0.2733280203329959,0.7158160342617093,1
0.1450937123654169,0.7961286749710942,0.22194585047493917,0.0950016821699082,2
0.777830661503292,0.5451020965623562,0.26900768949102893,0.8688998608800022,1
0.4736062133569867,0.3526138740565844,0.31344691666487173,0.845622266473899,2
0.6358162242462265,0.27464106238797814,0.5788054364916967,0.6955927148403757,1
0.7499729571858166,0.3542378399009156,0.4872251060805135,0.793887812906335,1
0.19823464509010666,0.6404187886112847,0.26099812609042156,0.6865390036098457,2
0.7588285774037457,0.8783597196600897,0.06599607986731859,0.4646698855215181,1
0.7210840202208136,0.3434762597896328,0.48217201197578996,0.8292788492139266,1
0.4430701887227859,0.34750249768940344,0.3225278394037952,0.8234003473453541,2
0.37552012345946106,0.928223703165985,0.36497727615396214,0.33274230066286586,1
0.7938616417512205,0.8958566419828847,0.05053094104723545,0.35849313947461736,1
0.8545385053616885,0.5989141131612329,0.2163723695263532,0.9185193267683243,1
0.2748703747773475,0.24545083761464115,0.7292911452387619,0.6912418051047037,2
0.32797525041645936,0.6480072741695884,0.16860878368190924,0.5182810951380743,2
0.6424290937412112,0.8063476858486718,0.217442867297047,0.5078152704656428,1
0.554143319703755,0.6324411499474268,0.4126650440476447,0.8360984569500896,1
0.7922030158146377,0.6089797079106595,0.29326038727464626,0.8593796884803186,1
0.8966387584824294,0.8893532948919912,0.06366984728713895,0.4713712867235876,1
0.18335028016355492,0.6436704621567314,0.2519546815430676,0.6711403293415895,2
0.5624515933626117,0.6287254861607426,0.3533504210911754,0.7710778617347263,1
0.7888569182730099,0.7928770014256474,0.14912012406573763,0.7900079107449739,1
0.6590009302728079,0.6080517274281845,0.3111982251706981,0.773547014375733,1
0.5459511498604591,0.5514512791537416,0.401076959527861,0.6819516808059867,1
0.2976512414454564,0.6670533252010312,0.20803024102354234,0.4105858497685879,2
0.6656282226020236,0.617731910928841,0.28491610485277963,0.7606135828400484,1
0.3632751371972106,0.49686357564350586,0.2851401124345747,0.9276939723760423,2
0.6673733855439933,0.29686394982918424,0.5623796497727616,0.6997081207888922,1
0.046455949058549474,0.7566408603277118,0.2743963641846339,0.17554579593915084,2
0.6070210357037262,0.847620366178105,0.14528184030844124,0.7283968466133828,1
0.5634525380582538,0.8553622678645597,0.17481207056238826,0.6409158278549151,1
0.8089623491912397,0.8993403106489501,0.06164085553664895,0.38577157041926946,1
0.7186465612357484,0.7416173053392554,0.22290563680616884,0.7239286396246488,1
0.7771960567971212,0.8742549027678516,0.05957309324315593,0.4727806723223946,1
0.5315751898405556,0.3486624732924972,0.42466237318801564,0.6873619029433427,1
0.33997504849678006,0.5691813191541907,0.19234324854071985,0.6603198850668776,2
0.6489770604821554,0.32396247666016825,0.598737803433347,0.647271702265019,1
0.6550995536132805,0.5619034077089734,0.4093824714067245,0.8594969857333805,1
0.5917760999213956,0.6617885327056993,0.03152045146143408,0.42563445083972096,2
0.6805630674483844,0.8711566453505558,0.09080061171301183,0.5037053202033153,1
0.5291233080212593,0.6981818317885702,0.005906046050789421,0.21058039408239898,2
0.7966308259236022,0.53255864425045,0.28639369332500486,0.9244023750420542,1
0.7912006288355724,0.5681747596792481,0.30558511211148687,0.8589086809060075,1
0.38092147487902844,0.9614401658390926,0.3429771469188188,0.4750175036598561,1
0.2658705262171069,0.5286873192215441,0.34175802873328026,0.7428589614192057,2
0.13868276254966863,0.764150766893548,0.22556327137226184,0.1843658219445884,2
0.39807743619698704,0.26697399783720677,0.4753785512740431,0.7675504878292734,2
0.42492554211828165,0.5638416895231753,0.5594632433713141,0.83421715449594,1
0.6887624487087958,0.7713500993462977,0.22644913520149912,0.818109241023123,1
0.547337184230073,0.9036022855261238,0.16122514915889463,0.3987106394973495,1
0.551139764475117,0.5527676643704139,0.13240140435522435,0.7861279176555097,2
0.7860805226835125,0.5447151885708726,0.27524500829258836,0.9319221291724632,1
0.4037960899696399,0.6385590857895506,0.14284360393736403,0.46455167898742467,2
0.32375657140384656,0.2398754710062227,0.5260559588170677,0.7165216363421442,2
0.5416574721098443,0.49167586539792774,0.5458418592629289,0.8104667339534629,1
0.6146074465093136,0.8011614723458074,0.10763133521442265,0.6832428598707001,1
0.34022744809582534,0.9463417737149529,0.30625282701876066,0.28853305691189973,1
0.9110255356280063,0.9069287962072541,0.03886531544144573,0.38283459268756187,1
0.7623116918705696,0.5421598745729607,0.3117496284489629,0.9534448111877938,1
0.2303182398373104,0.03623614109793558,0.9032890343980873,0.6607927112032516,2
0.88908840476242,0.6372419522015215,0.16860878368190924,0.8833665220909827,1
0.37239036843130047,0.2689122796514086,0.436586469080492,0.775310655864408,2
0.7645183855079362,0.5643056797644127,0.2833308204277683,0.9278121789101357,1
0.4604078777520571,0.4105303333620209,0.3876020419152648,0.8679623921365376,2
0.39118332143449513,0.5562532039648715,0.2124229435457816,0.7227529392509343,2
0.7946476862168185,0.5279127548672202,0.3249273052318694,0.9739036343962828,1
0.26550274394421247,0.503135301799459,0.31957697029745624,0.831983051001573,2
0.5100144228342312,0.4760352782257612,0.2881297520839167,0.847621775462142,2
0.7907535209744067,0.39388281252923324,0.3766773644646434,0.8533829800776526,1
0.47533911688986,0.4641885596470681,0.5329614233097121,0.7406248579248389,1
0.8427262041263729,0.3891605892676064,0.3396170331918927,0.8275157532938704,1
0.6363354462785482,0.7742163616429745,0.17281754151678982,0.6339780135846586,1
0.7010939719764331,0.6326731450680457,0.2423947272061516,0.830454549587641,1
0.6983247878040514,0.7992269323883897,0.21541258319512355,0.625630813715595,1
0.704678046282875,0.6227647083035545,0.24974002196997439,0.8236358511325095,1
0.17776864331609804,0.6445198636467387,0.25645809550477094,0.6911245078516417,2
0.5157908400579798,0.5892376715173604,0.08268033687294032,0.7179328405030142,2
0.7578478246760272,0.7724352378137079,0.18219139724729147,0.7107604317266337,1
0.8633147999913463,0.5257447230464701,0.2366734874103431,0.8078798294188785,1
0.29990841500263216,0.5816491859590566,0.25741745105218944,0.7350991570964837,2
0.376681161615069,0.1772330465823751,0.6161199302130226,0.7661392836684033,2
0.3844911263512393,0.33658375959318537,0.49527214767269045,0.8134064395282649,2
0.0633811450288096,0.8412704352153627,0.21840265362827666,0.4467934204424561,2
0.35061188874225674,0.6418107593349973,0.17491976651517438,0.5352119079443883,2
0.04861937419322271,0.8150998888668535,0.24601201886833093,0.4844194695254462,2
0.34570812510366405,0.6310491792237144,0.12446205871583346,0.5343935550160488,2
0.7575377337400573,0.34889446841311594,0.3803304111831478,0.7913009083717504,1
0.4303557392063114,0.27920986952145394,0.4584013612768433,0.8504432745028505,2
0.5436507078005899,0.7221821012022587,0.3043315312210567,0.7343935550160487,1
0.3875704014595908,0.2476959516851452,0.5677299847071747,0.8652581903488912,2
0.5315751898405556,0.3486624732924972,0.42466237318801564,0.6873619029433427,1
0.5004550404199929,0.5834303097883231,0.13221616731643226,0.7256926448257363,2
0.6671426201962948,0.7943475511418276,0.17049130893661016,0.4770179219291307,1
0.41519734042936773,0.6377845214352266,0.15159282314170633,0.48077325258917775,2
0.24813765152990214,0.27069340348067517,0.6810476662287032,0.7327468470680233,2
0.512604042720435,0.6085942966618896,0.1010618820944709,0.7207543395437228,2
0.5083490109541426,0.8284171571617268,0.24959226312275187,0.43033543377251604,1
0.7596290447035747,0.8360804798557141,0.09707713184138542,0.7234585413313692,1
0.5812618537668838,0.8562154112113514,0.20098046395416463,0.6215208634532674,1
0.5026788251159235,0.6553600227504892,0.03207616257781033,0.39059075988615793,2
0.3156581499830532,0.03592556698484918,0.7734723329097294,0.603762604908299,2
0.4076902552120517,0.3328680958065011,0.5067525362396882,0.808349927712158,2
0.38334451102986244,0.28997144963273674,0.4535291963728003,0.8041172245105794,2
0.2041624299591112,0.04862542891033389,0.8726172270446076,0.6510270329250661,2
0.6847096322898413,0.6263269559620875,0.23634135309195084,0.7721360829991726,1
0.41408678219356887,0.8995760476263532,0.10050617097809467,0.2440874000927466,1
0.7146009562339095,0.88958529001261,0.0896547267753678,0.4945306745955972,1
0.6803683591862637,0.8819968044543064,0.09692635750748489,0.5206361330096293,1
0.0004110507755878495,0.8631041695510148,0.23486505697115903,0.36449439428244085,2
0.36776785006021534,0.5294615093901897,0.17215413444762748,0.7022941160424452,2
0.2640893061895593,0.488888556279397,0.33681263058134275,0.8425652636460351,2
0.3853276507366462,0.24908792240885771,0.4771490727378465,0.7924775180264964,2
0.8716656210111848,0.6611673844795264,0.16609731406293754,0.8557343808250815,1
0.24965926054128895,0.03151391783630874,0.795399228896978,0.5437955208816388,2
0.2921056616835774,0.26744172993522847,0.6004350916492559,0.9427425734471754,2
0.7101154547880204,0.5369721643273826,0.2855450492170505,0.8875946788874037,1
0.8272649258305749,0.4274098493154273,0.3011566545329227,0.85996708402666,1
0.6261457138942375,0.6481606902977396,0.2878712817972301,0.7441519590459823,1
0.35157821863574407,0.5749886808832279,0.2296604131216749,0.6246942542531619,2
0.561575406183069,0.6514123638431862,0.03798220862859975,0.400701964956309,2
0.6303427586555034,0.6242352580197347,0.35283348051780217,0.7873037089573274,1
0.41408678219356887,0.8995760476263532,0.10050617097809467,0.2440874000927466,1
0.23925318564351078,0.5866034043413023,0.2261907510715747,0.5490875364849014,2
0.6809669068068567,0.8655812787421373,0.08312404419841904,0.4724260527201142,1
0.5489063885944228,0.800850898232721,0.2955823120167144,0.4841830564572592,1
0.6923104659296598,0.6134736779084518,0.3074676373661878,0.8138765378215446,1
0.08430867749821513,0.8586925204024741,0.21589247636073838,0.22786582649099352,2
0.37454658214885805,0.52698365182771,0.26103517349817995,0.9062894968948053,2
0.5636840245476639,0.8542022922614659,0.12394511814246022,0.6510270329250661,1
0.6122493131125197,0.33278951681403346,0.5871109483705603,0.5855406130372713,1
0.4486633638376277,0.5397594734459134,0.20666465634221468,0.7293379524809732,2
0.451377741239931,0.9404558329934481,0.2115002046223103,0.13627394818916677,1
0.36253236123430616,0.653346903800604,0.14420918861869172,0.4233976195022595,2
0.26566139512075515,0.24444427813969846,0.7206151592823142,0.7253398437855187,2
0.5073382010398864,0.8631041695510148,0.2099498136860017,0.5987070023732235,1
0.753311843310329,0.8418878415847513,0.09884765330518881,0.7252225465324568,1
0.6404098969488494,0.7422384535654282,0.251290412906283,0.8238704456386335,1
0.9360058845163663,0.7461075334802636,0.11612208413207832,0.7440346617929203,1
0.4111012555077198,0.4436682170426609,0.2210231115514679,0.7663747874555589,2
0.2990141992803006,0.06557978199942373,0.7409912335494433,0.5267465015412313,2
0.3371049044847803,0.49903160746425596,0.30060525125465787,0.7381561599243478,2
0.23688062941248583,0.20510987962446722,0.671561806707304,0.811877938114333,2
0.6482847644390599,0.33674091757812064,0.5950459861718396,0.607527028378661,1
0.7094736386647341,0.5947344591333111,0.30691623408792296,0.8121125326204569,1
0.44485068760862195,0.5141304486112098,0.21902987485730288,0.8279858515871501,2
0.5452985166114993,0.3932616643030604,0.3608072888620846,0.6877165225456232,1
0.4370241366130858,0.6199770249993451,0.17455360027570166,0.634805459323313,2
0.205258565360679,0.2092146965167055,0.7502186227841557,0.6316320685234185,2
0.3973418716511982,0.3246622038788088,0.5153897516531329,0.7931822108258999,2
0.2636349869112779,0.029343640901488145,0.7900833566674565,0.5299289851514407,2
0.3390159300204083,0.9785516769131178,0.25804510306502687,0.08770924829737126,1
0.6209895506565996,0.75284661754856,0.21984190234131,0.5581439755585258,1
0.5599391356395446,0.5133561461868609,0.47198397484222543,0.6544368367931476,1
0.5610266173405736,0.6969432771930087,0.02100071079328838,0.26208207170590214,2
0.4876324196467848,0.6303531938618582,0.08186615546987745,0.5121707266064722,2
0.7883953875776128,0.43484117688879576,0.3410213884162233,0.8777198868854396,1
0.36998175511469755,0.2848600732655558,0.46921403493656705,0.8214017476381424,2
0.34730184828620664,0.9845910337627738,0.35453076873371103,0.45667730525473504,1
0.44557255046189126,0.5877671218011802,0.12549593986257998,0.6781872573356247,2
0.3014516582653657,0.6844754103881429,0.20267818295388462,0.3896542004237249,2
0.9811421442427651,0.8827713688086303,0.03768496779891014,0.48395573619938714,1
0.33549675846800653,0.4860234165397554,0.357559178926056,0.8465633723414896,2
0.32505462648465044,0.4864106987169173,0.3724686066297629,0.7774270983933003,2
0.6803106678493391,0.6858673811118553,0.01280720270532233,0.5136983187393728,2
0.7435908530385306,0.6432813090511773,0.2366364400025847,0.7711954317720977,1
0.08367407279204434,0.8019360367001314,0.2516595946324337,0.5121707266064722,2
0.7890732607864772,0.5802534733785599,0.2966894264113555,0.8652581903488912,1
0.39352703199705774,0.43468776076064464,0.30130312102871176,0.8592614819462251,2
0.8037773402851394,0.33550236298255925,0.3719904365993926,0.7325122525618992,1
0.616561740547635,0.5886951022836552,0.09596570960863293,0.7661392836684033,2
0.47105481398149546,0.5065422624014488,0.22858995842936225,0.8466806695945515,2
0.6748804707613093,0.41703368045291433,0.3635384582247399,0.7694317902834228,1
0.33488378801318247,0.9870681429538967,0.3546427725246085,0.2509070078289096,1
0.6264630162473227,0.8095245222584351,0.18998083012040407,0.45384944124680604,1
0.45181114740857725,0.520247561244841,0.22637529885626897,0.7450930649135729,2
0.41128154093560926,0.5734432940313643,0.532737415727917,0.8710184856833701,1
0.6702146838875307,0.3229559171852257,0.41259181079975016,0.6637296889349591,1
0.44326273355977186,0.5912507904672456,0.12582764339716113,0.6613746510634042,2
0.46791640525279626,0.21889113816057804,0.5170138066211472,0.844916664393464,2
0.3776979714283654,0.26039581361062986,0.5164236327998794,0.8834847286250762,2
0.8999920674411729,0.8696075166419082,0.014836194455812362,0.4208152613728325,1
0.4385551204667229,0.616261361212661,0.09320007754108603,0.6579648471953227,2
0.4336152997425524,0.2763436072247771,0.4657462252568549,0.849973176209571,2
0.2104075171812013,0.6572197255722235,0.19957783186507852,0.397173954554134,2
0.7668116161506898,0.6281080797913542,0.2591156008357206,0.8285741564145229,1
0.3851329424745256,0.5149821700524234,0.18492385896138025,0.7289851514407558,2
0.29010088772544695,0.5818811810796753,0.25948478256187135,0.7360393536830429,2
0.6210616648277553,0.8114590622158528,0.2402171150408168,0.577657146494267,1
0.25175778292192197,0.5862965720850001,0.23575074848687186,0.5553252043609118,2
0.7673164153487803,0.7821902584500482,0.17156396062635967,0.7965920146939813,1
0.3307660688401878,0.177079630454224,0.6094772438451763,0.6981796193749602,2
0.6179391212167102,0.306308396352438,0.6006203286880478,0.6206934177146131,1
0.2714593744816794,0.5828091615621505,0.23549227820018526,0.5596715676914263,2
0.24968089479263567,0.53255864425045,0.3287655889891658,0.7356865526428252,2
0.36801303824214493,0.5741392793932205,0.22969733129428999,0.6752502796039171,2
0.5753420014567062,0.8387147470317722,0.15727916944881212,0.6586740863998836,1
0.06407344107190502,0.8120802104420256,0.25428005255562497,0.4804277257972121,2
0.7578045561733336,0.5569491893267278,0.30278070950093694,0.8990061558325833,1
0.44169352919542215,0.8891212997713726,0.2785663514765115,0.3020540658501322,1
0.5214417065097462,0.5416180537106123,0.20566825338703773,0.7777798266910353,2
0.30872076671786775,0.12210427058114776,0.6164516337476037,0.599534448111878,2
0.8049239556065162,0.41076232848263966,0.3169190341826954,0.838568064231612,1
0.5828339426980796,0.2559804226053052,0.5847847157903806,0.6591469125362576,1
0.7715927856983177,0.7877656250584665,0.12996316798414717,0.6732498613346426,1
0.5352241669010377,0.5419293761950555,0.2603355805888815,0.7368631622975713,1
0.06070570927893035,0.8401852967479523,0.22811012557348095,0.4405648453767606,2
0.824041422379912,0.4003861596201267,0.35877398927348314,0.8931231075588533,1
0.661575406183069,0.43902457277350165,0.33788528227109227,0.7716657119215835,1
0.39475297290670586,0.24428712015476317,0.5100394167187198,0.765669185375124,2
0.3764503962673705,0.25784012542703943,0.4632735261808862,0.7824829737126854,2
0.5586684839437798,0.5217959415821319,0.15078294957675492,0.8101139329132455,2
0.7836286408642161,0.39906902603209765,0.3334180541495251,0.8245760477190685,1
0.7725086356719959,0.6274083525727137,0.26439399487367266,0.805175627631232,1
0.3248599182225299,0.2549738631303626,0.6070390074740991,0.9162915882411776,2
0.25828411541151947,0.6160293660920423,0.2346802507161781,0.6843067186775416,2
0.32097296439723366,0.5114205210909758,0.28284834255928665,0.871964137956118,2
0.6115209599838464,0.5403791249293725,0.1404096754043983,0.8706638660810896,2
0.7820637633501359,0.5458766609166801,0.31835785211191764,0.8704274530129026,1
0.7834050869336333,0.5240414298383144,0.3144463351067267,0.9642561626521908,1
0.2236260447540546,0.03344845779372635,0.7903073642492515,0.47607226965638266,2
0.5845430485544715,0.6536574779136903,0.048536412001637,0.6010620402447784,2
0.740785611780571,0.8086713789116435,0.07544316884571478,0.6667848732007602,1
0.44759463182109915,0.5454893787395182,0.15702069916212552,0.7597906835065513,2
0.2025542839423375,0.6993418073916638,0.20651689749499216,0.2934704529128817,2
0.6587124735881849,0.260549229738781,0.5923148168091843,0.7225183447448102,1
0.46023408259957166,0.3946573768835572,0.39166433325435634,0.8848941142238832,2
0.5163490037427255,0.530003330252538,0.18540375212699506,0.8162279385689735,2
0.753686837000339,0.7176132940687827,0.11903849053352575,0.6954745083062822,1
0.3778133541022146,0.9599696161229124,0.31584638249294594,0.2978259090537112,1
0.47757249277055436,0.6242352580197347,0.15078294957675492,0.5766023804977404,2
0.3924453194297211,0.15679502482721971,0.6328429577616473,0.7847169862789493,2
0.7099928606970556,0.8553622678645597,0.08268033687294032,0.6843067186775416,1
0.8065681587088679,0.37769928193768315,0.39262498115320826,0.9254571410385807,1
0.43488450915489407,0.508245929795283,0.1886889094707821,0.7775446684306718,2
0.384786794452978,0.6199770249993451,0.12527624011889635,0.5636724042299753,2
0.49221455408202264,0.8159492903568608,0.30891076313352145,0.42398865217272697,1
0.42231500912244263,0.46852537165992514,0.325224546061559,0.8475035689280486,2
0.6046052109700077,0.3499010278880586,0.5762207336248304,0.619520445183993,1
0.5730314634128753,0.6415001852219108,0.03391991728950826,0.441155878047228,2
0.853730826644744,0.776772049826565,0.14170202683783145,0.7454458659537904,1
0.4182405584521414,0.45110328647281356,0.2050776487819588,0.7581439755585259,2
0.8000706718877327,0.7279146257956123,0.14288237448036703,0.7796611109595643,1
0.6837288795621227,0.7564088652070932,0.19293385314579878,0.7144048301008392,1
0.33224440934888116,0.16925914977530146,0.6150860490662762,0.7318066504814643,2
0.37523887819195345,0.2795952807702238,0.471135330734271,0.7950635132800494,2
0.798426468785381,0.6154867968583371,0.2624744222112133,0.842447966392973,1
0.7304083825512551,0.4186613881540298,0.32382019083722835,0.8054111314183874,1
0.2412940166872192,0.003562247658533124,0.9850130312102872,0.5392127444829373,2
0.3404510020264082,0.6338368625279236,0.18462963361836862,0.5303927184774998,2
0.7114639897886335,0.6223755551980004,0.2361935942447283,0.8292788492139266,1
0.5930092522481594,0.8291131425235831,0.13911732397096518,0.6951226165470962,1
0.39642602167751984,0.1355786968609563,0.6419238805005708,0.6651390745337661,2
0.3242108906821279,0.6317451645855706,0.19186335537510502,0.5012320757976667,2
0.3978466708492886,0.28137640459949037,0.4582893574859457,0.8317484564954489,2
0.33212902667503186,0.6501738092476248,0.16669179572231677,0.5140529383416532,2
0.41714442305057364,0.5748352647550767,0.529601309582786,0.815875137528756,1
0.71036064296995,0.9383678769078793,0.08386068451547592,0.3754239522809314,1
0.5819974183126726,0.8808368288512125,0.16875525017769832,0.6149376687852914,1
0.40519510489006194,0.47835822291737606,0.32932130010554206,0.8131709357411094,2
0.5748797496195978,0.3732876327891426,0.42772524608525214,0.7503841712358038,1
0.5315780744074018,0.3486624732924972,0.42466237318801564,0.6873619029433427,1
0.39926732002105736,0.5180019233143871,0.5235832597410989,0.7312183456540913,1
0.7118966748155681,0.7529214546842435,0.19603420423460488,0.7239286396246488,1
0.05485003858108152,0.7647681732629366,0.25036767398281173,0.13980195859134179,2
0.5554435382096936,0.9040662757673612,0.16728196954358457,0.4212789946988916,1
0.8141401466802242,0.5708090268553062,0.20688607922114288,0.8639651927221145,1
0.22982065205633556,0.6471541308227968,0.211168070303918,0.4262163906998736,2
0.28573076895340704,0.5381336366731899,0.3441962651043574,0.7556752775580348,2
0.8705478513582704,0.32938442714043564,0.3785986602623474,0.7556752775580348,1
0.6829788921821027,0.8664344220889291,0.08781097206366986,0.6450348709275575,1
0.500156487751408,0.4866430680232145,0.5618971719042799,0.8356283586568101,1
0.22692887379298904,0.6665107559673261,0.2147112671505805,0.5787210053011084,2
0.3817075193446264,0.27843530516713005,0.49043875331165054,0.7902434145321293,2
0.41408678219356887,0.8995760476263532,0.10050617097809467,0.2440874000927466,1
0.5066739501979534,0.8801408434893563,0.2343481163977858,0.630568209716577,1
0.5719245108856341,0.7153681799982787,0.3158119197880544,0.7596724769724579,1
0.7428192314071638,0.3484304781718784,0.3915178667585672,0.7635532884148504,1
0.44449444360311247,0.6372419522015215,0.0692829603463502,0.4777180683233767,2
0.7571050487131226,0.871699214584261,0.05492062808279667,0.45043963737872456,1
0.7916910051994317,0.895624646862266,0.06300644021797662,0.41199523536739496,1
0.7613597848113134,0.8966312063372087,0.043517780601804994,0.3246315138619893,1
0.5435829204797035,0.8979483399252377,0.18045964632649106,0.4121134419014884,1
0.845077126106051,0.38853944104143356,0.37804294914597114,0.9115815124980677,1
0.6053191412644499,0.55501464936931,0.12675382859112155,0.8136410340343889,2
0.8629902862211453,0.5411533150980179,0.26103517349817995,0.8872491520954381,1
0.1511440913253863,0.6490138336445311,0.2633605445107373,0.6412704474571955,2
0.7846382392603971,0.746807260698904,0.13966872724923,0.7742524345999618,1
0.4575391760234804,0.4492435836510793,0.21286578930363798,0.7660219864153412,2
0.7962486208164766,0.5492061650832376,0.2780881814461413,0.9308673631759367,1
0.7005098471900713,0.7270614824488207,0.25915264824347906,0.641861480127663,1
0.5567906309268834,0.6695304343921541,0.0308915070971633,0.400701964956309,2
0.6563687630256221,0.4782033100465113,0.4522368449393672,0.7506187657419278,1
0.7879699139677939,0.40185670933630685,0.33685140112434575,0.7956518181074225,1
0.44324326273355974,0.6277189266858001,0.07234583324358672,0.4639606463169571,2
0.3313501936265495,0.9877678701725371,0.2594106877463545,0.08065322749302123,1
0.33393188095392623,0.1735173827956909,0.6302582548947812,0.7179328405030142,2
0.2505246305951582,0.2080509790568276,0.6620759471859048,0.8652581903488912,2
0.692151814753117,0.641114773973141,0.31525620867167814,0.8016485265100886,1
0.6024057287497566,0.6854819698630854,0.32651689749499213,0.797767715067696,1
0.49835651803935993,0.44885817240230946,0.5866284705020786,0.8092910335797485,1
0.363130908854899,0.2639543194123788,0.6161199302130226,0.7863630577302526,2
0.863660948012894,0.6055746182370616,0.22013742003575507,0.9249843149022068,1
0.37546243212253644,0.2625623486886663,0.44562862127641245,0.7272211462396683,2
0.36684478866942144,0.25435271490418976,0.4662976285351197,0.7655518881220619,2
0.7946404747997029,0.9326353523145255,0.05853921209640943,0.3822435600170944,1
0.8030129300708884,0.7179238681818693,0.14923212785663514,0.7987088209352865,1
0.19293425351015728,0.7424704486860471,0.25236091067697675,0.28018585704283616,2
0.7690038869538253,0.8396427275142472,0.10678269110646822,0.7366276585104158,1
0.3362251115966799,0.46147945533532647,0.2762788894393349,0.7918892131991234,2
0.2244481463052304,0.2878049145547003,0.6626273504641697,0.6850068650717878,2
0.24658719685005298,0.6648867901229948,0.21227518469855902,0.4222246469716395,2
0.28438223395279405,0.12396397340288196,0.6142029422534301,0.5642543440901279,2
0.524011855569738,0.49585701616856315,0.21031899541215243,0.8865399128908772,2
0.546730704050653,0.661092547343843,0.02022529993322851,0.3824799730852814,2
0.6328162747261464,0.663337661414347,0.023473409869257122,0.5497967756894624,2
0.7635376327802177,0.8660490108401592,0.053891054774161604,0.4175236640388444,1
0.8078662137896718,0.935191040498116,0.0720485924138971,0.406112187093665,1
0.8605167701505023,0.38970315850131154,0.37505330949662913,0.8764287078207261,1
0.0821164066950796,0.76113108846872,0.25686389385486896,0.16989916073360786,2
0.41449783296915677,0.6154082178658694,0.1914941736489543,0.5924784273075279,2
0.7787681457283171,0.31242633219456156,0.3925129773623107,0.6633750693326786,1
0.2269360852101046,0.6581477060546984,0.21423137398496567,0.42998081417023554,2
0.8638051763552057,0.7999229177502459,0.1267882912960131,0.6997081207888922,1
0.5587261752807045,0.3096386488903523,0.5868524780838736,0.5161715631450212,1
0.5775753773374005,0.6591542655296412,0.01527990178129107,0.40152941069496345,2
0.4626311576487896,0.2795952807702238,0.4338165291748336,0.8778380934195331,2
0.4070844961743432,0.6395656452644931,0.16772136903095183,0.5958882311756094,2
0.3287036035451326,0.9704206221211089,0.3492148965041894,0.4370368349745856,1
0.8714997584175267,0.49554756461251204,0.24944493505934048,0.8778380934195331,1
0.05089097058462954,0.8627935954379282,0.22833157429943782,0.16037898833392436,2
0.5354195963048699,0.7702687027356715,0.30580911969328195,0.7215772388772197,1
0.9266021965976534,0.7028254760577294,0.13128998212247184,0.8171690444365639,1
0.7309131817493456,0.40619352134916387,0.3234884873026472,0.7975331205615719,1
0.7833113385111309,0.9242760442586822,0.05492062808279667,0.3200487374632877,1
0.451089284555308,0.8733269222853765,0.06459172464298792,0.0950016821699082,1
0.4567300550231126,0.30731495582738066,0.40211084067460745,0.8593796884803186,2
0.751263800849505,0.36213689957230577,0.41583992073577875,0.8745464960855451,1
0.48630335547238385,0.6080517274281845,0.10058371206410065,0.7171090318884857,2
0.5902617023271244,0.5465733946498932,0.4627178150645098,0.7254571410385807,1
0.44485068760862195,0.577233794953732,0.13309927412927822,0.7062922247378997,2
0.5161946794164521,0.6359285604702767,0.07994916751028497,0.5185175082062613,2
0.40415666082541885,0.4617862875916287,0.31880155943739635,0.8155223364885384,2
0.5707591458797568,0.8631041695510148,0.19393025610097575,0.5774298262363948,1
0.7265502743944212,0.6012378062242045,0.31876278889439336,0.809172827045655,1
0.6598518774924461,0.7696475545094987,0.22035884291468327,0.821871845931422,1
0.6227851935183782,0.6914427477202738,0.28698386714627266,0.7847169862789493,1
0.3638520505664568,0.1598895403877312,0.6448015163590152,0.7655518881220619,2
0.7002502361739106,0.8976377658121514,0.07946668964180328,0.412931794829828,1
0.4403457153365208,0.32450504589387347,0.42315032201089886,0.9033525191630977,2
0.5774787443480518,0.8294237166366695,0.16908695371227953,0.6439801049310311,1
0.3221123683014949,0.3036778710331641,0.4906239903504426,0.8365694645244004,2
0.5542010110406796,0.781108861839422,0.24276390893230235,0.7396846613382797,1
0.3333333333333333,0.5062328108453977,0.2579343916255627,0.8152877419824144,2
0.8396613518522525,0.725901506845727,0.13623968811252074,0.7948289187739254,1
0.5352241669010377,0.5419293761950555,0.2603355805888815,0.7368631622975713,1
0.20907340501481944,0.6192024606450213,0.2571223641415556,0.7118179255662548,2
0.8431661005704232,0.3346492196357677,0.3765653606737459,0.7543813706502268,1
0.19040304610258962,0.03128192271568999,0.9021474572985547,0.6244578411849749,2
0.4783037304660739,0.5095619408262768,0.23032481099360289,0.7691965592805768,2
0.837332064123921,0.3486624732924972,0.3645723393714865,0.7776622475608536,1
0.5419942452891418,0.641114773973141,0.03358821375492709,0.40964019749584,2
0.817197787537229,0.8589245155230929,0.029267452129148996,0.38388935868408847,1
0.612963243406962,0.5121947112596212,0.40771964589570725,0.831042854415014,1
0.3817868449328978,0.29748135619857285,0.48058241971266724,0.8874764723533102,2
0.33743662967209687,0.5114205210909758,0.31101298813190603,0.8805477508933686,2
0.8067772898052197,0.7869162235684591,0.14520860706054667,0.6990025187084572,1
0.7748162891489806,0.7770826239396513,0.1479742391280936,0.7655518881220619,1
0.45245584809870987,0.6448304377598253,0.07950546018480627,0.46560644498395115,2
0.8429064895542623,0.9094844843908445,0.030193637323109392,0.39482800949289387,1
0.800272591566969,0.5303906124296999,0.2904516768259849,0.8366867617774625,1
0.5619987163677534,0.5870673945825398,0.09375148081935082,0.7586149831328368,2
0.48831534084763,0.6376311053070755,0.07452129148986582,0.49641288633077824,2
0.7415860790804001,0.5307004381714294,0.28809098154091367,0.8859488802204096,1
0.3168840908927013,0.894696666379791,0.17037930514571265,0.2798312374405557,1
0.8374474467977703,0.7851350997391926,0.08644538738234218,0.6413886539912891,1
0.755273348765766,0.7497483601312643,0.14365778534042692,0.7443874628331378,1
0.272079556353619,0.038634671296590754,0.8978999289206712,0.7643761877483474,2
0.6473040117113413,0.5153693293919108,0.4351821138561613,0.7463860625403493,1
0.8771535094361392,0.8355416524787931,0.08160768518319082,0.6365694645244006,1
0.584651219811205,0.8284957361541945,0.16738966549637063,0.6271584058484956,1
0.7993351073419437,0.3510647453479365,0.43219247420681933,0.8806568646171472,1
0.6327153148865283,0.5023611116308134,0.40823658646908056,0.6871273084372186,1
0.45197484657710085,0.44514250861562527,0.33120382536024295,0.8801931312910881,2
0.8534495813772365,0.5792469139036173,0.22548943502703167,0.9129908980968747,1
0.005927784869004564,0.8518785991984943,0.23711633316819958,0.3615483237404184,2
0.33823709697192594,0.33441722451514894,0.5140974002196997,0.7717833728870581,2
0.8475939106793876,0.5930319142965123,0.21607685183190817,0.8898315102248652,1
0.7692058066330615,0.5700344625009822,0.2858767527516316,0.9526173654491393,1
0.35713822123185424,0.9204818014795302,0.32939453335343655,0.46631568418851205,1
0.598814443026199,0.6811451578502284,0.17027160919292655,0.6179928530510925,1
0.7320237399851445,0.6318237435780384,0.26254851702673015,0.816698036862253,1
0.535227051467884,0.5419275052666634,0.2603338574536369,0.7368622530165398,1
0.39910145742739905,0.24149943685055397,0.5679539922889698,0.8890131572965255,2
0.47912222630869195,0.7390616171556651,0.287647274215435,0.6716040626676487,1
0.5270442564668383,0.5427795260564197,0.19847028668662633,0.7804841012211644,2
0.5325992110709675,0.5200151919385437,0.21533891916341785,0.7905962155723469,2
0.7416437704173248,0.7483563894075519,0.2329825317164581,0.6457350173218036,1
0.02087705254959648,0.8452966731151332,0.22504650311241306,0.4385644271074861,2
0.6048359763177062,0.5241963427091791,0.146793891485558,0.8978240904916481,2
0.8765477503984308,0.4967086627726411,0.25479699312899823,0.8790110659501532,1
0.3710418334306874,0.26132379409310486,0.4550024770069141,0.7476799694481573,2
0.4816058383632968,0.6292680553944479,0.07773493872100289,0.5241641434118043,2
0.3980630133627559,0.9210206288564511,0.34759084153617503,0.40470280149485793,1
0.3588545385053617,0.5547040752562237,0.20777220152066686,0.6774871109413786,2
0.5908963070332951,0.567246779196773,0.45485601051112506,0.7376851523500368,1
0.40275043448788117,0.8566794014525889,0.30278070950093694,0.3113469179919437,1
0.4576639335395799,0.8377867665492972,0.30706270058371204,0.38365294561590146,1
0.4186371863934982,0.4521098459477562,0.3361879940551834,0.824223246678851,2
0.3409485898073831,0.48974020288347486,0.31315398367329356,0.7365094519763222,2
0.6262899422365489,0.6281829169270375,0.23755960970986711,0.7639051801740363,1
0.5905645818459785,0.6500203931194738,0.31123268787558966,0.7378033588841302,1
0.3790392950118628,0.2116918057078283,0.5329614233097121,0.6671394928030406,2
0.8697401726413259,0.8370870393306566,0.10117388588536844,0.6607927112032516,1
0.1655669255565411,0.6321343176911247,0.2740258901070498,0.6593742327941297,2
0.5949491234522496,0.6678278895553552,0.02251276197040518,0.5396855706193113,2
0.31209570992795793,0.9439432435162977,0.31857755185560127,0.41693263136837705,1
0.4580201775450894,0.4966315805228871,0.21245956016972883,0.820460641770552,2
0.6917479753946448,0.33008041250229186,0.5022508454132293,0.7394491575511243,1
0.30657897583454125,0.3015861730908111,0.484162233183277,0.819049437609682,2
0.1849440033460975,0.027794512192840296,0.9636418463394146,0.5013502823317603,2
0.5430247567949578,0.6488566756595958,0.038680078402653625,0.4306900533747965,2
