0.3632751371972106,0.49686357564350586,0.2851401124345747,0.9276939723760423,2
0.6179391212167102,0.306308396352438,0.6006203286880478,0.6206934177146131,1
0.3227541844247813,0.25784012542703943,0.5525965494216727,0.8416250670594759,2
0.7578478246760272,0.7724352378137079,0.18219139724729147,0.7107604317266337,1
0.33743662967209687,0.5114205210909758,0.31101298813190603,0.8805477508933686,2
0.5295278685214432,0.5218733980175643,0.15214853425808259,0.82175454867836,2
0.751263800849505,0.36213689957230577,0.41583992073577875,0.8745464960855451,1
0.5491854704367956,0.8593885057643303,0.18854115062355958,0.607054202242287,1
0.11259185542550962,0.8215246569652793,0.23970017446744352,0.31969411786100727,2
0.4784097382976729,0.5356557791107103,0.20500355396644196,0.837156860070742,2
0.046455949058549474,0.7566408603277118,0.2743963641846339,0.17554579593915084,2
0.2634835471518508,0.2079761419211441,0.6727809248928425,0.8665511879756677,2
0.3817075193446264,0.27843530516713005,0.49043875331165054,0.7902434145321293,2
0.704029018742473,0.8552088517364087,0.0850798027010145,0.6892432053974922,1
0.7878689541281758,0.7549345736341287,0.12295000753871671,0.6878320012366221,1
0.6391190532851612,0.7681770047933185,0.22814703943825793,0.8131709357411094,1
0.5315751898405556,0.3486624732924972,0.42466237318801564,0.6873619029433427,1
0.3409485898073831,0.5933424884095986,0.2075503478579275,0.6248124607872555,2
0.9047516027374539,0.9032917114130374,0.037611734551015574,0.4116406157651145,1
0.353474821337141,0.5090975763993609,0.28462317186120145,0.7582621820926194,2
0.8372455271185341,0.6348434220028664,0.13701509897258063,0.8042345217636415,1
0.48027749533060743,0.8293451376442019,0.32086932173088933,0.43715504150867907,1
0.40275043448788117,0.8566794014525889,0.30278070950093694,0.3113469179919437,1
0.7853377467206081,0.8953140727491796,0.061602084993645945,0.3933004173599934,1
0.7378505650145311,0.7306237301073539,0.21973119090184592,0.7499140729425243,1
0.5315751898405556,0.3486624732924972,0.42466237318801564,0.6873619029433427,1
0.33488378801318247,0.9870681429538967,0.3546427725246085,0.2509070078289096,1
0.51138141906266,0.7452581319902561,0.3045167682598488,0.7117006283131927,1
0.35157821863574407,0.5749886808832279,0.2296604131216749,0.6246942542531619,2
0.512604042720435,0.6085942966618896,0.1010618820944709,0.7207543395437228,2
0.5077425235633054,0.5205570128008921,0.2192512977362311,0.778014984951399,2
0.29004319638852233,0.49020456731039075,0.3442694983522519,0.8552642825318021,2
0.5753225306304942,0.8478523612987237,0.15521140715531911,0.6263400529201559,1
0.7072957906958297,0.5401467556230753,0.40646606500527716,0.7514425743564563,1
0.5214417065097462,0.5416180537106123,0.20566825338703773,0.7777798266910353,2
0.7415067534921287,0.37661414347027283,0.45518771404570624,0.8148167344081034,1
0.8256351455624545,0.9235014799043582,0.030525340857690594,0.37472380588668536,1
0.8082195732283352,0.3862943269709295,0.38465117280892586,0.8761922947525391,1
0.7265791200628836,0.4183508140409434,0.3275852413466302,0.8048228265910146,1
0.7962486208164766,0.5492061650832376,0.2780881814461413,0.9308673631759367,1
0.824041422379912,0.4003861596201267,0.35877398927348314,0.8931231075588533,1
0.39069294507063584,0.2779713149258925,0.4283541904495229,0.7927121125326204,2
0.3740345715336521,0.15602046047289583,0.5627113533073427,0.6884203060639952,2
0.7854459179773418,0.8818433883261553,0.04890688607922114,0.37189594187875646,1
0.5911847637179182,0.7548597364984453,0.29451396816507636,0.8405666639388235,1
0.8605167701505023,0.38970315850131154,0.37505330949662913,0.8764287078207261,1
0.47105481398149546,0.5065422624014488,0.22858995842936225,0.8466806695945515,2
0.8141617809315709,0.8033280074238438,0.10840674607448253,0.6793693226765596,1
0.5724249832334553,0.8063476858486718,0.10936739397333449,0.6012984533129654,1
0.5477128990617947,0.385830336729692,0.3011566545329227,0.8773652672831591,2
0.8777953255594257,0.8397998854991824,0.10316410709285545,0.6400974749265755,1
0.37552012345946106,0.928223703165985,0.36497727615396214,0.33274230066286586,1
0.8429064895542623,0.9094844843908445,0.030193637323109392,0.39482800949289387,1
0.6034874413170932,0.5540080898943675,0.4713938010209576,0.7396846613382797,1
0.797027453864959,0.9141318705167879,0.04942382665259441,0.3167571401292997,1
0.7834050869336333,0.5240414298383144,0.3144463351067267,0.9642561626521908,1
0.38128204573480734,0.5123495867119182,0.1950744179033752,0.7435645634996408,2
0.3362251115966799,0.46147945533532647,0.2762788894393349,0.7918892131991234,2
0.39128428127411313,0.5456442916103829,0.5793568397699616,0.8325713558289459,1
0.7435908530385306,0.6432813090511773,0.2366364400025847,0.7711954317720977,1
0.42993747701360796,0.5976755585656714,0.11630732117087042,0.6612564445293106,2
0.46486453352948387,0.6082088854131198,0.10419798823960195,0.6955927148403757,2
0.8858793241459879,0.9279917080453663,0.040196437417881856,0.4043481818925775,1
0.46309340948589806,0.5362754305941695,0.21109397548840117,0.7168744373823618,2
0.6702795866415708,0.8881933192888976,0.09094707820880092,0.5049964992680287,1
0.5843267060410041,0.607202325938177,0.33622245676007495,0.7617892832137628,1
0.6534553505109288,0.5461861124727313,0.4274667757985655,0.9064077034288986,1
0.5761504013153625,0.49399881008954266,0.5374631141361708,0.7158160342617093,1
0.6152564740497155,0.6436704621567314,0.05407198397484224,0.6476172290569846,2
0.3738182290201848,0.8104525027409101,0.15602128072027055,0.610109386508088,1
0.5452963531863646,0.3932616643030604,0.3608072888620846,0.6877147039835602,1
0.4801520166727964,0.4761886943539123,0.574557908113813,0.8223419442247015,1
0.5066739501979534,0.8801408434893563,0.2343481163977858,0.630568209716577,1
0.4718156184871889,0.5817277649515242,0.13092381588299912,0.7153459359684297,2
0.3559699716591307,0.5595797146460016,0.20474551446356645,0.7020595215363212,2
0.817197787537229,0.8589245155230929,0.029267452129148996,0.38388935868408847,1
0.5949491234522496,0.6678278895553552,0.02251276197040518,0.5396855706193113,2
0.7589367486604793,0.35958121138871535,0.37852542701445274,0.7701372105076516,1
0.6124079642890625,0.650327225375776,0.05300364012320419,0.6320958018494776,2
0.34557110817846814,0.6393336501438743,0.1896486958020118,0.5138165252734662,2
0.44485068760862195,0.577233794953732,0.13309927412927822,0.7062922247378997,2
0.22982065205633556,0.6471541308227968,0.211168070303918,0.4262163906998736,2
0.5157908400579798,0.5892376715173604,0.08268033687294032,0.7179328405030142,2
0.3030958613677173,0.26728457195029315,0.6793891485557974,0.7389790592578448,2
0.4430701887227859,0.34750249768940344,0.3225278394037952,0.8234003473453541,2
0.45423706812625747,0.503058219549705,0.20928554504921704,0.7984733171481309,2
0.31292502289624935,0.5764629724561923,0.2637292954530769,0.7689614192058339,2
0.37748162891489806,0.18559609649500272,0.6028690201822217,0.7575565800121843,2
0.8420988108373176,0.402788431675566,0.34305038016671335,0.8874764723533102,1
0.7611506537149616,0.6241566790272669,0.2732892497899929,0.814346636114824,1
0.7556122853701981,0.5401467556230753,0.31835785211191764,0.9493257681151513,1
0.598814443026199,0.6811451578502284,0.17027160919292655,0.6179928530510925,1
0.5459511498604591,0.5514512791537416,0.401076959527861,0.6819516808059867,1
0.5612480078460218,0.5801000572504088,0.09002520085295196,0.7640233867081299,2
0.7620448694372931,0.5423147874438254,0.3006397139595494,0.8358638624439655,1
0.5807931116543712,0.5491287086478053,0.12645658776143193,0.8161106413159115,2
0.8407142187511267,0.8962457950884389,0.045990479677773734,0.37496021895487236,1
0.3304054979844089,0.9917155290798401,0.2672358756757921,0.08241723269410874,1
0.853730826644744,0.776772049826565,0.14170202683783145,0.7454458659537904,1
0.3371049044847803,0.49903160746425596,0.30060525125465787,0.7381561599243478,2
0.7499729571858166,0.3542378399009156,0.4872251060805135,0.793887812906335,1
0.7817392495799349,0.9053834093553904,0.04850194929674545,0.32510433999836325,1
0.1914270673330016,0.22624762859826303,0.7431709996338337,0.6450348709275575,2
0.1987610785395438,0.8343030978832318,0.3629482844034721,0.6939460068923502,1
0.5681406803250907,0.5567957731985765,0.1212871820276994,0.7715481418842122,2
0.5258889874449229,0.8643427241465761,0.06887371572576304,0.20857997581312454,1
0.7506364075604497,0.3213319513408943,0.38682663105520493,0.6733680678687362,1
0.42271163706379944,0.9460311996018664,0.23442178042949147,0.15719650472371494,1
0.5451903453547656,0.525047989313257,0.1914941736489543,0.8646698855215181,2
0.5774787443480518,0.8294237166366695,0.16908695371227953,0.6439801049310311,1
0.46023408259957166,0.3946573768835572,0.39166433325435634,0.8848941142238832,2
0.6531668938263058,0.5317069976463721,0.4252913175522864,0.7486201660347164,1
0.49868391637640713,0.47231961443907694,0.18673272018437548,0.8298671540412994,2
0.5828339426980796,0.2559804226053052,0.5847847157903806,0.6591469125362576,1
0.05485003858108152,0.7647681732629366,0.25036767398281173,0.13980195859134179,2
0.7836286408642161,0.39906902603209765,0.3334180541495251,0.8245760477190685,1
0.5352241669010377,0.5419293761950555,0.2603355805888815,0.7368631622975713,1
0.5247531892492194,0.3464173592219931,0.31902125918108,0.9086445347663603,2
0.591631871579084,0.9005040281088282,0.17248583798220865,0.40999481709812047,1
0.41408678219356887,0.8995760476263532,0.10050617097809467,0.2440874000927466,1
0.6029033165307315,0.5865285672056187,0.0850798027010145,0.783188393936914,2
0.4567300550231126,0.30731495582738066,0.40211084067460745,0.8593796884803186,2
0.4924070989190086,0.48981765931890725,0.23187507269476815,0.8860670867545032,2
0.49205085491349904,0.43290663693137804,0.2236069528507119,0.8285741564145229,2
0.8558942517794172,0.5454119223040858,0.29824024813147526,0.8852487338261636,1
0.41714442305057364,0.5748352647550767,0.529601309582786,0.815875137528756,1
0.8699493037376775,0.8175769980579763,0.09626295043832254,0.6212844503850804,1
0.800849504936215,0.6494778238857686,0.2589678419884981,0.8131709357411094,1
0.5503695851271733,0.7932624126744173,0.28093135459969415,0.5081698900679232,1
0.8037773402851394,0.33550236298255925,0.3719904365993926,0.7325122525618992,1
0.8355724783477202,0.8232272018020782,0.12361341460787906,0.632923247588132,1
0.44890350402757645,0.6418893383274649,0.0696878971288259,0.4630240868545241,2
0.4061974918691272,0.4358477363637384,0.22323777112456114,0.7597906835065513,2
0.3340400522106599,0.655438601742957,0.21039265944385813,0.6594924393282231,2
0.25828411541151947,0.6160293660920423,0.2346802507161781,0.6843067186775416,2
0.22230635542190394,0.6661253447185562,0.21227518469855902,0.42304299989997907,2
0.5436507078005899,0.7221821012022587,0.3043315312210567,0.7343935550160487,1
0.8629902862211453,0.5411533150980179,0.26103517349817995,0.8872491520954381,1
0.8746078791943405,0.638095095548313,0.17300277855558188,0.8790110659501532,1
0.49221455408202264,0.8159492903568608,0.30891076313352145,0.42398865217272697,1
0.798426468785381,0.6154867968583371,0.2624744222112133,0.842447966392973,1
0.6495179167658237,0.7749909259972984,0.252582333555905,0.8376269583640215,1
0.5966005379717169,0.6610139683513753,0.019747129902858256,0.412931794829828,2
0.7389683346674455,0.8404958708610387,0.1026471665194822,0.7061749274848377,1
0.5634525380582538,0.8553622678645597,0.17481207056238826,0.6409158278549151,1
0.6448016499722361,0.8020894528282825,0.2343481163977858,0.4944124680615038,1
0.3980197448600624,0.2729385175511792,0.4757102548086243,0.8566745774116407,2
0.5522950334970325,0.661092547343843,0.024063583690524918,0.3776607836183929,2
0.24813765152990214,0.27069340348067517,0.6810476662287032,0.7327468470680233,2
0.4336152997425524,0.2763436072247771,0.4657462252568549,0.849973176209571,2
0.6746785510820731,0.9144424446298743,0.07570163913240142,0.3437991580057648,1
0.39807743619698704,0.26697399783720677,0.4753785512740431,0.7675504878292734,2
0.39475297290670586,0.24428712015476317,0.5100394167187198,0.765669185375124,2
0.801448052556808,0.8012400513382751,0.13801020957632415,0.6709039162734025,1
0.38736127036323903,0.43716486995176745,0.2959527860942986,0.8419778680996935,2
0.37960899696399336,0.5473475848185386,0.5348784112693045,0.7797786809969356,1
0.19293425351015728,0.7424704486860471,0.25236091067697675,0.28018585704283616,2
0.29855988000201916,0.22888189577432114,0.7374114200788334,0.7006483173754512,2
0.32092248447742466,0.47588186209761013,0.39550261701165274,0.8479745765023596,2
0.7019449191960712,0.9200926483739761,0.08555797273138477,0.38729916255216995,1
0.22692887379298904,0.6665107559673261,0.2147112671505805,0.5787210053011084,2
0.6931542017321823,0.35044359712176376,0.48556658840760764,0.7843641852387316,1
0.5489835507575593,0.5144416962585173,0.2812242875912723,0.7261609245569528,1
0.40489222537120767,0.9598910371304449,0.24564283714218021,0.14097493112196186,1
0.48630335547238385,0.6080517274281845,0.10058371206410065,0.7171090318884857,2
0.8673387707418385,0.8278745879280216,0.11818984642557134,0.660674504669158,1
0.3790392950118628,0.2116918057078283,0.5329614233097121,0.6671394928030406,2
0.203160042980046,0.7499803552518831,0.23453249186895558,0.2730116297043927,2
0.7231392740987531,0.787301634817229,0.21009757253322422,0.5733107831637524,1
0.8771535094361392,0.8355416524787931,0.08160768518319082,0.6365694645244006,1
0.35713822123185424,0.9204818014795302,0.32939453335343655,0.46631568418851205,1
0.4722966200087979,0.6298892036206207,0.14864195403536737,0.5195813670131028,2
0.44324326273355974,0.6277189266858001,0.07234583324358672,0.4639606463169571,2
0.3168840908927013,0.894696666379791,0.17037930514571265,0.2798312374405557,1
0.779929183883925,0.7850565207467249,0.15528464040321366,0.6911245078516417,1
0.6434026350518139,0.6078197323075657,0.33511534236543394,0.8115251370741153,1
0.777830661503292,0.5451020965623562,0.26900768949102893,0.8688998608800022,1
0.48831534084763,0.6376311053070755,0.07452129148986582,0.49641288633077824,2
0.34730184828620664,0.9845910337627738,0.35453076873371103,0.45667730525473504,1
0.5963841954582495,0.6662001818542397,0.027682167704137672,0.4215154077670786,2
0.30758136281360654,0.3022073213169839,0.4826501820061602,0.8115251370741153,2
0.5100144228342312,0.4760352782257612,0.2881297520839167,0.847621775462142,2
0.7866285903842964,0.41664826920414444,0.3106080513494303,0.78695090791711,1
0.6656282226020236,0.617731910928841,0.28491610485277963,0.7606135828400484,1
0.7690038869538253,0.8396427275142472,0.10678269110646822,0.7366276585104158,1
0.38009937332785265,0.11250266607295868,0.6679087599887996,0.6859525173445357,2
0.8716656210111848,0.6611673844795264,0.16609731406293754,0.8557343808250815,1
0.06070570927893035,0.8401852967479523,0.22811012557348095,0.4405648453767606,2
0.6456093286891808,0.8473097920650187,0.12697352833480519,0.7085263282322667,1
0.7787681457283171,0.31242633219456156,0.3925129773623107,0.6633750693326786,1
0.2990141992803006,0.06557978199942373,0.7409912335494433,0.5267465015412313,2
0.2483323597920227,0.004258233020389358,0.9861201456049282,0.5506151286178018,2
0.6924835399404337,0.8621761890685397,0.07300924031274907,0.6539731034670886,1
0.6673733855439933,0.29686394982918424,0.5623796497727616,0.6997081207888922,1
0.4382370969719259,0.8675195605563392,0.30226376892756374,0.3350973385344208,1
0.7814003129755028,0.8141681665275943,0.11796583884377627,0.607054202242287,1
0.7594631821099165,0.7656998956021958,0.17584164387102333,0.7420360620857087,1
0.4486633638376277,0.5397594734459134,0.20666465634221468,0.7293379524809732,2
0.5269577194614514,0.6054212021089105,0.10530510263424302,0.7227529392509343,2
0.3476407848906388,0.5064648059660165,0.25184397010360354,0.7823654036753139,2
0.40110623138552953,0.12156170134744261,0.6549507829495769,0.7315711466943088,2
0.39224339975048494,0.5008127312935224,0.29750360781441837,0.9509715667821452,2
0.4990401603819167,0.8449075200095792,0.2684541322937084,0.39294579775771293,1
0.8049095327722852,0.9241974652662145,0.06001680056863464,0.397173954554134,1
0.8480770756261313,0.8901278592463152,0.057617334740560466,0.42645280376806055,1
0.5748797496195978,0.3732876327891426,0.42772524608525214,0.7503841712358038,1
0.3242108906821279,0.6317451645855706,0.19186335537510502,0.5012320757976667,2
0.11944991310242374,0.8566794014525889,0.20965429599155663,0.23915000409176462,2
0.2636349869112779,0.029343640901488145,0.7900833566674565,0.5299289851514407,2
0.5908963070332951,0.567246779196773,0.45485601051112506,0.7376851523500368,1
0.7946404747997029,0.9326353523145255,0.05853921209640943,0.3822435600170944,1
0.028203852339023127,0.7695689755170311,0.2572701229887781,0.08724551497131212,2
0.8089623491912397,0.8993403106489501,0.06164085553664895,0.38577157041926946,1
0.36776785006021534,0.5294615093901897,0.17215413444762748,0.7022941160424452,2
0.27535353972409116,0.6198984460068776,0.2416197471299029,0.6990025187084572,2
0.36118382623369316,0.46263943093842025,0.277610011415771,0.8104667339534629,2
0.7832897042597841,0.8519534363341777,0.038904085984448715,0.4105858497685879,1
0.1736725583944501,0.03824926004782092,0.9478406961466389,0.4847740891277267,2
0.8162819375635505,0.6087477127900407,0.24863290757533335,0.8101139329132455,1
0.4574425430341316,0.38900343128267106,0.4052469468197385,0.9140547569037163,2
0.8436132084315889,0.8012400513382751,0.12328171107329787,0.6646662483973921,1
0.8082988988166065,0.49872215590820473,0.23781764921274257,0.8025887230966474,1
0.7995081813527177,0.9334884956613171,0.039972429836086766,0.34626330960109836,1
0.8872999733177566,0.6644227998817573,0.16063497533762683,0.869136273948189,1
0.589446812193064,0.6637230726631169,0.3740926615977772,0.8539703756239941,1
0.7662130685300969,0.569338477139126,0.27173842806987314,0.9046436982278112,1
0.8498871413221412,0.5942704688920736,0.23360975294548433,0.9276939723760423,1
0.4816729045424716,0.82555089486505,0.14495013677386004,0.47419005792120167,1
0.5610266173405736,0.6969432771930087,0.02100071079328838,0.26208207170590214,2
0.6122493131125197,0.33278951681403346,0.5871109483705603,0.5855406130372713,1
0.4182405584521414,0.45110328647281356,0.2050776487819588,0.7581439755585259,2
0.2895816656931253,0.5130464327008348,0.2572701229887781,0.7722536530365439,2
0.2104075171812013,0.6572197255722235,0.19957783186507852,0.397173954554134,2
0.3980630133627559,0.9210206288564511,0.34759084153617503,0.40470280149485793,1
0.3878588581442139,0.6384056696613994,0.12992439744114417,0.5751929948989334,2
0.5730314634128753,0.6415001852219108,0.03391991728950826,0.441155878047228,2
0.5352241669010377,0.5419293761950555,0.2603355805888815,0.7368631622975713,1
0.808630624003923,0.8417344254566002,0.09751653132875267,0.7229884430380897,1
0.40417108365964993,0.44568133599254617,0.40115019277575553,0.8273975467597771,2
0.23259704764583286,0.7077048573042916,0.1996885433045426,0.2834774543768242,2
0.3812099315636515,0.9623681463215678,0.36102698860576826,0.33192394773452627,1
0.3307155889203787,0.34486823051334536,0.5057186550929416,0.7721360829991726,2
0.6904859773994187,0.7970566554535692,0.20965429599155663,0.5365121798194167,1
0.8032292725843555,0.8966312063372087,0.05831951235272579,0.3969466342962619,1
0.6748804707613093,0.41703368045291433,0.3635384582247399,0.7694317902834228,1
0.38092147487902844,0.9614401658390926,0.3429771469188188,0.4750175036598561,1
0.6185737259228812,0.8587673575381576,0.12985116419324963,0.7104076306864162,1
0.6474338172194218,0.8209072505958906,0.22670751933142355,0.5719013975649454,1
0.4403457153365208,0.32450504589387347,0.42315032201089886,0.9033525191630977,2
0.7888064383532009,0.3361197693519478,0.37398496564499106,0.7283968466133828,1
0.5307696745487456,0.4782033100465113,0.27487453421500424,0.8578511870663866,2
0.6424290937412112,0.8063476858486718,0.217442867297047,0.5078152704656428,1
0.6671426201962948,0.7943475511418276,0.17049130893661016,0.4770179219291307,1
0.41408678219356887,0.8995760476263532,0.10050617097809467,0.2440874000927466,1
0.38477958303586235,0.6391802340157233,0.12937299416287937,0.5774298262363948,2
0.8399498085368757,0.36283288493416205,0.34655696038942857,0.8063513280049465,1
0.2276139584189689,0.0346870123892878,0.77893467163504,0.49218472953435716,2
0.1511440913253863,0.6490138336445311,0.2633605445107373,0.6412704474571955,2
0.19216984329590606,0.3089426635284961,0.6989510414198635,0.7401547596315592,2
0.5430247567949578,0.6488566756595958,0.038680078402653625,0.4306900533747965,2
0.35470797366390466,0.5595797146460016,0.20378572813233678,0.7034698164161597,2
0.5516308619806878,0.663337661414347,0.02214659573093243,0.3694317902834229,2
0.24233246075186232,0.63600339760596,0.19784306545760008,0.46807968938959965,2
0.2144819678515025,0.6087477127900407,0.26199452904559845,0.6768960782709111,2
0.6340061585502167,0.5087877506576314,0.4509789562108256,0.8947689062258471,1
0.8000706718877327,0.7279146257956123,0.14288237448036703,0.7796611109595643,1
0.8061931650188578,0.5337975730316898,0.27480130096710964,0.9434518126517363,1
0.7740951474374229,0.36724827593948667,0.4148448101320352,0.9001791283632031,1
0.6597004377330189,0.7999229177502459,0.2071445495078295,0.609409240113842,1
0.6550995536132805,0.5619034077089734,0.4093824714067245,0.8594969857333805,1
0.6205568656296649,0.548896339341508,0.14284360393736403,0.8368040590305245,2
0.5181684442809856,0.4746395656452645,0.27096301720981325,0.8216363421442664,2
0.21783527681024598,0.036389557226086736,0.900596635578435,0.6903016085181446,2
0.31827589439600773,0.5221057673238615,0.3050681715381136,0.8657282886421707,2
0.37349371524998376,0.4836233895983865,0.33703663816313784,0.7861279176555097,2
0.36155160850658763,0.6593114235145765,0.20038985934908565,0.6704310901370286,2
0.6916542269721423,0.7454901271108749,0.17772416912572428,0.6647844549314856,1
0.7898160367493816,0.7423132907011117,0.12202813018286775,0.7152277294343362,1
0.5587261752807045,0.3096386488903523,0.5868524780838736,0.5161715631450212,1
0.6963416480972675,0.8150213098743858,0.06721519805285718,0.6584376733316966,1
0.5569355804109065,0.6024015236840825,0.4391668641092468,0.827280249506715,1
0.6303427586555034,0.6242352580197347,0.35283348051780217,0.7873037089573274,1
0.763393404437906,0.5617499915808223,0.31374415749456136,0.9731943951917219,1
0.7094736386647341,0.5947344591333111,0.30691623408792296,0.8121125326204569,1
0.6053191412644499,0.55501464936931,0.12675382859112155,0.8136410340343889,2
0.5666681089500898,0.696475545094987,0.0010683438516380526,0.22421960955472503,2
0.7957293987841552,0.34819848305125967,0.3884162233183277,0.7673149840421178,1
0.8638051763552057,0.7999229177502459,0.1267882912960131,0.6997081207888922,1
0.8999920674411729,0.8696075166419082,0.014836194455812362,0.4208152613728325,1
0.8707137139519288,0.8222992213196032,0.11461003295496157,0.6832428598707001,1
0.5962616013672847,0.548896339341508,0.4757102548086243,0.7667275884957764,1
0.5657825469282969,0.6219115649567629,0.4148448101320352,0.831983051001573,1
0.5953673856449532,0.844600687753277,0.13435716285781982,0.7098193258590433,1
0.7377856622604907,0.38761146055895856,0.34722467529670237,0.7588495776389608,1
0.8475939106793876,0.5930319142965123,0.21607685183190817,0.8898315102248652,1
0.601936986637244,0.5095619408262768,0.507342710060956,0.7087609227383906,1
0.4741932227101948,0.6028655139253201,0.09929136063066751,0.6824245069423607,2
0.5757847824676027,0.7344965518789733,0.3085402890559373,0.7476799694481573,1
0.3188960762679474,0.25884668490198204,0.4955306179593771,0.7206370422906607,2
0.5688048518414354,0.6456835811066168,0.07131195209684021,0.65032688653082,2
0.23970750492179216,0.19697882483245832,0.7602946561268228,0.6904189057712067,2
0.3223287108149622,0.47959677751293744,0.3443427316001465,0.7621420842539803,2
0.40770467804628285,0.9831990630390613,0.2574915458677063,0.09088263909726574,1
0.37521003252349117,0.1752985066249574,0.6258297973162168,0.7677859916164289,2
0.7769725028665384,0.37003595924369587,0.3723609106769768,0.7767216236122098,1
0.7428192314071638,0.3484304781718784,0.3915178667585672,0.7635532884148504,1
0.8559447316992261,0.6301960358769229,0.2572701229887781,0.850678778290006,1
0.25175778292192197,0.5862965720850001,0.23575074848687186,0.5553252043609118,2
0.4510885634135964,0.8733269222853765,0.06459172464298792,0.0950016821699082,1
0.20921763335713098,0.6449090167522928,0.2071075021000711,0.42375223910453996,2
0.2951128226207732,0.20580586498632353,0.6698989811962867,0.8830119024887022,2
0.2823125572406233,0.249245080393793,0.7183664677881405,0.7696669303581658,2
0.7085361544397089,0.9262105842160997,0.07448682878497427,0.37683333787973844,1
0.4876324196467848,0.6303531938618582,0.08186615546987745,0.5121707266064722,2
0.612963243406962,0.5121947112596212,0.40771964589570725,0.831042854415014,1
0.5272173304776121,0.701976074567722,0.005828504964783422,0.1961228256817334,2
0.7265502743944212,0.6012378062242045,0.31876278889439336,0.809172827045655,1
0.45245584809870987,0.6448304377598253,0.07950546018480627,0.46560644498395115,2
0.7801238921460456,0.7839713822793146,0.16225903030564112,0.8137592405684825,1
0.18432382147415782,0.01811807054896779,0.9733474056044975,0.4845376760595397,2
0.4036013817075193,0.19961309200851649,0.6088870700239085,0.865375487601953,2
0.7116370637994073,0.8671304074507853,0.08541150623559568,0.6817152677377997,1
0.451695764734728,0.6426639026817889,0.0775497016822108,0.45384944124680604,2
0.3479364529923775,0.570266457621601,0.1964033859607556,0.6706675032052156,2
0.7662202799472124,0.3732876327891426,0.375867490899692,0.7659046891622794,1
0.9214316105257845,0.7129696497996235,0.1303681047666229,0.7841290451639888,1
0.7186465612357484,0.7416173053392554,0.22290563680616884,0.7239286396246488,1
0.5816440588740094,0.7735952134168017,0.14129278221724428,0.5306291315456868,1
0.7002502361739106,0.8976377658121514,0.07946668964180328,0.412931794829828,1
0.692151814753117,0.641114773973141,0.31525620867167814,0.8016485265100886,1
0.6448088613893517,0.5518385613309036,0.40978740818920023,0.8512661738363475,1
0.3515349501330506,0.5200151919385437,0.18263510457277016,0.6988843121743638,2
0.5773633616742027,0.725512353740173,0.32308355052017146,0.7659046891622794,1
0.9040593066943585,0.573286136046429,0.22951274043121458,0.9526173654491393,1
0.32797525041645936,0.6480072741695884,0.16860878368190924,0.5182810951380743,2
0.35979202273038674,0.6590008494014901,0.1934503629353609,0.6669030797348536,2
0.6563687630256221,0.4782033100465113,0.4522368449393672,0.7506187657419278,1
0.9317367255839445,0.7376696464319524,0.10475369935597821,0.7219300399174373,1
0.800272591566969,0.5303906124296999,0.2904516768259849,0.8366867617774625,1
0.6826038984920927,0.8720883676898151,0.09508260279578695,0.5249824963401438,1
0.5542010110406796,0.781108861839422,0.24276390893230235,0.7396846613382797,1
0.4818560745372073,0.34889446841311594,0.3184698559028152,0.8630240868545241,2
0.36559000209131093,0.6232286985447919,0.1282658797682383,0.5615537794266073,2
0.5440545471590622,0.5398369298813458,0.17691429556077282,0.8136410340343889,2
0.3581694538793818,0.5631419623045347,0.20005772503069336,0.6623203033361521,2
0.19077082837548404,0.7009695150927794,0.1997622073362483,0.2797221237167771,2
0.4186371863934982,0.4521098459477562,0.3361879940551834,0.824223246678851,2
0.7626866855605796,0.8656598577346051,0.07127318155383722,0.6639661020031461,1
0.5371236541692808,0.5658548084730605,0.1652486699549831,0.7263982469061713,2
0.7519272512241381,0.6376311053070755,0.2669037413573998,0.8001200250961564,1
0.8011956529577627,0.40549753598730764,0.32245460615590066,0.822812042517981,1
0.11192119363376095,0.8560582532264159,0.21102031145669548,0.2338579884885021,2
0.6151699370443287,0.6511017897300999,0.3702199151355893,0.82175454867836,1
0.8974031686966806,0.6315131694649518,0.17802140995541388,0.9195831855751656,1
0.2930359344914869,0.6030975090459388,0.2504047213905702,0.7407430644589322,2
0.37506580418117963,0.9206352176076813,0.34700066771490723,0.49629467979668473,1
0.3059876396310639,0.5890056763967416,0.20946992052038688,0.5851859934349909,2
0.5452985166114993,0.3932616643030604,0.3608072888620846,0.6877165225456232,1
0.43488450915489407,0.508245929795283,0.1886889094707821,0.7775446684306718,2
0.46891807109014993,0.7895467488877331,0.2477838326835678,0.6450348709275575,1
0.584651219811205,0.8284957361541945,0.16738966549637063,0.6271584058484956,1
0.5419942452891418,0.641114773973141,0.03358821375492709,0.40964019749584,2
0.7638333008819562,0.8377867665492972,0.08644538738234218,0.6680760522654736,1
0.6032710988036258,0.6387162437744858,0.23789174402825944,0.7663747874555589,1
0.2236260447540546,0.03344845779372635,0.7903073642492515,0.47607226965638266,2
0.7219782359431451,0.7257443488607916,0.23958946302797943,0.6721950953381162,1
0.3539940433694625,0.5740607004007529,0.2240868029379456,0.6185747929112451,2
0.6479458278346277,0.75470257851351,0.2316905249100739,0.830102657828455,1
0.6234486438930114,0.33627318548009894,0.5947142826372585,0.5844767542304299,1
0.6070210357037262,0.847620366178105,0.14528184030844124,0.7283968466133828,1
0.5184958426180328,0.8126976168114141,0.27399142740215826,0.47348991152695563,1
0.7588285774037457,0.8783597196600897,0.06599607986731859,0.4646698855215181,1
0.6264630162473227,0.8095245222584351,0.18998083012040407,0.45384944124680604,1
0.9298401228825476,0.7170744666918618,0.12416912572425529,0.7716657119215835,1
0.5776330686743252,0.7844353725205522,0.28284834255928665,0.5539067259517899,1
0.7287353337804412,0.39070971797625415,0.4487302647166519,0.8524418742100621,1
0.4698706992911177,0.506077897974533,0.20806728843130076,0.8154050392354765,2
0.8572355753629146,0.8188941316460053,0.10058371206410065,0.6433890722605635,1
0.4958051186638686,0.7360419387308371,0.24918646477265385,0.7135819307673422,1
0.34808068133468906,0.9629892945477404,0.23109992030499496,0.06936904989225012,1
0.7547973952361379,0.5098717665680064,0.2623266633639908,0.8037644234703619,1
0.7695303204032624,0.5457992044812476,0.2978353113489995,0.8478563699682661,1
0.5452985166114993,0.3932616643030604,0.3608072888620846,0.6877165225456232,1
0.3453836113334631,0.946884342948658,0.3392853296573115,0.47960028005855765,1
0.6521140269274315,0.5851328546251221,0.3418355698192862,0.8203433445174899,1
0.37885179816685777,0.27781415694095724,0.4696189717190428,0.8159924347818179,2
0.6847096322898413,0.6263269559620875,0.23634135309195084,0.7721360829991726,1
0.3409485898073831,0.48974020288347486,0.31315398367329356,0.7365094519763222,2
0.5276312658200463,0.8603164862468055,0.08614814655265256,0.3367431372014148,1
0.7415860790804001,0.5307004381714294,0.28809098154091367,0.8859488802204096,1
0.39926732002105736,0.5180019233143871,0.5235832597410989,0.7312183456540913,1
0.33997504849678006,0.5691813191541907,0.19234324854071985,0.6603198850668776,2
0.38874586244942994,0.1973679779380124,0.6202554548000085,0.8898315102248652,2
0.3433355688726391,0.4833135638566569,0.34482520946862816,0.7813071824108677,2
0.6587124735881849,0.260549229738781,0.5923148168091843,0.7225183447448102,1
0.3678688098998334,0.1903968987490973,0.6220992095117065,0.8627885830673686,2
0.03848733314583646,0.8435155492858667,0.2377069377732785,0.419287669239932,2
0.35883290425401493,0.5217184851466995,0.18440562603657357,0.7018240177491657,2
0.34022744809582534,0.9463417737149529,0.30625282701876066,0.28853305691189973,1
0.44759463182109915,0.5454893787395182,0.15702069916212552,0.7597906835065513,2
0.7418456900965609,0.7634547815316917,0.20038985934908565,0.856321776371423,1
0.800272591566969,0.4233836114156567,0.32596118637861593,0.8711366922174636,1
0.9471475239599334,0.626401793097771,0.17056454218450473,0.9095810942287932,1
0.3973418716511982,0.3246622038788088,0.5153897516531329,0.7931822108258999,2
0.8830596600537972,0.646768719574027,0.17370495616774723,0.8693726870163762,1
0.516579769090424,0.5237316040965848,0.2073289249789993,0.8654936941360466,2
0.7922030158146377,0.6089797079106595,0.29326038727464626,0.8593796884803186,1
0.23925318564351078,0.5866034043413023,0.2261907510715747,0.5490875364849014,2
0.6107853954380575,0.8291131425235831,0.13727356925926726,0.598352382770943,1
0.755273348765766,0.7497483601312643,0.14365778534042692,0.7443874628331378,1
0.42630292278735693,0.5844368692632659,0.16923772804618004,0.651736272129627,2
0.761330939142851,0.7706541139844415,0.19869170956555454,0.7346281495221728,1
0.6173045165105395,0.7284534531725333,0.231801236349538,0.7748403757149221,1
0.5902617023271244,0.5465733946498932,0.4627178150645098,0.7254571410385807,1
0.5489835507575593,0.5144416962585173,0.2812242875912723,0.7261609245569528,1
0.7805565771729803,0.40743207594472536,0.32489284252697787,0.7629649835874773,1
0.38966892384022384,0.6410361949806733,0.1531824154048291,0.45314929485256,2
0.555067823377972,0.7092539860129393,0.27369418657246863,0.7389790592578448,1
0.5224138055369261,0.5871459735750074,0.0862989208865531,0.7211071405839402,2
0.32881898621898187,0.24204200608425913,0.5223296788506688,0.7235758385844312,2
0.3278887134110724,0.9324819361863743,0.3110862213798006,0.4623148476499631,1
0.40124324831072555,0.5207119256717568,0.17765093587782974,0.7330996481082408,2
0.5265437841190173,0.7028254760577294,0.01062743662093181,0.19658655900779254,2
0.4987315117293699,0.9015891665762384,0.06780537187412498,0.22092801222073702,1
0.5618061715307675,0.7876122089303155,0.2772740000430784,0.7282795493603207,1
0.4677051107313098,0.6356179863571901,0.08519180649191205,0.5229911708811842,2
0.1586151194571245,0.3285312837936441,0.6759558015809767,0.7289851514407558,2
0.5387217042020928,0.47982914681923466,0.18148921963512613,0.8064686252580084,2
0.5115836271985807,0.7792491590176878,0.13922932776186273,0.4907753439355501,1
0.48778746511476967,0.821756652085898,0.09271759967260432,0.5474417378179074,1
0.3668159430009591,0.5231123267988042,0.2814482951730674,0.7435645634996408,2
0.798664445550195,0.5240414298383144,0.26609171387339264,0.8847759076897896,1
0.29105279478470314,0.05745246906419901,0.742727292308355,0.5808396301044764,2
0.521595309694308,0.8569899755656752,0.06724966075774873,0.24785182356310861,1
0.3112231284569731,0.6620991068187856,0.20651689749499216,0.4465570073742691,2
0.7210840202208136,0.3434762597896328,0.48217201197578996,0.8292788492139266,1
0.2631950904672277,0.6409613578449899,0.1966984728713895,0.45690462551260713,2
0.8116810534438123,0.41037317537708556,0.31437310185883216,0.838568064231612,1
0.3853276507366462,0.24908792240885771,0.4771490727378465,0.7924775180264964,2
0.6061845113183191,0.336662338585653,0.5903590583065889,0.6059994362457605,1
0.6886110089493687,0.5587303131559943,0.3967949684450858,0.7887149131181974,1
0.5554435382096936,0.9040662757673612,0.16728196954358457,0.4212789946988916,1
0.29990841500263216,0.5816491859590566,0.25741745105218944,0.7350991570964837,2
0.6531668938263058,0.5845154482557334,0.3628750511555776,0.8162279385689735,1
0.34430189876612655,0.6387162437744858,0.13051887910052343,0.5532065795575438,2
0.38558726175280705,0.5552466444899288,0.6080728886208456,0.8636123916818971,1
0.3106894835904203,0.5324037313795852,0.3327891097852543,0.7970630222682925,2
0.4626311576487896,0.2795952807702238,0.4338165291748336,0.8778380934195331,2
0.6788755958433392,0.7956646847298566,0.228405410644668,0.6189294125135255,1
0.5748797496195978,0.3732876327891426,0.42772524608525214,0.7503841712358038,1
0.5748797496195978,0.3732876327891426,0.42772524608525214,0.7503841712358038,1
0.37486388450194347,0.19179261132959394,0.5585413660154651,0.7166389335952063,2
0.4571057698548342,0.6260163818490011,0.07286277381695996,0.49123907726160926,2
0.7923977240767583,0.7717392524518516,0.16119068645400308,0.7265155441592333,1
0.25084193294824364,0.20170104809408523,0.761587007560256,0.660674504669158,2
0.8136425588992492,0.42237705194071407,0.29698666724104505,0.8423306691399111,1
0.41742566831808114,0.9224949204294155,0.3109009843410085,0.38412577175227547,1
0.5489835507575593,0.5144416962585173,0.2812242875912723,0.7261609245569528,1
0.2976512414454564,0.6670533252010312,0.20803024102354234,0.4105858497685879,2
0.6349003742725483,0.6788214647872568,0.31983544058414287,0.8458577702610545,1
0.7879266454651004,0.8905918494875528,0.05842720830551188,0.406112187093665,1
0.7907535209744067,0.39388281252923324,0.3766773644646434,0.8533829800776526,1
0.21813094491198465,0.20433531527014331,0.7642449436750167,0.6465624630604581,2
0.28164189544887464,0.5311648025983453,0.34068968488164214,0.7714305718468407,2
0.2714593744816794,0.5828091615621505,0.23549227820018526,0.5596715676914263,2
0.5229625943794215,0.49810250442474563,0.5605703577659552,0.85996708402666,1
0.5294413315160562,0.7822688374425157,0.21415770995325997,0.6697218509324676,1
0.3039900770900489,0.177079630454224,0.6184117000883107,0.6879502077707157,2
0.5275447288146594,0.6978712576754836,0.015796842354664303,0.24808823663129562,2
0.8123733494869078,0.5577237536810516,0.2588200831412755,0.8646698855215181,1
0.6210616648277553,0.8114590622158528,0.2402171150408168,0.577657146494267,1
0.47232546567726025,0.5488188829060756,0.1575721024403903,0.7255753475726742,2
0.8431661005704232,0.3346492196357677,0.3765653606737459,0.7543813706502268,1
0.8427262041263729,0.3891605892676064,0.3396170331918927,0.8275157532938704,1
0.5723860415810311,0.6939984359038642,0.019083722833695933,0.26890167944206506,2
0.7899530536745777,0.6266337882183898,0.26771576884140696,0.8323358520417905,1
0.5984971406731137,0.6977140996905485,0.0,0.24315084063031353,2
0.5787205503753543,0.6434384670361126,0.05672992008960305,0.621639069987361,2
0.7099928606970556,0.8553622678645597,0.08268033687294032,0.6843067186775416,1
0.4681666414267067,0.6226075503186191,0.15668899562754432,0.5561435572892512,2
0.7890732607864772,0.5802534733785599,0.2966894264113555,0.8652581903488912,1
0.2852476040066633,0.2670525768296744,0.6817843065457599,0.6961801103867172,2
0.32505462648465044,0.4864106987169173,0.3724686066297629,0.7774270983933003,2
0.38653916881206324,0.2604706507463133,0.5352876558898917,0.8984151231621157,2
0.3675154504611701,0.9352696194905836,0.30990587373726497,0.4644334724533311,1
0.7860805226835125,0.5447151885708726,0.27524500829258836,0.9319221291724632,1
0.6661113875487671,0.5669362050836866,0.277610011415771,0.8552642825318021,1
0.15547815301184834,0.7793277380101555,0.22028474809916646,0.14450294152413687,2
0.7820637633501359,0.5458766609166801,0.31835785211191764,0.8704274530129026,1
0.8210631071111785,0.6399547983700472,0.2637292954530769,0.836333960737245,1
0.599463470566601,0.8160278693493286,0.2192512977362311,0.5782481791647344,1
0.5703841521897468,0.7235778137827553,0.29993753634738407,0.7620238777198868,1
0.720002307653477,0.7926450063050287,0.18562517500592332,0.6968857124671521,1
0.4111012555077198,0.43762886019300495,0.3487367264738191,0.8324540585758841,2
0.23341914919700868,0.6061957664632344,0.25704870010984987,0.6784236704038117,2
0.44557255046189126,0.5877671218011802,0.12549593986257998,0.6781872573356247,2
0.551139764475117,0.5876885428087125,0.08604045059986647,0.7477972667012194,2
0.3467321463340761,0.252264758818621,0.5505287871281798,0.8330414541222254,2
0.10940440906042441,0.7520720531942361,0.2663872315678377,0.1749547632686834,2
0.24968089479263567,0.53255864425045,0.3287655889891658,0.7356865526428252,2
0.37523887819195345,0.2795952807702238,0.471135330734271,0.7950635132800494,2
0.6983247878040514,0.7992269323883897,0.21541258319512355,0.625630813715595,1
0.6363354462785482,0.7742163616429745,0.17281754151678982,0.6339780135846586,1
0.5930092522481594,0.8291131425235831,0.13911732397096518,0.6951226165470962,1
0.5870670445449234,0.5392951090189975,0.4857130549033967,0.7242814406648662,1
0.34037888785525244,0.16623947135047354,0.6254593232386327,0.7046464260709057,2
0.7237450331364617,0.7848245256261063,0.17536347384065307,0.8064686252580084,1
0.6209895506565996,0.75284661754856,0.21984190234131,0.5581439755585258,1
0.1450937123654169,0.7961286749710942,0.22194585047493917,0.0950016821699082,2
0.2748703747773475,0.24545083761464115,0.7292911452387619,0.6912418051047037,2
0.5819974183126726,0.8808368288512125,0.16875525017769832,0.6149376687852914,1
0.5083490109541426,0.8284171571617268,0.24959226312275187,0.43033543377251604,1
0.6391983788734324,0.2730919336793303,0.574557908113813,0.7392136537639689,1
0.9136360686238453,0.8927621264223733,0.04277683244663667,0.43045364030660954,1
0.4075460268697402,0.4638031483982982,0.3270338380683654,0.775310655864408,2
0.6471669947861455,0.7414638892111044,0.23892519439119478,0.5905962155723469,1
0.7928953118577331,0.4272564331872762,0.3302087147564995,0.8211662438509869,1
0.37239036843130047,0.2689122796514086,0.436586469080492,0.775310655864408,2
0.8177025867353193,0.8003869079914836,0.12487130333642063,0.6898315102248651,1
0.2938580360426627,0.018192907684651285,0.8080987356495143,0.5383943915545977,2
0.8488270630061514,0.594191889899606,0.21552329463458764,0.9193467725069787,1
0.24784198342816344,0.29183115245447094,0.662446421263489,0.7019413150022277,2
0.268394522207559,0.5143627430803713,0.3553061795937709,0.7363921547232604,2
0.5096389964591942,0.6425853236893211,0.036763090443061176,0.3894177873555379,2
0.5570026465900814,0.6968646982005411,0.0031361061451310648,0.22221919128545053,2
0.7079087611506537,0.7719712475724704,0.18174768992181276,0.7841290451639888,1
0.9175158110320258,0.8070474130673123,0.11205979279298685,0.6931231075588532,1
0.6334580908494327,0.33542378399009154,0.5815710685592436,0.5894232430417269,1
0.7167427471172361,0.541850048831231,0.32636612316109165,0.9469707302435965,1
0.703704504972272,0.3581892406650028,0.40827535701208345,0.7927121125326204,1
0.5719245108856341,0.7153681799982787,0.3158119197880544,0.7596724769724579,1
0.5614210818567957,0.9333350795331661,0.16816507635643052,0.40693963283231943,1
0.5639436355638247,0.7639187717729292,0.17849957998578414,0.6811333278776471,1
0.6414843980990704,0.7453367109827239,0.27155319103108105,0.591769188102967,1
0.8104406896999329,0.5432438904833357,0.2635819673896655,0.8457404730079926,1
0.5043731475672284,0.4943860922667046,0.5603463501841601,0.8184620420633404,1
0.4061109548637402,0.24939849652194412,0.4709113231524759,0.8057639324586049,2
0.0633811450288096,0.8412704352153627,0.21840265362827666,0.4467934204424561,2
0.7526700271870425,0.5583411600504402,0.31990867383203736,0.9669658201260263,1
0.39553901737230385,0.14564429161038286,0.5770306071897818,0.6790147030742791,2
0.7657875949202778,0.6051892069882918,0.3091692334202081,0.8438591705538431,1
0.5489835507575593,0.5144401620972359,0.2812242875912723,0.7261627431190157,1
0.807318146088888,0.36809767742949406,0.35106295905399876,0.7756634569046256,1
0.42893509003454267,0.6017017964654422,0.11899971999052278,0.6458532238558972,2
0.33393188095392623,0.1735173827956909,0.6302582548947812,0.7179328405030142,2
0.8808890235020084,0.6635696565349658,0.14229220065909923,0.814346636114824,1
0.4370241366130858,0.6199770249993451,0.17455360027570166,0.634805459323313,2
0.7161009309939497,0.5320942798235341,0.42547655459107847,0.7550869727306618,1
0.7615977615761274,0.7523040483148549,0.1510758825683331,0.7754282259017795,1
0.7500667056083191,0.8821539624392416,0.06311844400887416,0.43962828591432745,1
0.6336888561971313,0.6950835743712745,0.31765567449975235,0.83421715449594,1
0.3755561805450389,0.2687551216664733,0.4708036271996899,0.827280249506715,2
0.7771960567971212,0.8742549027678516,0.05957309324315593,0.4727806723223946,1
0.6785871391587162,0.25946409127137066,0.590466754259375,0.7365094519763222,1
0.5736862600869697,0.6402616306263493,0.05300364012320419,0.6250488738554425,2
0.2500919455682236,0.6629485083087929,0.22430826889525493,0.5844767542304299,2
0.38099358905018427,0.2735559239205679,0.5929049906304521,0.8063513280049465,2
0.7993351073419437,0.3510647453479365,0.43219247420681933,0.8806568646171472,1
0.4711896674815568,0.6226861293110867,0.1497102978870054,0.5716649844967583,2
0.4467472903100188,0.6325983079323622,0.09799900919723438,0.5100521018031042,2
0.5161946794164521,0.6359285604702767,0.07994916751028497,0.5185175082062613,2
0.3660082642840145,0.9571033538262357,0.210281948004394,0.061494676159560585,1
0.2709113067808955,0.6664359188316425,0.20817799987076485,0.6115278649172099,2
0.44169352919542215,0.8891212997713726,0.2785663514765115,0.3020540658501322,1
0.6507510690925874,0.8619441939479209,0.07603765050509403,0.607054202242287,1
0.7664510452949109,0.39953301627333515,0.3487367264738191,0.7995317202687834,1
0.3210667128197362,0.5007352748580901,0.2679742391280936,0.8163452358220354,2
0.6611859896588279,0.7727458119267944,0.24700885260731903,0.5751929948989334,1
0.5391255435605651,0.7226498333002803,0.31529497921468114,0.7405075606717768,1
0.7572853341410121,0.9311648025983454,0.04661942404204451,0.3141656891895578,1
0.36372945647549193,0.26813771529708474,0.435587050638637,0.7390963565109068,2
0.6024057287497566,0.6854819698630854,0.32651689749499213,0.797767715067696,1
0.7784219977067693,0.3770032965758268,0.39978460809442784,0.8959418787564671,1
0.4635268156545443,0.5119624167904597,0.21400995110603746,0.8229302490520746,2
0.5920357109375564,0.8579965350406178,0.13782497253753206,0.7039408239904706,1
0.71036064296995,0.9383678769078793,0.08386068451547592,0.3754239522809314,1
0.7865132077104472,0.6540466310192443,0.25804510306502687,0.8092910335797485,1
0.28438223395279405,0.12396397340288196,0.6142029422534301,0.5642543440901279,2
0.8697401726413259,0.8370870393306566,0.10117388588536844,0.6607927112032516,1
0.602211020487636,0.6995738025122826,0.31392939453335345,0.7972976167744165,1
0.6803683591862637,0.8819968044543064,0.09692635750748489,0.5206361330096293,1
0.30657897583454125,0.3015861730908111,0.484162233183277,0.819049437609682,2
0.23233743662967207,0.026866531710365318,0.9582527408619985,0.5676641479582094,2
0.6293403716764382,0.8427409849315427,0.1732612488422685,0.6512634459932531,1
0.7635376327802177,0.8660490108401592,0.053891054774161604,0.4175236640388444,1
0.6257346631186494,0.6383270906689318,0.351579899627372,0.7851872664284351,1
0.31608362359287223,0.45528294050073526,0.2865056971159024,0.7922420142393409,2
0.7101154547880204,0.5369721643273826,0.2855450492170505,0.8875946788874037,1
0.5354195963048699,0.7702687027356715,0.30580911969328195,0.7215772388772197,1
0.7118966748155681,0.7529214546842435,0.19603420423460488,0.7239286396246488,1
0.8000418262192703,0.5091750328347933,0.2472668921101945,0.8238704456386335,1
0.36330398286567295,0.164847500626761,0.6297800848644107,0.7679032888694908,2
0.2487073534820327,0.523963973402882,0.25841428479117756,0.7469743673677224,2
0.7005170586071868,0.6300426197487717,0.243723695263532,0.8305727561217345,1
0.24658719685005298,0.6648867901229948,0.21227518469855902,0.4222246469716395,2
0.8228587499729572,0.8772745811926793,0.057100394167187214,0.4897114851287087,1
0.26895701274257405,0.5191635453344658,0.25154888319296964,0.7503841712358038,2
0.6825389957380525,0.3441722451514891,0.4839037628965904,0.796827518481137,1
0.5456042806971998,0.6517229379562726,0.0521894587201413,0.5962428507778899,2
0.6446141531272311,0.42121333448083603,0.3487367264738191,0.7047637233239678,1
0.13868276254966863,0.764150766893548,0.22556327137226184,0.1843658219445884,2
0.720564798188492,0.5995352613874056,0.2856915157128395,0.7738997244878474,1
0.3269440177689318,0.5068520881431784,0.2918172615073126,0.8870127390272511,2
0.6192948676344389,0.8352310783657068,0.24575354858164433,0.5791938314374824,1
0.1985591588603076,0.2211362522310821,0.737708660908523,0.6047082571810469,2
0.41408678219356887,0.8995760476263532,0.10050617097809467,0.2440874000927466,1
0.2914926912287533,0.172742818441367,0.6402610549895535,0.7108777289796957,2
0.5189573733134298,0.5197828226322466,0.1552458698602107,0.8313956554552315,2
0.5845430485544715,0.6536574779136903,0.048536412001637,0.6010620402447784,2
0.3829190374200434,0.16802059517974008,0.560238654231374,0.621166243850987,2
0.38021475600170185,0.6438238782848825,0.17540224438365606,0.5609627467561399,2
0.4736062133569867,0.3526138740565844,0.31344691666487173,0.845622266473899,2
0.4816058383632968,0.6292680553944479,0.07773493872100289,0.5241641434118043,2
0.4297139230830251,0.5036774968474856,0.2829215758071812,0.8148167344081034,2
0.5359683851473652,0.5100266794388711,0.22633838068365392,0.809172827045655,2
0.34570812510366405,0.6310491792237144,0.12446205871583346,0.5343935550160488,2
0.799212513250979,0.5346492196357677,0.27199689835655977,0.8778380934195331,1
0.08430867749821513,0.8586925204024741,0.21589247636073838,0.22786582649099352,2
0.8246832385031984,0.5287647756569765,0.3156654532922653,0.8864217063567836,1
0.451089284555308,0.8733269222853765,0.06459172464298792,0.0950016821699082,1
0.4236996012086335,0.4620968617047151,0.3536821246257566,0.8373923638578975,2
0.5315751898405556,0.3486624732924972,0.42466237318801564,0.6873619029433427,1
0.692699882453901,0.7689515691476425,0.20101708057811188,0.8123480364076124,1
0.45482407747946546,0.5803320523710276,0.16336614470028216,0.6719586822699292,2
0.8049239556065162,0.41076232848263966,0.3169190341826954,0.838568064231612,1
0.6218477092933532,0.5478897798665654,0.12804187218644325,0.8522072797039381,2
0.7942654811096929,0.5541615060225185,0.260444568893101,0.8683179210198496,1
0.3776979714283654,0.26039581361062986,0.5164236327998794,0.8834847286250762,2
0.1849440033460975,0.027794512192840296,0.9636418463394146,0.5013502823317603,2
0.6289798008206593,0.6727821079376008,0.0321493958257049,0.5596715676914263,2
0.4385551204667229,0.616261361212661,0.09320007754108603,0.6579648471953227,2
0.37546243212253644,0.2625623486886663,0.44562862127641245,0.7272211462396683,2
0.44826817817969405,0.6261697979771523,0.17230060094341657,0.6440892186548096,2
0.37100577634510956,0.6466115615890917,0.15085618282464947,0.427280249506715,2
0.664697949794114,0.48509431350024507,0.4475111465311134,0.7154632332214917,1
0.41449783296915677,0.6154082178658694,0.1914941736489543,0.5924784273075279,2
0.7112620701093972,0.7889293425183445,0.19245395998018394,0.6064722623821344,1
0.3827603862435007,0.5908616373616916,0.5620824089430719,0.8623184847740891,1
0.8374474467977703,0.7851350997391926,0.08644538738234218,0.6413886539912891,1
0.3287036035451326,0.9704206221211089,0.3492148965041894,0.4370368349745856,1
0.3429822094339759,0.31149835171208656,0.4777392465591143,0.8574983860261691,2
0.24965926054128895,0.03151391783630874,0.795399228896978,0.5437955208816388,2
0.17949217200672105,0.044442033025627964,0.8929200680638423,0.6410340343890085,2
0.7715927856983177,0.7877656250584665,0.12996316798414717,0.6732498613346426,1
0.7005098471900713,0.7270614824488207,0.25915264824347906,0.641861480127663,1
0.549272728583894,0.8936901069048484,0.15484093307773494,0.3778971966865799,1
0.4284735593391457,0.24405512503414445,0.48678570659314624,0.8108195349936804,2
0.7114279327030555,0.9214097819620053,0.09216619639433953,0.4155232457695699,1
0.8472910311605334,0.8257828899856687,0.11741443556551145,0.6417432735935695,1
0.33549675846800653,0.4860234165397554,0.357559178926056,0.8465633723414896,2
0.5435829204797035,0.8979483399252377,0.18045964632649106,0.4121134419014884,1
0.7620881379399866,0.5633739574251535,0.3107545178452194,0.9408603617119942,1
0.6586331479999133,0.5506770889850963,0.42377495853705816,0.8894768906225847,1
0.2269360852101046,0.6581477060546984,0.21423137398496567,0.42998081417023554,2
0.6167203917241777,0.5168404883871475,0.4962327955715425,0.7496785691553689,1
0.6542990863134515,0.5846688643838845,0.09796023865423138,0.7775446684306718,2
0.40519510489006194,0.47835822291737606,0.32932130010554206,0.8131709357411094,2
0.7407207090265309,0.8049557151249593,0.21142610980679347,0.5462687652872873,1
0.6327153148865283,0.5023611116308134,0.40823658646908056,0.6871273084372186,1
0.8829154317114857,0.5276033033111691,0.23545566157623796,0.8845394946216026,1
0.7290237904650643,0.35029018099361264,0.3924397441144162,0.7029997181228802,1
0.37479898174790327,0.5622925608145274,0.2394417041807569,0.67972394227884,2
0.8396613518522525,0.725901506845727,0.13623968811252074,0.7948289187739254,1
0.7978423439990192,0.4143245761411728,0.3352273461563315,0.810584031206525,1
0.3156581499830532,0.03592556698484918,0.7734723329097294,0.603762604908299,2
0.41848574663407107,0.2706148244882075,0.4351433433131583,0.7742524345999618,2
0.8030129300708884,0.7179238681818693,0.14923212785663514,0.7987088209352865,1
0.38451276060258605,0.1864492398417943,0.5712021022249983,0.7359220564299808,2
0.6217683837050819,0.33921802676924345,0.5688370991018157,0.636451257990307,1
0.6328162747261464,0.663337661414347,0.023473409869257122,0.5497967756894624,2
0.4037960899696399,0.6385590857895506,0.14284360393736403,0.46455167898742467,2
0.24898138733242467,0.2694548488851138,0.6811208994765977,0.7623766787601044,2
0.26655561084308677,0.49647666765202225,0.3411333922071209,0.8261045491330006,2
0.36416935291954217,0.9514531500821337,0.34205526956296983,0.3034725442592542,1
0.2215563680418839,0.6531149086799852,0.20186615546987743,0.4123498549696754,2
0.48273226171675,0.5008901877289549,0.2071075021000711,0.83421715449594,2
0.34467689245613653,0.5116527033044337,0.34888319296960824,0.8215190448912045,2
0.9110255356280063,0.9069287962072541,0.03886531544144573,0.38283459268756187,1
0.6952527241128155,0.6470007146946458,0.2605552803325651,0.8510315793302236,1
0.42835096524818095,0.29686394982918424,0.42433066965343447,0.8397437646053265,2
0.5318672522337364,0.6392550711514068,0.03351498050703257,0.41246806150376897,2
0.2198616850197232,0.6134736779084518,0.25479699312899823,0.6718404757358357,2
0.639905097750759,0.7536211819028839,0.22615383289895966,0.7817774625603535,1
0.546730704050653,0.661092547343843,0.02022529993322851,0.3824799730852814,2
0.6928080537106347,0.8384041729186857,0.09873564951429127,0.6583194667976031,1
0.33823709697192594,0.33441722451514894,0.5140974002196997,0.7717833728870581,2
