0.21315789473684219,0.029644268774703563,0.6524064171122995,0.3814432989690722,0.2608695652173913,0.42068965517241386,0.3945147679324894,0.16981132075471697,0.6119873817034701,0.1510238907849829,0.2520325203252033,0.663003663003663,0.17261055634807418,2
0.5710526315789473,0.2055335968379447,0.4171122994652407,0.030927835051546376,0.32608695652173914,0.5758620689655173,0.510548523206751,0.24528301886792453,0.2744479495268139,0.26450511945392485,0.46341463414634154,0.7802197802197802,0.550641940085592,1
0.6473684210526317,0.5632411067193676,0.4438502673796791,0.4587628865979382,0.1956521739130435,0.22068965517241385,0.029535864978902943,0.8490566037735848,0.14826498422712936,0.37713310580204773,0.26829268292682934,0.20146520146520147,0.21540656205420827,3
0.48421052631578937,0.7648221343873518,0.5989304812834224,0.5618556701030929,0.17391304347826086,0.2482758620689655,0.06540084388185653,0.641509433962264,0.14195583596214512,0.5435153583617747,0.04878048780487809,0.21611721611721615,0.24750356633380885,3
0.8815789473684212,0.22332015810276684,0.5454545454545454,0.07216494845360827,0.34782608695652173,0.7999999999999999,0.6962025316455697,0.3018867924528301,0.804416403785489,0.530716723549488,0.5853658536585366,0.6336996336996337,0.9051355206847361,1
0.3526315789473683,0.07707509881422923,0.4278074866310161,0.43298969072164956,0.18478260869565216,0.8689655172413794,0.5822784810126582,0.11320754716981131,0.46056782334384866,0.2704778156996587,0.6016260162601627,0.5860805860805861,0.10128388017118402,2
0.7131578947368422,0.18379446640316205,0.4759358288770053,0.29896907216494845,0.5217391304347826,0.5586206896551724,0.540084388185654,0.15094339622641506,0.3817034700315458,0.3899317406143344,0.3577235772357724,0.706959706959707,0.557774607703281,1
0.5315789473684213,0.6166007905138341,0.5133689839572192,0.6134020618556701,0.16304347826086957,0.23103448275862068,0.26371308016877637,0.9056603773584905,0.3817034700315458,0.3003412969283276,0.2926829268292683,0.271062271062271,0.16904422253922968,2
0.1657894736842107,0.22529644268774704,0.29946524064171115,0.2783505154639176,0.29347826086956524,0.21724137931034487,0.25949367088607594,0.39622641509433965,0.2334384858044164,0.21501706484641633,0.6097560975609756,0.3186813186813187,0.10699001426533523,2
0.3315789473684209,0.48023715415019763,0.4545454545454545,0.3814432989690722,0.1956521739130435,0.6448275862068966,0.559071729957806,0.6037735849056604,0.7570977917981072,0.08703071672354946,0.7642276422764227,0.5714285714285714,0.0912981455064194,2
0.47631578947368425,0.4387351778656126,0.6684491978609625,0.6907216494845362,0.33695652173913043,0.46206896551724136,0.054852320675105475,0.7547169811320755,0.12618296529968456,0.31058020477815695,0.33333333333333337,0.3223443223443223,0.2225392296718973,3
0.813157894736842,0.14624505928853757,0.5133689839572192,0.31958762886597947,0.2717391304347826,0.42068965517241386,0.44092827004219415,0.24528301886792453,0.36593059936908523,0.31740614334470985,0.5609756097560975,0.5677655677655677,0.7146932952924394,1
0.27631578947368435,0.21541501976284588,0.5133689839572192,0.4072164948453609,0.11956521739130435,0.2137931034482759,0.24472573839662445,0.7358490566037735,0.38801261829653,0.09556313993174059,0.4878048780487806,0.3663003663003663,0.14407988587731813,2
0.16315789473684233,0.18379446640316205,0.6737967914438503,0.7938144329896908,0.1956521739130435,0.32413793103448274,0.2679324894514768,0.5094339622641509,0.2933753943217666,0.11262798634812286,0.7154471544715448,0.7106227106227107,0.20256776034236804,2
0.3736842105263157,0.45256916996047436,0.6844919786096257,0.845360824742268,0.29347826086956524,0.3172413793103448,0.05063291139240505,0.9433962264150942,0.2302839116719243,0.530716723549488,0.1544715447154472,0.16849816849816848,0.42938659058487877,3
0.273684210526316,0.2806324110671937,0.4331550802139037,0.5360824742268042,0.16304347826086957,0.5586206896551724,0.4873417721518987,0.45283018867924524,0.2965299684542587,0.12627986348122863,0.3089430894308943,0.7362637362637362,0.07132667617689016,2
0.623684210526316,0.6264822134387352,0.5989304812834224,0.6391752577319588,0.34782608695652173,0.2827586206896552,0.08649789029535863,0.5660377358490566,0.31545741324921134,0.5136518771331058,0.17886178861788615,0.10622710622710624,0.33666191155492153,3
0.8078947368421052,0.2529644268774704,0.5561497326203207,0.42268041237113413,0.358695652173913,0.6103448275862069,0.5443037974683544,0.3584905660377358,0.6214511041009464,0.4197952218430034,0.47967479674796754,0.5421245421245421,0.557774607703281,1
0.3210526315789475,0.6205533596837944,0.4491978609625669,0.4072164948453609,0.45652173913043476,0.1379310344827586,0.09282700421940927,0.3018867924528301,0.2302839116719243,0.591296928327645,0.13821138211382117,0.2673992673992674,0.4115549215406562,3
0.7105263157894738,0.15019762845849804,0.716577540106952,0.6134020618556701,0.33695652173913043,0.6965517241379311,0.6139240506329114,0.3018867924528301,0.6214511041009464,0.37713310580204773,0.5772357723577236,0.5274725274725275,0.7182596291012838,1
0.25526315789473697,0.531620553359684,0.3422459893048128,0.43298969072164956,0.18478260869565216,0.3517241379310345,0.27426160337552735,0.45283018867924524,0.46056782334384866,0.0,0.3658536585365854,0.6520146520146519,0.20399429386590584,2
0.6710526315789475,0.18181818181818182,0.53475935828877,0.4381443298969073,0.391304347826087,0.6482758620689655,0.6012658227848101,0.16981132075471697,0.4858044164037855,0.47952218430034127,0.4959349593495936,0.5897435897435896,0.8823109843081313,1
0.744736842105263,0.12055335968379449,0.48663101604278075,0.2783505154639176,0.30434782608695654,0.6896551724137931,0.5928270042194093,0.16981132075471697,0.4542586750788644,0.5068259385665528,0.43089430894308944,0.8351648351648351,0.5470756062767475,1
0.7052631578947371,0.9703557312252965,0.5828877005347595,0.5103092783505155,0.2717391304347826,0.24137931034482757,0.05696202531645569,0.7358490566037735,0.20504731861198744,0.5477815699658702,0.13008130081300814,0.17216117216117216,0.32952924393723254,3
0.1999999999999999,0.274703557312253,0.7593582887700534,0.922680412371134,0.2391304347826087,0.396551724137931,0.4008438818565401,0.8490566037735848,0.42586750788643535,0.14675767918088736,0.3983739837398374,0.42857142857142855,0.1340941512125535,2
0.6473684210526317,0.18181818181818182,0.47058823529411775,0.6907216494845362,0.18478260869565216,0.31034482758620685,0.3164556962025316,0.2641509433962264,0.19558359621451107,0.2098976109215017,0.4065040650406504,0.553113553113553,0.1383737517831669,2
0.38947368421052636,0.1956521739130435,0.33155080213903737,0.5103092783505155,0.16304347826086957,0.42068965517241386,0.33333333333333326,0.3584905660377358,0.33753943217665616,0.1416382252559727,0.4552845528455285,0.8424908424908424,0.2810271041369472,2
0.8710526315789473,0.1857707509881423,0.716577540106952,0.7422680412371134,0.30434782608695654,0.6275862068965516,0.20464135021097046,0.7547169811320755,0.7223974763406941,1.0,0.07317073170731705,0.25274725274725274,0.2724679029957204,3
0.831578947368421,0.1679841897233202,0.5989304812834224,0.3041237113402062,0.41304347826086957,0.7999999999999999,0.7573839662447258,0.3584905660377358,0.4574132492113565,0.6331058020477814,0.6097560975609756,0.5677655677655677,1.0,1
0.7105263157894738,0.7154150197628459,0.4812834224598929,0.6134020618556701,0.1956521739130435,0.10344827586206898,0.02742616033755273,0.7358490566037735,0.2334384858044164,0.4556313993174061,0.2439024390243903,0.1758241758241758,0.17261055634807418,3
0.7868421052631578,0.1857707509881423,0.4545454545454545,0.2783505154639176,0.2826086956521739,0.5758620689655173,0.41983122362869196,0.24528301886792453,0.49526813880126186,0.2918088737201365,0.4552845528455285,0.8498168498168498,0.5399429386590585,1
0.6447368421052633,0.2114624505928854,0.5614973262032086,0.5103092783505155,0.32608695652173914,0.5931034482758621,0.5569620253164557,0.24528301886792453,0.4574132492113565,0.32593856655290093,0.4552845528455285,0.8058608058608059,0.4579172610556348,1
0.5078947368421055,0.5355731225296443,0.5294117647058824,0.4072164948453609,0.391304347826087,0.14137931034482756,0.07594936708860758,0.5094339622641509,0.16719242902208203,0.341296928327645,0.16260162601626021,0.1758241758241758,0.2831669044222539,3
0.4315789473684211,0.047430830039525695,0.47058823529411775,0.3814432989690722,0.31521739130434784,0.42068965517241386,0.3375527426160337,0.320754716981132,0.3312302839116719,0.11433447098976109,0.6097560975609756,0.6923076923076924,0.12268188302425106,2
0.4131578947368421,0.11857707509881425,0.28877005347593576,0.4072164948453609,0.1956521739130435,0.16206896551724137,0.2151898734177215,0.3018867924528301,0.2965299684542587,0.09982935153583619,0.4552845528455285,0.5494505494505495,0.20256776034236804,2
0.8342105263157893,0.20158102766798422,0.5828877005347595,0.23711340206185566,0.45652173913043476,0.7896551724137931,0.6434599156118144,0.39622641509433965,0.49211356466876977,0.46672354948805456,0.46341463414634154,0.5787545787545788,0.8359486447931527,1
0.3526315789473683,0.08498023715415019,0.29946524064171115,0.463917525773196,0.08695652173913043,0.3896551724137931,0.35021097046413496,0.2641509433962264,0.1987381703470032,0.2901023890784982,0.5203252032520326,0.8095238095238095,0.16547788873038516,2
0.44473684210526343,0.2114624505928854,0.4491978609625669,0.42268041237113413,0.17391304347826086,0.42068965517241386,0.46202531645569617,0.24528301886792453,0.4290220820189275,0.2235494880546075,0.5528455284552846,0.684981684981685,0.31098430813124106,2
0.5973684210526318,0.19367588932806326,0.4171122994652407,0.3298969072164949,0.2608695652173913,0.4896551724137931,0.390295358649789,0.2641509433962264,0.2965299684542587,0.22781569965870305,0.4390243902439025,0.5494505494505495,0.7182596291012838,1
0.718421052631579,0.15612648221343875,0.716577540106952,0.4587628865979382,0.6739130434782609,0.6793103448275863,0.5063291139240507,0.6981132075471698,0.2965299684542587,0.3515358361774744,0.6260162601626017,0.6336996336996337,0.6825962910128388,1
0.25526315789473697,0.03557312252964428,0.3422459893048128,0.43298969072164956,0.17391304347826086,0.496551724137931,0.40506329113924044,0.320754716981132,0.3217665615141956,0.10409556313993173,0.7317073170731707,0.6776556776556777,0.0,2
0.6526315789473685,0.20948616600790518,0.6898395721925134,0.43298969072164956,0.43478260869565216,0.47241379310344833,0.46202531645569617,0.3018867924528301,0.3564668769716089,0.24914675767918087,0.5040650406504066,0.5860805860805861,0.5827389443651926,1
0.6447368421052633,0.18379446640316205,0.6844919786096257,0.6134020618556701,0.20652173913043478,0.5586206896551724,0.16033755274261602,0.7358490566037735,0.5930599369085174,0.893344709897611,0.07317073170731705,0.18681318681318682,0.24393723252496433,3
0.5,0.40909090909090917,0.716577540106952,0.5360824742268042,0.2826086956521739,0.1931034482758621,0.033755274261603366,0.7547169811320755,0.10725552050473187,0.28327645051194533,0.23577235772357727,0.380952380952381,0.2296718972895863,3
0.4684210526315792,0.3102766798418973,0.5561497326203207,0.6907216494845362,0.30434782608695654,0.05862068965517239,0.1582278481012658,0.2641509433962264,0.13249211356466878,0.37713310580204773,0.1463414634146342,0.032967032967032996,0.20114122681883023,3
0.755263157894737,0.1857707509881423,0.40641711229946526,0.2783505154639176,0.33695652173913043,0.7310344827586207,0.6434599156118144,0.15094339622641506,0.5457413249211357,0.4112627986348122,0.3495934959349594,0.7545787545787546,0.5042796005706134,1
0.43947368421052624,0.5553359683794467,0.53475935828877,0.5618556701030929,0.391304347826087,0.2482758620689655,0.18143459915611812,0.07547169811320756,0.13564668769716087,0.31740614334470985,0.2439024390243903,0.007326007326007333,0.2296718972895863,3
0.3210526315789475,0.7865612648221344,0.6310160427807486,0.5360824742268042,0.20652173913043478,0.1379310344827586,0.02742616033755273,0.7547169811320755,0.12302839116719246,0.21928327645051196,0.21951219512195125,0.0,0.3152639087018545,3
0.3947368421052631,0.9426877470355731,0.6844919786096257,0.7422680412371134,0.2826086956521739,0.2793103448275862,0.054852320675105475,0.9433962264150942,0.2176656151419559,0.31740614334470985,0.2764227642276423,0.15384615384615383,0.16904422253922968,3
0.5473684210526315,0.05335968379446641,0.18181818181818174,0.22680412371134023,0.08695652173913043,0.6896551724137931,0.5991561181434599,0.24528301886792453,0.5899053627760252,0.3430034129692832,0.5203252032520326,0.6996336996336997,0.15977175463623394,2
0.9789473684210526,0.1956521739130435,0.5508021390374332,0.041237113402061897,0.22826086956521738,0.7310344827586207,0.7067510548523207,0.5660377358490566,0.7570977917981072,0.3515358361774744,0.6260162601626017,0.5347985347985348,0.6219686162624821,1
0.6263157894736843,0.6126482213438735,0.40641711229946526,0.42268041237113413,0.21739130434782608,0.5068965517241381,0.4936708860759494,0.2641509433962264,0.33753943217665616,0.25597269624573377,0.3495934959349594,0.6336996336996337,0.5399429386590585,1
0.686842105263158,0.46640316205533605,0.6417112299465241,0.23711340206185566,0.5,0.5931034482758621,0.5675105485232067,0.07547169811320756,0.3943217665615142,0.32593856655290093,0.3902439024390244,0.7655677655677655,0.4044222539229672,1
0.3210526315789475,0.1956521739130435,0.40641711229946526,0.43298969072164956,0.10869565217391304,0.23103448275862068,0.3565400843881856,0.45283018867924524,0.38485804416403785,0.18088737201365188,0.42276422764227645,0.6959706959706959,0.16547788873038516,2
0.4868421052631582,0.4446640316205534,0.5561497326203207,0.48453608247422686,0.3695652173913043,0.11034482758620692,0.18565400843881855,0.2075471698113207,0.13249211356466878,0.3515358361774744,0.21138211382113822,0.05494505494505491,0.1797432239657632,3
1.0,0.17786561264822134,0.4331550802139037,0.17525773195876293,0.29347826086956524,0.6275862068965516,0.5569620253164557,0.3018867924528301,0.49526813880126186,0.33447098976109213,0.4878048780487806,0.5787545787545788,0.5470756062767475,1
0.3315789473684209,0.41304347826086957,0.4598930481283423,0.3814432989690722,0.1956521739130435,0.5068965517241381,0.40295358649789026,0.22641509433962262,0.49842271293375395,0.07423208191126278,0.5447154471544715,0.7435897435897435,0.008559201141226819,2
0.65,0.2114624505928854,0.6684491978609625,0.48453608247422686,0.2826086956521739,0.5344827586206896,0.47890295358649787,0.28301886792452835,0.3943217665615142,0.19112627986348124,0.5203252032520326,0.934065934065934,0.4044222539229672,1
0.13947368421052658,0.25889328063241107,1.0,0.922680412371134,0.532608695652174,0.7586206896551725,1.0,0.641509433962264,0.46056782334384866,0.4027303754266211,0.3658536585365854,0.8864468864468864,0.13338088445078458,2
0.7210526315789473,0.22924901185770752,0.7058823529411765,0.3350515463917527,0.4891304347826087,0.6965517241379311,0.5168776371308017,0.49056603773584906,0.40063091482649843,0.42832764505119447,0.5284552845528455,0.6080586080586081,0.782453637660485,1
0.6657894736842107,0.1956521739130435,0.5882352941176471,0.5103092783505155,0.5,0.6827586206896552,0.5147679324894514,0.1320754716981132,0.6435331230283912,0.42406143344709896,0.4065040650406504,0.6446886446886446,0.6005706134094151,1
0.5605263157894738,0.5592885375494072,0.42245989304812825,0.5360824742268042,0.34782608695652173,0.17931034482758623,0.04430379746835443,0.5660377358490566,0.28075709779179814,0.2320819112627986,0.0975609756097561,0.15018315018315015,0.39372325249643364,3
0.3526315789473683,0.06521739130434785,0.39572192513368987,0.4072164948453609,0.1956521739130435,0.8758620689655173,0.7194092827004219,0.2075471698113207,0.4858044164037855,0.27474402730375425,0.4552845528455285,0.5494505494505495,0.2724679029957204,2
0.5315789473684213,0.25889328063241107,0.9946524064171124,0.7422680412371134,0.5869565217391305,0.5689655172413793,0.4936708860759494,0.641509433962264,0.4763406940063092,0.19624573378839588,0.5284552845528455,0.706959706959707,0.39372325249643364,1
0.65,0.47035573122529645,0.6737967914438503,0.6907216494845362,0.5760869565217391,0.14482758620689654,0.25949367088607594,0.16981132075471697,0.26498422712933756,0.6245733788395904,0.08943089430894308,0.010989010989010999,0.15834522111269614,3
0.27631578947368435,0.2648221343873518,0.18181818181818174,0.3556701030927836,0.29347826086956524,0.4310344827586207,0.38607594936708856,0.24528301886792453,0.31230283911671924,0.1723549488054607,0.6422764227642277,0.6190476190476191,0.30813124108416545,2
0.4789473684210526,0.16996047430830044,0.6203208556149733,0.37113402061855677,0.2717391304347826,0.5172413793103449,0.42827004219409287,0.24528301886792453,0.3312302839116719,0.22610921501706485,0.4959349593495936,0.8644688644688644,0.5256776034236804,1
0.613157894736842,0.3596837944664032,0.5294117647058824,0.48453608247422686,0.20652173913043478,0.14482758620689654,0.033755274261603366,0.45283018867924524,0.07255520504731862,0.3686006825938566,0.17886178861788615,0.4395604395604396,0.35805991440798857,3
0.5,0.6047430830039525,0.6898395721925134,0.4123711340206187,0.34782608695652173,0.49310344827586217,0.4367088607594937,0.22641509433962262,0.49526813880126186,0.27474402730375425,0.4471544715447155,0.8241758241758241,0.3509272467902996,1
0.31315789473684236,0.10869565217391305,0.3101604278074866,0.43298969072164956,0.2391304347826087,0.4758620689655172,0.3586497890295358,0.49056603773584906,0.526813880126183,0.121160409556314,0.3089430894308943,0.6410256410256411,0.024251069900142655,2
0.5921052631578946,0.17786561264822134,0.7914438502673796,0.2525773195876289,0.43478260869565216,0.5586206896551724,0.4936708860759494,0.39622641509433965,0.29968454258675087,0.28327645051194533,0.4959349593495936,0.553113553113553,0.42938659058487877,1
0.15263157894736842,0.12055335968379449,0.716577540106952,0.48453608247422686,0.2608695652173913,0.606896551724138,0.5443037974683544,0.3018867924528301,0.6561514195583596,0.11689419795221842,0.3902439024390244,0.7289377289377289,0.2867332382310984,2
0.5605263157894738,0.3201581027667984,0.7005347593582887,0.4123711340206187,0.33695652173913043,0.6275862068965516,0.6118143459915613,0.320754716981132,0.7570977917981072,0.3754266211604095,0.4471544715447155,0.6959706959706959,0.6469329529243937,1
0.594736842105263,0.24308300395256918,0.7058823529411765,0.31958762886597947,0.34782608695652173,0.6965517241379311,0.609704641350211,0.33962264150943394,0.3943217665615142,0.4027303754266211,0.47967479674796754,0.575091575091575,0.7075606276747504,1
0.8394736842105265,0.18972332015810278,0.5026737967914437,0.2938144329896908,0.5217391304347826,0.7655172413793104,0.5611814345991561,0.24528301886792453,0.5110410094637223,0.43515358361774736,0.37398373983739835,0.7472527472527473,0.49358059914407987,1
0.3526315789473683,0.1758893280632411,0.5026737967914437,0.7164948453608249,0.1956521739130435,0.4275862068965518,0.4451476793248946,0.5094339622641509,0.47003154574132494,0.07167235494880546,0.33333333333333337,0.553113553113553,0.0456490727532097,2
0.44473684210526343,0.19960474308300397,0.4919786096256683,0.6134020618556701,0.15217391304347827,0.1379310344827586,0.2995780590717299,0.660377358490566,0.38485804416403785,0.1723549488054607,0.3252032520325204,0.4212454212454212,0.14978601997146934,2
0.5394736842105264,0.624505928853755,0.53475935828877,0.5618556701030929,0.4673913043478261,0.1482758620689655,0.2215189873417721,0.39622641509433965,0.2302839116719243,0.6928327645051195,0.07317073170731705,0.021978021978021997,0.19400855920114124,3
0.34210526315789486,0.049407114624505935,0.31550802139037426,0.2164948453608248,0.717391304347826,0.3172413793103448,0.31856540084388185,0.4150943396226414,0.7413249211356466,0.18088737201365188,0.47154471544715454,0.380952380952381,0.33666191155492153,2
0.5631578947368422,0.36561264822134387,0.5401069518716578,0.48453608247422686,0.5434782608695652,0.23103448275862068,0.07172995780590717,0.7547169811320755,0.3312302839116719,0.6843003412969284,0.0975609756097561,0.12820512820512825,0.4008559201141227,3
0.7657894736842105,0.1956521739130435,0.48663101604278075,0.35051546391752575,0.41304347826086957,0.6551724137931034,0.6751054852320675,0.3584905660377358,0.526813880126183,0.6501706484641638,0.5203252032520326,0.6703296703296704,0.7004279600570613,1
0.3315789473684209,0.17193675889328067,0.4545454545454545,0.5051546391752577,0.358695652173913,0.04137931034482763,0.14345991561181431,0.45283018867924524,0.3312302839116719,0.1510238907849829,0.3463414634146342,0.20146520146520147,0.4222539229671897,2
0.744736842105263,0.15217391304347827,0.7005347593582887,0.7422680412371134,0.17391304347826086,0.6793103448275863,0.5316455696202531,0.15094339622641506,0.46056782334384866,0.17918088737201363,0.7154471544715448,0.6923076923076924,0.09415121255349501,2
0.3657894736842106,0.3577075098814229,0.48663101604278075,0.5876288659793815,0.21739130434782608,0.24137931034482757,0.3164556962025316,1.0,0.3186119873817035,0.121160409556314,0.3089430894308943,0.7435897435897435,0.026390870185449358,2
0.8236842105263158,0.34980237154150196,0.5989304812834224,0.48453608247422686,0.22826086956521738,0.24137931034482757,0.07594936708860758,0.5849056603773585,0.26182965299684546,0.7184300341296928,0.11382113821138212,0.16117216117216115,0.2724679029957204,3
0.8421052631578949,0.191699604743083,0.572192513368984,0.2577319587628866,0.6195652173913043,0.6275862068965516,0.5738396624472574,0.28301886792452835,0.5930599369085174,0.37201365187713303,0.4552845528455285,0.9706959706959707,0.5613409415121255,1
0.5815789473684212,0.36561264822134387,0.8074866310160428,0.5360824742268042,0.5217391304347826,0.6275862068965516,0.4957805907172996,0.49056603773584906,0.4447949526813881,0.2593856655290102,0.4552845528455285,0.6080586080586081,0.325962910128388,1
0.8078947368421052,0.2806324110671937,0.5026737967914437,0.3814432989690722,0.3804347826086957,0.6793103448275863,0.6286919831223629,0.16981132075471697,0.6214511041009464,0.3813993174061433,0.6260162601626017,0.6959706959706959,0.8787446504992867,1
0.7394736842105263,0.6679841897233202,0.5454545454545454,0.4587628865979382,0.20652173913043478,0.2827586206896552,0.10337552742616032,0.660377358490566,0.36277602523659314,0.6595563139931739,0.07317073170731705,0.1355311355311355,0.14407988587731813,3
