0.7210526315789473,0.22924901185770752,0.7058823529411765,0.3350515463917527,0.4891304347826087,0.6965517241379311,0.5168776371308017,0.49056603773584906,0.40063091482649843,0.42832764505119447,0.5284552845528455,0.6080586080586081,0.782453637660485,1
0.16052631578947396,0.26086956521739135,0.5882352941176471,0.5670103092783506,0.15217391304347827,0.33448275862068966,0.28481012658227844,0.660377358490566,0.2965299684542587,0.1296928327645051,0.42276422764227645,0.5421245421245421,0.2867332382310984,2
0.6710526315789475,0.18181818181818182,0.53475935828877,0.4381443298969073,0.391304347826087,0.6482758620689655,0.6012658227848101,0.16981132075471697,0.4858044164037855,0.47952218430034127,0.4959349593495936,0.5897435897435896,0.8823109843081313,1
0.7973684210526317,0.1758893280632411,0.4919786096256683,0.2783505154639176,0.6086956521739131,0.6965517241379311,0.5970464135021097,0.2075471698113207,0.5331230283911672,0.3728668941979522,0.4959349593495936,0.8937728937728937,0.35805991440798857,1
0.6210526315789475,0.20355731225296445,0.6737967914438503,0.28350515463917536,0.25,0.6448275862068966,0.5485232067510548,0.39622641509433965,0.3280757097791798,0.3003412969283276,0.3577235772357724,0.7142857142857143,0.6540656205420827,1
0.3736842105263157,0.45256916996047436,0.6844919786096257,0.845360824742268,0.29347826086956524,0.3172413793103448,0.05063291139240505,0.9433962264150942,0.2302839116719243,0.530716723549488,0.1544715447154472,0.16849816849816848,0.42938659058487877,3
0.8605263157894739,0.233201581027668,0.7272727272727274,0.48453608247422686,0.5434782608695652,0.6275862068965516,0.5907172995780591,0.37735849056603776,0.49211356466876977,0.4197952218430034,0.47967479674796754,0.5054945054945055,0.7146932952924394,1
0.3789473684210529,0.15415019762845852,0.4491978609625669,0.43298969072164956,1.0,0.5241379310344828,0.4071729957805907,0.3584905660377358,0.9053627760252365,0.11262798634812286,0.5528455284552846,0.4981684981684981,0.47004279600570614,2
0.8236842105263158,0.34980237154150196,0.5989304812834224,0.48453608247422686,0.22826086956521738,0.24137931034482757,0.07594936708860758,0.5849056603773585,0.26182965299684546,0.7184300341296928,0.11382113821138212,0.16117216117216115,0.2724679029957204,3
0.6815789473684208,0.8320158102766799,0.5294117647058824,0.48453608247422686,0.2391304347826087,0.3517241379310345,0.0970464135021097,0.641509433962264,0.19242902208201895,0.26621160409556316,0.3495934959349594,0.28571428571428564,0.19400855920114124,3
0.3526315789473683,0.09288537549407115,0.6417112299465241,0.38659793814433,0.30434782608695654,0.496551724137931,0.4873417721518987,0.45283018867924524,0.526813880126183,0.28327645051194533,0.5772357723577236,0.3772893772893772,0.28530670470756064,2
0.623684210526316,0.7628458498023715,0.802139037433155,0.7422680412371134,0.45652173913043476,0.3448275862068966,0.13080168776371304,0.2641509433962264,0.22082018927444802,0.6160409556313993,0.1544715447154472,0.23809523809523805,0.25106990014265335,3
0.8710526315789473,0.1857707509881423,0.716577540106952,0.7422680412371134,0.30434782608695654,0.6275862068965516,0.20464135021097046,0.7547169811320755,0.7223974763406941,1.0,0.07317073170731705,0.25274725274725274,0.2724679029957204,3
0.3315789473684209,0.41304347826086957,0.4598930481283423,0.3814432989690722,0.1956521739130435,0.5068965517241381,0.40295358649789026,0.22641509433962262,0.49842271293375395,0.07423208191126278,0.5447154471544715,0.7435897435897435,0.008559201141226819,2
0.43947368421052624,0.5553359683794467,0.53475935828877,0.5618556701030929,0.391304347826087,0.2482758620689655,0.18143459915611812,0.07547169811320756,0.13564668769716087,0.31740614334470985,0.2439024390243903,0.007326007326007333,0.2296718972895863,3
0.5973684210526318,0.19367588932806326,0.4171122994652407,0.3298969072164949,0.2608695652173913,0.4896551724137931,0.390295358649789,0.2641509433962264,0.2965299684542587,0.22781569965870305,0.4390243902439025,0.5494505494505495,0.7182596291012838,1
0.3315789473684209,0.17193675889328067,0.4545454545454545,0.5051546391752577,0.358695652173913,0.04137931034482763,0.14345991561181431,0.45283018867924524,0.3312302839116719,0.1510238907849829,0.3463414634146342,0.20146520146520147,0.4222539229671897,2
0.3657894736842106,0.3577075098814229,0.48663101604278075,0.5876288659793815,0.21739130434782608,0.24137931034482757,0.3164556962025316,1.0,0.3186119873817035,0.121160409556314,0.3089430894308943,0.7435897435897435,0.026390870185449358,2
0.5,0.40909090909090917,0.716577540106952,0.5360824742268042,0.2826086956521739,0.1931034482758621,0.033755274261603366,0.7547169811320755,0.10725552050473187,0.28327645051194533,0.23577235772357727,0.380952380952381,0.2296718972895863,3
0.6842105263157897,0.2114624505928854,0.716577540106952,0.3402061855670103,0.45652173913043476,0.6448275862068966,0.5421940928270043,0.320754716981132,0.3312302839116719,0.5136518771331058,0.6504065040650407,0.5897435897435896,0.7360912981455064,1
0.8394736842105265,0.6422924901185771,0.6149732620320855,0.13402061855670103,0.6304347826086957,0.6965517241379311,0.569620253164557,0.1320754716981132,0.526813880126183,0.32593856655290093,0.33333333333333337,0.8278388278388278,0.3437945791726106,1
0.686842105263158,0.46640316205533605,0.6417112299465241,0.23711340206185566,0.5,0.5931034482758621,0.5675105485232067,0.07547169811320756,0.3943217665615142,0.32593856655290093,0.3902439024390244,0.7655677655677655,0.4044222539229672,1
0.4789473684210526,0.5000000000000001,0.6524064171122995,0.5876288659793815,0.391304347826087,0.23103448275862068,0.054852320675105475,0.8867924528301886,0.17350157728706628,0.3668941979522184,0.3170731707317073,0.30769230769230765,0.20827389443651925,3
0.736842105263158,0.17984189723320157,0.6631016042780749,0.3402061855670103,0.2608695652173913,0.5068965517241381,0.559071729957806,0.16981132075471697,0.5930599369085174,0.3686006825938566,0.6178861788617886,0.7692307692307693,0.7039942938659058,1
0.5315789473684213,0.1956521739130435,0.36363636363636365,0.09278350515463922,0.2391304347826087,0.6000000000000001,0.6181434599156118,0.07547169811320756,0.7886435331230284,0.5051194539249146,0.5203252032520326,0.6007326007326008,0.6219686162624821,1
0.481578947368421,0.12055335968379449,0.5133689839572192,0.3814432989690722,0.5652173913043478,0.18275862068965518,0.19198312236286919,0.15094339622641506,0.16719242902208203,0.2406143344709897,0.22764227642276424,0.007326007326007333,0.25106990014265335,3
0.7342105263157895,0.19960474308300397,0.5668449197860962,0.17525773195876293,0.44565217391304346,1.0,0.7172995780590717,0.3584905660377358,0.46056782334384866,0.4923208191126279,0.43089430894308944,0.7289377289377289,0.6504992867332382,1
0.5263157894736841,0.031620553359683806,0.18716577540106946,0.2783505154639176,0.17391304347826086,0.33448275862068966,0.3565400843881856,0.2075471698113207,0.3312302839116719,0.28327645051194533,0.5772357723577236,0.4432234432234432,0.08131241084165478,2
0.7500000000000002,0.22727272727272727,0.6577540106951871,0.22680412371134023,0.33695652173913043,0.7827586206896552,0.679324894514768,0.07547169811320756,0.4069400630914827,0.3540955631399317,0.3252032520325204,0.8388278388278388,0.5827389443651926,1
0.42368421052631605,0.12252964426877473,0.3529411764705882,0.31958762886597947,0.32608695652173914,0.35862068965517246,0.22573839662447254,0.7547169811320755,0.06624605678233439,0.3813993174061433,0.4065040650406504,0.11721611721611724,0.12268188302425106,2
0.3526315789473683,0.1758893280632411,0.5026737967914437,0.7164948453608249,0.1956521739130435,0.4275862068965518,0.4451476793248946,0.5094339622641509,0.47003154574132494,0.07167235494880546,0.33333333333333337,0.553113553113553,0.0456490727532097,2
0.7394736842105263,0.6679841897233202,0.5454545454545454,0.4587628865979382,0.20652173913043478,0.2827586206896552,0.10337552742616032,0.660377358490566,0.36277602523659314,0.6595563139931739,0.07317073170731705,0.1355311355311355,0.14407988587731813,3
0.9789473684210526,0.1956521739130435,0.5508021390374332,0.041237113402061897,0.22826086956521738,0.7310344827586207,0.7067510548523207,0.5660377358490566,0.7570977917981072,0.3515358361774744,0.6260162601626017,0.5347985347985348,0.6219686162624821,1
0.3210526315789475,0.7865612648221344,0.6310160427807486,0.5360824742268042,0.20652173913043478,0.1379310344827586,0.02742616033755273,0.7547169811320755,0.12302839116719246,0.21928327645051196,0.21951219512195125,0.0,0.3152639087018545,3
0.6947368421052632,0.10079051383399211,0.29946524064171115,0.3814432989690722,0.2608695652173913,0.3862068965517242,0.3059071729957806,0.3584905660377358,0.10094637223974764,0.21501706484641633,0.6097560975609756,0.4358974358974359,0.25106990014265335,2
0.6552631578947368,0.48023715415019763,0.7272727272727274,0.6649484536082475,0.29347826086956524,0.19655172413793107,0.03797468354430379,0.6981132075471698,0.044164037854889614,0.26194539249146753,0.33333333333333337,0.2893772893772894,0.17261055634807418,3
0.7,0.4980237154150197,0.6310160427807486,0.48453608247422686,0.40217391304347827,0.2931034482758621,0.046413502109704644,0.6981132075471698,0.12302839116719246,0.39249146757679176,0.3902439024390244,0.20146520146520147,0.2867332382310984,3
0.5315789473684213,1.0,0.41176470588235287,0.5618556701030929,0.17391304347826086,0.5655172413793104,0.4873417721518987,0.320754716981132,0.5047318611987381,0.11262798634812286,0.2032520325203252,0.6703296703296704,0.07275320970042796,2
0.368421052631579,0.15612648221343875,0.49732620320855614,0.5618556701030929,0.17391304347826086,0.606896551724138,0.5928270042194093,0.49056603773584906,0.4290220820189275,0.22696245733788395,0.17073170731707316,0.575091575091575,0.052781740370898715,2
0.7236842105263157,0.3992094861660079,0.5026737967914437,0.5876288659793815,0.21739130434782608,0.12758620689655176,0.07172995780590717,0.5283018867924527,0.19558359621451107,0.7081911262798635,0.17886178861788615,0.15018315018315015,0.24037089871611983,3
0.4684210526315792,0.3102766798418973,0.5561497326203207,0.6907216494845362,0.30434782608695654,0.05862068965517239,0.1582278481012658,0.2641509433962264,0.13249211356466878,0.37713310580204773,0.1463414634146342,0.032967032967032996,0.20114122681883023,3
0.4315789473684211,0.047430830039525695,0.47058823529411775,0.3814432989690722,0.31521739130434784,0.42068965517241386,0.3375527426160337,0.320754716981132,0.3312302839116719,0.11433447098976109,0.6097560975609756,0.6923076923076924,0.12268188302425106,2
0.48421052631578937,0.7648221343873518,0.5989304812834224,0.5618556701030929,0.17391304347826086,0.2482758620689655,0.06540084388185653,0.641509433962264,0.14195583596214512,0.5435153583617747,0.04878048780487809,0.21611721611721615,0.24750356633380885,3
0.5473684210526315,0.22924901185770752,0.7433155080213903,0.7680412371134021,0.5,0.42068965517241386,0.19831223628691982,0.24528301886792453,0.36277602523659314,0.49658703071672344,0.10569105691056911,0.021978021978021997,0.10485021398002853,3
0.27631578947368435,0.21541501976284588,0.5133689839572192,0.4072164948453609,0.11956521739130435,0.2137931034482759,0.24472573839662445,0.7358490566037735,0.38801261829653,0.09556313993174059,0.4878048780487806,0.3663003663003663,0.14407988587731813,2
0.744736842105263,0.15217391304347827,0.7005347593582887,0.7422680412371134,0.17391304347826086,0.6793103448275863,0.5316455696202531,0.15094339622641506,0.46056782334384866,0.17918088737201363,0.7154471544715448,0.6923076923076924,0.09415121255349501,2
0.536842105263158,0.15019762845849804,0.39572192513368987,0.2525773195876289,0.30434782608695654,0.4896551724137931,0.48523206751054854,0.28301886792452835,0.30283911671924296,0.20648464163822525,0.5691056910569106,0.5201465201465201,0.5292439372325249,1
0.4868421052631582,0.4446640316205534,0.5561497326203207,0.48453608247422686,0.3695652173913043,0.11034482758620692,0.18565400843881855,0.2075471698113207,0.13249211356466878,0.3515358361774744,0.21138211382113822,0.05494505494505491,0.1797432239657632,3
0.8842105263157897,0.22332015810276684,0.5828877005347595,0.2061855670103093,0.2826086956521739,0.5241379310344828,0.459915611814346,0.320754716981132,0.49526813880126186,0.3387372013651877,0.4390243902439025,0.8461538461538461,0.7218259629101283,1
0.8368421052631582,0.6521739130434783,0.5775401069518716,0.42783505154639173,0.44565217391304346,0.6448275862068966,0.4873417721518987,0.320754716981132,0.26498422712933756,0.3378839590443686,0.3170731707317073,0.7545787545787546,0.572039942938659,1
0.3947368421052631,0.9426877470355731,0.6844919786096257,0.7422680412371134,0.2826086956521739,0.2793103448275862,0.054852320675105475,0.9433962264150942,0.2176656151419559,0.31740614334470985,0.2764227642276423,0.15384615384615383,0.16904422253922968,3
0.43684210526315786,0.15612648221343875,0.4812834224598929,0.520618556701031,0.10869565217391304,0.1379310344827586,0.2362869198312236,0.8490566037735848,0.3817034700315458,0.1510238907849829,0.3902439024390244,0.2893772893772894,0.15477888730385164,2
0.35,0.6106719367588933,0.5454545454545454,0.5360824742268042,0.1956521739130435,0.4551724137931034,0.12236286919831224,0.6981132075471698,0.1987381703470032,0.5435153583617747,0.06504065040650413,0.11355311355311358,0.17261055634807418,3
0.4789473684210526,0.16996047430830044,0.6203208556149733,0.37113402061855677,0.2717391304347826,0.5172413793103449,0.42827004219409287,0.24528301886792453,0.3312302839116719,0.22610921501706485,0.4959349593495936,0.8644688644688644,0.5256776034236804,1
0.7131578947368422,0.18379446640316205,0.4759358288770053,0.29896907216494845,0.5217391304347826,0.5586206896551724,0.540084388185654,0.15094339622641506,0.3817034700315458,0.3899317406143344,0.3577235772357724,0.706959706959707,0.557774607703281,1
0.8421052631578949,0.191699604743083,0.572192513368984,0.2577319587628866,0.6195652173913043,0.6275862068965516,0.5738396624472574,0.28301886792452835,0.5930599369085174,0.37201365187713303,0.4552845528455285,0.9706959706959707,0.5613409415121255,1
0.27631578947368435,0.07707509881422923,0.6149732620320855,0.6907216494845362,0.08695652173913043,0.3517241379310345,0.26160337552742613,0.5094339622641509,0.31230283911671924,0.07849829351535836,0.6747967479674798,0.5311355311355312,0.25106990014265335,2
0.25526315789473697,0.15217391304347827,0.5668449197860962,0.5876288659793815,0.17391304347826086,0.16206896551724137,0.19198312236286919,0.6981132075471698,0.38485804416403785,0.19795221843003413,0.46341463414634154,0.5054945054945055,0.12268188302425106,2
0.5315789473684213,0.6166007905138341,0.5133689839572192,0.6134020618556701,0.16304347826086957,0.23103448275862068,0.26371308016877637,0.9056603773584905,0.3817034700315458,0.3003412969283276,0.2926829268292683,0.271062271062271,0.16904422253922968,2
0.13947368421052658,0.25889328063241107,1.0,0.922680412371134,0.532608695652174,0.7586206896551725,1.0,0.641509433962264,0.46056782334384866,0.4027303754266211,0.3658536585365854,0.8864468864468864,0.13338088445078458,2
0.8789473684210525,0.2391304347826087,0.6096256684491979,0.31958762886597947,0.4673913043478261,0.9896551724137932,0.6645569620253166,0.2075471698113207,0.5583596214511042,0.5563139931740614,0.3089430894308943,0.7985347985347986,0.8573466476462197,1
0.3000000000000001,0.14031620553359683,0.6256684491978608,0.43298969072164956,0.3695652173913043,0.3137931034482758,0.2974683544303797,0.6037735849056604,0.19558359621451107,0.14249146757679182,0.7886178861788617,0.3516483516483516,0.05492154065620542,2
0.3315789473684209,0.13241106719367587,0.33155080213903737,0.2783505154639176,0.16304347826086957,0.5413793103448276,0.45569620253164556,0.3018867924528301,0.4290220820189275,0.13822525597269622,0.6097560975609756,0.5384615384615385,0.10699001426533523,2
0.3210526315789475,0.1956521739130435,0.40641711229946526,0.43298969072164956,0.10869565217391304,0.23103448275862068,0.3565400843881856,0.45283018867924524,0.38485804416403785,0.18088737201365188,0.42276422764227645,0.6959706959706959,0.16547788873038516,2
0.5921052631578946,0.17786561264822134,0.7914438502673796,0.2525773195876289,0.43478260869565216,0.5586206896551724,0.4936708860759494,0.39622641509433965,0.29968454258675087,0.28327645051194533,0.4959349593495936,0.553113553113553,0.42938659058487877,1
0.8815789473684212,0.5632411067193676,0.4919786096256683,0.2783505154639176,0.34782608695652173,0.7827586206896552,0.5970464135021097,0.2641509433962264,0.5615141955835963,0.30887372013651876,0.4552845528455285,0.7948717948717948,0.5613409415121255,1
0.27631578947368435,0.2648221343873518,0.18181818181818174,0.3556701030927836,0.29347826086956524,0.4310344827586207,0.38607594936708856,0.24528301886792453,0.31230283911671924,0.1723549488054607,0.6422764227642277,0.6190476190476191,0.30813124108416545,2
0.21315789473684219,0.4249011857707511,0.4652406417112299,0.3814432989690722,0.45652173913043476,0.25517241379310346,0.20675105485232068,0.5660377358490566,0.17034700315457416,0.11689419795221842,0.3902439024390244,0.45787545787545786,0.15834522111269614,2
0.46315789473684194,0.3814229249011858,0.5989304812834224,0.5876288659793815,0.45652173913043476,0.1724137931034483,0.2151898734177215,0.2075471698113207,0.2681388012618297,0.8122866894197953,0.0,0.07326007326007325,0.14407988587731813,3
0.44473684210526343,0.2114624505928854,0.4491978609625669,0.42268041237113413,0.17391304347826086,0.42068965517241386,0.46202531645569617,0.24528301886792453,0.4290220820189275,0.2235494880546075,0.5528455284552846,0.684981684981685,0.31098430813124106,2
0.4131578947368421,0.3399209486166008,0.4491978609625669,0.4072164948453609,0.2608695652173913,0.22068965517241385,0.06751054852320675,0.9433962264150942,0.16719242902208203,0.49658703071672344,0.2032520325203252,0.11355311355311358,0.29743223965763194,3
0.16315789473684233,0.18379446640316205,0.6737967914438503,0.7938144329896908,0.1956521739130435,0.32413793103448274,0.2679324894514768,0.5094339622641509,0.2933753943217666,0.11262798634812286,0.7154471544715448,0.7106227106227107,0.20256776034236804,2
0.3315789473684209,0.48023715415019763,0.4545454545454545,0.3814432989690722,0.1956521739130435,0.6448275862068966,0.559071729957806,0.6037735849056604,0.7570977917981072,0.08703071672354946,0.7642276422764227,0.5714285714285714,0.0912981455064194,2
0.744736842105263,0.12055335968379449,0.48663101604278075,0.2783505154639176,0.30434782608695654,0.6896551724137931,0.5928270042194093,0.16981132075471697,0.4542586750788644,0.5068259385665528,0.43089430894308944,0.8351648351648351,0.5470756062767475,1
0.5815789473684212,0.36561264822134387,0.8074866310160428,0.5360824742268042,0.5217391304347826,0.6275862068965516,0.4957805907172996,0.49056603773584906,0.4447949526813881,0.2593856655290102,0.4552845528455285,0.6080586080586081,0.325962910128388,1
0.6473684210526317,0.5632411067193676,0.4438502673796791,0.4587628865979382,0.1956521739130435,0.22068965517241385,0.029535864978902943,0.8490566037735848,0.14826498422712936,0.37713310580204773,0.26829268292682934,0.20146520146520147,0.21540656205420827,3
0.5473684210526315,0.05335968379446641,0.18181818181818174,0.22680412371134023,0.08695652173913043,0.6896551724137931,0.5991561181434599,0.24528301886792453,0.5899053627760252,0.3430034129692832,0.5203252032520326,0.6996336996336997,0.15977175463623394,2
0.755263157894737,0.1857707509881423,0.40641711229946526,0.2783505154639176,0.33695652173913043,0.7310344827586207,0.6434599156118144,0.15094339622641506,0.5457413249211357,0.4112627986348122,0.3495934959349594,0.7545787545787546,0.5042796005706134,1
0.6657894736842107,0.191699604743083,0.5080213903743316,0.288659793814433,0.5108695652173914,0.7482758620689656,0.6223628691983123,0.39622641509433965,0.6088328075709779,0.41382252559726956,0.38211382113821135,0.7728937728937728,0.36875891583452214,1
0.5315789473684213,0.25889328063241107,0.9946524064171124,0.7422680412371134,0.5869565217391305,0.5689655172413793,0.4936708860759494,0.641509433962264,0.4763406940063092,0.19624573378839588,0.5284552845528455,0.706959706959707,0.39372325249643364,1
0.2052631578947371,0.27272727272727276,0.7379679144385027,0.5618556701030929,0.6956521739130435,0.2137931034482759,0.13713080168776368,0.018867924528301903,0.36277602523659314,0.10409556313993173,0.38211382113821135,0.36263736263736257,0.24750356633380885,2
0.6263157894736843,0.6126482213438735,0.40641711229946526,0.42268041237113413,0.21739130434782608,0.5068965517241381,0.4936708860759494,0.2641509433962264,0.33753943217665616,0.25597269624573377,0.3495934959349594,0.6336996336996337,0.5399429386590585,1
0.31052631578947404,0.08893280632411067,0.2085561497326203,0.31958762886597947,0.8804347826086957,0.30000000000000004,0.19831223628691982,0.018867924528301903,0.6593059936908517,0.13395904436860068,0.6504065040650407,0.6593406593406593,0.31383737517831667,2
0.6473684210526317,0.18181818181818182,0.47058823529411775,0.6907216494845362,0.18478260869565216,0.31034482758620685,0.3164556962025316,0.2641509433962264,0.19558359621451107,0.2098976109215017,0.4065040650406504,0.553113553113553,0.1383737517831669,2
0.5605263157894738,0.5592885375494072,0.42245989304812825,0.5360824742268042,0.34782608695652173,0.17931034482758623,0.04430379746835443,0.5660377358490566,0.28075709779179814,0.2320819112627986,0.0975609756097561,0.15018315018315015,0.39372325249643364,3
0.30789473684210517,0.45256916996047436,0.5133689839572192,0.43298969072164956,0.2826086956521739,0.09310344827586207,0.03164556962025315,0.5094339622641509,0.10094637223974764,0.3600682593856655,0.1463414634146342,0.20512820512820515,0.16547788873038516,3
0.5605263157894738,0.3201581027667984,0.7005347593582887,0.4123711340206187,0.33695652173913043,0.6275862068965516,0.6118143459915613,0.320754716981132,0.7570977917981072,0.3754266211604095,0.4471544715447155,0.6959706959706959,0.6469329529243937,1
0.39210526315789473,0.33399209486166015,0.4331550802139037,0.5360824742268042,0.1956521739130435,0.5413793103448276,0.4071729957805907,0.24528301886792453,0.2555205047318612,0.0614334470989761,0.34146341463414637,0.553113553113553,0.033523537803138374,2
0.10000000000000019,0.0,0.6096256684491979,0.5360824742268042,0.1956521739130435,0.5172413793103449,0.35232067510548515,0.5471698113207547,0.32492113564668773,0.15358361774744028,0.5040650406504066,0.380952380952381,0.11126961483594865,2
