0.23266022827041602,0.40751879699248117,0.8040089086859687,0.3894080996884735,0.46071428571428585,0.10628019323671498,0.24163568773234195,0.0,0.0,2
0.3112379280070252,0.32180451127819537,0.7750556792873051,0.3115264797507788,0.5607142857142864,0.0966183574879227,0.27881040892193304,0.0,0.0,1
0.3230904302019327,0.37142857142857133,0.8084632516703786,0.24299065420560748,0.5392857142857141,0.09178743961352656,0.27695167286245354,0.02857142857142857,0.33333333333333337,2
0.3217734855136107,0.43759398496240615,0.8619153674832962,0.3052959501557632,0.3839285714285703,0.08695652173913045,0.26858736059479554,0.0,0.6274509803921569,2
0.26163301141351886,0.5263157894736843,0.0,0.5576323987538941,0.6339285714285716,0.0,0.2964684014869888,0.5301587301587302,0.0,6
0.3007023705004397,0.44812030075187986,0.8752783964365256,0.3894080996884735,0.3571428571428575,0.08695652173913045,0.25836431226765805,0.0,0.29411764705882354,2
0.4640035118525003,0.41353383458646625,0.8329621380846325,0.1900311526479751,0.39285714285714374,0.028985507246376812,0.3884758364312267,0.0,0.13725490196078433,1
0.20763827919226938,0.3593984962406014,0.7594654788418708,0.40186915887850466,0.6160714285714297,0.011272141706924317,0.27509293680297403,0.0,0.37254901960784315,2
0.043898156277441217,0.3398496240601504,0.7728285077951003,0.25856697819314645,0.5660714285714294,0.0998389694041868,0.2713754646840148,0.0,0.6078431372549019,1
0.1984196663740156,0.3849624060150375,0.7683741648106904,0.2866043613707165,0.523214285714285,0.09017713365539454,0.29182156133828996,0.0,0.0,1
0.3784021071115041,0.4631578947368422,0.7973273942093541,0.3208722741433022,0.3410714285714283,0.01932367149758454,0.3011152416356877,0.21904761904761905,0.0,1
0.24012291483758036,0.31879699248120297,0.7817371937639197,0.3582554517133956,0.5714285714285725,0.10950080515297908,0.26022304832713755,0.019047619047619046,0.49019607843137253,2
0.2945566286215973,0.30075187969924816,0.7639198218262806,0.2803738317757009,0.5607142857142864,0.0998389694041868,0.3094795539033457,0.0,0.5882352941176471,1
0.21115013169446778,0.3097744360902254,0.8040089086859687,0.41433021806853587,0.5642857142857143,0.10305958132045089,0.24535315985130113,0.0,0.5098039215686274,1
0.09043020193151663,0.34135338345864663,0.0,0.8504672897196262,0.1589285714285717,1.0,0.13940520446096652,0.0,0.0,4
0.2835820895522346,0.47518796992481216,0.8017817371937639,0.33333333333333337,0.5214285714285722,0.07729468599033816,0.22304832713754646,0.0,0.0,1
0.2655838454784945,0.3984962406015039,0.7795100222717148,0.26791277258566976,0.542857142857142,0.08051529790660225,0.27881040892193304,0.0,0.0,1
0.2791922739244914,0.3127819548872181,0.7951002227171492,0.3302180685358256,0.5732142857142852,0.0998389694041868,0.29368029739776946,0.0,0.0,1
0.3446005267778712,0.4150375939849625,0.7750556792873051,0.3302180685358256,0.3821428571428576,0.08856682769726248,0.33178438661710036,0.0,0.0,1
0.6812993854258105,0.4902255639097745,0.8240534521158129,0.1308411214953271,0.314285714285713,0.00322061191626409,0.4079925650557621,0.0,0.19607843137254902,1
0.2800702370500459,0.2766917293233083,0.7728285077951003,0.3395638629283489,0.6392857142857147,0.0966183574879227,0.28996282527881045,0.0,0.11764705882352941,1
0.23705004389815917,0.3037593984962406,0.6347438752783964,0.3582554517133956,0.6178571428571423,0.09178743961352656,0.31226765799256495,0.03492063492063492,0.43137254901960786,2
0.34108867427568246,0.41052631578947385,0.8530066815144766,0.30218068535825543,0.4892857142857139,0.09178743961352656,0.25836431226765805,0.0,0.27450980392156865,2
0.20851624231782384,0.3774436090225564,0.7438752783964364,0.367601246105919,0.5874999999999991,0.06280193236714976,0.2592936802973978,0.0,0.0,2
0.3187006145741895,0.34436090225563903,0.8062360801781737,0.2398753894080997,0.45178571428571496,0.10305958132045089,0.3438661710037175,0.0,0.29411764705882354,2
0.2708516242317824,0.6345864661654135,0.0,0.470404984423676,0.5678571428571421,0.0,0.295539033457249,0.4920634920634921,0.0,6
0.17515364354696814,0.6195488721804512,0.0,0.6635514018691588,0.6982142857142858,0.0,0.27509293680297403,0.1777777777777778,0.0,6
0.22080772607550855,0.34285714285714286,0.7795100222717148,0.3707165109034268,0.5500000000000003,0.0966183574879227,0.24999999999999992,0.0,0.0,2
0.27875329236172397,0.31428571428571433,0.7906458797327394,0.37383177570093457,0.5250000000000001,0.08695652173913045,0.28717472118959103,0.0,0.37254901960784315,1
0.22475856014047446,0.34135338345864663,0.7973273942093541,0.3894080996884735,0.5392857142857141,0.09822866344605474,0.2425650557620817,0.0,0.0,2
0.3972783143107987,0.4887218045112783,0.30066815144766146,0.41744548286604355,0.3482142857142866,0.06280193236714976,0.4767657992565056,0.0,0.3529411764705882,2
0.3134328358208919,0.3774436090225564,0.8685968819599108,0.34890965732087226,0.44999999999999973,0.08856682769726248,0.2676579925650558,0.0,0.19607843137254902,2
0.3173836698858675,0.5398496240601505,0.7260579064587972,0.6012461059190032,0.257142857142857,0.23510466988727857,0.033457249070631995,0.5174603174603174,0.0,6
0.2256365232660192,0.29774436090225576,0.7416481069042316,0.37383177570093457,0.6196428571428576,0.10789049919484703,0.26115241635687736,0.0,0.0,2
0.3309920983318742,0.3699248120300751,0.7505567928730512,0.2772585669781931,0.5196428571428571,0.09178743961352656,0.3159851301115241,0.0,0.3137254901960784,1
0.266022827041262,0.32180451127819537,0.7750556792873051,0.32398753894081,0.5767857142857156,0.09017713365539454,0.27881040892193304,0.0,0.0,1
0.18876207199297482,0.5127819548872182,0.0,0.7445482866043615,0.6392857142857147,0.01288244766505636,0.3382899628252788,0.19365079365079366,0.09803921568627451,6
0.2958735733099193,0.3699248120300751,0.8685968819599108,0.3146417445482866,0.44999999999999973,0.08856682769726248,0.2797397769516728,0.0,0.5490196078431373,2
0.2519754170324878,0.29172932330827067,0.6414253897550111,0.4423676012461059,0.6071428571428562,0.11755233494363929,0.28903345724907054,0.0,0.0,2
0.4552238805970141,0.34887218045112794,0.8129175946547884,0.18068535825545173,0.44821428571428457,0.030595813204508857,0.41078066914498135,0.0,0.33333333333333337,1
0.2721685689201044,0.34436090225563903,0.7884187082405345,0.43613707165109034,0.5214285714285722,0.08695652173913045,0.2797397769516728,0.0,0.13725490196078433,1
0.5267778753292361,0.40751879699248117,0.7438752783964364,0.29283489096573206,0.4589285714285707,0.0966183574879227,0.3159851301115241,0.0,0.0,6
0.30860403863038127,0.4496240601503761,0.0,0.0841121495327103,0.8285714285714295,0.0,0.516728624535316,0.0,0.0,2
0.47453906935908585,0.5458646616541353,0.8574610244988864,0.1869158878504673,0.2767857142857141,0.024154589371980676,0.34572490706319703,0.0,0.0,1
0.23266022827041602,0.6330827067669172,0.0,0.4922118380062306,0.5892857142857144,0.0,0.3011152416356877,0.4380952380952381,0.0,6
0.309482001755926,0.28421052631578936,0.6146993318485523,0.16822429906542058,0.714285714285715,0.05636070853462157,0.37081784386617095,0.0,0.39215686274509803,2
0.40737489025460694,0.3984962406015039,0.0,0.34579439252336447,0.4357142857142858,0.05314009661835749,0.6570631970260222,0.0,0.0,4
0.4635645302897231,0.12481203007518801,0.4187082405345211,0.3956386292834891,0.5446428571428572,0.07568438003220612,0.5557620817843866,0.0,0.0,4
0.4183494293239697,0.42406015037593997,0.465478841870824,0.42990654205607476,0.42321428571428693,0.0853462157809984,0.3847583643122677,0.08571428571428573,0.33333333333333337,2
0.2098331870061458,0.37894736842105264,0.7683741648106904,0.35514018691588783,0.6000000000000005,0.09822866344605474,0.22583643122676583,0.0,0.0,2
0.2835820895522346,0.3127819548872181,0.7884187082405345,0.29283489096573206,0.6124999999999993,0.09339774557165861,0.27509293680297403,0.0,0.0,1
0.48814749780509253,0.5172932330827068,0.8485523385300668,0.15264797507788164,0.27499999999999886,0.0,0.3959107806691449,0.0,0.0,1
0.2805092186128134,0.40000000000000013,0.8151447661469933,0.2803738317757009,0.5321428571428584,0.09178743961352656,0.2639405204460966,0.0,0.21568627450980393,1
0.3608428446005315,0.46015037593984953,0.5367483296213809,0.2803738317757009,0.5267857142857153,0.0,0.4033457249070631,0.0,0.0,5
0.17515364354696814,0.4932330827067669,0.5968819599109132,1.0,0.014285714285713996,0.27053140096618356,0.04089219330855021,0.6984126984126985,0.0,4
0.285776997366111,0.37293233082706784,0.821826280623608,0.3115264797507788,0.5,0.09178743961352656,0.2592936802973978,0.0,0.0,1
0.6799824407374885,0.07518796992481204,0.0,0.14953271028037385,0.6071428571428562,0.0,0.8596654275092935,0.0,0.0,2
0.08823529411764992,0.34436090225563903,0.0,0.8566978193146417,0.11964285714285756,1.0,0.1421933085501859,0.0,0.0,4
0.351624231782268,0.5142857142857143,0.0,0.5607476635514018,0.523214285714285,0.0,0.5065055762081785,0.0,0.0,5
0.2993854258121177,0.3022556390977444,0.7750556792873051,0.3302180685358256,0.562499999999999,0.10305958132045089,0.30204460966542745,0.0,0.0,1
0.4863915715539933,0.37293233082706784,0.8396436525612472,0.1557632398753894,0.38928571428571335,0.020933977455716585,0.4265799256505575,0.0,0.0,1
0.4640035118525003,0.4180451127819549,0.8596881959910913,0.18380062305295952,0.35357142857142965,0.03703703703703704,0.3819702602230482,0.0,0.21568627450980393,1
0.4552238805970141,0.34887218045112794,0.8129175946547884,0.18068535825545173,0.43035714285714266,0.030595813204508857,0.41078066914498135,0.0,0.33333333333333337,1
0.48200175592625016,0.523308270676692,0.8507795100222716,0.056074766355140186,0.34999999999999926,0.017713365539452495,0.3847583643122677,0.0,0.0,1
0.1725197541703242,0.6646616541353385,0.0,0.6105919003115264,0.6589285714285716,0.0,0.27044609665427505,0.2,0.0,6
0.3485513608428468,0.47518796992481216,0.7861915367483295,0.3208722741433022,0.3571428571428575,0.0821256038647343,0.3113382899628252,0.03492063492063492,0.0,1
0.1935908691834952,0.4721804511278195,0.0,0.7009345794392523,0.6107142857142867,0.022544283413848634,0.3698884758364312,0.2571428571428572,0.0196078431372549,6
0.43195785776997636,0.4451127819548872,0.7995545657015589,0.25856697819314645,0.3839285714285703,0.014492753623188406,0.36895910780669144,0.0,0.0,1
0.5684811237928009,0.4661654135338346,0.6458797327394209,0.27414330218068533,0.23928571428571513,0.01288244766505636,0.49814126394052033,0.0,0.0,2
0.23178226514486155,0.21503759398496242,0.7839643652561247,0.3302180685358256,0.5500000000000003,0.09178743961352656,0.2881040892193308,0.0,0.0,3
0.21027216856892306,0.35488721804511275,0.7839643652561247,0.3925233644859813,0.5464285714285724,0.10950080515297908,0.24349442379182162,0.0,0.1764705882352941,2
0.29762949956101853,0.3097744360902254,0.7795100222717148,0.25856697819314645,0.5750000000000004,0.10305958132045089,0.31040892193308545,0.0,0.0,1
0.277436347673402,0.31729323308270674,0.7795100222717148,0.26479750778816197,0.6178571428571423,0.09017713365539454,0.28996282527881045,0.0,0.0,1
0.287093942054433,0.2586466165413533,0.6035634743875278,0.3115264797507788,0.6946428571428579,0.09017713365539454,0.33736059479553904,0.0,0.47058823529411764,1
0.23266022827041602,0.4015037593984963,0.77728285077951,0.38317757009345793,0.5071428571428582,0.10789049919484703,0.24628252788104088,0.0,0.19607843137254902,2
0.24934152765583414,0.5759398496240603,0.0,0.5264797507788161,0.6214285714285728,0.0,0.28717472118959103,0.4984126984126985,0.13725490196078433,6
0.26031606672519686,0.4496240601503761,0.8195991091314031,0.4735202492211838,0.4017857142857147,0.10305958132045089,0.22769516728624534,0.0,0.0,2
0.4552238805970141,0.3593984962406014,0.7973273942093541,0.1900311526479751,0.4267857142857148,0.03703703703703704,0.4079925650557621,0.0,0.3137254901960784,1
0.4661984196663768,0.45413533834586467,0.22494432071269488,0.33333333333333337,0.4249999999999996,0.05314009661835749,0.5306691449814126,0.0,0.0,2
0.22300263388937527,0.5127819548872182,0.0,0.8068535825545171,0.5,0.01288244766505636,0.3485130111524163,0.33650793650793653,0.0,6
0.27524143985952554,0.38195488721804505,0.8062360801781737,0.29595015576323985,0.5839285714285714,0.08856682769726248,0.24535315985130113,0.0,0.0,1
0.44424934152765133,0.5398496240601505,0.8685968819599108,0.16822429906542058,0.3017857142857142,0.0,0.37732342007434944,0.0,0.0,3
0.22036874451273133,0.6345864661654135,0.0,0.616822429906542,0.6232142857142854,0.0,0.3048327137546469,0.21269841269841272,0.0,6
0.26865671641790595,0.5969924812030075,0.0,0.6386292834890965,0.6196428571428576,0.0,0.3271375464684014,0.20952380952380953,0.0,6
0.27568042142230276,0.22105263157894725,0.7238307349665924,0.27102803738317754,0.6678571428571426,0.0998389694041868,0.3224907063197026,0.0,0.47058823529411764,2
0.20017559262510504,0.299248120300752,0.7706013363028953,0.3956386292834891,0.6053571428571436,0.10789049919484703,0.24721189591078066,0.0,0.47058823529411764,1
0.0807726075504856,0.5518796992481204,0.38752783964365256,0.3894080996884735,0.8464285714285714,0.0,0.2007434944237918,0.0,0.0,5
0.287093942054433,0.4390977443609023,0.8151447661469933,0.25545171339563866,0.528571428571428,0.017713365539452495,0.29460966542750927,0.0,0.0,3
0.34942932396839155,0.4766917293233084,0.8307349665924276,0.2772585669781931,0.4125000000000008,0.00966183574879227,0.32156133828996286,0.0,0.0,1
0.23924495171202587,0.3398496240601504,0.7082405345211581,0.29283489096573206,0.5642857142857143,0.09339774557165861,0.3141263940520446,0.0,0.47058823529411764,2
0.3323090430201962,0.3308270676691729,0.8151447661469933,0.3956386292834891,0.48214285714285815,0.09339774557165861,0.28996282527881045,0.0,0.23529411764705882,2
0.48200175592625016,0.523308270676692,0.8507795100222716,0.056074766355140186,0.34999999999999926,0.017713365539452495,0.3847583643122677,0.0,0.0,1
0.25109745390693333,0.37593984962406024,0.7884187082405345,0.3707165109034268,0.5410714285714293,0.09017713365539454,0.2481412639405204,0.0,0.0,2
0.7067603160667246,0.461654135338346,0.7015590200445434,0.11526479750778817,0.13571428571428423,0.01288244766505636,0.5771375464684014,0.0,0.0,2
0.28446005267778907,0.28270676691729313,0.7995545657015589,0.31775700934579443,0.6214285714285728,0.09339774557165861,0.2853159851301115,0.0,0.0,1
0.23836698858648114,0.6120300751879701,0.0,0.5295950155763239,0.5892857142857144,0.0,0.26486988847583637,0.5428571428571428,0.0,6
0.3467954345917476,0.49172932330827074,0.532293986636971,0.3956386292834891,0.457142857142858,0.0,0.3847583643122677,0.0,0.0,5
0.3235294117647099,0.5052631578947369,0.487750556792873,0.42679127725856697,0.5107142857142861,0.0,0.36152416356877326,0.0,0.0,5
0.49692712906057884,0.6210526315789473,0.48997772828507796,0.5514018691588786,0.08035714285714345,0.12238325281803543,0.40241635687732336,0.0,0.0,6
0.21861281826163212,0.4796992481203008,0.7839643652561247,0.29906542056074764,0.5482142857142851,0.05958132045088567,0.23327137546468404,0.0,0.27450980392156865,2
0.2932396839332754,0.2947368421052631,0.7884187082405345,0.3271028037383178,0.5607142857142864,0.09178743961352656,0.30855018587360594,0.0,0.0,1
0.44073748902546267,0.336842105263158,0.07349665924276169,0.38006230529595014,0.6392857142857147,0.020933977455716585,0.5427509293680296,0.0,0.5490196078431373,4
0.3748902546093057,0.5759398496240603,0.0,0.0841121495327103,0.6553571428571439,0.0,0.5381040892193308,0.0,0.0,5
0.3525021949078127,0.49774436090225554,0.7973273942093541,0.33644859813084116,0.4053571428571426,0.09017713365539454,0.26672862453531604,0.0,0.0,1
0.88235294117647,0.0,0.0,0.5638629283489097,0.0,0.09339774557165861,0.7314126394052044,1.0,0.5490196078431373,2
0.23309920983318352,0.40300751879699254,0.7906458797327394,0.29906542056074764,0.5357142857142863,0.10950080515297908,0.2481412639405204,0.0,0.0,2
0.28972783143107694,0.31879699248120297,0.7750556792873051,0.29283489096573206,0.5642857142857143,0.09822866344605474,0.2908921933085502,0.02857142857142857,0.43137254901960786,1
