0.38586479367866844,0.38195488721804505,0.0,0.45794392523364486,0.5750000000000004,0.07568438003220612,0.5473977695167286,0.0,0.0,4
0.3173836698858675,0.5398496240601505,0.7260579064587972,0.6012461059190032,0.257142857142857,0.23510466988727857,0.033457249070631995,0.5174603174603174,0.0,6
0.32704126426689856,0.3954887218045112,0.7639198218262806,0.35514018691588783,0.43750000000000094,0.0821256038647343,0.29460966542750927,0.0,0.0,2
0.25241439859525533,0.3909774436090226,0.7884187082405345,0.4112149532710281,0.4875000000000012,0.10950080515297908,0.24907063197026016,0.0,0.0,2
0.2805092186128134,0.41353383458646625,0.8329621380846325,0.27414330218068533,0.5678571428571421,0.09500805152979065,0.24163568773234195,0.0,0.0,1
0.2932396839332754,0.2947368421052631,0.7884187082405345,0.3271028037383178,0.5607142857142864,0.09178743961352656,0.30855018587360594,0.0,0.0,1
0.2708516242317824,0.6345864661654135,0.0,0.470404984423676,0.5678571428571421,0.0,0.295539033457249,0.4920634920634921,0.0,6
0.351624231782268,0.5142857142857143,0.0,0.5607476635514018,0.523214285714285,0.0,0.5065055762081785,0.0,0.0,5
0.27524143985952554,0.38195488721804505,0.8062360801781737,0.29595015576323985,0.5839285714285714,0.08856682769726248,0.24535315985130113,0.0,0.0,1
0.2800702370500459,0.2766917293233083,0.7728285077951003,0.3395638629283489,0.6392857142857147,0.0966183574879227,0.28996282527881045,0.0,0.11764705882352941,1
0.3235294117647099,0.5052631578947369,0.487750556792873,0.42679127725856697,0.5107142857142861,0.0,0.36152416356877326,0.0,0.0,5
0.6812993854258105,0.4902255639097745,0.8240534521158129,0.1308411214953271,0.314285714285713,0.00322061191626409,0.4079925650557621,0.0,0.19607843137254902,1
0.28972783143107694,0.31879699248120297,0.7750556792873051,0.29283489096573206,0.5642857142857143,0.09822866344605474,0.2908921933085502,0.02857142857142857,0.43137254901960786,1
0.29762949956101853,0.37293233082706784,0.7750556792873051,0.34890965732087226,0.5053571428571431,0.09500805152979065,0.27881040892193304,0.0,0.0,1
0.2721685689201044,0.34436090225563903,0.7884187082405345,0.43613707165109034,0.5214285714285722,0.08695652173913045,0.2797397769516728,0.0,0.13725490196078433,1
0.3217734855136107,0.43759398496240615,0.8619153674832962,0.3052959501557632,0.3839285714285703,0.08695652173913045,0.26858736059479554,0.0,0.6274509803921569,2
0.2791922739244914,0.3127819548872181,0.7951002227171492,0.3302180685358256,0.5732142857142852,0.0998389694041868,0.29368029739776946,0.0,0.0,1
0.4328358208955211,0.43759398496240615,1.0,0.25233644859813087,0.3517857142857144,0.00966183574879227,0.30855018587360594,0.0,0.0,1
0.23266022827041602,0.6330827067669172,0.0,0.4922118380062306,0.5892857142857144,0.0,0.3011152416356877,0.4380952380952381,0.0,6
0.5487269534679519,0.7609022556390977,0.40757238307349664,0.31775700934579443,0.11071428571428664,0.0499194847020934,0.295539033457249,0.5333333333333333,0.0,6
0.21115013169446778,0.3097744360902254,0.8040089086859687,0.41433021806853587,0.5642857142857143,0.10305958132045089,0.24535315985130113,0.0,0.5098039215686274,1
0.4183494293239697,0.42406015037593997,0.465478841870824,0.42990654205607476,0.42321428571428693,0.0853462157809984,0.3847583643122677,0.08571428571428573,0.33333333333333337,2
0.17515364354696814,0.4932330827067669,0.5968819599109132,1.0,0.014285714285713996,0.27053140096618356,0.04089219330855021,0.6984126984126985,0.0,4
0.44073748902546267,0.336842105263158,0.07349665924276169,0.38006230529595014,0.6392857142857147,0.020933977455716585,0.5427509293680296,0.0,0.5490196078431373,4
0.2813871817383679,0.3639097744360903,0.8040089086859687,0.2367601246105919,0.6124999999999993,0.09178743961352656,0.26115241635687736,0.0,0.0,1
0.2958735733099193,0.3699248120300751,0.8685968819599108,0.3146417445482866,0.44999999999999973,0.08856682769726248,0.2797397769516728,0.0,0.5490196078431373,2
0.25109745390693333,0.37593984962406024,0.7884187082405345,0.3707165109034268,0.5410714285714293,0.09017713365539454,0.2481412639405204,0.0,0.0,2
0.287093942054433,0.4390977443609023,0.8151447661469933,0.25545171339563866,0.528571428571428,0.017713365539452495,0.29460966542750927,0.0,0.0,3
0.24539069359086824,0.32180451127819537,0.7928730512249443,0.42056074766355134,0.5946428571428575,0.10466988727858294,0.23791821561338292,0.0,0.0,2
0.2502194907813886,0.6300751879699249,0.0,0.5295950155763239,0.5803571428571435,0.0,0.2760223048327138,0.5047619047619049,0.0,6
0.3467954345917476,0.431578947368421,0.8062360801781737,0.25545171339563866,0.5053571428571431,0.022544283413848634,0.3094795539033457,0.0,0.0,1
0.3735733099209837,0.6075187969924812,0.8351893095768373,0.0,0.3946428571428564,0.004830917874396135,0.33178438661710036,0.0,0.0,1
0.2655838454784945,0.3984962406015039,0.7795100222717148,0.26791277258566976,0.542857142857142,0.08051529790660225,0.27881040892193304,0.0,0.0,1
0.3467954345917476,0.49172932330827074,0.532293986636971,0.3956386292834891,0.457142857142858,0.0,0.3847583643122677,0.0,0.0,5
0.3446005267778712,0.4150375939849625,0.7750556792873051,0.3302180685358256,0.3821428571428576,0.08856682769726248,0.33178438661710036,0.0,0.0,1
0.44424934152765133,0.5398496240601505,0.8685968819599108,0.16822429906542058,0.3017857142857142,0.0,0.37732342007434944,0.0,0.0,3
0.20851624231782384,0.34436090225563903,0.7973273942093541,0.38006230529595014,0.5910714285714296,0.1111111111111111,0.23513011152416355,0.0,0.0,2
0.20017559262510504,0.299248120300752,0.7706013363028953,0.3956386292834891,0.6053571428571436,0.10789049919484703,0.24721189591078066,0.0,0.47058823529411764,1
0.285776997366111,0.37293233082706784,0.821826280623608,0.3115264797507788,0.5,0.09178743961352656,0.2592936802973978,0.0,0.0,1
0.21729587357331015,0.3909774436090226,0.7861915367483295,0.3271028037383178,0.5107142857142861,0.09017713365539454,0.2695167286245353,0.0,0.0,3
0.27875329236172397,0.31428571428571433,0.7906458797327394,0.37383177570093457,0.5250000000000001,0.08695652173913045,0.28717472118959103,0.0,0.37254901960784315,1
0.47453906935908585,0.5458646616541353,0.8574610244988864,0.1869158878504673,0.2767857142857141,0.024154589371980676,0.34572490706319703,0.0,0.0,1
0.2835820895522346,0.47518796992481216,0.8017817371937639,0.33333333333333337,0.5214285714285722,0.07729468599033816,0.22304832713754646,0.0,0.0,1
0.27568042142230276,0.38646616541353396,0.8017817371937639,0.26479750778816197,0.5857142857142865,0.09339774557165861,0.25464684014869887,0.0,0.0,1
0.28094820017559063,0.34135338345864663,0.8017817371937639,0.33333333333333337,0.5678571428571421,0.09178743961352656,0.2760223048327138,0.0,0.21568627450980393,1
0.4240561896400348,0.4586466165413533,0.5077951002227171,0.35514018691588783,0.38928571428571335,0.07890499194847021,0.41078066914498135,0.0,0.33333333333333337,2
0.22036874451273133,0.6345864661654135,0.0,0.616822429906542,0.6232142857142854,0.0,0.3048327137546469,0.21269841269841272,0.0,6
0.23309920983318352,0.34736842105263144,0.7572383073496659,0.30218068535825543,0.5714285714285725,0.08373590982286634,0.2927509293680297,0.0,0.0,3
0.34942932396839155,0.4766917293233084,0.8307349665924276,0.2772585669781931,0.4125000000000008,0.00966183574879227,0.32156133828996286,0.0,0.0,1
0.2945566286215973,0.30075187969924816,0.7639198218262806,0.2803738317757009,0.5607142857142864,0.0998389694041868,0.3094795539033457,0.0,0.5882352941176471,1
0.3208955223880562,0.40300751879699254,0.866369710467706,0.32398753894081,0.4589285714285707,0.0821256038647343,0.26486988847583637,0.0,0.0,2
0.1935908691834952,0.4721804511278195,0.0,0.7009345794392523,0.6107142857142867,0.022544283413848634,0.3698884758364312,0.2571428571428572,0.0196078431372549,6
0.22300263388937527,0.5218045112781954,0.0,0.778816199376947,0.6517857142857134,0.00644122383252818,0.33550185873605937,0.126984126984127,0.1764705882352941,6
0.3595258999121998,0.43759398496240615,0.7884187082405345,0.14330218068535827,0.5071428571428582,0.02576489533011272,0.32156133828996286,0.047619047619047616,0.47058823529411764,3
0.20851624231782384,0.31428571428571433,0.7839643652561247,0.5015576323987538,0.5446428571428572,0.1111111111111111,0.23605947955390333,0.0,0.0,2
0.22475856014047446,0.34135338345864663,0.7973273942093541,0.3894080996884735,0.5392857142857141,0.09822866344605474,0.2425650557620817,0.0,0.0,2
0.712906057945567,0.04360902255639086,0.0,0.14330218068535827,0.5839285714285714,0.0,0.8856877323420074,0.0,0.0,2
0.2168568920105329,0.643609022556391,0.0,0.6915887850467289,0.5785714285714283,0.008051529790660227,0.3159851301115241,0.16825396825396827,0.0,6
0.5201931518876165,0.3879699248120302,0.7973273942093541,0.1651090342679128,0.38928571428571335,0.01932367149758454,0.44052044609665425,0.0,0.058823529411764705,1
0.7067603160667246,0.461654135338346,0.7015590200445434,0.11526479750778817,0.13571428571428423,0.01288244766505636,0.5771375464684014,0.0,0.0,2
0.21729587357331015,0.4045112781954887,0.7572383073496659,0.2897196261682243,0.514285714285714,0.09500805152979065,0.26858736059479554,0.0,0.0,3
0.32001755926251146,0.37894736842105264,0.8374164810690422,0.3208722741433022,0.4625000000000011,0.09339774557165861,0.2778810408921933,0.0,0.0,2
0.3169446883230903,0.36240601503759406,0.6325167037861915,0.308411214953271,0.542857142857142,0.08856682769726248,0.3382899628252788,0.0,0.0,1
0.4640035118525003,0.41353383458646625,0.8329621380846325,0.1900311526479751,0.39285714285714374,0.028985507246376812,0.3884758364312267,0.0,0.13725490196078433,1
0.4635645302897231,0.12481203007518801,0.4187082405345211,0.3956386292834891,0.5446428571428572,0.07568438003220612,0.5557620817843866,0.0,0.0,4
0.08823529411764992,0.34436090225563903,0.0,0.8566978193146417,0.11964285714285756,1.0,0.1421933085501859,0.0,0.0,4
0.24012291483758036,0.31879699248120297,0.7817371937639197,0.3582554517133956,0.5714285714285725,0.10950080515297908,0.26022304832713755,0.019047619047619046,0.49019607843137253,2
0.2778753292361695,0.32030075187969914,0.7928730512249443,0.3052959501557632,0.6071428571428562,0.08695652173913045,0.2741635687732343,0.0,0.33333333333333337,1
0.3134328358208919,0.5609022556390979,0.49888641425389757,0.41433021806853587,0.4589285714285707,0.0,0.3559479553903345,0.0,0.0,5
0.25987708516241964,0.41353383458646625,0.7750556792873051,0.4423676012461059,0.4839285714285708,0.0998389694041868,0.23791821561338292,0.0,0.0,2
1.0,0.23609022556390988,0.0,0.22118380062305296,0.06249999999999905,0.01932367149758454,1.0,0.0,0.47058823529411764,2
0.2848990342405663,0.3383458646616542,0.7884187082405345,0.2866043613707165,0.5696428571428573,0.10466988727858294,0.2881040892193308,0.0,0.0,1
0.24934152765583414,0.5759398496240603,0.0,0.5264797507788161,0.6214285714285728,0.0,0.28717472118959103,0.4984126984126985,0.13725490196078433,6
0.4859525899912161,0.556390977443609,0.0,0.22118380062305296,0.5107142857142861,0.016103059581320453,0.5659851301115241,0.0,0.1568627450980392,2
0.5684811237928009,0.4661654135338346,0.6458797327394209,0.27414330218068533,0.23928571428571513,0.01288244766505636,0.49814126394052033,0.0,0.0,2
0.3112379280070252,0.32180451127819537,0.7750556792873051,0.3115264797507788,0.5607142857142864,0.0966183574879227,0.27881040892193304,0.0,0.0,1
0.3187006145741895,0.3308270676691729,0.8329621380846325,0.25545171339563866,0.44107142857142884,0.10305958132045089,0.32806691449814135,0.0,0.43137254901960786,2
0.7295873573309949,0.28721804511278204,0.0,0.11838006230529596,0.3946428571428564,0.00966183574879227,0.8336431226765799,0.0,0.0,2
0.24143985952590233,0.36240601503759406,0.7683741648106904,0.45794392523364486,0.4767857142857151,0.0966183574879227,0.2741635687732343,0.0,0.33333333333333337,3
0.3485513608428468,0.47518796992481216,0.7861915367483295,0.3208722741433022,0.3571428571428575,0.0821256038647343,0.3113382899628252,0.03492063492063492,0.0,1
0.4416154521510074,0.49624060150375937,0.8374164810690422,0.09034267912772585,0.35357142857142965,0.017713365539452495,0.39219330855018586,0.0,0.0,3
0.2098331870061458,0.35488721804511275,0.7995545657015589,0.38317757009345793,0.5874999999999991,0.10789049919484703,0.22304832713754646,0.0,0.0,2
0.6580333625987728,0.44661654135338336,0.0,0.33333333333333337,0.2553571428571418,0.030595813204508857,0.7444237918215613,0.0,0.19607843137254902,2
0.26163301141351886,0.5263157894736843,0.0,0.5576323987538941,0.6339285714285716,0.0,0.2964684014869888,0.5301587301587302,0.0,6
0.21027216856892306,0.35488721804511275,0.7839643652561247,0.3925233644859813,0.5464285714285724,0.10950080515297908,0.24349442379182162,0.0,0.1764705882352941,2
0.18876207199297482,0.5127819548872182,0.0,0.7445482866043615,0.6392857142857147,0.01288244766505636,0.3382899628252788,0.19365079365079366,0.09803921568627451,6
0.26163301141351886,0.32481203007518805,0.8062360801781737,0.3987538940809969,0.562499999999999,0.09822866344605474,0.24907063197026016,0.0,0.0,2
0.3042142230026381,0.40601503759398494,0.6391982182628062,0.2803738317757009,0.5410714285714293,0.08856682769726248,0.3345724907063196,0.0,0.0,1
0.2361720807726047,0.1834586466165412,0.0,0.2803738317757009,0.9589285714285732,0.4347826086956522,0.32527881040892187,0.0,0.0,6
0.3309920983318742,0.3699248120300751,0.7505567928730512,0.2772585669781931,0.5196428571428571,0.09178743961352656,0.3159851301115241,0.0,0.3137254901960784,1
0.25417032484635455,0.32030075187969914,0.7973273942093541,0.31775700934579443,0.5,0.09822866344605474,0.31226765799256495,0.0,0.0,3
0.2519754170324878,0.29172932330827067,0.6414253897550111,0.4423676012461059,0.6071428571428562,0.11755233494363929,0.28903345724907054,0.0,0.0,2
0.23046532045653959,0.27368421052631586,0.7750556792873051,0.4922118380062306,0.6107142857142867,0.10144927536231885,0.24628252788104088,0.0,0.1764705882352941,2
0.23178226514486155,0.21503759398496242,0.7839643652561247,0.3302180685358256,0.5500000000000003,0.09178743961352656,0.2881040892193308,0.0,0.0,3
0.5504828797190511,0.40751879699248117,0.0,0.40186915887850466,0.43035714285714266,0.05152979066022544,0.632899628252788,0.0,0.0,4
0.3187006145741895,0.34436090225563903,0.8062360801781737,0.2398753894080997,0.45178571428571496,0.10305958132045089,0.3438661710037175,0.0,0.29411764705882354,2
0.3437225636523264,0.4285714285714286,0.7461024498886414,0.29283489096573206,0.4053571428571426,0.09500805152979065,0.32342007434944237,0.0,0.0,1
0.17515364354696814,0.6195488721804512,0.0,0.6635514018691588,0.6982142857142858,0.0,0.27509293680297403,0.1777777777777778,0.0,6
0.0807726075504856,0.5518796992481204,0.38752783964365256,0.3894080996884735,0.8464285714285714,0.0,0.2007434944237918,0.0,0.0,5
0.2805092186128134,0.40000000000000013,0.8151447661469933,0.2803738317757009,0.5321428571428584,0.09178743961352656,0.2639405204460966,0.0,0.21568627450980393,1
0.4170324846356477,0.5458646616541353,0.0,0.5389408099688473,0.6446428571428577,0.0,0.2797397769516728,0.5206349206349207,0.0,6
0.22080772607550855,0.4210526315789473,0.7906458797327394,0.3894080996884735,0.5678571428571421,0.06280193236714976,0.2184014869888476,0.0,0.0,1
0.23529411764705996,0.548872180451128,0.0,0.514018691588785,0.6785714285714287,0.0,0.283457249070632,0.4984126984126985,0.0,6
0.2866549604916558,0.28872180451127827,0.7928730512249443,0.3146417445482866,0.5839285714285714,0.09822866344605474,0.3029739776951672,0.0,0.27450980392156865,1
0.2093942054433686,0.32030075187969914,0.7839643652561247,0.5700934579439253,0.508928571428571,0.1111111111111111,0.23605947955390333,0.0,0.0,2
0.88235294117647,0.0,0.0,0.5638629283489097,0.0,0.09339774557165861,0.7314126394052044,1.0,0.5490196078431373,2
0.23836698858648114,0.6120300751879701,0.0,0.5295950155763239,0.5892857142857144,0.0,0.26486988847583637,0.5428571428571428,0.0,6
