0.30553116769096006,0.33533834586466177,0.6592427616926503,0.35514018691588783,0.5553571428571433,0.0966183574879227,0.31226765799256495,0.04444444444444445,0.0,2
0.3187006145741895,0.34436090225563903,0.8062360801781737,0.2398753894080997,0.45178571428571496,0.10305958132045089,0.3438661710037175,0.0,0.29411764705882354,2
0.22475856014047446,0.34135338345864663,0.7973273942093541,0.3894080996884735,0.5392857142857141,0.09822866344605474,0.2425650557620817,0.0,0.0,2
0.44424934152765133,0.5398496240601505,0.8685968819599108,0.16822429906542058,0.3017857142857142,0.0,0.37732342007434944,0.0,0.0,3
0.24143985952590233,0.36240601503759406,0.7683741648106904,0.45794392523364486,0.4767857142857151,0.0966183574879227,0.2741635687732343,0.0,0.33333333333333337,3
0.28094820017559063,0.34135338345864663,0.8017817371937639,0.33333333333333337,0.5678571428571421,0.09178743961352656,0.2760223048327138,0.0,0.21568627450980393,1
0.24363476733976902,0.3774436090225564,0.7951002227171492,0.3395638629283489,0.5160714285714292,0.09017713365539454,0.2797397769516728,0.0,0.19607843137254902,3
0.1290605794556602,0.5293233082706768,0.688195991091314,0.5576323987538941,0.44107142857142884,0.17713365539452497,0.15334572490706322,0.0,0.0,2
0.277436347673402,0.31729323308270674,0.7795100222717148,0.26479750778816197,0.6178571428571423,0.09017713365539454,0.28996282527881045,0.0,0.0,1
0.17515364354696814,0.6195488721804512,0.0,0.6635514018691588,0.6982142857142858,0.0,0.27509293680297403,0.1777777777777778,0.0,6
0.2093942054433686,0.32030075187969914,0.7839643652561247,0.5700934579439253,0.508928571428571,0.1111111111111111,0.23605947955390333,0.0,0.0,2
0.21729587357331015,0.4045112781954887,0.7572383073496659,0.2897196261682243,0.514285714285714,0.09500805152979065,0.26858736059479554,0.0,0.0,3
0.34942932396839155,0.4766917293233084,0.8307349665924276,0.2772585669781931,0.4125000000000008,0.00966183574879227,0.32156133828996286,0.0,0.0,1
0.20017559262510504,0.299248120300752,0.7706013363028953,0.3956386292834891,0.6053571428571436,0.10789049919484703,0.24721189591078066,0.0,0.47058823529411764,1
0.23309920983318352,0.34736842105263144,0.7572383073496659,0.30218068535825543,0.5714285714285725,0.08373590982286634,0.2927509293680297,0.0,0.0,3
0.22300263388937527,0.5218045112781954,0.0,0.778816199376947,0.6517857142857134,0.00644122383252818,0.33550185873605937,0.126984126984127,0.1764705882352941,6
0.30860403863038127,0.4496240601503761,0.0,0.0841121495327103,0.8285714285714295,0.0,0.516728624535316,0.0,0.0,2
0.28446005267778907,0.31127819548872193,0.8151447661469933,0.3052959501557632,0.5714285714285725,0.0966183574879227,0.2908921933085502,0.0,0.0,1
0.266022827041262,0.32180451127819537,0.7750556792873051,0.32398753894081,0.5767857142857156,0.09017713365539454,0.27881040892193304,0.0,0.0,1
0.26031606672519686,0.4496240601503761,0.8195991091314031,0.4735202492211838,0.4017857142857147,0.10305958132045089,0.22769516728624534,0.0,0.0,2
0.25417032484635455,0.32030075187969914,0.7973273942093541,0.31775700934579443,0.5,0.09822866344605474,0.31226765799256495,0.0,0.0,3
0.21378402107111172,0.6195488721804512,0.0,0.6510903426791277,0.6196428571428576,0.0,0.3094795539033457,0.20317460317460317,0.1764705882352941,6
0.3187006145741895,0.3308270676691729,0.8329621380846325,0.25545171339563866,0.44107142857142884,0.10305958132045089,0.32806691449814135,0.0,0.43137254901960786,2
0.31782265144863503,0.31879699248120297,0.8173719376391981,0.29595015576323985,0.4928571428571417,0.0998389694041868,0.30204460966542745,0.0,0.6862745098039215,2
0.3208955223880562,0.40300751879699254,0.866369710467706,0.32398753894081,0.4589285714285707,0.0821256038647343,0.26486988847583637,0.0,0.0,2
0.23046532045653959,0.5473684210526315,0.0,0.7632398753894082,0.542857142857142,0.0,0.37360594795539026,0.17142857142857146,0.0,6
0.1984196663740156,0.3849624060150375,0.7683741648106904,0.2866043613707165,0.523214285714285,0.09017713365539454,0.29182156133828996,0.0,0.0,1
0.6580333625987728,0.44661654135338336,0.0,0.33333333333333337,0.2553571428571418,0.030595813204508857,0.7444237918215613,0.0,0.19607843137254902,2
0.29016681299385416,0.4210526315789473,0.7594654788418708,0.38317757009345793,0.39821428571428685,0.09339774557165861,0.31226765799256495,0.0,0.0,3
0.3525021949078127,0.49774436090225554,0.7973273942093541,0.33644859813084116,0.4053571428571426,0.09017713365539454,0.26672862453531604,0.0,0.0,1
0.17515364354696814,0.4932330827067669,0.5968819599109132,1.0,0.014285714285713996,0.27053140096618356,0.04089219330855021,0.6984126984126985,0.0,4
0.23705004389815917,0.3037593984962406,0.6347438752783964,0.3582554517133956,0.6178571428571423,0.09178743961352656,0.31226765799256495,0.03492063492063492,0.43137254901960786,2
0.28446005267778907,0.28270676691729313,0.7995545657015589,0.31775700934579443,0.6214285714285728,0.09339774557165861,0.2853159851301115,0.0,0.0,1
0.2835820895522346,0.47518796992481216,0.8017817371937639,0.33333333333333337,0.5214285714285722,0.07729468599033816,0.22304832713754646,0.0,0.0,1
0.2866549604916558,0.28872180451127827,0.7928730512249443,0.3146417445482866,0.5839285714285714,0.09822866344605474,0.3029739776951672,0.0,0.27450980392156865,1
0.48814749780509253,0.5172932330827068,0.8485523385300668,0.15264797507788164,0.27499999999999886,0.0,0.3959107806691449,0.0,0.0,1
0.5684811237928009,0.4661654135338346,0.6458797327394209,0.27414330218068533,0.23928571428571513,0.01288244766505636,0.49814126394052033,0.0,0.0,2
0.4661984196663768,0.45413533834586467,0.22494432071269488,0.33333333333333337,0.4249999999999996,0.05314009661835749,0.5306691449814126,0.0,0.0,2
0.48112379280070544,0.5203007518796993,0.841870824053452,0.19314641744548292,0.2767857142857141,0.03703703703703704,0.3447955390334573,0.0,0.7254901960784313,3
0.23178226514486155,0.21503759398496242,0.7839643652561247,0.3302180685358256,0.5500000000000003,0.09178743961352656,0.2881040892193308,0.0,0.0,3
0.2098331870061458,0.37894736842105264,0.7683741648106904,0.35514018691588783,0.6000000000000005,0.09822866344605474,0.22583643122676583,0.0,0.0,2
0.35118525021949076,0.30075187969924816,0.41202672605790647,0.48909657320872274,0.514285714285714,0.0966183574879227,0.433085501858736,0.0,0.0,4
0.21861281826163212,0.47368421052631593,0.39643652561247217,0.4672897196261682,0.5874999999999991,0.0,0.3011152416356877,0.24126984126984127,0.0,6
0.3235294117647099,0.5052631578947369,0.487750556792873,0.42679127725856697,0.5107142857142861,0.0,0.36152416356877326,0.0,0.0,5
0.34108867427568246,0.41052631578947385,0.8530066815144766,0.30218068535825543,0.4892857142857139,0.09178743961352656,0.25836431226765805,0.0,0.27450980392156865,2
0.09043020193151663,0.34135338345864663,0.0,0.8504672897196262,0.1589285714285717,1.0,0.13940520446096652,0.0,0.0,4
0.1935908691834952,0.4721804511278195,0.0,0.7009345794392523,0.6107142857142867,0.022544283413848634,0.3698884758364312,0.2571428571428572,0.0196078431372549,6
0.48200175592625016,0.523308270676692,0.8507795100222716,0.056074766355140186,0.34999999999999926,0.017713365539452495,0.3847583643122677,0.0,0.0,1
0.3007023705004397,0.44812030075187986,0.8752783964365256,0.3894080996884735,0.3571428571428575,0.08695652173913045,0.25836431226765805,0.0,0.29411764705882354,2
0.4635645302897231,0.12481203007518801,0.4187082405345211,0.3956386292834891,0.5446428571428572,0.07568438003220612,0.5557620817843866,0.0,0.0,4
0.21729587357331015,0.3909774436090226,0.7861915367483295,0.3271028037383178,0.5107142857142861,0.09017713365539454,0.2695167286245353,0.0,0.0,3
0.2721685689201044,0.34436090225563903,0.7884187082405345,0.43613707165109034,0.5214285714285722,0.08695652173913045,0.2797397769516728,0.0,0.13725490196078433,1
0.28972783143107694,0.31879699248120297,0.7750556792873051,0.29283489096573206,0.5642857142857143,0.09822866344605474,0.2908921933085502,0.02857142857142857,0.43137254901960786,1
0.3748902546093057,0.5759398496240603,0.0,0.0841121495327103,0.6553571428571439,0.0,0.5381040892193308,0.0,0.0,5
0.23705004389815917,0.40300751879699254,0.755011135857461,0.308411214953271,0.5053571428571431,0.08373590982286634,0.2992565055762082,0.0,0.0,3
0.4552238805970141,0.34887218045112794,0.8129175946547884,0.18068535825545173,0.43035714285714266,0.030595813204508857,0.41078066914498135,0.0,0.33333333333333337,1
0.43195785776997636,0.4451127819548872,0.7995545657015589,0.25856697819314645,0.3839285714285703,0.014492753623188406,0.36895910780669144,0.0,0.0,1
0.2910447761193989,0.37293233082706784,0.6258351893095768,0.3115264797507788,0.5660714285714294,0.0821256038647343,0.33364312267657986,0.0,0.1764705882352941,1
0.21115013169446778,0.3097744360902254,0.8040089086859687,0.41433021806853587,0.5642857142857143,0.10305958132045089,0.24535315985130113,0.0,0.5098039215686274,1
0.22388059701492974,0.3954887218045112,0.7973273942093541,0.37383177570093457,0.5196428571428571,0.07246376811594203,0.25836431226765805,0.0,0.0,2
0.25109745390693333,0.37593984962406024,0.7884187082405345,0.3707165109034268,0.5410714285714293,0.09017713365539454,0.2481412639405204,0.0,0.0,2
0.23266022827041602,0.4015037593984963,0.77728285077951,0.38317757009345793,0.5071428571428582,0.10789049919484703,0.24628252788104088,0.0,0.19607843137254902,2
0.24056189640034784,0.3308270676691729,0.7884187082405345,0.41433021806853587,0.562499999999999,0.10305958132045089,0.24163568773234195,0.0,0.4117647058823529,2
0.32133450395083346,0.356390977443609,0.8841870824053452,0.2803738317757009,0.4696428571428568,0.0966183574879227,0.27881040892193304,0.0,0.0,2
0.20851624231782384,0.34436090225563903,0.7973273942093541,0.38006230529595014,0.5910714285714296,0.1111111111111111,0.23513011152416355,0.0,0.0,2
0.24012291483758036,0.31879699248120297,0.7817371937639197,0.3582554517133956,0.5714285714285725,0.10950080515297908,0.26022304832713755,0.019047619047619046,0.49019607843137253,2
0.6812993854258105,0.4902255639097745,0.8240534521158129,0.1308411214953271,0.314285714285713,0.00322061191626409,0.4079925650557621,0.0,0.19607843137254902,1
0.2936786654960526,0.3533834586466166,0.77728285077951,0.308411214953271,0.5446428571428572,0.0966183574879227,0.2843866171003718,0.0,0.0,1
0.5487269534679519,0.7609022556390977,0.40757238307349664,0.31775700934579443,0.11071428571428664,0.0499194847020934,0.295539033457249,0.5333333333333333,0.0,6
1.0,0.23609022556390988,0.0,0.22118380062305296,0.06249999999999905,0.01932367149758454,1.0,0.0,0.47058823529411764,2
0.2932396839332754,0.2947368421052631,0.7884187082405345,0.3271028037383178,0.5607142857142864,0.09178743961352656,0.30855018587360594,0.0,0.0,1
0.2519754170324878,0.29172932330827067,0.6414253897550111,0.4423676012461059,0.6071428571428562,0.11755233494363929,0.28903345724907054,0.0,0.0,2
0.18261633011413245,0.548872180451128,0.0,0.7383177570093459,0.5874999999999991,0.00644122383252818,0.3392193308550186,0.20317460317460317,0.0,6
0.5289727831431126,0.4496240601503761,0.8285077951002228,0.06853582554517135,0.34642857142857136,0.014492753623188406,0.43029739776951675,0.0,0.3137254901960784,1
0.4240561896400348,0.4586466165413533,0.5077951002227171,0.35514018691588783,0.38928571428571335,0.07890499194847021,0.41078066914498135,0.0,0.33333333333333337,2
0.5201931518876165,0.3879699248120302,0.7973273942093541,0.1651090342679128,0.38928571428571335,0.01932367149758454,0.44052044609665425,0.0,0.058823529411764705,1
0.4183494293239697,0.42406015037593997,0.465478841870824,0.42990654205607476,0.42321428571428693,0.0853462157809984,0.3847583643122677,0.08571428571428573,0.33333333333333337,2
0.4859525899912161,0.556390977443609,0.0,0.22118380062305296,0.5107142857142861,0.016103059581320453,0.5659851301115241,0.0,0.1568627450980392,2
0.3323090430201962,0.3308270676691729,0.8151447661469933,0.3956386292834891,0.48214285714285815,0.09339774557165861,0.28996282527881045,0.0,0.23529411764705882,2
0.2805092186128134,0.41353383458646625,0.8329621380846325,0.27414330218068533,0.5678571428571421,0.09500805152979065,0.24163568773234195,0.0,0.0,1
0.2800702370500459,0.2766917293233083,0.7728285077951003,0.3395638629283489,0.6392857142857147,0.0966183574879227,0.28996282527881045,0.0,0.11764705882352941,1
0.4552238805970141,0.34887218045112794,0.8129175946547884,0.18068535825545173,0.44821428571428457,0.030595813204508857,0.41078066914498135,0.0,0.33333333333333337,1
0.4863915715539933,0.37293233082706784,0.8396436525612472,0.1557632398753894,0.38928571428571335,0.020933977455716585,0.4265799256505575,0.0,0.0,1
0.3784021071115041,0.4631578947368422,0.7973273942093541,0.3208722741433022,0.3410714285714283,0.01932367149758454,0.3011152416356877,0.21904761904761905,0.0,1
0.38586479367866844,0.38195488721804505,0.0,0.45794392523364486,0.5750000000000004,0.07568438003220612,0.5473977695167286,0.0,0.0,4
0.28094820017559063,0.29774436090225576,0.7616926503340756,0.2834890965732087,0.6053571428571436,0.09500805152979065,0.29832713754646845,0.0,0.0,1
0.2357330992098372,0.4255639097744362,0.7951002227171492,0.367601246105919,0.47142857142857203,0.10305958132045089,0.23513011152416355,0.0,0.0,2
0.23266022827041602,0.6330827067669172,0.0,0.4922118380062306,0.5892857142857144,0.0,0.3011152416356877,0.4380952380952381,0.0,6
0.2778753292361695,0.32030075187969914,0.7928730512249443,0.3052959501557632,0.6071428571428562,0.08695652173913045,0.2741635687732343,0.0,0.33333333333333337,1
0.24539069359086824,0.3097744360902254,0.7839643652561247,0.3894080996884735,0.6339285714285716,0.10628019323671498,0.22955390334572492,0.0,0.0,2
0.21027216856892306,0.35488721804511275,0.7839643652561247,0.3925233644859813,0.5464285714285724,0.10950080515297908,0.24349442379182162,0.0,0.1764705882352941,2
0.31431079894644637,0.5503759398496242,0.0,0.4766355140186916,0.5446428571428572,0.22705314009661834,0.0966542750929368,0.9142857142857143,0.0,6
0.26075504828797413,0.34135338345864663,0.7728285077951003,0.4672897196261682,0.5196428571428571,0.10628019323671498,0.2555762081784386,0.0,0.0,2
0.2098331870061458,0.35488721804511275,0.7995545657015589,0.38317757009345793,0.5874999999999991,0.10789049919484703,0.22304832713754646,0.0,0.0,2
0.3064091308165048,0.40601503759398494,0.88641425389755,0.2772585669781931,0.47857142857142776,0.09339774557165861,0.25278810408921937,0.0,0.0,2
0.2655838454784945,0.3984962406015039,0.7795100222717148,0.26791277258566976,0.542857142857142,0.08051529790660225,0.27881040892193304,0.0,0.0,1
0.88235294117647,0.0,0.0,0.5638629283489097,0.0,0.09339774557165861,0.7314126394052044,1.0,0.5490196078431373,2
0.3169446883230903,0.36240601503759406,0.6325167037861915,0.308411214953271,0.542857142857142,0.08856682769726248,0.3382899628252788,0.0,0.0,1
0.287093942054433,0.2586466165413533,0.6035634743875278,0.3115264797507788,0.6946428571428579,0.09017713365539454,0.33736059479553904,0.0,0.47058823529411764,1
0.2848990342405663,0.3383458646616542,0.7884187082405345,0.2866043613707165,0.5696428571428573,0.10466988727858294,0.2881040892193308,0.0,0.0,1
0.3134328358208919,0.5609022556390979,0.49888641425389757,0.41433021806853587,0.4589285714285707,0.0,0.3559479553903345,0.0,0.0,5
0.24539069359086824,0.32180451127819537,0.7928730512249443,0.42056074766355134,0.5946428571428575,0.10466988727858294,0.23791821561338292,0.0,0.0,2
0.25241439859525533,0.3909774436090226,0.7884187082405345,0.4112149532710281,0.4875000000000012,0.10950080515297908,0.24907063197026016,0.0,0.0,2
0.2791922739244914,0.3127819548872181,0.7951002227171492,0.3302180685358256,0.5732142857142852,0.0998389694041868,0.29368029739776946,0.0,0.0,1
0.4547848990342368,0.04511278195488707,0.3808463251670378,0.3956386292834891,0.6482142857142855,0.09339774557165861,0.5752788104089218,0.0,0.0,4
0.3735733099209837,0.6075187969924812,0.8351893095768373,0.0,0.3946428571428564,0.004830917874396135,0.33178438661710036,0.0,0.0,1
0.3309920983318742,0.3699248120300751,0.7505567928730512,0.2772585669781931,0.5196428571428571,0.09178743961352656,0.3159851301115241,0.0,0.3137254901960784,1
