0.2357330992098372,0.4255639097744362,0.7951002227171492,0.367601246105919,0.47142857142857203,0.10305958132045089,0.23513011152416355,0.0,0.0,2
0.27524143985952554,0.38195488721804505,0.8062360801781737,0.29595015576323985,0.5839285714285714,0.08856682769726248,0.24535315985130113,0.0,0.0,1
0.5504828797190511,0.40751879699248117,0.0,0.40186915887850466,0.43035714285714266,0.05152979066022544,0.632899628252788,0.0,0.0,4
0.0,1.0,0.0,0.015576323987538955,1.0,0.0,0.11338289962825283,0.0,0.0,5
0.26997366110623766,0.24360902255639091,0.6057906458797327,0.41744548286604355,0.5464285714285724,0.11272141706924314,0.35315985130111527,0.0,0.0,2
0.3595258999121998,0.43759398496240615,0.7884187082405345,0.14330218068535827,0.5071428571428582,0.02576489533011272,0.32156133828996286,0.047619047619047616,0.47058823529411764,3
0.22475856014047446,0.34135338345864663,0.7973273942093541,0.3894080996884735,0.5392857142857141,0.09822866344605474,0.2425650557620817,0.0,0.0,2
0.2936786654960526,0.3533834586466166,0.77728285077951,0.308411214953271,0.5446428571428572,0.0966183574879227,0.2843866171003718,0.0,0.0,1
0.24231782265144705,0.3323308270676691,0.8040089086859687,0.30218068535825543,0.5250000000000001,0.09017713365539454,0.29460966542750927,0.0,0.0,2
0.21378402107111172,0.6195488721804512,0.0,0.6510903426791277,0.6196428571428576,0.0,0.3094795539033457,0.20317460317460317,0.1764705882352941,6
0.2791922739244914,0.3127819548872181,0.7951002227171492,0.3302180685358256,0.5732142857142852,0.0998389694041868,0.29368029739776946,0.0,0.0,1
0.2993854258121177,0.3022556390977444,0.7750556792873051,0.3302180685358256,0.562499999999999,0.10305958132045089,0.30204460966542745,0.0,0.0,1
0.24143985952590233,0.36240601503759406,0.7683741648106904,0.45794392523364486,0.4767857142857151,0.0966183574879227,0.2741635687732343,0.0,0.33333333333333337,3
0.4240561896400348,0.4586466165413533,0.5077951002227171,0.35514018691588783,0.38928571428571335,0.07890499194847021,0.41078066914498135,0.0,0.33333333333333337,2
0.3112379280070252,0.32180451127819537,0.7750556792873051,0.3115264797507788,0.5607142857142864,0.0966183574879227,0.27881040892193304,0.0,0.0,1
0.2151009657594337,0.3263157894736843,0.7661469933184855,0.3613707165109034,0.5803571428571435,0.07085346215780998,0.2639405204460966,0.0,0.0,2
0.2805092186128134,0.41353383458646625,0.8329621380846325,0.27414330218068533,0.5678571428571421,0.09500805152979065,0.24163568773234195,0.0,0.0,1
0.23046532045653959,0.27368421052631586,0.7750556792873051,0.4922118380062306,0.6107142857142867,0.10144927536231885,0.24628252788104088,0.0,0.1764705882352941,2
0.1992976294995603,0.3774436090225564,0.77728285077951,0.367601246105919,0.6142857142857145,0.061191626409017714,0.24163568773234195,0.0,0.0,2
0.23836698858648114,0.6120300751879701,0.0,0.5295950155763239,0.5892857142857144,0.0,0.26486988847583637,0.5428571428571428,0.0,6
0.24056189640034784,0.3308270676691729,0.7884187082405345,0.41433021806853587,0.562499999999999,0.10305958132045089,0.24163568773234195,0.0,0.4117647058823529,2
0.3208955223880562,0.40300751879699254,0.866369710467706,0.32398753894081,0.4589285714285707,0.0821256038647343,0.26486988847583637,0.0,0.0,2
0.23309920983318352,0.34736842105263144,0.7572383073496659,0.30218068535825543,0.5714285714285725,0.08373590982286634,0.2927509293680297,0.0,0.0,3
0.007023705004387086,0.4451127819548872,0.7126948775055679,0.4735202492211838,0.5357142857142863,0.2834138486312399,0.0,0.37777777777777777,0.0,6
0.3309920983318742,0.3699248120300751,0.7505567928730512,0.2772585669781931,0.5196428571428571,0.09178743961352656,0.3159851301115241,0.0,0.3137254901960784,1
0.043898156277441217,0.3398496240601504,0.7728285077951003,0.25856697819314645,0.5660714285714294,0.0998389694041868,0.2713754646840148,0.0,0.6078431372549019,1
0.2655838454784945,0.3984962406015039,0.7795100222717148,0.26791277258566976,0.542857142857142,0.08051529790660225,0.27881040892193304,0.0,0.0,1
0.3235294117647099,0.5052631578947369,0.487750556792873,0.42679127725856697,0.5107142857142861,0.0,0.36152416356877326,0.0,0.0,5
0.3784021071115041,0.4631578947368422,0.7973273942093541,0.3208722741433022,0.3410714285714283,0.01932367149758454,0.3011152416356877,0.21904761904761905,0.0,1
0.4328358208955211,0.43759398496240615,1.0,0.25233644859813087,0.3517857142857144,0.00966183574879227,0.30855018587360594,0.0,0.0,1
0.22080772607550855,0.4210526315789473,0.7906458797327394,0.3894080996884735,0.5678571428571421,0.06280193236714976,0.2184014869888476,0.0,0.0,1
0.287093942054433,0.4390977443609023,0.8151447661469933,0.25545171339563866,0.528571428571428,0.017713365539452495,0.29460966542750927,0.0,0.0,3
0.3437225636523264,0.4285714285714286,0.7461024498886414,0.29283489096573206,0.4053571428571426,0.09500805152979065,0.32342007434944237,0.0,0.0,1
0.2098331870061458,0.37894736842105264,0.7683741648106904,0.35514018691588783,0.6000000000000005,0.09822866344605474,0.22583643122676583,0.0,0.0,2
0.08823529411764992,0.34436090225563903,0.0,0.8566978193146417,0.11964285714285756,1.0,0.1421933085501859,0.0,0.0,4
0.28972783143107694,0.31879699248120297,0.7750556792873051,0.29283489096573206,0.5642857142857143,0.09822866344605474,0.2908921933085502,0.02857142857142857,0.43137254901960786,1
0.2168568920105329,0.643609022556391,0.0,0.6915887850467289,0.5785714285714283,0.008051529790660227,0.3159851301115241,0.16825396825396827,0.0,6
0.21861281826163212,0.47368421052631593,0.39643652561247217,0.4672897196261682,0.5874999999999991,0.0,0.3011152416356877,0.24126984126984127,0.0,6
0.25241439859525533,0.3909774436090226,0.7884187082405345,0.4112149532710281,0.4875000000000012,0.10950080515297908,0.24907063197026016,0.0,0.0,2
0.5970149253731363,0.10827067669172917,0.0,0.49532710280373826,0.4249999999999996,0.13043478260869565,0.7258364312267658,0.0,0.6666666666666667,2
0.21115013169446778,0.34436090225563903,0.7928730512249443,0.3894080996884735,0.5892857142857144,0.11594202898550725,0.22955390334572492,0.0,0.0,2
0.25417032484635455,0.32030075187969914,0.7973273942093541,0.31775700934579443,0.5,0.09822866344605474,0.31226765799256495,0.0,0.0,3
0.22388059701492974,0.3954887218045112,0.7973273942093541,0.37383177570093457,0.5196428571428571,0.07246376811594203,0.25836431226765805,0.0,0.0,2
0.22080772607550855,0.34285714285714286,0.7795100222717148,0.3707165109034268,0.5500000000000003,0.0966183574879227,0.24999999999999992,0.0,0.0,2
0.44073748902546267,0.336842105263158,0.07349665924276169,0.38006230529595014,0.6392857142857147,0.020933977455716585,0.5427509293680296,0.0,0.5490196078431373,4
0.26163301141351886,0.32481203007518805,0.8062360801781737,0.3987538940809969,0.562499999999999,0.09822866344605474,0.24907063197026016,0.0,0.0,2
0.2932396839332754,0.2947368421052631,0.7884187082405345,0.3271028037383178,0.5607142857142864,0.09178743961352656,0.30855018587360594,0.0,0.0,1
0.43195785776997636,0.4451127819548872,0.7995545657015589,0.25856697819314645,0.3839285714285703,0.014492753623188406,0.36895910780669144,0.0,0.0,1
0.244951712028091,0.38646616541353396,0.8106904231625836,0.3862928348909657,0.485714285714286,0.10466988727858294,0.24163568773234195,0.0,0.5686274509803921,2
0.6812993854258105,0.4902255639097745,0.8240534521158129,0.1308411214953271,0.314285714285713,0.00322061191626409,0.4079925650557621,0.0,0.19607843137254902,1
0.3467954345917476,0.49172932330827074,0.532293986636971,0.3956386292834891,0.457142857142858,0.0,0.3847583643122677,0.0,0.0,5
0.22651448639157368,0.3924812030075188,0.7951002227171492,0.3987538940809969,0.5464285714285724,0.09822866344605474,0.2286245353159851,0.0,0.0,2
0.23924495171202587,0.3398496240601504,0.7082405345211581,0.29283489096573206,0.5642857142857143,0.09339774557165861,0.3141263940520446,0.0,0.47058823529411764,2
0.38586479367866844,0.38195488721804505,0.0,0.45794392523364486,0.5750000000000004,0.07568438003220612,0.5473977695167286,0.0,0.0,4
0.23309920983318352,0.40300751879699254,0.7906458797327394,0.29906542056074764,0.5357142857142863,0.10950080515297908,0.2481412639405204,0.0,0.0,2
0.4863915715539933,0.37293233082706784,0.8396436525612472,0.1557632398753894,0.38928571428571335,0.020933977455716585,0.4265799256505575,0.0,0.0,1
0.2519754170324878,0.29172932330827067,0.6414253897550111,0.4423676012461059,0.6071428571428562,0.11755233494363929,0.28903345724907054,0.0,0.0,2
0.2098331870061458,0.35488721804511275,0.7995545657015589,0.38317757009345793,0.5874999999999991,0.10789049919484703,0.22304832713754646,0.0,0.0,2
0.27568042142230276,0.38646616541353396,0.8017817371937639,0.26479750778816197,0.5857142857142865,0.09339774557165861,0.25464684014869887,0.0,0.0,1
0.20851624231782384,0.31428571428571433,0.7839643652561247,0.5015576323987538,0.5446428571428572,0.1111111111111111,0.23605947955390333,0.0,0.0,2
0.3187006145741895,0.3308270676691729,0.8329621380846325,0.25545171339563866,0.44107142857142884,0.10305958132045089,0.32806691449814135,0.0,0.43137254901960786,2
0.4547848990342368,0.04511278195488707,0.3808463251670378,0.3956386292834891,0.6482142857142855,0.09339774557165861,0.5752788104089218,0.0,0.0,4
0.20851624231782384,0.3774436090225564,0.7438752783964364,0.367601246105919,0.5874999999999991,0.06280193236714976,0.2592936802973978,0.0,0.0,2
0.3748902546093057,0.28721804511278204,0.0,0.4236760124610592,0.7035714285714288,0.061191626409017714,0.5669144981412638,0.0,0.0,4
0.2813871817383679,0.3639097744360903,0.8040089086859687,0.2367601246105919,0.6124999999999993,0.09178743961352656,0.26115241635687736,0.0,0.0,1
0.49692712906057884,0.6210526315789473,0.48997772828507796,0.5514018691588786,0.08035714285714345,0.12238325281803543,0.40241635687732336,0.0,0.0,6
0.22036874451273133,0.6345864661654135,0.0,0.616822429906542,0.6232142857142854,0.0,0.3048327137546469,0.21269841269841272,0.0,6
0.40737489025460694,0.3984962406015039,0.0,0.34579439252336447,0.4357142857142858,0.05314009661835749,0.6570631970260222,0.0,0.0,4
0.28446005267778907,0.28270676691729313,0.7995545657015589,0.31775700934579443,0.6214285714285728,0.09339774557165861,0.2853159851301115,0.0,0.0,1
0.24363476733976902,0.3774436090225564,0.7951002227171492,0.3395638629283489,0.5160714285714292,0.09017713365539454,0.2797397769516728,0.0,0.19607843137254902,3
0.44424934152765133,0.5398496240601505,0.8685968819599108,0.16822429906542058,0.3017857142857142,0.0,0.37732342007434944,0.0,0.0,3
0.28094820017559063,0.34135338345864663,0.8017817371937639,0.33333333333333337,0.5678571428571421,0.09178743961352656,0.2760223048327138,0.0,0.21568627450980393,1
0.3173836698858675,0.5398496240601505,0.7260579064587972,0.6012461059190032,0.257142857142857,0.23510466988727857,0.033457249070631995,0.5174603174603174,0.0,6
0.3525021949078127,0.49774436090225554,0.7973273942093541,0.33644859813084116,0.4053571428571426,0.09017713365539454,0.26672862453531604,0.0,0.0,1
0.31431079894644637,0.5503759398496242,0.0,0.4766355140186916,0.5446428571428572,0.22705314009661834,0.0966542750929368,0.9142857142857143,0.0,6
0.2256365232660192,0.29774436090225576,0.7416481069042316,0.37383177570093457,0.6196428571428576,0.10789049919484703,0.26115241635687736,0.0,0.0,2
0.3064091308165048,0.40601503759398494,0.88641425389755,0.2772585669781931,0.47857142857142776,0.09339774557165861,0.25278810408921937,0.0,0.0,2
0.88235294117647,0.0,0.0,0.5638629283489097,0.0,0.09339774557165861,0.7314126394052044,1.0,0.5490196078431373,2
0.309482001755926,0.28421052631578936,0.6146993318485523,0.16822429906542058,0.714285714285715,0.05636070853462157,0.37081784386617095,0.0,0.39215686274509803,2
0.30553116769096006,0.33533834586466177,0.6592427616926503,0.35514018691588783,0.5553571428571433,0.0966183574879227,0.31226765799256495,0.04444444444444445,0.0,2
0.48112379280070544,0.5203007518796993,0.841870824053452,0.19314641744548292,0.2767857142857141,0.03703703703703704,0.3447955390334573,0.0,0.7254901960784313,3
0.1935908691834952,0.4721804511278195,0.0,0.7009345794392523,0.6107142857142867,0.022544283413848634,0.3698884758364312,0.2571428571428572,0.0196078431372549,6
0.5201931518876165,0.3879699248120302,0.7973273942093541,0.1651090342679128,0.38928571428571335,0.01932367149758454,0.44052044609665425,0.0,0.058823529411764705,1
0.3485513608428468,0.47518796992481216,0.7861915367483295,0.3208722741433022,0.3571428571428575,0.0821256038647343,0.3113382899628252,0.03492063492063492,0.0,1
0.5267778753292361,0.40751879699248117,0.7438752783964364,0.29283489096573206,0.4589285714285707,0.0966183574879227,0.3159851301115241,0.0,0.0,6
0.20149253731343678,0.6210526315789473,0.8173719376391981,0.4517133956386293,0.36785714285714366,0.02576489533011272,0.17936802973977697,0.0,0.23529411764705882,2
0.26031606672519686,0.4496240601503761,0.8195991091314031,0.4735202492211838,0.4017857142857147,0.10305958132045089,0.22769516728624534,0.0,0.0,2
0.3608428446005315,0.46015037593984953,0.5367483296213809,0.2803738317757009,0.5267857142857153,0.0,0.4033457249070631,0.0,0.0,5
0.2093942054433686,0.32030075187969914,0.7839643652561247,0.5700934579439253,0.508928571428571,0.1111111111111111,0.23605947955390333,0.0,0.0,2
0.3134328358208919,0.3774436090225564,0.8685968819599108,0.34890965732087226,0.44999999999999973,0.08856682769726248,0.2676579925650558,0.0,0.19607843137254902,2
0.4170324846356477,0.5458646616541353,0.0,0.5389408099688473,0.6446428571428577,0.0,0.2797397769516728,0.5206349206349207,0.0,6
0.48200175592625016,0.523308270676692,0.8507795100222716,0.056074766355140186,0.34999999999999926,0.017713365539452495,0.3847583643122677,0.0,0.0,1
0.4552238805970141,0.34887218045112794,0.8129175946547884,0.18068535825545173,0.43035714285714266,0.030595813204508857,0.41078066914498135,0.0,0.33333333333333337,1
0.20851624231782384,0.34436090225563903,0.7973273942093541,0.38006230529595014,0.5910714285714296,0.1111111111111111,0.23513011152416355,0.0,0.0,2
0.17515364354696814,0.6195488721804512,0.0,0.6635514018691588,0.6982142857142858,0.0,0.27509293680297403,0.1777777777777778,0.0,6
0.5684811237928009,0.4661654135338346,0.6458797327394209,0.27414330218068533,0.23928571428571513,0.01288244766505636,0.49814126394052033,0.0,0.0,2
0.3323090430201962,0.3308270676691729,0.8151447661469933,0.3956386292834891,0.48214285714285815,0.09339774557165861,0.28996282527881045,0.0,0.23529411764705882,2
1.0,0.23609022556390988,0.0,0.22118380062305296,0.06249999999999905,0.01932367149758454,1.0,0.0,0.47058823529411764,2
0.4416154521510074,0.49624060150375937,0.8374164810690422,0.09034267912772585,0.35357142857142965,0.017713365539452495,0.39219330855018586,0.0,0.0,3
0.7295873573309949,0.28721804511278204,0.0,0.11838006230529596,0.3946428571428564,0.00966183574879227,0.8336431226765799,0.0,0.0,2
0.2910447761193989,0.37293233082706784,0.6258351893095768,0.3115264797507788,0.5660714285714294,0.0821256038647343,0.33364312267657986,0.0,0.1764705882352941,1
0.4661984196663768,0.45413533834586467,0.22494432071269488,0.33333333333333337,0.4249999999999996,0.05314009661835749,0.5306691449814126,0.0,0.0,2
0.23705004389815917,0.40300751879699254,0.755011135857461,0.308411214953271,0.5053571428571431,0.08373590982286634,0.2992565055762082,0.0,0.0,3
0.48200175592625016,0.523308270676692,0.8507795100222716,0.056074766355140186,0.34999999999999926,0.017713365539452495,0.3847583643122677,0.0,0.0,1
0.21729587357331015,0.4045112781954887,0.7572383073496659,0.2897196261682243,0.514285714285714,0.09500805152979065,0.26858736059479554,0.0,0.0,3
0.2835820895522346,0.47518796992481216,0.8017817371937639,0.33333333333333337,0.5214285714285722,0.07729468599033816,0.22304832713754646,0.0,0.0,1
0.6580333625987728,0.44661654135338336,0.0,0.33333333333333337,0.2553571428571418,0.030595813204508857,0.7444237918215613,0.0,0.19607843137254902,2
