0.2936786654960526,0.3533834586466166,0.77728285077951,0.308411214953271,0.5446428571428572,0.0966183574879227,0.2843866171003718,0.0,0.0,1
0.3169446883230903,0.36240601503759406,0.6325167037861915,0.308411214953271,0.542857142857142,0.08856682769726248,0.3382899628252788,0.0,0.0,1
0.4552238805970141,0.34887218045112794,0.8129175946547884,0.18068535825545173,0.43035714285714266,0.030595813204508857,0.41078066914498135,0.0,0.33333333333333337,1
0.4328358208955211,0.43759398496240615,1.0,0.25233644859813087,0.3517857142857144,0.00966183574879227,0.30855018587360594,0.0,0.0,1
0.28446005267778907,0.28270676691729313,0.7995545657015589,0.31775700934579443,0.6214285714285728,0.09339774557165861,0.2853159851301115,0.0,0.0,1
0.0,1.0,0.0,0.015576323987538955,1.0,0.0,0.11338289962825283,0.0,0.0,5
0.21115013169446778,0.34436090225563903,0.7928730512249443,0.3894080996884735,0.5892857142857144,0.11594202898550725,0.22955390334572492,0.0,0.0,2
0.2502194907813886,0.6300751879699249,0.0,0.5295950155763239,0.5803571428571435,0.0,0.2760223048327138,0.5047619047619049,0.0,6
0.4416154521510074,0.49624060150375937,0.8374164810690422,0.09034267912772585,0.35357142857142965,0.017713365539452495,0.39219330855018586,0.0,0.0,3
0.2791922739244914,0.3127819548872181,0.7951002227171492,0.3302180685358256,0.5732142857142852,0.0998389694041868,0.29368029739776946,0.0,0.0,1
0.2936786654960526,0.29323308270676685,0.8173719376391981,0.27102803738317754,0.5892857142857144,0.09822866344605474,0.30390334572490696,0.0,0.0,1
0.44073748902546267,0.336842105263158,0.07349665924276169,0.38006230529595014,0.6392857142857147,0.020933977455716585,0.5427509293680296,0.0,0.5490196078431373,4
0.3467954345917476,0.431578947368421,0.8062360801781737,0.25545171339563866,0.5053571428571431,0.022544283413848634,0.3094795539033457,0.0,0.0,1
0.40737489025460694,0.3984962406015039,0.0,0.34579439252336447,0.4357142857142858,0.05314009661835749,0.6570631970260222,0.0,0.0,4
0.3784021071115041,0.4631578947368422,0.7973273942093541,0.3208722741433022,0.3410714285714283,0.01932367149758454,0.3011152416356877,0.21904761904761905,0.0,1
0.7295873573309949,0.28721804511278204,0.0,0.11838006230529596,0.3946428571428564,0.00966183574879227,0.8336431226765799,0.0,0.0,2
0.21861281826163212,0.4796992481203008,0.7839643652561247,0.29906542056074764,0.5482142857142851,0.05958132045088567,0.23327137546468404,0.0,0.27450980392156865,2
0.3187006145741895,0.3308270676691729,0.8329621380846325,0.25545171339563866,0.44107142857142884,0.10305958132045089,0.32806691449814135,0.0,0.43137254901960786,2
0.22475856014047446,0.34135338345864663,0.7973273942093541,0.3894080996884735,0.5392857142857141,0.09822866344605474,0.2425650557620817,0.0,0.0,2
0.4635645302897231,0.12481203007518801,0.4187082405345211,0.3956386292834891,0.5446428571428572,0.07568438003220612,0.5557620817843866,0.0,0.0,4
0.21861281826163212,0.47368421052631593,0.39643652561247217,0.4672897196261682,0.5874999999999991,0.0,0.3011152416356877,0.24126984126984127,0.0,6
0.43195785776997636,0.4451127819548872,0.7995545657015589,0.25856697819314645,0.3839285714285703,0.014492753623188406,0.36895910780669144,0.0,0.0,1
0.47453906935908585,0.5458646616541353,0.8574610244988864,0.1869158878504673,0.2767857142857141,0.024154589371980676,0.34572490706319703,0.0,0.0,1
0.2805092186128134,0.40000000000000013,0.8151447661469933,0.2803738317757009,0.5321428571428584,0.09178743961352656,0.2639405204460966,0.0,0.21568627450980393,1
0.007023705004387086,0.4451127819548872,0.7126948775055679,0.4735202492211838,0.5357142857142863,0.2834138486312399,0.0,0.37777777777777777,0.0,6
0.4240561896400348,0.4586466165413533,0.5077951002227171,0.35514018691588783,0.38928571428571335,0.07890499194847021,0.41078066914498135,0.0,0.33333333333333337,2
0.48200175592625016,0.523308270676692,0.8507795100222716,0.056074766355140186,0.34999999999999926,0.017713365539452495,0.3847583643122677,0.0,0.0,1
0.277436347673402,0.31729323308270674,0.7795100222717148,0.26479750778816197,0.6178571428571423,0.09017713365539454,0.28996282527881045,0.0,0.0,1
0.24056189640034784,0.3308270676691729,0.7884187082405345,0.41433021806853587,0.562499999999999,0.10305958132045089,0.24163568773234195,0.0,0.4117647058823529,2
0.3235294117647099,0.5052631578947369,0.487750556792873,0.42679127725856697,0.5107142857142861,0.0,0.36152416356877326,0.0,0.0,5
0.4859525899912161,0.556390977443609,0.0,0.22118380062305296,0.5107142857142861,0.016103059581320453,0.5659851301115241,0.0,0.1568627450980392,2
0.08823529411764992,0.34436090225563903,0.0,0.8566978193146417,0.11964285714285756,1.0,0.1421933085501859,0.0,0.0,4
0.5267778753292361,0.40751879699248117,0.7438752783964364,0.29283489096573206,0.4589285714285707,0.0966183574879227,0.3159851301115241,0.0,0.0,6
0.309482001755926,0.28421052631578936,0.6146993318485523,0.16822429906542058,0.714285714285715,0.05636070853462157,0.37081784386617095,0.0,0.39215686274509803,2
0.20851624231782384,0.3774436090225564,0.7438752783964364,0.367601246105919,0.5874999999999991,0.06280193236714976,0.2592936802973978,0.0,0.0,2
0.23529411764705996,0.548872180451128,0.0,0.514018691588785,0.6785714285714287,0.0,0.283457249070632,0.4984126984126985,0.0,6
0.21378402107111172,0.6195488721804512,0.0,0.6510903426791277,0.6196428571428576,0.0,0.3094795539033457,0.20317460317460317,0.1764705882352941,6
0.3042142230026381,0.40601503759398494,0.6391982182628062,0.2803738317757009,0.5410714285714293,0.08856682769726248,0.3345724907063196,0.0,0.0,1
0.3309920983318742,0.3699248120300751,0.7505567928730512,0.2772585669781931,0.5196428571428571,0.09178743961352656,0.3159851301115241,0.0,0.3137254901960784,1
0.28094820017559063,0.34135338345864663,0.8017817371937639,0.33333333333333337,0.5678571428571421,0.09178743961352656,0.2760223048327138,0.0,0.21568627450980393,1
0.23924495171202587,0.3398496240601504,0.7082405345211581,0.29283489096573206,0.5642857142857143,0.09339774557165861,0.3141263940520446,0.0,0.47058823529411764,2
0.3208955223880562,0.40300751879699254,0.866369710467706,0.32398753894081,0.4589285714285707,0.0821256038647343,0.26486988847583637,0.0,0.0,2
0.1935908691834952,0.4721804511278195,0.0,0.7009345794392523,0.6107142857142867,0.022544283413848634,0.3698884758364312,0.2571428571428572,0.0196078431372549,6
0.29894644424934047,0.41654135338345866,0.7483296213808462,0.41744548286604355,0.38035714285714245,0.09178743961352656,0.3141263940520446,0.0,0.1764705882352941,3
0.28972783143107694,0.31879699248120297,0.7750556792873051,0.29283489096573206,0.5642857142857143,0.09822866344605474,0.2908921933085502,0.02857142857142857,0.43137254901960786,1
0.2098331870061458,0.35488721804511275,0.7995545657015589,0.38317757009345793,0.5874999999999991,0.10789049919484703,0.22304832713754646,0.0,0.0,2
0.2726075504828816,0.30827067669172925,0.8062360801781737,0.3115264797507788,0.5321428571428584,0.09500805152979065,0.30390334572490696,0.0,0.0,1
0.29762949956101853,0.37293233082706784,0.7750556792873051,0.34890965732087226,0.5053571428571431,0.09500805152979065,0.27881040892193304,0.0,0.0,1
0.244951712028091,0.38646616541353396,0.8106904231625836,0.3862928348909657,0.485714285714286,0.10466988727858294,0.24163568773234195,0.0,0.5686274509803921,2
0.4806848112379282,0.45112781954887227,0.8552338530066814,0.13395638629283488,0.3482142857142866,0.02737520128824477,0.40055762081784385,0.0,0.0,1
0.23266022827041602,0.4015037593984963,0.77728285077951,0.38317757009345793,0.5071428571428582,0.10789049919484703,0.24628252788104088,0.0,0.19607843137254902,2
0.2519754170324878,0.29172932330827067,0.6414253897550111,0.4423676012461059,0.6071428571428562,0.11755233494363929,0.28903345724907054,0.0,0.0,2
0.28094820017559063,0.29774436090225576,0.7616926503340756,0.2834890965732087,0.6053571428571436,0.09500805152979065,0.29832713754646845,0.0,0.0,1
0.25987708516241964,0.41353383458646625,0.7750556792873051,0.4423676012461059,0.4839285714285708,0.0998389694041868,0.23791821561338292,0.0,0.0,2
0.2098331870061458,0.37894736842105264,0.7683741648106904,0.35514018691588783,0.6000000000000005,0.09822866344605474,0.22583643122676583,0.0,0.0,2
0.30860403863038127,0.4496240601503761,0.0,0.0841121495327103,0.8285714285714295,0.0,0.516728624535316,0.0,0.0,2
0.29148375768217616,0.43759398496240615,0.8129175946547884,0.11214953271028039,0.5696428571428573,0.00966183574879227,0.32527881040892187,0.0,0.0,3
0.24539069359086824,0.3097744360902254,0.7839643652561247,0.3894080996884735,0.6339285714285716,0.10628019323671498,0.22955390334572492,0.0,0.0,2
0.48814749780509253,0.5172932330827068,0.8485523385300668,0.15264797507788164,0.27499999999999886,0.0,0.3959107806691449,0.0,0.0,1
0.20851624231782384,0.31428571428571433,0.7839643652561247,0.5015576323987538,0.5446428571428572,0.1111111111111111,0.23605947955390333,0.0,0.0,2
0.24363476733976902,0.3774436090225564,0.7951002227171492,0.3395638629283489,0.5160714285714292,0.09017713365539454,0.2797397769516728,0.0,0.19607843137254902,3
0.23836698858648114,0.6120300751879701,0.0,0.5295950155763239,0.5892857142857144,0.0,0.26486988847583637,0.5428571428571428,0.0,6
0.2361720807726047,0.1834586466165412,0.0,0.2803738317757009,0.9589285714285732,0.4347826086956522,0.32527881040892187,0.0,0.0,6
0.17515364354696814,0.6195488721804512,0.0,0.6635514018691588,0.6982142857142858,0.0,0.27509293680297403,0.1777777777777778,0.0,6
0.21027216856892306,0.35488721804511275,0.7839643652561247,0.3925233644859813,0.5464285714285724,0.10950080515297908,0.24349442379182162,0.0,0.1764705882352941,2
0.18876207199297482,0.5127819548872182,0.0,0.7445482866043615,0.6392857142857147,0.01288244766505636,0.3382899628252788,0.19365079365079366,0.09803921568627451,6
0.2093942054433686,0.32030075187969914,0.7839643652561247,0.5700934579439253,0.508928571428571,0.1111111111111111,0.23605947955390333,0.0,0.0,2
0.266022827041262,0.32180451127819537,0.7750556792873051,0.32398753894081,0.5767857142857156,0.09017713365539454,0.27881040892193304,0.0,0.0,1
0.23309920983318352,0.34736842105263144,0.7572383073496659,0.30218068535825543,0.5714285714285725,0.08373590982286634,0.2927509293680297,0.0,0.0,3
0.22080772607550855,0.4210526315789473,0.7906458797327394,0.3894080996884735,0.5678571428571421,0.06280193236714976,0.2184014869888476,0.0,0.0,1
0.3217734855136107,0.43759398496240615,0.8619153674832962,0.3052959501557632,0.3839285714285703,0.08695652173913045,0.26858736059479554,0.0,0.6274509803921569,2
0.22388059701492974,0.3954887218045112,0.7973273942093541,0.37383177570093457,0.5196428571428571,0.07246376811594203,0.25836431226765805,0.0,0.0,2
0.23705004389815917,0.40300751879699254,0.755011135857461,0.308411214953271,0.5053571428571431,0.08373590982286634,0.2992565055762082,0.0,0.0,3
0.2168568920105329,0.643609022556391,0.0,0.6915887850467289,0.5785714285714283,0.008051529790660227,0.3159851301115241,0.16825396825396827,0.0,6
0.2866549604916558,0.28872180451127827,0.7928730512249443,0.3146417445482866,0.5839285714285714,0.09822866344605474,0.3029739776951672,0.0,0.27450980392156865,1
0.4183494293239697,0.42406015037593997,0.465478841870824,0.42990654205607476,0.42321428571428693,0.0853462157809984,0.3847583643122677,0.08571428571428573,0.33333333333333337,2
0.6799824407374885,0.07518796992481204,0.0,0.14953271028037385,0.6071428571428562,0.0,0.8596654275092935,0.0,0.0,2
0.24143985952590233,0.36240601503759406,0.7683741648106904,0.45794392523364486,0.4767857142857151,0.0966183574879227,0.2741635687732343,0.0,0.33333333333333337,3
0.5201931518876165,0.3879699248120302,0.7973273942093541,0.1651090342679128,0.38928571428571335,0.01932367149758454,0.44052044609665425,0.0,0.058823529411764705,1
0.3525021949078127,0.49774436090225554,0.7973273942093541,0.33644859813084116,0.4053571428571426,0.09017713365539454,0.26672862453531604,0.0,0.0,1
0.712906057945567,0.04360902255639086,0.0,0.14330218068535827,0.5839285714285714,0.0,0.8856877323420074,0.0,0.0,2
0.35601404741001114,0.37142857142857133,0.7416481069042316,0.308411214953271,0.4553571428571428,0.0966183574879227,0.3447955390334573,0.0,0.21568627450980393,1
0.2800702370500459,0.2766917293233083,0.7728285077951003,0.3395638629283489,0.6392857142857147,0.0966183574879227,0.28996282527881045,0.0,0.11764705882352941,1
0.3112379280070252,0.32180451127819537,0.7750556792873051,0.3115264797507788,0.5607142857142864,0.0966183574879227,0.27881040892193304,0.0,0.0,1
0.5289727831431126,0.4496240601503761,0.8285077951002228,0.06853582554517135,0.34642857142857136,0.014492753623188406,0.43029739776951675,0.0,0.3137254901960784,1
0.09043020193151663,0.34135338345864663,0.0,0.8504672897196262,0.1589285714285717,1.0,0.13940520446096652,0.0,0.0,4
0.3608428446005315,0.46015037593984953,0.5367483296213809,0.2803738317757009,0.5267857142857153,0.0,0.4033457249070631,0.0,0.0,5
0.27568042142230276,0.38646616541353396,0.8017817371937639,0.26479750778816197,0.5857142857142865,0.09339774557165861,0.25464684014869887,0.0,0.0,1
0.26075504828797413,0.34135338345864663,0.7728285077951003,0.4672897196261682,0.5196428571428571,0.10628019323671498,0.2555762081784386,0.0,0.0,2
0.1290605794556602,0.5293233082706768,0.688195991091314,0.5576323987538941,0.44107142857142884,0.17713365539452497,0.15334572490706322,0.0,0.0,2
0.23046532045653959,0.5473684210526315,0.0,0.7632398753894082,0.542857142857142,0.0,0.37360594795539026,0.17142857142857146,0.0,6
0.22036874451273133,0.6345864661654135,0.0,0.616822429906542,0.6232142857142854,0.0,0.3048327137546469,0.21269841269841272,0.0,6
0.17515364354696814,0.4932330827067669,0.5968819599109132,1.0,0.014285714285713996,0.27053140096618356,0.04089219330855021,0.6984126984126985,0.0,4
0.4547848990342368,0.04511278195488707,0.3808463251670378,0.3956386292834891,0.6482142857142855,0.09339774557165861,0.5752788104089218,0.0,0.0,4
0.351624231782268,0.5142857142857143,0.0,0.5607476635514018,0.523214285714285,0.0,0.5065055762081785,0.0,0.0,5
0.6812993854258105,0.4902255639097745,0.8240534521158129,0.1308411214953271,0.314285714285713,0.00322061191626409,0.4079925650557621,0.0,0.19607843137254902,1
0.4863915715539933,0.37293233082706784,0.8396436525612472,0.1557632398753894,0.38928571428571335,0.020933977455716585,0.4265799256505575,0.0,0.0,1
0.3323090430201962,0.3308270676691729,0.8151447661469933,0.3956386292834891,0.48214285714285815,0.09339774557165861,0.28996282527881045,0.0,0.23529411764705882,2
0.2958735733099193,0.3699248120300751,0.8685968819599108,0.3146417445482866,0.44999999999999973,0.08856682769726248,0.2797397769516728,0.0,0.5490196078431373,2
0.32001755926251146,0.37894736842105264,0.8374164810690422,0.3208722741433022,0.4625000000000011,0.09339774557165861,0.2778810408921933,0.0,0.0,2
0.2651448639157173,0.6045112781954888,0.0,0.5327102803738317,0.5732142857142852,0.0,0.2881040892193308,0.5047619047619049,0.1568627450980392,6
0.29148375768217616,0.37293233082706784,0.755011135857461,0.32398753894081,0.5267857142857153,0.09500805152979065,0.29368029739776946,0.0,0.0,1
0.3595258999121998,0.43759398496240615,0.7884187082405345,0.14330218068535827,0.5071428571428582,0.02576489533011272,0.32156133828996286,0.047619047619047616,0.47058823529411764,3
0.22080772607550855,0.34285714285714286,0.7795100222717148,0.3707165109034268,0.5500000000000003,0.0966183574879227,0.24999999999999992,0.0,0.0,2
0.1725197541703242,0.6646616541353385,0.0,0.6105919003115264,0.6589285714285716,0.0,0.27044609665427505,0.2,0.0,6
0.5970149253731363,0.10827067669172917,0.0,0.49532710280373826,0.4249999999999996,0.13043478260869565,0.7258364312267658,0.0,0.6666666666666667,2
0.26997366110623766,0.24360902255639091,0.6057906458797327,0.41744548286604355,0.5464285714285724,0.11272141706924314,0.35315985130111527,0.0,0.0,2
