0.285776997366111,0.37293233082706784,0.821826280623608,0.3115264797507788,0.5,0.09178743961352656,0.2592936802973978,0.0,0.0,1
0.3007023705004397,0.44812030075187986,0.8752783964365256,0.3894080996884735,0.3571428571428575,0.08695652173913045,0.25836431226765805,0.0,0.29411764705882354,2
0.29762949956101853,0.3097744360902254,0.7795100222717148,0.25856697819314645,0.5750000000000004,0.10305958132045089,0.31040892193308545,0.0,0.0,1
0.6799824407374885,0.07518796992481204,0.0,0.14953271028037385,0.6071428571428562,0.0,0.8596654275092935,0.0,0.0,2
0.24143985952590233,0.36240601503759406,0.7683741648106904,0.45794392523364486,0.4767857142857151,0.0966183574879227,0.2741635687732343,0.0,0.33333333333333337,3
0.4547848990342368,0.04511278195488707,0.3808463251670378,0.3956386292834891,0.6482142857142855,0.09339774557165861,0.5752788104089218,0.0,0.0,4
0.48200175592625016,0.523308270676692,0.8507795100222716,0.056074766355140186,0.34999999999999926,0.017713365539452495,0.3847583643122677,0.0,0.0,1
0.26865671641790595,0.5969924812030075,0.0,0.6386292834890965,0.6196428571428576,0.0,0.3271375464684014,0.20952380952380953,0.0,6
0.3525021949078127,0.49774436090225554,0.7973273942093541,0.33644859813084116,0.4053571428571426,0.09017713365539454,0.26672862453531604,0.0,0.0,1
0.5970149253731363,0.10827067669172917,0.0,0.49532710280373826,0.4249999999999996,0.13043478260869565,0.7258364312267658,0.0,0.6666666666666667,2
0.266022827041262,0.32180451127819537,0.7750556792873051,0.32398753894081,0.5767857142857156,0.09017713365539454,0.27881040892193304,0.0,0.0,1
0.4661984196663768,0.45413533834586467,0.22494432071269488,0.33333333333333337,0.4249999999999996,0.05314009661835749,0.5306691449814126,0.0,0.0,2
0.20851624231782384,0.34436090225563903,0.7973273942093541,0.38006230529595014,0.5910714285714296,0.1111111111111111,0.23513011152416355,0.0,0.0,2
0.3748902546093057,0.5759398496240603,0.0,0.0841121495327103,0.6553571428571439,0.0,0.5381040892193308,0.0,0.0,5
0.3173836698858675,0.5398496240601505,0.7260579064587972,0.6012461059190032,0.257142857142857,0.23510466988727857,0.033457249070631995,0.5174603174603174,0.0,6
0.2835820895522346,0.3127819548872181,0.7884187082405345,0.29283489096573206,0.6124999999999993,0.09339774557165861,0.27509293680297403,0.0,0.0,1
0.277436347673402,0.31729323308270674,0.7795100222717148,0.26479750778816197,0.6178571428571423,0.09017713365539454,0.28996282527881045,0.0,0.0,1
0.26163301141351886,0.32481203007518805,0.8062360801781737,0.3987538940809969,0.562499999999999,0.09822866344605474,0.24907063197026016,0.0,0.0,2
0.21729587357331015,0.4045112781954887,0.7572383073496659,0.2897196261682243,0.514285714285714,0.09500805152979065,0.26858736059479554,0.0,0.0,3
0.4661984196663768,0.37142857142857133,0.8195991091314031,0.26791277258566976,0.5250000000000001,0.08695652173913045,0.28717472118959103,0.0,0.0,2
0.24934152765583414,0.5759398496240603,0.0,0.5264797507788161,0.6214285714285728,0.0,0.28717472118959103,0.4984126984126985,0.13725490196078433,6
0.22080772607550855,0.4210526315789473,0.7906458797327394,0.3894080996884735,0.5678571428571421,0.06280193236714976,0.2184014869888476,0.0,0.0,1
0.3595258999121998,0.43759398496240615,0.7884187082405345,0.14330218068535827,0.5071428571428582,0.02576489533011272,0.32156133828996286,0.047619047619047616,0.47058823529411764,3
0.26031606672519686,0.4496240601503761,0.8195991091314031,0.4735202492211838,0.4017857142857147,0.10305958132045089,0.22769516728624534,0.0,0.0,2
0.1725197541703242,0.6646616541353385,0.0,0.6105919003115264,0.6589285714285716,0.0,0.27044609665427505,0.2,0.0,6
0.29762949956101853,0.37293233082706784,0.7750556792873051,0.34890965732087226,0.5053571428571431,0.09500805152979065,0.27881040892193304,0.0,0.0,1
0.09043020193151663,0.34135338345864663,0.0,0.8504672897196262,0.1589285714285717,1.0,0.13940520446096652,0.0,0.0,4
0.26997366110623766,0.24360902255639091,0.6057906458797327,0.41744548286604355,0.5464285714285724,0.11272141706924314,0.35315985130111527,0.0,0.0,2
0.2098331870061458,0.35488721804511275,0.7995545657015589,0.38317757009345793,0.5874999999999991,0.10789049919484703,0.22304832713754646,0.0,0.0,2
0.3735733099209837,0.6075187969924812,0.8351893095768373,0.0,0.3946428571428564,0.004830917874396135,0.33178438661710036,0.0,0.0,1
0.712906057945567,0.04360902255639086,0.0,0.14330218068535827,0.5839285714285714,0.0,0.8856877323420074,0.0,0.0,2
0.35118525021949076,0.30075187969924816,0.41202672605790647,0.48909657320872274,0.514285714285714,0.0966183574879227,0.433085501858736,0.0,0.0,4
0.21115013169446778,0.3097744360902254,0.8040089086859687,0.41433021806853587,0.5642857142857143,0.10305958132045089,0.24535315985130113,0.0,0.5098039215686274,1
0.3748902546093057,0.28721804511278204,0.0,0.4236760124610592,0.7035714285714288,0.061191626409017714,0.5669144981412638,0.0,0.0,4
0.3784021071115041,0.4631578947368422,0.7973273942093541,0.3208722741433022,0.3410714285714283,0.01932367149758454,0.3011152416356877,0.21904761904761905,0.0,1
0.6812993854258105,0.4902255639097745,0.8240534521158129,0.1308411214953271,0.314285714285713,0.00322061191626409,0.4079925650557621,0.0,0.19607843137254902,1
0.2932396839332754,0.2947368421052631,0.7884187082405345,0.3271028037383178,0.5607142857142864,0.09178743961352656,0.30855018587360594,0.0,0.0,1
0.3467954345917476,0.49172932330827074,0.532293986636971,0.3956386292834891,0.457142857142858,0.0,0.3847583643122677,0.0,0.0,5
0.22388059701492974,0.3954887218045112,0.7973273942093541,0.37383177570093457,0.5196428571428571,0.07246376811594203,0.25836431226765805,0.0,0.0,2
0.18261633011413245,0.548872180451128,0.0,0.7383177570093459,0.5874999999999991,0.00644122383252818,0.3392193308550186,0.20317460317460317,0.0,6
0.1992976294995603,0.3774436090225564,0.77728285077951,0.367601246105919,0.6142857142857145,0.061191626409017714,0.24163568773234195,0.0,0.0,2
0.22300263388937527,0.5127819548872182,0.0,0.8068535825545171,0.5,0.01288244766505636,0.3485130111524163,0.33650793650793653,0.0,6
0.20763827919226938,0.3593984962406014,0.7594654788418708,0.40186915887850466,0.6160714285714297,0.011272141706924317,0.27509293680297403,0.0,0.37254901960784315,2
0.244951712028091,0.38646616541353396,0.8106904231625836,0.3862928348909657,0.485714285714286,0.10466988727858294,0.24163568773234195,0.0,0.5686274509803921,2
0.2726075504828816,0.30827067669172925,0.8062360801781737,0.3115264797507788,0.5321428571428584,0.09500805152979065,0.30390334572490696,0.0,0.0,1
0.25417032484635455,0.32030075187969914,0.7973273942093541,0.31775700934579443,0.5,0.09822866344605474,0.31226765799256495,0.0,0.0,3
0.0,1.0,0.0,0.015576323987538955,1.0,0.0,0.11338289962825283,0.0,0.0,5
0.3042142230026381,0.40601503759398494,0.6391982182628062,0.2803738317757009,0.5410714285714293,0.08856682769726248,0.3345724907063196,0.0,0.0,1
0.3187006145741895,0.3308270676691729,0.8329621380846325,0.25545171339563866,0.44107142857142884,0.10305958132045089,0.32806691449814135,0.0,0.43137254901960786,2
0.34942932396839155,0.4766917293233084,0.8307349665924276,0.2772585669781931,0.4125000000000008,0.00966183574879227,0.32156133828996286,0.0,0.0,1
0.2778753292361695,0.32030075187969914,0.7928730512249443,0.3052959501557632,0.6071428571428562,0.08695652173913045,0.2741635687732343,0.0,0.33333333333333337,1
0.24363476733976902,0.3774436090225564,0.7951002227171492,0.3395638629283489,0.5160714285714292,0.09017713365539454,0.2797397769516728,0.0,0.19607843137254902,3
0.23266022827041602,0.4015037593984963,0.77728285077951,0.38317757009345793,0.5071428571428582,0.10789049919484703,0.24628252788104088,0.0,0.19607843137254902,2
0.2805092186128134,0.40000000000000013,0.8151447661469933,0.2803738317757009,0.5321428571428584,0.09178743961352656,0.2639405204460966,0.0,0.21568627450980393,1
0.3217734855136107,0.43759398496240615,0.8619153674832962,0.3052959501557632,0.3839285714285703,0.08695652173913045,0.26858736059479554,0.0,0.6274509803921569,2
0.2791922739244914,0.3127819548872181,0.7951002227171492,0.3302180685358256,0.5732142857142852,0.0998389694041868,0.29368029739776946,0.0,0.0,1
0.3608428446005315,0.46015037593984953,0.5367483296213809,0.2803738317757009,0.5267857142857153,0.0,0.4033457249070631,0.0,0.0,5
0.4552238805970141,0.34887218045112794,0.8129175946547884,0.18068535825545173,0.43035714285714266,0.030595813204508857,0.41078066914498135,0.0,0.33333333333333337,1
0.2800702370500459,0.2766917293233083,0.7728285077951003,0.3395638629283489,0.6392857142857147,0.0966183574879227,0.28996282527881045,0.0,0.11764705882352941,1
0.2835820895522346,0.47518796992481216,0.8017817371937639,0.33333333333333337,0.5214285714285722,0.07729468599033816,0.22304832713754646,0.0,0.0,1
0.4139596136962265,0.31879699248120297,0.3585746102449889,0.5856697819314641,0.42321428571428693,0.12238325281803543,0.3968401486988847,0.07619047619047618,1.0,4
0.4416154521510074,0.49624060150375937,0.8374164810690422,0.09034267912772585,0.35357142857142965,0.017713365539452495,0.39219330855018586,0.0,0.0,3
0.043898156277441217,0.3398496240601504,0.7728285077951003,0.25856697819314645,0.5660714285714294,0.0998389694041868,0.2713754646840148,0.0,0.6078431372549019,1
0.25109745390693333,0.37593984962406024,0.7884187082405345,0.3707165109034268,0.5410714285714293,0.09017713365539454,0.2481412639405204,0.0,0.0,2
0.35601404741001114,0.37142857142857133,0.7416481069042316,0.308411214953271,0.4553571428571428,0.0966183574879227,0.3447955390334573,0.0,0.21568627450980393,1
0.18876207199297482,0.5127819548872182,0.0,0.7445482866043615,0.6392857142857147,0.01288244766505636,0.3382899628252788,0.19365079365079366,0.09803921568627451,6
0.26075504828797413,0.34135338345864663,0.7728285077951003,0.4672897196261682,0.5196428571428571,0.10628019323671498,0.2555762081784386,0.0,0.0,2
0.3208955223880562,0.40300751879699254,0.866369710467706,0.32398753894081,0.4589285714285707,0.0821256038647343,0.26486988847583637,0.0,0.0,2
0.32133450395083346,0.356390977443609,0.8841870824053452,0.2803738317757009,0.4696428571428568,0.0966183574879227,0.27881040892193304,0.0,0.0,2
0.31782265144863503,0.31879699248120297,0.8173719376391981,0.29595015576323985,0.4928571428571417,0.0998389694041868,0.30204460966542745,0.0,0.6862745098039215,2
0.2655838454784945,0.3984962406015039,0.7795100222717148,0.26791277258566976,0.542857142857142,0.08051529790660225,0.27881040892193304,0.0,0.0,1
0.20149253731343678,0.6210526315789473,0.8173719376391981,0.4517133956386293,0.36785714285714366,0.02576489533011272,0.17936802973977697,0.0,0.23529411764705882,2
0.2256365232660192,0.29774436090225576,0.7416481069042316,0.37383177570093457,0.6196428571428576,0.10789049919484703,0.26115241635687736,0.0,0.0,2
0.2361720807726047,0.1834586466165412,0.0,0.2803738317757009,0.9589285714285732,0.4347826086956522,0.32527881040892187,0.0,0.0,6
0.23836698858648114,0.6120300751879701,0.0,0.5295950155763239,0.5892857142857144,0.0,0.26486988847583637,0.5428571428571428,0.0,6
0.23309920983318352,0.40300751879699254,0.7906458797327394,0.29906542056074764,0.5357142857142863,0.10950080515297908,0.2481412639405204,0.0,0.0,2
0.31431079894644637,0.5503759398496242,0.0,0.4766355140186916,0.5446428571428572,0.22705314009661834,0.0966542750929368,0.9142857142857143,0.0,6
0.4635645302897231,0.12481203007518801,0.4187082405345211,0.3956386292834891,0.5446428571428572,0.07568438003220612,0.5557620817843866,0.0,0.0,4
0.5289727831431126,0.4496240601503761,0.8285077951002228,0.06853582554517135,0.34642857142857136,0.014492753623188406,0.43029739776951675,0.0,0.3137254901960784,1
0.23924495171202587,0.3398496240601504,0.7082405345211581,0.29283489096573206,0.5642857142857143,0.09339774557165861,0.3141263940520446,0.0,0.47058823529411764,2
0.21861281826163212,0.47368421052631593,0.39643652561247217,0.4672897196261682,0.5874999999999991,0.0,0.3011152416356877,0.24126984126984127,0.0,6
0.2708516242317824,0.6345864661654135,0.0,0.470404984423676,0.5678571428571421,0.0,0.295539033457249,0.4920634920634921,0.0,6
0.3147497805092139,0.3909774436090226,0.7438752783964364,0.3894080996884735,0.4160714285714287,0.09017713365539454,0.3308550185873606,0.0,0.0,3
0.3064091308165048,0.40601503759398494,0.88641425389755,0.2772585669781931,0.47857142857142776,0.09339774557165861,0.25278810408921937,0.0,0.0,2
0.4640035118525003,0.4180451127819549,0.8596881959910913,0.18380062305295952,0.35357142857142965,0.03703703703703704,0.3819702602230482,0.0,0.21568627450980393,1
0.3033362598770836,0.34135338345864663,0.8463251670378619,0.2461059190031153,0.5821428571428561,0.09017713365539454,0.2741635687732343,0.0,0.23529411764705882,2
0.2993854258121177,0.3022556390977444,0.7750556792873051,0.3302180685358256,0.562499999999999,0.10305958132045089,0.30204460966542745,0.0,0.0,1
0.3467954345917476,0.431578947368421,0.8062360801781737,0.25545171339563866,0.5053571428571431,0.022544283413848634,0.3094795539033457,0.0,0.0,1
0.23046532045653959,0.27368421052631586,0.7750556792873051,0.4922118380062306,0.6107142857142867,0.10144927536231885,0.24628252788104088,0.0,0.1764705882352941,2
0.28446005267778907,0.28270676691729313,0.7995545657015589,0.31775700934579443,0.6214285714285728,0.09339774557165861,0.2853159851301115,0.0,0.0,1
0.4640035118525003,0.41353383458646625,0.8329621380846325,0.1900311526479751,0.39285714285714374,0.028985507246376812,0.3884758364312267,0.0,0.13725490196078433,1
0.2866549604916558,0.2751879699248121,0.7839643652561247,0.35514018691588783,0.5964285714285726,0.09178743961352656,0.28903345724907054,0.0,0.0,1
0.21027216856892306,0.35488721804511275,0.7839643652561247,0.3925233644859813,0.5464285714285724,0.10950080515297908,0.24349442379182162,0.0,0.1764705882352941,2
1.0,0.23609022556390988,0.0,0.22118380062305296,0.06249999999999905,0.01932367149758454,1.0,0.0,0.47058823529411764,2
0.88235294117647,0.0,0.0,0.5638629283489097,0.0,0.09339774557165861,0.7314126394052044,1.0,0.5490196078431373,2
0.49692712906057884,0.6210526315789473,0.48997772828507796,0.5514018691588786,0.08035714285714345,0.12238325281803543,0.40241635687732336,0.0,0.0,6
0.21861281826163212,0.4796992481203008,0.7839643652561247,0.29906542056074764,0.5482142857142851,0.05958132045088567,0.23327137546468404,0.0,0.27450980392156865,2
0.4859525899912161,0.556390977443609,0.0,0.22118380062305296,0.5107142857142861,0.016103059581320453,0.5659851301115241,0.0,0.1568627450980392,2
0.3134328358208919,0.3774436090225564,0.8685968819599108,0.34890965732087226,0.44999999999999973,0.08856682769726248,0.2676579925650558,0.0,0.19607843137254902,2
0.1290605794556602,0.5293233082706768,0.688195991091314,0.5576323987538941,0.44107142857142884,0.17713365539452497,0.15334572490706322,0.0,0.0,2
0.25241439859525533,0.3909774436090226,0.7884187082405345,0.4112149532710281,0.4875000000000012,0.10950080515297908,0.24907063197026016,0.0,0.0,2
0.44424934152765133,0.5398496240601505,0.8685968819599108,0.16822429906542058,0.3017857142857142,0.0,0.37732342007434944,0.0,0.0,3
0.29016681299385416,0.4210526315789473,0.7594654788418708,0.38317757009345793,0.39821428571428685,0.09339774557165861,0.31226765799256495,0.0,0.0,3
0.287093942054433,0.2586466165413533,0.6035634743875278,0.3115264797507788,0.6946428571428579,0.09017713365539454,0.33736059479553904,0.0,0.47058823529411764,1
0.3134328358208919,0.5609022556390979,0.49888641425389757,0.41433021806853587,0.4589285714285707,0.0,0.3559479553903345,0.0,0.0,5
0.27524143985952554,0.38195488721804505,0.8062360801781737,0.29595015576323985,0.5839285714285714,0.08856682769726248,0.24535315985130113,0.0,0.0,1
0.2721685689201044,0.34436090225563903,0.7884187082405345,0.43613707165109034,0.5214285714285722,0.08695652173913045,0.2797397769516728,0.0,0.13725490196078433,1
