0.3230904302019327,0.37142857142857133,0.8084632516703786,0.24299065420560748,0.5392857142857141,0.09178743961352656,0.27695167286245354,0.02857142857142857,0.33333333333333337,2
0.25241439859525533,0.3909774436090226,0.7884187082405345,0.4112149532710281,0.4875000000000012,0.10950080515297908,0.24907063197026016,0.0,0.0,2
0.23836698858648114,0.6120300751879701,0.0,0.5295950155763239,0.5892857142857144,0.0,0.26486988847583637,0.5428571428571428,0.0,6
0.21861281826163212,0.4796992481203008,0.7839643652561247,0.29906542056074764,0.5482142857142851,0.05958132045088567,0.23327137546468404,0.0,0.27450980392156865,2
0.22651448639157368,0.3924812030075188,0.7951002227171492,0.3987538940809969,0.5464285714285724,0.09822866344605474,0.2286245353159851,0.0,0.0,2
0.24539069359086824,0.32180451127819537,0.7928730512249443,0.42056074766355134,0.5946428571428575,0.10466988727858294,0.23791821561338292,0.0,0.0,2
0.351624231782268,0.5142857142857143,0.0,0.5607476635514018,0.523214285714285,0.0,0.5065055762081785,0.0,0.0,5
0.20807726075504662,0.3233082706766919,0.7639198218262806,0.34579439252336447,0.6196428571428576,0.1111111111111111,0.24349442379182162,0.0,0.47058823529411764,1
0.48200175592625016,0.523308270676692,0.8507795100222716,0.056074766355140186,0.34999999999999926,0.017713365539452495,0.3847583643122677,0.0,0.0,1
0.7067603160667246,0.461654135338346,0.7015590200445434,0.11526479750778817,0.13571428571428423,0.01288244766505636,0.5771375464684014,0.0,0.0,2
0.2651448639157173,0.6045112781954888,0.0,0.5327102803738317,0.5732142857142852,0.0,0.2881040892193308,0.5047619047619049,0.1568627450980392,6
0.3007023705004397,0.44812030075187986,0.8752783964365256,0.3894080996884735,0.3571428571428575,0.08695652173913045,0.25836431226765805,0.0,0.29411764705882354,2
0.2655838454784945,0.3984962406015039,0.7795100222717148,0.26791277258566976,0.542857142857142,0.08051529790660225,0.27881040892193304,0.0,0.0,1
0.2778753292361695,0.32030075187969914,0.7928730512249443,0.3052959501557632,0.6071428571428562,0.08695652173913045,0.2741635687732343,0.0,0.33333333333333337,1
0.1984196663740156,0.3849624060150375,0.7683741648106904,0.2866043613707165,0.523214285714285,0.09017713365539454,0.29182156133828996,0.0,0.0,1
0.28972783143107694,0.31879699248120297,0.7750556792873051,0.29283489096573206,0.5642857142857143,0.09822866344605474,0.2908921933085502,0.02857142857142857,0.43137254901960786,1
0.4640035118525003,0.41353383458646625,0.8329621380846325,0.1900311526479751,0.39285714285714374,0.028985507246376812,0.3884758364312267,0.0,0.13725490196078433,1
0.20763827919226938,0.3593984962406014,0.7594654788418708,0.40186915887850466,0.6160714285714297,0.011272141706924317,0.27509293680297403,0.0,0.37254901960784315,2
0.25987708516241964,0.41353383458646625,0.7750556792873051,0.4423676012461059,0.4839285714285708,0.0998389694041868,0.23791821561338292,0.0,0.0,2
0.23266022827041602,0.6330827067669172,0.0,0.4922118380062306,0.5892857142857144,0.0,0.3011152416356877,0.4380952380952381,0.0,6
0.2910447761193989,0.37293233082706784,0.6258351893095768,0.3115264797507788,0.5660714285714294,0.0821256038647343,0.33364312267657986,0.0,0.1764705882352941,1
0.1725197541703242,0.6646616541353385,0.0,0.6105919003115264,0.6589285714285716,0.0,0.27044609665427505,0.2,0.0,6
0.5684811237928009,0.4661654135338346,0.6458797327394209,0.27414330218068533,0.23928571428571513,0.01288244766505636,0.49814126394052033,0.0,0.0,2
0.30553116769096006,0.33533834586466177,0.6592427616926503,0.35514018691588783,0.5553571428571433,0.0966183574879227,0.31226765799256495,0.04444444444444445,0.0,2
0.2168568920105329,0.643609022556391,0.0,0.6915887850467289,0.5785714285714283,0.008051529790660227,0.3159851301115241,0.16825396825396827,0.0,6
0.4547848990342368,0.04511278195488707,0.3808463251670378,0.3956386292834891,0.6482142857142855,0.09339774557165861,0.5752788104089218,0.0,0.0,4
0.3033362598770836,0.34135338345864663,0.8463251670378619,0.2461059190031153,0.5821428571428561,0.09017713365539454,0.2741635687732343,0.0,0.23529411764705882,2
0.29762949956101853,0.3097744360902254,0.7795100222717148,0.25856697819314645,0.5750000000000004,0.10305958132045089,0.31040892193308545,0.0,0.0,1
0.3784021071115041,0.4631578947368422,0.7973273942093541,0.3208722741433022,0.3410714285714283,0.01932367149758454,0.3011152416356877,0.21904761904761905,0.0,1
0.29148375768217616,0.43759398496240615,0.8129175946547884,0.11214953271028039,0.5696428571428573,0.00966183574879227,0.32527881040892187,0.0,0.0,3
0.17515364354696814,0.4932330827067669,0.5968819599109132,1.0,0.014285714285713996,0.27053140096618356,0.04089219330855021,0.6984126984126985,0.0,4
0.007023705004387086,0.4451127819548872,0.7126948775055679,0.4735202492211838,0.5357142857142863,0.2834138486312399,0.0,0.37777777777777777,0.0,6
0.31782265144863503,0.31879699248120297,0.8173719376391981,0.29595015576323985,0.4928571428571417,0.0998389694041868,0.30204460966542745,0.0,0.6862745098039215,2
0.31431079894644637,0.5503759398496242,0.0,0.4766355140186916,0.5446428571428572,0.22705314009661834,0.0966542750929368,0.9142857142857143,0.0,6
0.22388059701492974,0.3954887218045112,0.7973273942093541,0.37383177570093457,0.5196428571428571,0.07246376811594203,0.25836431226765805,0.0,0.0,2
0.21378402107111172,0.6195488721804512,0.0,0.6510903426791277,0.6196428571428576,0.0,0.3094795539033457,0.20317460317460317,0.1764705882352941,6
0.4661984196663768,0.37142857142857133,0.8195991091314031,0.26791277258566976,0.5250000000000001,0.08695652173913045,0.28717472118959103,0.0,0.0,2
0.20851624231782384,0.34436090225563903,0.7973273942093541,0.38006230529595014,0.5910714285714296,0.1111111111111111,0.23513011152416355,0.0,0.0,2
0.2357330992098372,0.4255639097744362,0.7951002227171492,0.367601246105919,0.47142857142857203,0.10305958132045089,0.23513011152416355,0.0,0.0,2
0.30553116769096006,0.3909774436090226,0.8574610244988864,0.29906542056074764,0.5303571428571432,0.08373590982286634,0.24999999999999992,0.0,0.0,2
0.20149253731343678,0.6210526315789473,0.8173719376391981,0.4517133956386293,0.36785714285714366,0.02576489533011272,0.17936802973977697,0.0,0.23529411764705882,2
0.34942932396839155,0.4766917293233084,0.8307349665924276,0.2772585669781931,0.4125000000000008,0.00966183574879227,0.32156133828996286,0.0,0.0,1
0.6812993854258105,0.4902255639097745,0.8240534521158129,0.1308411214953271,0.314285714285713,0.00322061191626409,0.4079925650557621,0.0,0.19607843137254902,1
0.3972783143107987,0.4887218045112783,0.30066815144766146,0.41744548286604355,0.3482142857142866,0.06280193236714976,0.4767657992565056,0.0,0.3529411764705882,2
0.22475856014047446,0.34135338345864663,0.7973273942093541,0.3894080996884735,0.5392857142857141,0.09822866344605474,0.2425650557620817,0.0,0.0,2
0.27568042142230276,0.38646616541353396,0.8017817371937639,0.26479750778816197,0.5857142857142865,0.09339774557165861,0.25464684014869887,0.0,0.0,1
0.5487269534679519,0.7609022556390977,0.40757238307349664,0.31775700934579443,0.11071428571428664,0.0499194847020934,0.295539033457249,0.5333333333333333,0.0,6
0.5289727831431126,0.4496240601503761,0.8285077951002228,0.06853582554517135,0.34642857142857136,0.014492753623188406,0.43029739776951675,0.0,0.3137254901960784,1
0.712906057945567,0.04360902255639086,0.0,0.14330218068535827,0.5839285714285714,0.0,0.8856877323420074,0.0,0.0,2
0.21729587357331015,0.4045112781954887,0.7572383073496659,0.2897196261682243,0.514285714285714,0.09500805152979065,0.26858736059479554,0.0,0.0,3
0.266022827041262,0.32180451127819537,0.7750556792873051,0.32398753894081,0.5767857142857156,0.09017713365539454,0.27881040892193304,0.0,0.0,1
0.285776997366111,0.37293233082706784,0.821826280623608,0.3115264797507788,0.5,0.09178743961352656,0.2592936802973978,0.0,0.0,1
0.2835820895522346,0.3127819548872181,0.7884187082405345,0.29283489096573206,0.6124999999999993,0.09339774557165861,0.27509293680297403,0.0,0.0,1
0.22080772607550855,0.4210526315789473,0.7906458797327394,0.3894080996884735,0.5678571428571421,0.06280193236714976,0.2184014869888476,0.0,0.0,1
0.2993854258121177,0.3022556390977444,0.7750556792873051,0.3302180685358256,0.562499999999999,0.10305958132045089,0.30204460966542745,0.0,0.0,1
0.28446005267778907,0.31127819548872193,0.8151447661469933,0.3052959501557632,0.5714285714285725,0.0966183574879227,0.2908921933085502,0.0,0.0,1
0.2866549604916558,0.28872180451127827,0.7928730512249443,0.3146417445482866,0.5839285714285714,0.09822866344605474,0.3029739776951672,0.0,0.27450980392156865,1
0.2098331870061458,0.35488721804511275,0.7995545657015589,0.38317757009345793,0.5874999999999991,0.10789049919484703,0.22304832713754646,0.0,0.0,2
0.23046532045653959,0.5473684210526315,0.0,0.7632398753894082,0.542857142857142,0.0,0.37360594795539026,0.17142857142857146,0.0,6
0.26031606672519686,0.4496240601503761,0.8195991091314031,0.4735202492211838,0.4017857142857147,0.10305958132045089,0.22769516728624534,0.0,0.0,2
0.3042142230026381,0.40601503759398494,0.6391982182628062,0.2803738317757009,0.5410714285714293,0.08856682769726248,0.3345724907063196,0.0,0.0,1
0.32133450395083346,0.356390977443609,0.8841870824053452,0.2803738317757009,0.4696428571428568,0.0966183574879227,0.27881040892193304,0.0,0.0,2
0.3735733099209837,0.6075187969924812,0.8351893095768373,0.0,0.3946428571428564,0.004830917874396135,0.33178438661710036,0.0,0.0,1
0.3748902546093057,0.28721804511278204,0.0,0.4236760124610592,0.7035714285714288,0.061191626409017714,0.5669144981412638,0.0,0.0,4
0.09043020193151663,0.34135338345864663,0.0,0.8504672897196262,0.1589285714285717,1.0,0.13940520446096652,0.0,0.0,4
0.2805092186128134,0.40000000000000013,0.8151447661469933,0.2803738317757009,0.5321428571428584,0.09178743961352656,0.2639405204460966,0.0,0.21568627450980393,1
0.21861281826163212,0.47368421052631593,0.39643652561247217,0.4672897196261682,0.5874999999999991,0.0,0.3011152416356877,0.24126984126984127,0.0,6
0.4552238805970141,0.34887218045112794,0.8129175946547884,0.18068535825545173,0.44821428571428457,0.030595813204508857,0.41078066914498135,0.0,0.33333333333333337,1
0.4806848112379282,0.45112781954887227,0.8552338530066814,0.13395638629283488,0.3482142857142866,0.02737520128824477,0.40055762081784385,0.0,0.0,1
0.24934152765583414,0.5759398496240603,0.0,0.5264797507788161,0.6214285714285728,0.0,0.28717472118959103,0.4984126984126985,0.13725490196078433,6
0.2098331870061458,0.37894736842105264,0.7683741648106904,0.35514018691588783,0.6000000000000005,0.09822866344605474,0.22583643122676583,0.0,0.0,2
0.26075504828797413,0.34135338345864663,0.7728285077951003,0.4672897196261682,0.5196428571428571,0.10628019323671498,0.2555762081784386,0.0,0.0,2
0.3525021949078127,0.49774436090225554,0.7973273942093541,0.33644859813084116,0.4053571428571426,0.09017713365539454,0.26672862453531604,0.0,0.0,1
0.3748902546093057,0.5759398496240603,0.0,0.0841121495327103,0.6553571428571439,0.0,0.5381040892193308,0.0,0.0,5
0.0807726075504856,0.5518796992481204,0.38752783964365256,0.3894080996884735,0.8464285714285714,0.0,0.2007434944237918,0.0,0.0,5
0.3323090430201962,0.3308270676691729,0.8151447661469933,0.3956386292834891,0.48214285714285815,0.09339774557165861,0.28996282527881045,0.0,0.23529411764705882,2
0.18876207199297482,0.5127819548872182,0.0,0.7445482866043615,0.6392857142857147,0.01288244766505636,0.3382899628252788,0.19365079365079366,0.09803921568627451,6
0.28446005267778907,0.28270676691729313,0.7995545657015589,0.31775700934579443,0.6214285714285728,0.09339774557165861,0.2853159851301115,0.0,0.0,1
0.3187006145741895,0.34436090225563903,0.8062360801781737,0.2398753894080997,0.45178571428571496,0.10305958132045089,0.3438661710037175,0.0,0.29411764705882354,2
0.4240561896400348,0.4586466165413533,0.5077951002227171,0.35514018691588783,0.38928571428571335,0.07890499194847021,0.41078066914498135,0.0,0.33333333333333337,2
0.17515364354696814,0.6195488721804512,0.0,0.6635514018691588,0.6982142857142858,0.0,0.27509293680297403,0.1777777777777778,0.0,6
0.27875329236172397,0.31428571428571433,0.7906458797327394,0.37383177570093457,0.5250000000000001,0.08695652173913045,0.28717472118959103,0.0,0.37254901960784315,1
0.3309920983318742,0.3699248120300751,0.7505567928730512,0.2772585669781931,0.5196428571428571,0.09178743961352656,0.3159851301115241,0.0,0.3137254901960784,1
0.3173836698858675,0.5398496240601505,0.7260579064587972,0.6012461059190032,0.257142857142857,0.23510466988727857,0.033457249070631995,0.5174603174603174,0.0,6
0.043898156277441217,0.3398496240601504,0.7728285077951003,0.25856697819314645,0.5660714285714294,0.0998389694041868,0.2713754646840148,0.0,0.6078431372549019,1
0.287093942054433,0.2586466165413533,0.6035634743875278,0.3115264797507788,0.6946428571428579,0.09017713365539454,0.33736059479553904,0.0,0.47058823529411764,1
0.2151009657594337,0.3263157894736843,0.7661469933184855,0.3613707165109034,0.5803571428571435,0.07085346215780998,0.2639405204460966,0.0,0.0,2
0.5504828797190511,0.40751879699248117,0.0,0.40186915887850466,0.43035714285714266,0.05152979066022544,0.632899628252788,0.0,0.0,4
0.44073748902546267,0.336842105263158,0.07349665924276169,0.38006230529595014,0.6392857142857147,0.020933977455716585,0.5427509293680296,0.0,0.5490196078431373,4
0.22300263388937527,0.5218045112781954,0.0,0.778816199376947,0.6517857142857134,0.00644122383252818,0.33550185873605937,0.126984126984127,0.1764705882352941,6
0.2791922739244914,0.3127819548872181,0.7951002227171492,0.3302180685358256,0.5732142857142852,0.0998389694041868,0.29368029739776946,0.0,0.0,1
0.23046532045653959,0.27368421052631586,0.7750556792873051,0.4922118380062306,0.6107142857142867,0.10144927536231885,0.24628252788104088,0.0,0.1764705882352941,2
0.24539069359086824,0.3097744360902254,0.7839643652561247,0.3894080996884735,0.6339285714285716,0.10628019323671498,0.22955390334572492,0.0,0.0,2
0.22080772607550855,0.34285714285714286,0.7795100222717148,0.3707165109034268,0.5500000000000003,0.0966183574879227,0.24999999999999992,0.0,0.0,2
0.2945566286215973,0.30075187969924816,0.7639198218262806,0.2803738317757009,0.5607142857142864,0.0998389694041868,0.3094795539033457,0.0,0.5882352941176471,1
0.23266022827041602,0.40751879699248117,0.8040089086859687,0.3894080996884735,0.46071428571428585,0.10628019323671498,0.24163568773234195,0.0,0.0,2
0.21115013169446778,0.3097744360902254,0.8040089086859687,0.41433021806853587,0.5642857142857143,0.10305958132045089,0.24535315985130113,0.0,0.5098039215686274,1
0.3147497805092139,0.3909774436090226,0.7438752783964364,0.3894080996884735,0.4160714285714287,0.09017713365539454,0.3308550185873606,0.0,0.0,3
1.0,0.23609022556390988,0.0,0.22118380062305296,0.06249999999999905,0.01932367149758454,1.0,0.0,0.47058823529411764,2
0.18261633011413245,0.548872180451128,0.0,0.7383177570093459,0.5874999999999991,0.00644122383252818,0.3392193308550186,0.20317460317460317,0.0,6
0.27524143985952554,0.38195488721804505,0.8062360801781737,0.29595015576323985,0.5839285714285714,0.08856682769726248,0.24535315985130113,0.0,0.0,1
0.7295873573309949,0.28721804511278204,0.0,0.11838006230529596,0.3946428571428564,0.00966183574879227,0.8336431226765799,0.0,0.0,2
0.43195785776997636,0.4451127819548872,0.7995545657015589,0.25856697819314645,0.3839285714285703,0.014492753623188406,0.36895910780669144,0.0,0.0,1
0.6580333625987728,0.44661654135338336,0.0,0.33333333333333337,0.2553571428571418,0.030595813204508857,0.7444237918215613,0.0,0.19607843137254902,2
0.3134328358208919,0.3774436090225564,0.8685968819599108,0.34890965732087226,0.44999999999999973,0.08856682769726248,0.2676579925650558,0.0,0.19607843137254902,2
0.3112379280070252,0.32180451127819537,0.7750556792873051,0.3115264797507788,0.5607142857142864,0.0966183574879227,0.27881040892193304,0.0,0.0,1
0.287093942054433,0.4390977443609023,0.8151447661469933,0.25545171339563866,0.528571428571428,0.017713365539452495,0.29460966542750927,0.0,0.0,3
