0.21729587357331015,0.4045112781954887,0.7572383073496659,0.2897196261682243,0.514285714285714,0.09500805152979065,0.26858736059479554,0.0,0.0,3
0.26865671641790595,0.5969924812030075,0.0,0.6386292834890965,0.6196428571428576,0.0,0.3271375464684014,0.20952380952380953,0.0,6
0.4416154521510074,0.49624060150375937,0.8374164810690422,0.09034267912772585,0.35357142857142965,0.017713365539452495,0.39219330855018586,0.0,0.0,3
0.1984196663740156,0.3849624060150375,0.7683741648106904,0.2866043613707165,0.523214285714285,0.09017713365539454,0.29182156133828996,0.0,0.0,1
0.3485513608428468,0.47518796992481216,0.7861915367483295,0.3208722741433022,0.3571428571428575,0.0821256038647343,0.3113382899628252,0.03492063492063492,0.0,1
0.043898156277441217,0.3398496240601504,0.7728285077951003,0.25856697819314645,0.5660714285714294,0.0998389694041868,0.2713754646840148,0.0,0.6078431372549019,1
0.30553116769096006,0.3909774436090226,0.8574610244988864,0.29906542056074764,0.5303571428571432,0.08373590982286634,0.24999999999999992,0.0,0.0,2
1.0,0.23609022556390988,0.0,0.22118380062305296,0.06249999999999905,0.01932367149758454,1.0,0.0,0.47058823529411764,2
0.35118525021949076,0.30075187969924816,0.41202672605790647,0.48909657320872274,0.514285714285714,0.0966183574879227,0.433085501858736,0.0,0.0,4
0.22080772607550855,0.4210526315789473,0.7906458797327394,0.3894080996884735,0.5678571428571421,0.06280193236714976,0.2184014869888476,0.0,0.0,1
0.2093942054433686,0.32030075187969914,0.7839643652561247,0.5700934579439253,0.508928571428571,0.1111111111111111,0.23605947955390333,0.0,0.0,2
0.3187006145741895,0.3308270676691729,0.8329621380846325,0.25545171339563866,0.44107142857142884,0.10305958132045089,0.32806691449814135,0.0,0.43137254901960786,2
0.32133450395083346,0.356390977443609,0.8841870824053452,0.2803738317757009,0.4696428571428568,0.0966183574879227,0.27881040892193304,0.0,0.0,2
0.21861281826163212,0.4796992481203008,0.7839643652561247,0.29906542056074764,0.5482142857142851,0.05958132045088567,0.23327137546468404,0.0,0.27450980392156865,2
0.4806848112379282,0.45112781954887227,0.8552338530066814,0.13395638629283488,0.3482142857142866,0.02737520128824477,0.40055762081784385,0.0,0.0,1
0.29148375768217616,0.43759398496240615,0.8129175946547884,0.11214953271028039,0.5696428571428573,0.00966183574879227,0.32527881040892187,0.0,0.0,3
0.3169446883230903,0.36240601503759406,0.6325167037861915,0.308411214953271,0.542857142857142,0.08856682769726248,0.3382899628252788,0.0,0.0,1
0.28094820017559063,0.29774436090225576,0.7616926503340756,0.2834890965732087,0.6053571428571436,0.09500805152979065,0.29832713754646845,0.0,0.0,1
0.3393327480245833,0.6406015037593986,0.17371937639198218,0.4517133956386293,0.4803571428571429,0.0,0.4200743494423791,0.0,0.0,5
0.22475856014047446,0.34135338345864663,0.7973273942093541,0.3894080996884735,0.5392857142857141,0.09822866344605474,0.2425650557620817,0.0,0.0,2
0.23924495171202587,0.3398496240601504,0.7082405345211581,0.29283489096573206,0.5642857142857143,0.09339774557165861,0.3141263940520446,0.0,0.47058823529411764,2
0.24012291483758036,0.31879699248120297,0.7817371937639197,0.3582554517133956,0.5714285714285725,0.10950080515297908,0.26022304832713755,0.019047619047619046,0.49019607843137253,2
0.3748902546093057,0.28721804511278204,0.0,0.4236760124610592,0.7035714285714288,0.061191626409017714,0.5669144981412638,0.0,0.0,4
0.5504828797190511,0.40751879699248117,0.0,0.40186915887850466,0.43035714285714266,0.05152979066022544,0.632899628252788,0.0,0.0,4
0.3784021071115041,0.4631578947368422,0.7973273942093541,0.3208722741433022,0.3410714285714283,0.01932367149758454,0.3011152416356877,0.21904761904761905,0.0,1
0.25241439859525533,0.3909774436090226,0.7884187082405345,0.4112149532710281,0.4875000000000012,0.10950080515297908,0.24907063197026016,0.0,0.0,2
0.28446005267778907,0.28270676691729313,0.7995545657015589,0.31775700934579443,0.6214285714285728,0.09339774557165861,0.2853159851301115,0.0,0.0,1
0.5289727831431126,0.4496240601503761,0.8285077951002228,0.06853582554517135,0.34642857142857136,0.014492753623188406,0.43029739776951675,0.0,0.3137254901960784,1
0.3467954345917476,0.49172932330827074,0.532293986636971,0.3956386292834891,0.457142857142858,0.0,0.3847583643122677,0.0,0.0,5
0.287093942054433,0.2586466165413533,0.6035634743875278,0.3115264797507788,0.6946428571428579,0.09017713365539454,0.33736059479553904,0.0,0.47058823529411764,1
0.2098331870061458,0.35488721804511275,0.7995545657015589,0.38317757009345793,0.5874999999999991,0.10789049919484703,0.22304832713754646,0.0,0.0,2
0.38586479367866844,0.38195488721804505,0.0,0.45794392523364486,0.5750000000000004,0.07568438003220612,0.5473977695167286,0.0,0.0,4
0.2805092186128134,0.41353383458646625,0.8329621380846325,0.27414330218068533,0.5678571428571421,0.09500805152979065,0.24163568773234195,0.0,0.0,1
0.3437225636523264,0.4285714285714286,0.7461024498886414,0.29283489096573206,0.4053571428571426,0.09500805152979065,0.32342007434944237,0.0,0.0,1
0.2778753292361695,0.32030075187969914,0.7928730512249443,0.3052959501557632,0.6071428571428562,0.08695652173913045,0.2741635687732343,0.0,0.33333333333333337,1
0.88235294117647,0.0,0.0,0.5638629283489097,0.0,0.09339774557165861,0.7314126394052044,1.0,0.5490196078431373,2
0.4640035118525003,0.4180451127819549,0.8596881959910913,0.18380062305295952,0.35357142857142965,0.03703703703703704,0.3819702602230482,0.0,0.21568627450980393,1
0.3323090430201962,0.3308270676691729,0.8151447661469933,0.3956386292834891,0.48214285714285815,0.09339774557165861,0.28996282527881045,0.0,0.23529411764705882,2
0.351624231782268,0.5142857142857143,0.0,0.5607476635514018,0.523214285714285,0.0,0.5065055762081785,0.0,0.0,5
0.40737489025460694,0.3984962406015039,0.0,0.34579439252336447,0.4357142857142858,0.05314009661835749,0.6570631970260222,0.0,0.0,4
0.3173836698858675,0.5398496240601505,0.7260579064587972,0.6012461059190032,0.257142857142857,0.23510466988727857,0.033457249070631995,0.5174603174603174,0.0,6
0.35601404741001114,0.37142857142857133,0.7416481069042316,0.308411214953271,0.4553571428571428,0.0966183574879227,0.3447955390334573,0.0,0.21568627450980393,1
0.5267778753292361,0.40751879699248117,0.7438752783964364,0.29283489096573206,0.4589285714285707,0.0966183574879227,0.3159851301115241,0.0,0.0,6
0.3446005267778712,0.4150375939849625,0.7750556792873051,0.3302180685358256,0.3821428571428576,0.08856682769726248,0.33178438661710036,0.0,0.0,1
0.2168568920105329,0.643609022556391,0.0,0.6915887850467289,0.5785714285714283,0.008051529790660227,0.3159851301115241,0.16825396825396827,0.0,6
0.3042142230026381,0.40601503759398494,0.6391982182628062,0.2803738317757009,0.5410714285714293,0.08856682769726248,0.3345724907063196,0.0,0.0,1
0.27568042142230276,0.22105263157894725,0.7238307349665924,0.27102803738317754,0.6678571428571426,0.0998389694041868,0.3224907063197026,0.0,0.47058823529411764,2
0.24056189640034784,0.3308270676691729,0.7884187082405345,0.41433021806853587,0.562499999999999,0.10305958132045089,0.24163568773234195,0.0,0.4117647058823529,2
0.3735733099209837,0.6075187969924812,0.8351893095768373,0.0,0.3946428571428564,0.004830917874396135,0.33178438661710036,0.0,0.0,1
0.3033362598770836,0.34135338345864663,0.8463251670378619,0.2461059190031153,0.5821428571428561,0.09017713365539454,0.2741635687732343,0.0,0.23529411764705882,2
0.22388059701492974,0.3954887218045112,0.7973273942093541,0.37383177570093457,0.5196428571428571,0.07246376811594203,0.25836431226765805,0.0,0.0,2
0.2866549604916558,0.28872180451127827,0.7928730512249443,0.3146417445482866,0.5839285714285714,0.09822866344605474,0.3029739776951672,0.0,0.27450980392156865,1
0.22651448639157368,0.3924812030075188,0.7951002227171492,0.3987538940809969,0.5464285714285724,0.09822866344605474,0.2286245353159851,0.0,0.0,2
0.2256365232660192,0.29774436090225576,0.7416481069042316,0.37383177570093457,0.6196428571428576,0.10789049919484703,0.26115241635687736,0.0,0.0,2
0.26163301141351886,0.32481203007518805,0.8062360801781737,0.3987538940809969,0.562499999999999,0.09822866344605474,0.24907063197026016,0.0,0.0,2
0.3230904302019327,0.37142857142857133,0.8084632516703786,0.24299065420560748,0.5392857142857141,0.09178743961352656,0.27695167286245354,0.02857142857142857,0.33333333333333337,2
0.25987708516241964,0.41353383458646625,0.7750556792873051,0.4423676012461059,0.4839285714285708,0.0998389694041868,0.23791821561338292,0.0,0.0,2
0.244951712028091,0.38646616541353396,0.8106904231625836,0.3862928348909657,0.485714285714286,0.10466988727858294,0.24163568773234195,0.0,0.5686274509803921,2
0.44073748902546267,0.336842105263158,0.07349665924276169,0.38006230529595014,0.6392857142857147,0.020933977455716585,0.5427509293680296,0.0,0.5490196078431373,4
0.29762949956101853,0.3097744360902254,0.7795100222717148,0.25856697819314645,0.5750000000000004,0.10305958132045089,0.31040892193308545,0.0,0.0,1
0.4635645302897231,0.12481203007518801,0.4187082405345211,0.3956386292834891,0.5446428571428572,0.07568438003220612,0.5557620817843866,0.0,0.0,4
0.22300263388937527,0.5218045112781954,0.0,0.778816199376947,0.6517857142857134,0.00644122383252818,0.33550185873605937,0.126984126984127,0.1764705882352941,6
0.27875329236172397,0.31428571428571433,0.7906458797327394,0.37383177570093457,0.5250000000000001,0.08695652173913045,0.28717472118959103,0.0,0.37254901960784315,1
0.29148375768217616,0.37293233082706784,0.755011135857461,0.32398753894081,0.5267857142857153,0.09500805152979065,0.29368029739776946,0.0,0.0,1
0.23309920983318352,0.40300751879699254,0.7906458797327394,0.29906542056074764,0.5357142857142863,0.10950080515297908,0.2481412639405204,0.0,0.0,2
0.23266022827041602,0.4015037593984963,0.77728285077951,0.38317757009345793,0.5071428571428582,0.10789049919484703,0.24628252788104088,0.0,0.19607843137254902,2
0.4859525899912161,0.556390977443609,0.0,0.22118380062305296,0.5107142857142861,0.016103059581320453,0.5659851301115241,0.0,0.1568627450980392,2
0.21115013169446778,0.34436090225563903,0.7928730512249443,0.3894080996884735,0.5892857142857144,0.11594202898550725,0.22955390334572492,0.0,0.0,2
0.0,1.0,0.0,0.015576323987538955,1.0,0.0,0.11338289962825283,0.0,0.0,5
0.3147497805092139,0.3909774436090226,0.7438752783964364,0.3894080996884735,0.4160714285714287,0.09017713365539454,0.3308550185873606,0.0,0.0,3
0.32704126426689856,0.3954887218045112,0.7639198218262806,0.35514018691588783,0.43750000000000094,0.0821256038647343,0.29460966542750927,0.0,0.0,2
0.31782265144863503,0.31879699248120297,0.8173719376391981,0.29595015576323985,0.4928571428571417,0.0998389694041868,0.30204460966542745,0.0,0.6862745098039215,2
0.30860403863038127,0.4496240601503761,0.0,0.0841121495327103,0.8285714285714295,0.0,0.516728624535316,0.0,0.0,2
0.24231782265144705,0.3323308270676691,0.8040089086859687,0.30218068535825543,0.5250000000000001,0.09017713365539454,0.29460966542750927,0.0,0.0,2
0.2945566286215973,0.30075187969924816,0.7639198218262806,0.2803738317757009,0.5607142857142864,0.0998389694041868,0.3094795539033457,0.0,0.5882352941176471,1
0.2721685689201044,0.34436090225563903,0.7884187082405345,0.43613707165109034,0.5214285714285722,0.08695652173913045,0.2797397769516728,0.0,0.13725490196078433,1
0.712906057945567,0.04360902255639086,0.0,0.14330218068535827,0.5839285714285714,0.0,0.8856877323420074,0.0,0.0,2
0.2361720807726047,0.1834586466165412,0.0,0.2803738317757009,0.9589285714285732,0.4347826086956522,0.32527881040892187,0.0,0.0,6
0.1992976294995603,0.3774436090225564,0.77728285077951,0.367601246105919,0.6142857142857145,0.061191626409017714,0.24163568773234195,0.0,0.0,2
0.20807726075504662,0.3233082706766919,0.7639198218262806,0.34579439252336447,0.6196428571428576,0.1111111111111111,0.24349442379182162,0.0,0.47058823529411764,1
0.3525021949078127,0.49774436090225554,0.7973273942093541,0.33644859813084116,0.4053571428571426,0.09017713365539454,0.26672862453531604,0.0,0.0,1
0.4863915715539933,0.37293233082706784,0.8396436525612472,0.1557632398753894,0.38928571428571335,0.020933977455716585,0.4265799256505575,0.0,0.0,1
0.48112379280070544,0.5203007518796993,0.841870824053452,0.19314641744548292,0.2767857142857141,0.03703703703703704,0.3447955390334573,0.0,0.7254901960784313,3
0.4328358208955211,0.43759398496240615,1.0,0.25233644859813087,0.3517857142857144,0.00966183574879227,0.30855018587360594,0.0,0.0,1
0.44424934152765133,0.5398496240601505,0.8685968819599108,0.16822429906542058,0.3017857142857142,0.0,0.37732342007434944,0.0,0.0,3
0.2813871817383679,0.3639097744360903,0.8040089086859687,0.2367601246105919,0.6124999999999993,0.09178743961352656,0.26115241635687736,0.0,0.0,1
0.23046532045653959,0.5473684210526315,0.0,0.7632398753894082,0.542857142857142,0.0,0.37360594795539026,0.17142857142857146,0.0,6
0.2835820895522346,0.47518796992481216,0.8017817371937639,0.33333333333333337,0.5214285714285722,0.07729468599033816,0.22304832713754646,0.0,0.0,1
0.24539069359086824,0.32180451127819537,0.7928730512249443,0.42056074766355134,0.5946428571428575,0.10466988727858294,0.23791821561338292,0.0,0.0,2
0.17515364354696814,0.6195488721804512,0.0,0.6635514018691588,0.6982142857142858,0.0,0.27509293680297403,0.1777777777777778,0.0,6
0.20851624231782384,0.31428571428571433,0.7839643652561247,0.5015576323987538,0.5446428571428572,0.1111111111111111,0.23605947955390333,0.0,0.0,2
0.23046532045653959,0.27368421052631586,0.7750556792873051,0.4922118380062306,0.6107142857142867,0.10144927536231885,0.24628252788104088,0.0,0.1764705882352941,2
0.3595258999121998,0.43759398496240615,0.7884187082405345,0.14330218068535827,0.5071428571428582,0.02576489533011272,0.32156133828996286,0.047619047619047616,0.47058823529411764,3
0.28094820017559063,0.34135338345864663,0.8017817371937639,0.33333333333333337,0.5678571428571421,0.09178743961352656,0.2760223048327138,0.0,0.21568627450980393,1
0.48200175592625016,0.523308270676692,0.8507795100222716,0.056074766355140186,0.34999999999999926,0.017713365539452495,0.3847583643122677,0.0,0.0,1
0.20851624231782384,0.34436090225563903,0.7973273942093541,0.38006230529595014,0.5910714285714296,0.1111111111111111,0.23513011152416355,0.0,0.0,2
0.09043020193151663,0.34135338345864663,0.0,0.8504672897196262,0.1589285714285717,1.0,0.13940520446096652,0.0,0.0,4
0.4552238805970141,0.34887218045112794,0.8129175946547884,0.18068535825545173,0.44821428571428457,0.030595813204508857,0.41078066914498135,0.0,0.33333333333333337,1
0.3134328358208919,0.5609022556390979,0.49888641425389757,0.41433021806853587,0.4589285714285707,0.0,0.3559479553903345,0.0,0.0,5
0.23705004389815917,0.3037593984962406,0.6347438752783964,0.3582554517133956,0.6178571428571423,0.09178743961352656,0.31226765799256495,0.03492063492063492,0.43137254901960786,2
0.2357330992098372,0.4255639097744362,0.7951002227171492,0.367601246105919,0.47142857142857203,0.10305958132045089,0.23513011152416355,0.0,0.0,2
0.5684811237928009,0.4661654135338346,0.6458797327394209,0.27414330218068533,0.23928571428571513,0.01288244766505636,0.49814126394052033,0.0,0.0,2
0.22300263388937527,0.5127819548872182,0.0,0.8068535825545171,0.5,0.01288244766505636,0.3485130111524163,0.33650793650793653,0.0,6
0.25109745390693333,0.37593984962406024,0.7884187082405345,0.3707165109034268,0.5410714285714293,0.09017713365539454,0.2481412639405204,0.0,0.0,2
0.47453906935908585,0.5458646616541353,0.8574610244988864,0.1869158878504673,0.2767857142857141,0.024154589371980676,0.34572490706319703,0.0,0.0,1
0.25417032484635455,0.32030075187969914,0.7973273942093541,0.31775700934579443,0.5,0.09822866344605474,0.31226765799256495,0.0,0.0,3
0.285776997366111,0.37293233082706784,0.821826280623608,0.3115264797507788,0.5,0.09178743961352656,0.2592936802973978,0.0,0.0,1
