0.5967741935483871,0.7229862475442045,0.7440347071583515,0.4358047016274864,0.44848484848484843,1
0.2903225806451613,0.4518664047151277,0.2147505422993493,0.21518987341772147,0.43232323232323233,2
0.2903225806451613,0.552062868369352,0.2754880694143167,0.10488245931283913,0.3535353535353534,2
0.6155913978494623,0.5756385068762281,0.49023861171366606,0.49005424954792043,0.6505050505050504,2
0.16666666666666663,0.26915520628683726,0.35574837310195234,0.26220614828209776,0.22424242424242435,2
0.2486559139784946,0.4263261296660121,0.36442516268980496,0.24593128390596747,0.34747474747474744,2
0.1706989247311828,0.29076620825147365,0.23210412147505424,0.12839059674502715,0.2585858585858585,2
0.4153225806451613,0.4479371316306485,0.41214750542299344,0.43218806509945745,0.41414141414141403,2
0.3521505376344086,0.38899803536345795,0.5531453362255965,0.3598553345388788,0.22626262626262625,1
0.3118279569892473,0.4184675834970532,0.42516268980477234,0.22423146473779382,0.4282828282828282,2
0.5470430107526881,0.6502946954813363,0.7114967462039047,0.47197106690777574,0.32323232323232315,1
0.40994623655913975,0.6561886051080551,0.5379609544468548,0.3924050632911391,0.3272727272727272,1
0.43682795698924726,0.6915520628683696,0.3991323210412148,0.3417721518987341,0.31717171717171716,1
0.5591397849462364,0.6011787819253442,0.5835140997830803,0.4466546112115731,0.3272727272727272,1
0.6881720430107526,0.4636542239685662,0.7310195227765726,0.7359855334538877,0.8060606060606059,1
0.13172043010752682,0.32023575638506896,0.16052060737527124,0.16817359855334546,0.25050505050505056,2
0.40860215053763443,0.506876227897839,0.561822125813449,0.3725135623869801,0.31717171717171716,1
0.3481182795698925,0.27701375245579607,0.43817787418655096,0.3218806509945751,0.48080808080808063,2
0.5349462365591398,0.30255402750491167,0.789587852494577,0.6564195298372514,0.49898989898989893,2
0.34543010752688175,0.4518664047151277,0.3926247288503255,0.3146473779385171,0.5010101010101008,2
0.3951612903225807,0.6502946954813363,0.41431670281995675,0.43218806509945745,0.3939393939393938,1
0.3642473118279569,0.5029469548133599,0.5596529284164861,0.2730560578661845,0.3353535353535354,1
0.4005376344086021,0.552062868369352,0.6442516268980477,0.5171790235081374,0.26464646464646474,1
0.11021505376344089,0.2946954813359528,0.06941431670282,0.08499095840867997,0.17373737373737386,2
0.4529569892473118,0.5265225933202359,0.42516268980477234,0.4538878842676311,0.5919191919191917,2
0.5228494623655915,0.6011787819253442,0.7396963123644252,0.4177215189873418,0.30101010101010106,1
0.7002688172043009,0.5893909626719056,0.8373101952277657,0.5858951175406871,0.6040404040404039,1
0.22849462365591397,0.39882121807465637,0.12798264642082438,0.06509945750452081,0.23636363636363636,2
0.15994623655913975,0.3968565815324168,0.1453362255965293,0.3164556962025317,0.19797979797979787,1
0.44354838709677413,0.3772102161100199,0.6854663774403471,0.5967450271247741,0.43232323232323233,1
0.15322580645161288,0.47544204322200423,0.2754880694143167,0.20976491862567812,0.23838383838383825,2
0.17741935483870971,0.3516699410609038,0.2754880694143167,0.1880650994575045,0.3030303030303029,2
0.08870967741935486,0.20235756385068782,0.18221258134490248,0.027124773960216998,0.09090909090909088,2
0.13575268817204303,0.2554027504911591,0.24511930585683317,0.18264014466546113,0.18585858585858586,2
0.09139784946236555,0.25147347740667997,0.22559652928416493,0.09222423146473781,0.14545454545454548,2
0.2903225806451613,0.552062868369352,0.29501084598698496,0.16455696202531647,0.3616161616161616,2
0.08870967741935486,0.2318271119842831,0.20824295010846003,0.0795660036166365,0.10303030303030317,2
0.553763440860215,0.6502946954813363,0.7071583514099784,0.5551537070524412,0.3212121212121212,1
0.16129032258064516,0.3143418467583497,0.20173535791757072,0.04159132007233281,0.2606060606060606,2
0.5954301075268816,0.3516699410609038,0.7071583514099784,0.5479204339963833,0.5878787878787879,2
0.19086021505376347,0.3516699410609038,0.2668112798264644,0.13924050632911383,0.2929292929292929,2
0.34005376344086014,0.552062868369352,0.6008676789587852,0.3833634719710668,0.31313131313131304,1
0.4005376344086021,0.5756385068762281,0.4164859002169197,0.2169981916817361,0.44848484848484843,2
0.2943548387096774,0.5363457760314343,0.4772234273318871,0.32911392405063283,0.15151515151515146,1
0.4139784946236558,0.4518664047151277,0.3991323210412148,0.3092224231464738,0.4888888888888888,2
0.40725806451612895,0.5009823182711198,0.5856832971800433,0.2784810126582278,0.21212121212121207,1
0.7056451612903225,0.7269155206286836,0.7527114967462039,0.7902350813743217,0.6303030303030301,1
0.5967741935483871,0.5658153241650297,0.6160520607375272,0.5913200723327304,0.4525252525252525,1
0.4341397849462365,0.25147347740667997,0.4620390455531455,0.4177215189873418,0.5474747474747474,2
0.5228494623655915,0.5559921414538312,0.5943600867678959,0.38155515370705245,0.39797979797979793,1
0.17204301075268813,0.27504911591355596,0.2689804772234274,0.14104882459312845,0.23636363636363636,2
0.5658602150537633,0.8251473477406679,0.4034707158351411,0.4358047016274864,0.4282828282828282,1
0.657258064516129,0.5009823182711198,0.8633405639913233,0.732368896925859,0.5878787878787879,1
0.24731182795698922,0.10216110019646397,0.3383947939262474,0.2712477396021701,0.4727272727272727,2
0.4247311827956988,0.5756385068762281,0.6854663774403471,0.47558770343580475,0.29090909090909095,1
0.26075268817204295,0.30255402750491167,0.3340563991323211,0.2549728752260398,0.3373737373737373,2
0.7002688172043009,0.7504911591355602,0.700650759219089,0.9276672694394213,0.4626262626262626,1
0.2970430107526881,0.3516699410609038,0.2906724511930586,0.22965641952983715,0.46666666666666673,2
0.575268817204301,0.7622789783889982,0.5856832971800433,0.6256781193490054,0.496969696969697,1
0.40994623655913975,0.5854616895874265,0.7396963123644252,0.31283905967450276,0.31717171717171716,1
0.5349462365591398,0.6011787819253442,0.7505422993492409,0.5786618444846294,0.5717171717171715,1
0.663978494623656,0.8015717092337918,0.7462039045553145,0.5587703435804701,0.5050505050505049,1
0.6854838709677419,0.6463654223968566,0.9197396963123644,0.7341772151898733,0.7616161616161614,1
0.6962365591397849,0.8939096267190568,0.5943600867678959,0.5497287522603977,0.5292929292929291,1
0.25403225806451607,0.506876227897839,0.2581344902386118,0.2911392405063291,0.29696969696969694,1
0.45026881720430106,0.25147347740667997,0.4663774403470715,0.3924050632911391,0.515151515151515,2
0.49462365591397844,0.5658153241650297,0.5943600867678959,0.6166365280289331,0.3878787878787878,1
0.17204301075268813,0.41453831041257405,0.2169197396963123,0.012658227848101316,0.21818181818181806,2
0.26075268817204295,0.30255402750491167,0.5292841648590022,0.21157323688969248,0.3939393939393938,2
0.25403225806451607,0.27701375245579607,0.29934924078091124,0.20253164556962017,0.3353535353535354,2
0.41935483870967744,0.5913555992141457,0.3449023861171367,0.3453887884267631,0.28686868686868683,1
0.45026881720430106,0.6758349705304519,0.6724511930585682,0.4267631103074141,0.26262626262626254,1
0.19892473118279563,0.45776031434184694,0.3383947939262474,0.2549728752260398,0.13535353535353536,1
0.41935483870967744,0.6502946954813363,0.7114967462039047,0.4122965641952984,0.3373737373737373,1
0.6276881720430108,0.701375245579568,0.7158351409978306,0.5189873417721518,0.5070707070707071,1
0.30241935483870963,0.45776031434184694,0.22993492407809124,0.12839059674502715,0.37979797979797963,2
0.461021505376344,0.4007858546168959,0.6876355748373101,0.6582278481012658,0.4363636363636364,1
0.13172043010752682,0.23575638506876226,0.11930585683297178,0.11030741410488247,0.3272727272727272,2
0.1841397849462366,0.3300589390962674,0.140997830802603,0.12115732368896917,0.32525252525252535,2
0.8010752688172041,0.8801571709233793,0.7852494577006507,0.8896925858951173,0.5959595959595958,1
0.4247311827956988,0.5756385068762281,0.5032537960954446,0.4972875226039784,0.6202020202020201,2
0.5712365591397849,0.6758349705304519,0.563991323210412,0.6094032549728751,0.5636363636363636,1
0.5658602150537633,0.8015717092337918,0.6160520607375272,0.46654611211573244,0.4262626262626263,1
0.16397849462365593,0.4656188605108058,0.10845986984815616,0.05605786618444848,0.2585858585858585,2
0.553763440860215,0.6502946954813363,0.5054229934924079,0.45750452079566006,0.44040404040404024,1
0.40725806451612895,0.3516699410609038,0.4034707158351411,0.2947558770343581,0.48080808080808063,2
0.5322580645161289,0.7229862475442045,0.4533622559652929,0.35443037974683544,0.42424242424242414,1
0.19086021505376347,0.48330058939096304,0.2147505422993493,0.16636528028933084,0.23434343434343444,2
0.6814516129032258,0.6267190569744597,0.8698481561822126,0.9801084990958407,0.5555555555555554,1
0.1827956989247312,0.2318271119842831,0.1930585683297181,0.18264014466546113,0.27272727272727265,2
0.5174731182795699,0.6011787819253442,0.6008676789587852,0.4701627486437614,0.5070707070707071,1
0.4623655913978495,0.6502946954813363,0.3340563991323211,0.2820976491862568,0.3676767676767676,1
0.2970430107526881,0.25147347740667997,0.36225596529284165,0.1971066907775768,0.4949494949494948,2
0.34543010752688175,0.45776031434184694,0.5466377440347071,0.5027124773960218,0.32525252525252535,1
0.3884408602150538,0.5265225933202359,0.6702819956616052,0.5099457504520795,0.3616161616161616,1
0.5510752688172043,0.5756385068762281,0.5726681127982647,0.49005424954792043,0.5575757575757576,2
0.18682795698924728,0.4479371316306485,0.1344902386117137,0.06329113924050632,0.30707070707070705,2
0.282258064516129,0.4263261296660121,0.17136659436008686,0.17179023508137445,0.32929292929292914,2
0.5739247311827957,0.47544204322200423,0.8286334056399132,0.48824593128390603,0.48080808080808063,1
0.6021505376344085,0.5265225933202359,0.7136659436008677,0.5822784810126581,0.5191919191919191,1
0.5349462365591398,0.701375245579568,0.5704989154013017,0.46473779385171776,0.5959595959595958,2
0.22311827956989247,0.3261296660117882,0.27765726681128,0.1880650994575045,0.30707070707070705,2
0.2903225806451613,0.6011787819253442,0.3080260303687636,0.2712477396021701,0.21616161616161617,1
0.5846774193548386,0.4518664047151277,0.6594360086767896,0.6509945750452081,0.5010101010101008,1
0.33870967741935487,0.18271119842829098,0.5531453362255965,0.5822784810126581,0.33131313131313134,2
0.321236559139785,0.4518664047151277,0.561822125813449,0.3616636528028934,0.24242424242424235,1
0.45026881720430106,0.6267190569744597,0.6160520607375272,0.4972875226039784,0.46464646464646453,1
0.26075268817204295,0.6011787819253442,0.4099783080260304,0.4032549728752261,0.21010101010101015,1
0.5658602150537633,0.8015717092337918,0.5032537960954446,0.48462929475587707,0.4565656565656566,1
0.2204301075268817,0.5108055009823183,0.24078091106290686,0.19349005424954782,0.3111111111111111,2
0.2123655913978494,0.4007858546168959,0.17353579175704986,0.11573236889692583,0.28686868686868683,2
0.26075268817204295,0.30255402750491167,0.36876355748373096,0.2477396021699818,0.3272727272727272,2
0.5564516129032259,0.587426326129666,0.7288503253796096,0.5551537070524412,0.4383838383838383,1
0.8104838709677419,0.8801571709233793,0.8112798264642083,0.833634719710669,0.6646464646464646,1
0.217741935483871,0.1512770137524561,0.29934924078091124,0.17179023508137445,0.395959595959596,2
0.49596774193548393,0.6758349705304519,0.5574837310195228,0.569620253164557,0.38181818181818183,1
0.3763440860215054,0.3398821218074658,0.5422993492407808,0.3996383363471971,0.37575757575757585,1
0.217741935483871,0.3516699410609038,0.3145336225596529,0.1066907775768535,0.30707070707070705,2
0.15053763440860218,0.23968565815324197,0.27765726681128,0.17179023508137445,0.23232323232323226,2
0.3897849462365591,0.5265225933202359,0.6268980477223427,0.36347197106690776,0.3272727272727272,1
0.44354838709677413,0.4263261296660121,0.8026030368763556,0.5515370705244124,0.32929292929292914,1
0.2876344086021505,0.4361493123772105,0.36659436008676793,0.19529837251356244,0.3030303030303029,2
0.4247311827956988,0.552062868369352,0.8069414316702819,0.589511754068716,0.33131313131313134,1
0.3682795698924732,0.4479371316306485,0.37310195227765725,0.19168173598553345,0.38989898989898975,2
0.4005376344086021,0.6267190569744597,0.48806941431670275,0.4972875226039784,0.31313131313131304,1
0.282258064516129,0.1925343811394894,0.30151843817787427,0.36347197106690776,0.4181818181818181,2
0.4623655913978495,0.7504911591355602,0.5401301518438179,0.6672694394213381,0.3999999999999998,1
0.38306451612903225,0.30255402750491167,0.3774403470715836,0.24954792043399643,0.597979797979798,2
0.24193548387096772,0.35952848722986264,0.2754880694143167,0.20976491862567812,0.3212121212121212,2
0.11021505376344089,0.25147347740667997,0.24945770065075917,0.0958408679927668,0.16363636363636377,2
0.3642473118279569,0.4007858546168959,0.6334056399132321,0.39059674502712477,0.33333333333333326,1
0.19623655913978494,0.4891944990176818,0.23644251626898055,0.2405063291139241,0.35757575757575755,2
0.321236559139785,0.4361493123772105,0.3774403470715836,0.33634719710669075,0.25050505050505056,1
0.19623655913978494,0.3772102161100199,0.2754880694143167,0.13743218806509946,0.3454545454545455,2
0.30376344086021495,0.38899803536345795,0.420824295010846,0.32730560578661844,0.28686868686868683,1
0.693548387096774,0.6011787819253442,0.841648590021692,0.755877034358047,0.5454545454545453,1
0.24596774193548382,0.27701375245579607,0.3383947939262474,0.2748643761301988,0.32525252525252535,2
0.24596774193548382,0.3398821218074658,0.3080260303687636,0.21518987341772147,0.30101010101010106,2
0.22311827956989247,0.3732809430255402,0.281995661605206,0.20976491862567812,0.33333333333333326,2
0.27150537634408606,0.3909626719056975,0.3383947939262474,0.21880650994575046,0.36363636363636354,2
0.5483870967741935,0.6502946954813363,0.5943600867678959,0.49005424954792043,0.5292929292929291,1
0.20161290322580644,0.31041257367387054,0.29284164859002165,0.2169981916817361,0.10707070707070698,1
0.20564516129032254,0.27701375245579607,0.20824295010846003,0.14285714285714282,0.20808080808080798,2
0.23521505376344085,0.4479371316306485,0.2689804772234274,0.2278481012658228,0.22626262626262625,1
0.2876344086021505,0.2789783889980357,0.3340563991323211,0.3164556962025317,0.4545454545454544,2
0.4408602150537634,0.6738703339882123,0.5921908893709329,0.4448462929475588,0.33333333333333326,1
0.49193548387096764,0.6011787819253442,0.5032537960954446,0.46654611211573244,0.395959595959596,1
0.3615591397849463,0.5854616895874265,0.30151843817787427,0.2911392405063291,0.25252525252525243,1
0.217741935483871,0.3005893909626721,0.2581344902386118,0.1971066907775768,0.32323232323232315,2
0.3642473118279569,0.552062868369352,0.5314533622559652,0.4520795660036167,0.25050505050505056,1
0.15591397849462366,0.3516699410609038,0.24078091106290686,0.17540687160940316,0.23434343434343444,2
0.41935483870967744,0.5461689587426328,0.36659436008676793,0.2911392405063291,0.44848484848484843,2
0.23521505376344085,0.25147347740667997,0.30585683297180055,0.30379746835443044,0.4282828282828282,2
0.0376344086021505,0.04518664047151299,0.0,0.010849909584086824,0.11111111111111108,2
0.06720430107526881,0.25147347740667997,0.12798264642082438,0.05605786618444848,0.07474747474747478,2
0.5712365591397849,0.30255402750491167,0.6854663774403471,0.6419529837251357,0.6262626262626261,2
0.5967741935483871,0.552062868369352,0.7787418655097613,0.47558770343580475,0.3777777777777777,1
0.23387096774193544,0.30844793713163093,0.37310195227765725,0.2405063291139241,0.3777777777777777,2
0.16801075268817203,0.20235756385068782,0.2516268980477225,0.15370705244122979,0.26666666666666666,2
0.25940860215053757,0.4479371316306485,0.4099783080260304,0.2567811934900541,0.24646464646464644,1
0.4032258064516129,0.5952848722986249,0.43167028199566165,0.4177215189873418,0.2767676767676767,1
0.48118279569892464,0.6542239685658154,0.5943600867678959,0.3996383363471971,0.4181818181818181,1
0.5456989247311826,0.6502946954813363,0.6789587852494579,0.6112115732368897,0.46464646464646453,1
0.09677419354838712,0.1532416502946957,0.16919739696312386,0.11030741410488247,0.27878787878787864,2
0.15994623655913975,0.30255402750491167,0.0,0.001808318264014492,0.23030303030303034,2
0.26075268817204295,0.4007858546168959,0.44251626898047725,0.26039783001808314,0.26666666666666666,2
0.3763440860215054,0.4774066797642438,0.4598698481561822,0.28390596745027114,0.22828282828282817,1
0.15860215053763435,0.3300589390962674,0.20390455531453372,0.11211573236889684,0.34747474747474744,2
0.4677419354838709,0.7269155206286836,0.6073752711496745,0.44846292947558775,0.3878787878787878,1
0.5053763440860214,0.7229862475442045,0.6832971800433838,0.4358047016274864,0.3676767676767676,1
0.38306451612903225,0.6758349705304519,0.4663774403470715,0.42133815551537074,0.2585858585858585,1
0.5846774193548386,0.6502946954813363,0.6203904555314534,0.5587703435804701,0.4545454545454544,1
0.1075268817204301,0.32023575638506896,0.25379609544468545,0.027124773960216998,0.14141414141414138,2
0.30913978494623656,0.3516699410609038,0.4707158351409978,0.3254972875226041,0.27878787878787864,1
0.34005376344086014,0.3261296660117882,0.5314533622559652,0.40687160940325506,0.4727272727272727,2
0.2567204301075269,0.5009823182711198,0.23861171366594355,0.17540687160940316,0.4101010101010099,2
0.4529569892473118,0.6856581532416504,0.5596529284164861,0.4177215189873418,0.3515151515151515,1
0.07526881720430109,0.24165029469548152,0.17787418655097617,0.1735985533453888,0.14141414141414138,2
0.36962365591397844,0.5009823182711198,0.3991323210412148,0.3182640144665461,0.3999999999999998,2
0.33333333333333326,0.5500982318271119,0.3383947939262474,0.18083182640144677,0.4444444444444443,2
0.16801075268817203,0.4518664047151277,0.1908893709327551,0.15370705244122979,0.2585858585858585,2
0.5591397849462364,0.8015717092337918,0.561822125813449,0.5027124773960218,0.3999999999999998,1
0.27553763440860213,0.4282907662082516,0.2689804772234274,0.1573236889692585,0.402020202020202,2
0.5120967741935483,0.7269155206286836,0.6182212581344901,0.35443037974683544,0.3676767676767676,1
0.2903225806451613,0.30255402750491167,0.2906724511930586,0.26039783001808314,0.3838383838383837,2
0.4650537634408601,0.644400785854617,0.5444685466377441,0.43399638336347207,0.395959595959596,1
0.16263440860215053,0.1512770137524561,0.33188720173535813,0.3327305605786618,0.3999999999999998,2
0.17741935483870971,0.4970530451866406,0.13882863340564,0.15551537070524413,0.23232323232323226,2
0.23118279569892475,0.29273084479371325,0.23861171366594355,0.2278481012658228,0.26464646464646474,2
0.33333333333333326,0.4007858546168959,0.5075921908893709,0.4267631103074141,0.21616161616161617,1
0.6088709677419354,0.8015717092337918,0.6854663774403471,0.7215189873417721,0.4787878787878787,1
0.5900537634408602,0.8015717092337918,0.6594360086767896,0.6184448462929474,0.5050505050505049,1
0.33333333333333326,0.7504911591355602,0.48156182212581344,0.3092224231464738,0.2585858585858585,1
0.321236559139785,0.7033398821218076,0.6052060737527115,0.22242314647377945,0.26666666666666666,1
0.3642473118279569,0.4518664047151277,0.3383947939262474,0.2567811934900541,0.5636363636363636,2
0.24193548387096772,0.1768172888015717,0.3253796095444685,0.30379746835443044,0.38181818181818183,2
0.5591397849462364,0.7504911591355602,0.648590021691974,0.4177215189873418,0.5292929292929291,1
0.3763440860215054,0.5559921414538312,0.702819956616052,0.2911392405063291,0.22626262626262625,1
0.37365591397849457,0.3693516699410611,0.3340563991323211,0.30018083182640143,0.509090909090909,2
0.18145161290322578,0.5265225933202359,0.15835140997830824,0.08318264014466548,0.17777777777777767,2
0.16666666666666663,0.25147347740667997,0.16052060737527124,0.1464737793851718,0.26666666666666666,2
0.7983870967741936,0.7760314341846758,0.8568329718004337,0.7522603978300181,0.5777777777777778,1
0.6693548387096774,0.7760314341846758,0.7548806941431672,0.5370705244122964,0.5636363636363636,1
0.22849462365591397,0.40471512770137563,0.2668112798264644,0.1464737793851718,0.26666666666666666,2
0.5712365591397849,0.6404715127701379,0.7505422993492409,0.5587703435804701,0.4282828282828282,1
0.385752688172043,0.3772102161100199,0.5488069414316704,0.48824593128390603,0.4767676767676768,2
0.15322580645161288,0.41257367387033395,0.16485900216919755,0.05063291139240514,0.22424242424242435,2
0.17741935483870971,0.33202357563850693,0.351409978308026,0.2784810126582278,0.13939393939393946,1
0.1075268817204301,0.25147347740667997,0.08893709327548824,0.09945750452079566,0.17979797979797987,2
0.12903225806451613,0.27504911591355596,0.22559652928416493,0.15551537070524413,0.26666666666666666,2
0.5228494623655915,0.701375245579568,0.648590021691974,0.5171790235081374,0.3676767676767676,1
0.26881720430107525,0.4263261296660121,0.27982646420824303,0.16998191681735983,0.37979797979797963,2
0.6155913978494623,0.7760314341846758,0.6876355748373101,0.6075949367088608,0.5070707070707071,1
0.282258064516129,0.4007858546168959,0.18221258134490248,0.13200723327305613,0.3353535353535354,2
0.510752688172043,0.2711198428290768,0.5379609544468548,0.694394213381555,0.48080808080808063,2
0.4677419354838709,0.20235756385068782,0.49457700650759234,0.5081374321880651,0.6727272727272725,2
0.19623655913978494,0.4263261296660121,0.2581344902386118,0.08679927667269446,0.29696969696969694,2
0.5470430107526881,0.6011787819253442,0.6659436008676789,0.49005424954792043,0.3858585858585859,1
0.39784946236559127,0.33202357563850693,0.5835140997830803,0.36347197106690776,0.4888888888888888,2
0.1747311827956989,0.3772102161100199,0.18438177874186548,0.13743218806509946,0.23434343434343444,2
0.5940860215053764,0.5265225933202359,0.8026030368763556,0.42857142857142844,0.4464646464646465,1
0.23924731182795694,0.38899803536345795,0.28850325379609565,0.20253164556962017,0.30909090909090897,2
0.45026881720430106,0.6011787819253442,0.6572668112798266,0.3254972875226041,0.294949494949495,1
0.7365591397849461,0.6011787819253442,0.8980477223427331,0.7341772151898733,0.5919191919191917,1
0.4247311827956988,0.4518664047151277,0.3861171366594362,0.3688969258589511,0.5272727272727273,2
0.23924731182795694,0.33595284872298664,0.3405639913232104,0.23688969258589512,0.402020202020202,2
0.42204301075268824,0.5265225933202359,0.5900216919739696,0.40506329113924044,0.28686868686868683,1
0.6881720430107526,0.6502946954813363,0.9370932754880693,0.6889692585895117,0.5010101010101008,1
0.5040322580645161,0.701375245579568,0.6876355748373101,0.5515370705244124,0.4040404040404039,1
0.5658602150537633,0.6011787819253442,0.6941431670281994,0.4430379746835444,0.4262626262626263,1
0.22983870967741934,0.3516699410609038,0.20824295010846003,0.1066907775768535,0.37979797979797963,2
0.1747311827956989,0.29076620825147365,0.16485900216919755,0.0940325497287523,0.3050505050505051,2
0.5846774193548386,1.0,0.5271149674620392,0.4448462929475588,0.32525252525252535,1
0.09005376344086025,0.07662082514734785,0.09544468546637755,0.06690777576853531,0.22424242424242435,2
0.4247311827956988,0.5265225933202359,0.5553145336225598,0.2133815551537071,0.32525252525252535,2
0.41935483870967744,0.4479371316306485,0.47505422993492413,0.46473779385171776,0.511111111111111,2
0.22311827956989247,0.30255402750491167,0.3991323210412148,0.20614828209764915,0.29090909090909095,2
0.16801075268817203,0.4007858546168959,0.22342733188720193,0.28390596745027114,0.3212121212121212,2
0.22983870967741934,0.38899803536345795,0.41214750542299344,0.2748643761301988,0.15555555555555556,1
0.3844086021505375,0.4479371316306485,0.5119305856832973,0.3725135623869801,0.4888888888888888,2
0.13844086021505372,0.3398821218074658,0.1453362255965293,0.0958408679927668,0.14141414141414138,2
0.27553763440860213,0.5049115913555995,0.2689804772234274,0.20976491862567812,0.31515151515151524,2
0.09543010752688173,0.22789783889980395,0.1952277657266811,0.016274864376130172,0.21212121212121207,2
0.23924731182795694,0.506876227897839,0.1973969631236444,0.21880650994575046,0.34747474747474744,2
0.16801075268817203,0.4007858546168959,0.18221258134490248,0.17902350813743215,0.28484848484848496,2
0.33333333333333326,0.6404715127701379,0.37527114967462055,0.1464737793851718,0.3696969696969695,2
0.5349462365591398,0.552062868369352,0.7678958785249458,0.5949367088607594,0.4343434343434342,1
0.19892473118279563,0.4263261296660121,0.24728850325379617,0.09041591320072331,0.3373737373737373,2
0.30107526881720437,0.17288801571709253,0.281995661605206,0.24593128390596747,0.3777777777777777,2
0.15053763440860218,0.3693516699410611,0.20607375271149672,0.08860759493670883,0.10303030303030317,2
0.26075268817204295,0.4774066797642438,0.40563991323210413,0.2676311030741411,0.25454545454545463,1
0.16532258064516123,0.20235756385068782,0.20607375271149672,0.11030741410488247,0.38989898989898975,2
0.18682795698924728,0.25147347740667997,0.3383947939262474,0.32007233273056046,0.3434343434343433,2
