0.321236559139785,0.4518664047151277,0.561822125813449,0.3616636528028934,0.24242424242424235,1
0.30376344086021495,0.38899803536345795,0.420824295010846,0.32730560578661844,0.28686868686868683,1
0.7002688172043009,0.7504911591355602,0.700650759219089,0.9276672694394213,0.4626262626262626,1
0.40725806451612895,0.3516699410609038,0.4034707158351411,0.2947558770343581,0.48080808080808063,2
0.22983870967741934,0.38899803536345795,0.41214750542299344,0.2748643761301988,0.15555555555555556,1
0.5053763440860214,0.7229862475442045,0.6832971800433838,0.4358047016274864,0.3676767676767676,1
0.553763440860215,0.6502946954813363,0.5054229934924079,0.45750452079566006,0.44040404040404024,1
0.4287634408602151,0.5265225933202359,0.5661605206073753,0.36528028933092216,0.26666666666666666,1
0.27822580645161293,0.3516699410609038,0.29284164859002165,0.2549728752260398,0.5070707070707071,2
0.2970430107526881,0.6011787819253442,0.2754880694143167,0.23327305605786613,0.21414141414141424,1
0.18682795698924728,0.25147347740667997,0.3253796095444685,0.17721518987341778,0.26666666666666666,2
0.2486559139784946,0.4263261296660121,0.36442516268980496,0.24593128390596747,0.34747474747474744,2
0.19623655913978494,0.3772102161100199,0.2754880694143167,0.13743218806509946,0.3454545454545455,2
0.17741935483870971,0.27504911591355596,0.34924078091106303,0.11392405063291146,0.19393939393939405,2
0.5658602150537633,0.8251473477406679,0.4034707158351411,0.4358047016274864,0.4282828282828282,1
0.2849462365591398,0.3398821218074658,0.3774403470715836,0.2676311030741411,0.43232323232323233,2
0.5712365591397849,0.6404715127701379,0.7505422993492409,0.5587703435804701,0.4282828282828282,1
0.22849462365591397,0.40471512770137563,0.2668112798264644,0.1464737793851718,0.26666666666666666,2
0.06451612903225802,0.05304518664047184,0.18004338394793948,0.0524412296564195,0.11717171717171708,2
0.7056451612903225,0.7269155206286836,0.7527114967462039,0.7902350813743217,0.6303030303030301,1
0.8494623655913979,0.5009823182711198,0.7678958785249458,0.7884267631103073,0.7111111111111109,2
0.4986559139784945,0.6267190569744597,0.6290672451193058,0.5027124773960218,0.3454545454545455,1
0.30107526881720437,0.17288801571709253,0.281995661605206,0.24593128390596747,0.3777777777777777,2
0.3951612903225807,0.6502946954813363,0.41431670281995675,0.43218806509945745,0.3939393939393938,1
0.33870967741935487,0.18271119842829098,0.5531453362255965,0.5822784810126581,0.33131313131313134,2
0.7365591397849461,0.6011787819253442,0.8980477223427331,0.7341772151898733,0.5919191919191917,1
0.5564516129032259,0.587426326129666,0.7288503253796096,0.5551537070524412,0.4383838383838383,1
0.4112903225806451,0.7721021611001966,0.5292841648590022,0.3598553345388788,0.30707070707070705,1
0.2123655913978494,0.3064833005893914,0.2668112798264644,0.19529837251356244,0.28888888888888875,2
0.05241935483870965,0.1532416502946957,0.13882863340564,0.09222423146473781,0.15757575757575748,2
0.2513440860215054,0.6502946954813363,0.30151843817787427,0.1880650994575045,0.30707070707070705,2
0.4005376344086021,0.6267190569744597,0.48806941431670275,0.4972875226039784,0.31313131313131304,1
0.48118279569892464,0.6542239685658154,0.5943600867678959,0.3996383363471971,0.4181818181818181,1
0.4247311827956988,0.5265225933202359,0.5553145336225598,0.2133815551537071,0.32525252525252535,2
0.1048387096774193,0.0,0.20390455531453372,0.23688969258589512,0.19595959595959597,2
0.15860215053763435,0.3300589390962674,0.20390455531453372,0.11211573236889684,0.34747474747474744,2
0.6330645161290321,0.6267190569744597,0.8004338394793926,0.6148282097649187,0.4949494949494948,1
0.39784946236559127,0.5854616895874265,0.4728850325379611,0.3616636528028934,0.2606060606060606,1
0.18682795698924728,0.4518664047151277,0.2646420824295011,0.05063291139240514,0.20808080808080798,2
0.43682795698924726,0.6915520628683696,0.3991323210412148,0.3417721518987341,0.31717171717171716,1
0.33870967741935487,0.5697445972495088,0.2906724511930586,0.18625678119349012,0.3858585858585859,2
0.3642473118279569,0.4518664047151277,0.3383947939262474,0.2567811934900541,0.5636363636363636,2
0.4059139784946237,0.5265225933202359,0.5401301518438179,0.4520795660036167,0.3434343434343433,1
0.23924731182795694,0.506876227897839,0.1973969631236444,0.21880650994575046,0.34747474747474744,2
0.40725806451612895,0.4007858546168959,0.6117136659436008,0.46654611211573244,0.38181818181818183,1
0.22177419354838707,0.3261296660117882,0.3253796095444685,0.18083182640144677,0.29696969696969694,2
0.7983870967741936,0.7760314341846758,0.8568329718004337,0.7522603978300181,0.5777777777777778,1
0.09543010752688173,0.22789783889980395,0.1952277657266811,0.016274864376130172,0.21212121212121207,2
0.39784946236559127,0.33202357563850693,0.5835140997830803,0.36347197106690776,0.4888888888888888,2
0.15994623655913975,0.3968565815324168,0.1453362255965293,0.3164556962025317,0.19797979797979787,1
0.25403225806451607,0.506876227897839,0.2581344902386118,0.2911392405063291,0.29696969696969694,1
0.16129032258064516,0.3143418467583497,0.20173535791757072,0.04159132007233281,0.2606060606060606,2
0.34543010752688175,0.3968565815324168,0.43167028199566165,0.4159132007233274,0.34747474747474744,1
0.5349462365591398,0.701375245579568,0.5704989154013017,0.46473779385171776,0.5959595959595958,2
0.6088709677419354,0.6267190569744597,0.8199566160520608,0.725135623869801,0.42020202020202,1
0.2903225806451613,0.4007858546168959,0.29501084598698496,0.3616636528028934,0.43030303030303013,2
0.26881720430107525,0.4263261296660121,0.27982646420824303,0.16998191681735983,0.37979797979797963,2
0.34005376344086014,0.4381139489194501,0.35574837310195234,0.2405063291139241,0.29696969696969694,2
0.6330645161290321,0.850687622789784,0.789587852494577,0.5081374321880651,0.3878787878787878,1
0.30241935483870963,0.45776031434184694,0.22993492407809124,0.12839059674502715,0.37979797979797963,2
0.2123655913978494,0.4007858546168959,0.17353579175704986,0.11573236889692583,0.28686868686868683,2
0.30913978494623656,0.3516699410609038,0.4707158351409978,0.3092224231464738,0.18585858585858586,1
0.5510752688172043,0.5756385068762281,0.5726681127982647,0.49005424954792043,0.5575757575757576,2
0.19623655913978494,0.4263261296660121,0.2581344902386118,0.08679927667269446,0.29696969696969694,2
0.34543010752688175,0.4518664047151277,0.3926247288503255,0.3146473779385171,0.5010101010101008,2
0.34005376344086014,0.552062868369352,0.6008676789587852,0.3833634719710668,0.31313131313131304,1
0.5940860215053764,0.5265225933202359,0.8026030368763556,0.42857142857142844,0.4464646464646465,1
0.5591397849462364,0.6011787819253442,0.5835140997830803,0.4466546112115731,0.3272727272727272,1
0.34543010752688175,0.552062868369352,0.5726681127982647,0.3092224231464738,0.22626262626262625,1
0.22311827956989247,0.1768172888015717,0.3774403470715836,0.28571428571428575,0.4525252525252525,2
0.07795698924731179,0.1925343811394894,0.01952277657266823,0.04701627486437615,0.19595959595959597,2
0.282258064516129,0.4263261296660121,0.17136659436008686,0.17179023508137445,0.32929292929292914,2
0.25403225806451607,0.27701375245579607,0.29934924078091124,0.20253164556962017,0.3353535353535354,2
0.4408602150537634,0.7131630648330061,0.45553145336225587,0.35443037974683544,0.3272727272727272,1
0.26075268817204295,0.30255402750491167,0.36876355748373096,0.2477396021699818,0.3272727272727272,2
0.553763440860215,0.6502946954813363,0.6876355748373101,0.5135623869801085,0.4949494949494948,1
0.4005376344086021,0.5756385068762281,0.4164859002169197,0.2169981916817361,0.44848484848484843,2
0.0376344086021505,0.04518664047151299,0.0,0.010849909584086824,0.11111111111111108,2
0.321236559139785,0.4361493123772105,0.3774403470715836,0.33634719710669075,0.25050505050505056,1
0.09677419354838712,0.1532416502946957,0.16919739696312386,0.11030741410488247,0.27878787878787864,2
0.4529569892473118,0.6856581532416504,0.5596529284164861,0.4177215189873418,0.3515151515151515,1
0.11021505376344089,0.25147347740667997,0.24945770065075917,0.0958408679927668,0.16363636363636377,2
0.41935483870967744,0.07662082514734785,0.3427331887201737,0.36347197106690776,0.6727272727272725,2
0.3682795698924732,0.4479371316306485,0.37310195227765725,0.19168173598553345,0.38989898989898975,2
0.4045698924731182,0.552062868369352,0.6529284164859003,0.3616636528028934,0.24040404040404045,1
0.49193548387096764,0.6011787819253442,0.5032537960954446,0.46654611211573244,0.395959595959596,1
0.15994623655913975,0.30255402750491167,0.0,0.001808318264014492,0.23030303030303034,2
0.15322580645161288,0.41257367387033395,0.16485900216919755,0.05063291139240514,0.22424242424242435,2
0.5228494623655915,0.6011787819253442,0.7396963123644252,0.4177215189873418,0.30101010101010106,1
0.2943548387096774,0.5363457760314343,0.4772234273318871,0.32911392405063283,0.15151515151515146,1
0.5712365591397849,0.6758349705304519,0.563991323210412,0.6094032549728751,0.5636363636363636,1
0.5040322580645161,0.701375245579568,0.6876355748373101,0.5515370705244124,0.4040404040404039,1
0.44623655913978494,0.2554027504911591,0.5683297180043384,0.589511754068716,0.5919191919191917,2
0.18682795698924728,0.25147347740667997,0.3383947939262474,0.32007233273056046,0.3434343434343433,2
0.4341397849462365,0.25147347740667997,0.4620390455531455,0.4177215189873418,0.5474747474747474,2
0.17204301075268813,0.41453831041257405,0.2169197396963123,0.012658227848101316,0.21818181818181806,2
0.16801075268817203,0.5265225933202359,0.16052060737527124,0.09222423146473781,0.22626262626262625,2
0.4798387096774194,0.6502946954813363,0.7310195227765726,0.5189873417721518,0.3454545454545455,1
0.7029569892473118,0.8015717092337918,0.9544468546637742,0.6654611211573237,0.4949494949494948,1
0.7002688172043009,0.5893909626719056,0.8373101952277657,0.5858951175406871,0.6040404040404039,1
0.09139784946236555,0.25147347740667997,0.22559652928416493,0.09222423146473781,0.14545454545454548,2
0.5349462365591398,0.552062868369352,0.7678958785249458,0.5949367088607594,0.4343434343434342,1
0.5967741935483871,0.7406679764243618,0.7180043383947939,0.4611211573236891,0.4505050505050503,1
0.41935483870967744,0.6502946954813363,0.7114967462039047,0.4122965641952984,0.3373737373737373,1
0.4677419354838709,0.7269155206286836,0.6073752711496745,0.44846292947558775,0.3878787878787878,1
0.321236559139785,0.4007858546168959,0.36225596529284165,0.3182640144665461,0.43232323232323233,2
0.5900537634408602,0.3772102161100199,0.7678958785249458,0.8553345388788427,0.5919191919191917,1
0.2876344086021505,0.2789783889980357,0.3340563991323211,0.3164556962025317,0.4545454545454544,2
0.27822580645161293,0.4007858546168959,0.29934924078091124,0.22242314647377945,0.3838383838383837,2
0.16263440860215053,0.1512770137524561,0.33188720173535813,0.3327305605786618,0.3999999999999998,2
0.1801075268817204,0.25147347740667997,0.2147505422993493,0.13924050632911383,0.28282828282828276,2
0.35752688172043,0.6011787819253442,0.4034707158351411,0.37793851717902344,0.29090909090909095,1
0.614247311827957,0.552062868369352,0.774403470715835,0.6528028933092224,0.5939393939393939,1
0.18682795698924728,0.3143418467583497,0.3167028199566162,0.12658227848101278,0.27070707070707073,2
0.282258064516129,0.1925343811394894,0.30151843817787427,0.36347197106690776,0.4181818181818181,2
0.4556451612903226,0.5009823182711198,0.4273318872017353,0.36347197106690776,0.5676767676767677,2
0.38306451612903225,0.5009823182711198,0.34924078091106303,0.25858951175406875,0.34949494949494936,2
0.3763440860215054,0.47544204322200423,0.5986984815618221,0.39059674502712477,0.33333333333333326,1
0.45026881720430106,0.6502946954813363,0.6095444685466378,0.33634719710669075,0.3535353535353534,1
0.26881720430107525,0.31041257367387054,0.2581344902386118,0.23688969258589512,0.3777777777777777,2
0.4623655913978495,0.4007858546168959,0.3882863340563992,0.5009041591320071,0.6727272727272725,2
0.19623655913978494,0.3850687622789788,0.17136659436008686,0.20976491862567812,0.33131313131313134,2
0.49596774193548393,0.6758349705304519,0.5574837310195228,0.569620253164557,0.38181818181818183,1
0.17204301075268813,0.27504911591355596,0.2689804772234274,0.14104882459312845,0.23636363636363636,2
0.3521505376344086,0.5854616895874265,0.6290672451193058,0.23508137432188075,0.33333333333333326,1
0.5174731182795699,0.8015717092337918,0.6659436008676789,0.4810126582278481,0.39191919191919194,1
0.40725806451612895,0.4007858546168959,0.49240780911062904,0.38878842676311043,0.48282828282828283,2
0.15053763440860218,0.3693516699410611,0.20607375271149672,0.08860759493670883,0.10303030303030317,2
0.2728494623655913,0.4263261296660121,0.25596529284164876,0.1627486437613021,0.4040404040404039,2
0.1438172043010753,0.17288801571709253,0.2733188720173537,0.2007233273056058,0.15959595959595965,2
0.47446236559139776,0.7269155206286836,0.702819956616052,0.39059674502712477,0.28080808080808084,1
0.3494623655913978,0.7308447937131634,0.43167028199566165,0.31283905967450276,0.2585858585858585,1
0.23252688172043004,0.09430255402750512,0.281995661605206,0.08679927667269446,0.34747474747474744,2
0.6599462365591396,0.552062868369352,0.6681127982646422,0.6491862567811935,0.6747474747474747,1
0.2728494623655913,0.5500982318271119,0.24945770065075917,0.14466546112115744,0.3535353535353534,2
0.5658602150537633,0.6011787819253442,0.6941431670281994,0.4430379746835444,0.4262626262626263,1
0.575268817204301,0.7622789783889982,0.5856832971800433,0.6256781193490054,0.496969696969697,1
0.6061827956989246,0.6876227897838899,0.7917570498915399,0.5063291139240508,0.4464646464646465,1
0.20564516129032254,0.4381139489194501,0.20607375271149672,0.1627486437613021,0.2585858585858585,2
0.41666666666666663,0.5756385068762281,0.5574837310195228,0.39783001808318275,0.17575757575757575,1
0.5967741935483871,0.5658153241650297,0.6160520607375272,0.5913200723327304,0.4525252525252525,1
0.8346774193548385,0.3516699410609038,0.7440347071583515,0.6925858951175408,1.0,2
0.5846774193548386,0.4518664047151277,0.6594360086767896,0.6509945750452081,0.5010101010101008,1
0.3763440860215054,0.4774066797642438,0.4598698481561822,0.28390596745027114,0.22828282828282817,1
0.26881720430107525,0.5461689587426328,0.3991323210412148,0.19168173598553345,0.21616161616161617,1
0.04032258064516129,0.25147347740667997,0.041214750542299464,0.05605786618444848,0.11515151515151517,2
0.5228494623655915,0.701375245579568,0.648590021691974,0.5171790235081374,0.3676767676767676,1
0.5040322580645161,0.6011787819253442,0.6832971800433838,0.4448462929475588,0.395959595959596,1
0.44758064516129026,0.5009823182711198,0.7180043383947939,0.3417721518987341,0.3878787878787878,1
0.6155913978494623,0.5756385068762281,0.49023861171366606,0.49005424954792043,0.6505050505050504,2
0.5134408602150538,0.5756385068762281,0.6334056399132321,0.5406871609403254,0.395959595959596,1
0.45026881720430106,0.6758349705304519,0.6724511930585682,0.4267631103074141,0.26262626262626254,1
0.2903225806451613,0.4518664047151277,0.2147505422993493,0.21518987341772147,0.43232323232323233,2
0.31586021505376344,0.552062868369352,0.36659436008676793,0.21880650994575046,0.4060606060606061,2
0.217741935483871,0.4282907662082516,0.16485900216919755,0.16817359855334546,0.3373737373737373,2
0.32795698924731187,0.3516699410609038,0.37093275488069427,0.4104882459312838,0.22626262626262625,1
0.15591397849462366,0.29273084479371325,0.2169197396963123,0.0958408679927668,0.20808080808080798,2
0.1841397849462366,0.3300589390962674,0.140997830802603,0.12115732368896917,0.32525252525252535,2
0.23924731182795694,0.3143418467583497,0.28633405639913234,0.14285714285714282,0.21212121212121207,2
0.22983870967741934,0.4518664047151277,0.15835140997830824,0.0687160940325498,0.3212121212121212,2
0.059139784946236534,0.2161100196463654,0.16702819956616055,0.12839059674502715,0.12323232323232337,2
0.5228494623655915,0.850687622789784,0.5965292841648588,0.4810126582278481,0.31515151515151524,1
0.1881720430107527,0.20235756385068782,0.21258134490238634,0.2278481012658228,0.3878787878787878,2
0.07526881720430109,0.24165029469548152,0.17787418655097617,0.1735985533453888,0.14141414141414138,2
0.38306451612903225,0.6758349705304519,0.4663774403470715,0.42133815551537074,0.2585858585858585,1
0.5201612903225806,0.9096267190569746,0.5401301518438179,0.45750452079566006,0.3272727272727272,1
0.3763440860215054,0.5559921414538312,0.702819956616052,0.2911392405063291,0.22626262626262625,1
0.07526881720430109,0.23379174852652268,0.09544468546637755,0.001808318264014492,0.13535353535353536,2
0.6330645161290321,0.701375245579568,0.7158351409978306,0.826401446654611,0.44040404040404024,1
0.23521505376344085,0.4479371316306485,0.2689804772234274,0.2278481012658228,0.22626262626262625,1
0.461021505376344,0.4007858546168959,0.6876355748373101,0.6582278481012658,0.4363636363636364,1
0.2553763440860215,0.4007858546168959,0.3253796095444685,0.19349005424954782,0.3434343434343433,2
0.16801075268817203,0.20235756385068782,0.2516268980477225,0.15370705244122979,0.26666666666666666,2
0.1841397849462366,0.4007858546168959,0.2169197396963123,0.1356238698010851,0.21212121212121207,2
0.5591397849462364,0.7504911591355602,0.648590021691974,0.4177215189873418,0.5292929292929291,1
0.5349462365591398,0.6011787819253442,0.8199566160520608,0.4954792043399638,0.35757575757575755,1
0.5443548387096774,0.5265225933202359,0.5726681127982647,0.5569620253164558,0.4282828282828282,1
0.5967741935483871,0.7760314341846758,0.8503253796095444,0.5117540687160941,0.3535353535353534,1
0.6693548387096774,0.7760314341846758,0.7548806941431672,0.5370705244122964,0.5636363636363636,1
0.5658602150537633,0.552062868369352,0.6377440347071583,0.5804701627486437,0.4747474747474746,1
0.44220430107526887,0.4891944990176818,0.5943600867678959,0.39421338155515373,0.395959595959596,1
0.5322580645161289,0.7229862475442045,0.4533622559652929,0.35443037974683544,0.42424242424242414,1
0.3602150537634408,0.4007858546168959,0.3774403470715836,0.3092224231464738,0.40808080808080804,2
0.18682795698924728,0.4479371316306485,0.1344902386117137,0.06329113924050632,0.30707070707070705,2
0.40725806451612895,0.25147347740667997,0.6594360086767896,0.6256781193490054,0.30707070707070705,1
0.25940860215053757,0.4479371316306485,0.4099783080260304,0.2567811934900541,0.24646464646464644,1
0.217741935483871,0.3005893909626721,0.2581344902386118,0.1971066907775768,0.32323232323232315,2
0.3481182795698925,0.27701375245579607,0.43817787418655096,0.3218806509945751,0.48080808080808063,2
0.6276881720430108,0.701375245579568,0.7158351409978306,0.5189873417721518,0.5070707070707071,1
0.3615591397849463,0.5854616895874265,0.30151843817787427,0.2911392405063291,0.25252525252525243,1
0.3172043010752687,0.5265225933202359,0.36659436008676793,0.24593128390596747,0.29696969696969694,1
0.19354838709677416,0.3143418467583497,0.2906724511930586,0.14828209764918618,0.26262626262626254,2
0.19892473118279563,0.3516699410609038,0.1973969631236444,0.1464737793851718,0.31313131313131304,2
0.33333333333333326,0.4007858546168959,0.5075921908893709,0.4267631103074141,0.21616161616161617,1
0.1075268817204301,0.32023575638506896,0.25379609544468545,0.027124773960216998,0.14141414141414138,2
0.34005376344086014,0.10216110019646397,0.5227765726681128,0.4267631103074141,0.32525252525252535,2
0.42204301075268824,0.5009823182711198,0.5140997830802603,0.3833634719710668,0.3696969696969695,1
0.16397849462365593,0.4656188605108058,0.10845986984815616,0.05605786618444848,0.2585858585858585,2
0.17741935483870971,0.3516699410609038,0.2754880694143167,0.1880650994575045,0.3030303030303029,2
0.26075268817204295,0.6011787819253442,0.4099783080260304,0.4032549728752261,0.21010101010101015,1
0.5658602150537633,0.7504911591355602,0.7570498915401301,0.5660036166365281,0.5696969696969696,1
0.5658602150537633,0.8015717092337918,0.5032537960954446,0.48462929475587707,0.4565656565656566,1
0.33870967741935487,0.6836935166994108,0.5336225596529285,0.3092224231464738,0.25252525252525243,1
0.4798387096774194,0.56385068762279,0.5010845986984817,0.504520795660036,0.5656565656565655,1
0.3521505376344086,0.5009823182711198,0.3947939262472885,0.3616636528028934,0.3535353535353534,2
0.16666666666666663,0.25147347740667997,0.16052060737527124,0.1464737793851718,0.26666666666666666,2
0.16666666666666663,0.26915520628683726,0.35574837310195234,0.26220614828209776,0.22424242424242435,2
0.4650537634408601,0.6011787819253442,0.6290672451193058,0.39421338155515373,0.395959595959596,1
0.2567204301075269,0.5009823182711198,0.23861171366594355,0.17540687160940316,0.4101010101010099,2
0.13844086021505372,0.3398821218074658,0.1453362255965293,0.0958408679927668,0.14141414141414138,2
0.6854838709677419,0.6463654223968566,0.9197396963123644,0.7341772151898733,0.7616161616161614,1
0.24462365591397853,0.27701375245579607,0.3340563991323211,0.2676311030741411,0.3454545454545455,2
0.17204301075268813,0.25147347740667997,0.2147505422993493,0.14828209764918618,0.3030303030303029,2
0.5228494623655915,0.3516699410609038,0.4859002169197397,0.4611211573236891,0.5797979797979796,2
0.663978494623656,0.8015717092337918,0.7462039045553145,0.5587703435804701,0.5050505050505049,1
0.4650537634408601,0.644400785854617,0.5444685466377441,0.43399638336347207,0.395959595959596,1
0.38306451612903225,0.30255402750491167,0.3774403470715836,0.24954792043399643,0.597979797979798,2
0.2903225806451613,0.552062868369352,0.2841648590021693,0.23327305605786613,0.36565656565656574,2
0.36962365591397844,0.5009823182711198,0.3991323210412148,0.3182640144665461,0.3999999999999998,2
0.6962365591397849,0.8939096267190568,0.5943600867678959,0.5497287522603977,0.5292929292929291,1
0.4408602150537634,0.6011787819253442,0.577006507592191,0.44846292947558775,0.28686868686868683,1
0.40994623655913975,0.5854616895874265,0.7396963123644252,0.31283905967450276,0.31717171717171716,1
0.657258064516129,0.552062868369352,0.8264642082429502,0.6654611211573237,0.4545454545454544,1
0.2849462365591398,0.3398821218074658,0.34924078091106303,0.3236889692585895,0.20606060606060606,1
0.16801075268817203,0.4007858546168959,0.18221258134490248,0.17902350813743215,0.28484848484848496,2
0.5900537634408602,0.8015717092337918,0.7917570498915399,0.37974683544303806,0.38989898989898975,1
0.09677419354838712,0.24165029469548152,0.052060737527115084,0.05967450271247747,0.24646464646464644,2
0.32526881720430106,0.5009823182711198,0.5726681127982647,0.30018083182640143,0.27070707070707073,1
0.3239247311827956,0.48330058939096304,0.45553145336225587,0.2676311030741411,0.2606060606060606,1
0.5846774193548386,1.0,0.5271149674620392,0.4448462929475588,0.32525252525252535,1
0.15591397849462366,0.2711198428290768,0.17787418655097617,0.12477396021699816,0.26666666666666666,2
0.3642473118279569,0.4263261296660121,0.3969631236442518,0.4014466546112115,0.25252525252525243,1
0.657258064516129,0.5009823182711198,0.8633405639913233,0.732368896925859,0.5878787878787879,1
0.16935483870967744,0.17288801571709253,0.18221258134490248,0.1464737793851718,0.23030303030303034,2
0.33333333333333326,0.5500982318271119,0.3383947939262474,0.18083182640144677,0.4444444444444443,2
0.41263440860215056,0.552062868369352,0.09110629067245124,0.28390596745027114,0.5535353535353534,2
0.32795698924731187,0.30255402750491167,0.4013015184381778,0.3236889692585895,0.4949494949494948,2
0.47446236559139776,0.4518664047151277,0.44251626898047725,0.40867992766726946,0.5737373737373737,2
0.26075268817204295,0.4007858546168959,0.44251626898047725,0.26039783001808314,0.26666666666666666,2
0.19892473118279563,0.45776031434184694,0.3383947939262474,0.2549728752260398,0.13535353535353536,1
0.5591397849462364,0.8015717092337918,0.561822125813449,0.5027124773960218,0.3999999999999998,1
0.7244623655913979,0.8998035363457761,0.8459869848156181,0.5641952983725135,0.5252525252525251,1
0.11021505376344089,0.25147347740667997,0.1865509761388288,0.08679927667269446,0.22626262626262625,2
0.2903225806451613,0.27701375245579607,0.3774403470715836,0.3851717902350814,0.37575757575757585,2
0.3897849462365591,0.5265225933202359,0.6268980477223427,0.36347197106690776,0.3272727272727272,1
0.2903225806451613,0.30255402750491167,0.2906724511930586,0.26039783001808314,0.3838383838383837,2
0.33333333333333326,0.5697445972495088,0.2689804772234274,0.2820976491862568,0.511111111111111,2
0.16801075268817203,0.30255402750491167,0.2624728850325381,0.12839059674502715,0.3212121212121212,2
0.30913978494623656,0.3516699410609038,0.4707158351409978,0.3254972875226041,0.27878787878787864,1
0.4529569892473118,0.5265225933202359,0.42516268980477234,0.4538878842676311,0.5919191919191917,2
0.3642473118279569,0.4007858546168959,0.6334056399132321,0.39059674502712477,0.33333333333333326,1
0.2970430107526881,0.3516699410609038,0.2906724511930586,0.22965641952983715,0.46666666666666673,2
0.3844086021505375,0.4479371316306485,0.5119305856832973,0.3725135623869801,0.4888888888888888,2
