0.47446236559139776,0.7269155206286836,0.702819956616052,0.39059674502712477,0.28080808080808084,1
0.5174731182795699,0.25147347740667997,0.5140997830802603,0.5099457504520795,0.6707070707070706,2
0.5846774193548386,0.4518664047151277,0.6594360086767896,0.6509945750452081,0.5010101010101008,1
0.5201612903225806,0.9096267190569746,0.5401301518438179,0.45750452079566006,0.3272727272727272,1
0.19623655913978494,0.4263261296660121,0.2581344902386118,0.08679927667269446,0.29696969696969694,2
0.6088709677419354,0.6267190569744597,0.8199566160520608,0.725135623869801,0.42020202020202,1
0.24193548387096772,0.6011787819253442,0.29284164859002165,0.1880650994575045,0.35757575757575755,2
0.15322580645161288,0.25147347740667997,0.140997830802603,0.1464737793851718,0.32323232323232315,2
0.5040322580645161,0.6011787819253442,0.6832971800433838,0.4448462929475588,0.395959595959596,1
0.1075268817204301,0.2475442043222008,0.10629067245119317,0.12658227848101278,0.19393939393939405,2
0.23924731182795694,0.506876227897839,0.1973969631236444,0.21880650994575046,0.34747474747474744,2
0.4287634408602151,0.5265225933202359,0.5661605206073753,0.36528028933092216,0.26666666666666666,1
0.1438172043010753,0.17288801571709253,0.2733188720173537,0.2007233273056058,0.15959595959595965,2
0.38306451612903225,0.30255402750491167,0.3774403470715836,0.24954792043399643,0.597979797979798,2
0.6518817204301075,0.8015717092337918,0.8134490238611712,0.593128390596745,0.4626262626262626,1
0.3642473118279569,0.4263261296660121,0.3969631236442518,0.4014466546112115,0.25252525252525243,1
0.3642473118279569,0.26522593320235754,0.40563991323210413,0.3996383363471971,0.521212121212121,2
0.4623655913978495,0.6502946954813363,0.3340563991323211,0.2820976491862568,0.3676767676767676,1
0.38306451612903225,0.3516699410609038,0.6941431670281994,0.4267631103074141,0.26666666666666666,1
0.09139784946236555,0.25147347740667997,0.22559652928416493,0.09222423146473781,0.14545454545454548,2
0.2728494623655913,0.4263261296660121,0.25596529284164876,0.1627486437613021,0.4040404040404039,2
0.663978494623656,0.47544204322200423,0.7396963123644252,0.6509945750452081,0.6585858585858586,1
0.09677419354838712,0.24165029469548152,0.052060737527115084,0.05967450271247747,0.24646464646464644,2
0.26075268817204295,0.6011787819253442,0.4099783080260304,0.4032549728752261,0.21010101010101015,1
0.3682795698924732,0.4479371316306485,0.37310195227765725,0.19168173598553345,0.38989898989898975,2
0.4677419354838709,0.20235756385068782,0.49457700650759234,0.5081374321880651,0.6727272727272725,2
0.38306451612903225,0.5009823182711198,0.34924078091106303,0.25858951175406875,0.34949494949494936,2
0.2849462365591398,0.3398821218074658,0.3774403470715836,0.2676311030741411,0.43232323232323233,2
0.0,0.12180746561886083,0.08893709327548824,0.07414104882459314,0.042424242424242586,2
0.1075268817204301,0.25147347740667997,0.08893709327548824,0.09945750452079566,0.17979797979797987,2
0.8131720430107526,0.6011787819253442,0.9566160520607375,1.0,0.5878787878787879,1
0.321236559139785,0.4518664047151277,0.561822125813449,0.3616636528028934,0.24242424242424235,1
0.30107526881720437,0.17288801571709253,0.281995661605206,0.24593128390596747,0.3777777777777777,2
0.06048387096774193,0.10216110019646397,0.20824295010846003,0.0687160940325498,0.038383838383838485,2
0.34005376344086014,0.10216110019646397,0.5227765726681128,0.4267631103074141,0.32525252525252535,2
0.5349462365591398,0.5166994106090375,0.6290672451193058,0.42495479204339975,0.4040404040404039,1
0.6263440860215053,0.6502946954813363,0.7462039045553145,0.7070524412296564,0.5191919191919191,1
0.16801075268817203,0.30255402750491167,0.2624728850325381,0.12839059674502715,0.3212121212121212,2
0.38306451612903225,0.27701375245579607,0.4013015184381778,0.3345388788426764,0.5696969696969696,2
0.49462365591397844,0.5658153241650297,0.5943600867678959,0.6166365280289331,0.3878787878787878,1
0.33333333333333326,0.5697445972495088,0.2689804772234274,0.2820976491862568,0.511111111111111,2
0.26075268817204295,0.4007858546168959,0.44251626898047725,0.26039783001808314,0.26666666666666666,2
0.3763440860215054,0.3398821218074658,0.5422993492407808,0.3996383363471971,0.37575757575757585,1
0.22580645161290316,0.20235756385068782,0.3340563991323211,0.1735985533453888,0.35757575757575755,2
0.3790322580645161,0.5461689587426328,0.3297180043383948,0.2820976491862568,0.32525252525252535,1
0.4529569892473118,0.6856581532416504,0.5596529284164861,0.4177215189873418,0.3515151515151515,1
0.44758064516129026,0.5009823182711198,0.7180043383947939,0.3417721518987341,0.3878787878787878,1
0.34005376344086014,0.6424361493123775,0.36876355748373096,0.2658227848101265,0.30101010101010106,2
0.22311827956989247,0.30255402750491167,0.3991323210412148,0.20614828209764915,0.29090909090909095,2
0.1370967741935484,0.3005893909626721,0.26030368763557477,0.11754068716094045,0.24646464646464644,2
0.6088709677419354,0.8015717092337918,0.6854663774403471,0.7215189873417721,0.4787878787878787,1
0.4059139784946237,0.3261296660117882,0.6138828633405641,0.5913200723327304,0.38181818181818183,1
0.45026881720430106,0.6011787819253442,0.6572668112798266,0.3254972875226041,0.294949494949495,1
0.5040322580645161,0.701375245579568,0.6876355748373101,0.5515370705244124,0.4040404040404039,1
0.33333333333333326,0.4007858546168959,0.5075921908893709,0.4267631103074141,0.21616161616161617,1
0.16397849462365593,0.4656188605108058,0.10845986984815616,0.05605786618444848,0.2585858585858585,2
0.27553763440860213,0.5049115913555995,0.2689804772234274,0.20976491862567812,0.31515151515151524,2
0.26881720430107525,0.31041257367387054,0.2581344902386118,0.23688969258589512,0.3777777777777777,2
0.5349462365591398,0.552062868369352,0.7678958785249458,0.5949367088607594,0.4343434343434342,1
0.5510752688172043,0.5756385068762281,0.5726681127982647,0.49005424954792043,0.5575757575757576,2
0.4005376344086021,0.552062868369352,0.5292841648590022,0.38155515370705245,0.32323232323232315,1
0.47446236559139776,0.4518664047151277,0.7570498915401301,0.620253164556962,0.3777777777777777,1
0.16801075268817203,0.30255402750491167,0.3188720173535792,0.1627486437613021,0.23838383838383825,2
0.41801075268817195,0.3634577603143418,0.3926247288503255,0.28390596745027114,0.5353535353535352,2
0.41935483870967744,0.07662082514734785,0.3427331887201737,0.36347197106690776,0.6727272727272725,2
0.2903225806451613,0.30255402750491167,0.2906724511930586,0.26039783001808314,0.3838383838383837,2
0.33870967741935487,0.5697445972495088,0.2906724511930586,0.18625678119349012,0.3858585858585859,2
0.33333333333333326,0.6404715127701379,0.37527114967462055,0.1464737793851718,0.3696969696969695,2
0.5658602150537633,0.850687622789784,0.735357917570499,0.5858951175406871,0.4606060606060604,1
0.7244623655913979,0.8998035363457761,0.8459869848156181,0.5641952983725135,0.5252525252525251,1
0.4139784946236558,0.4518664047151277,0.3991323210412148,0.3092224231464738,0.4888888888888888,2
0.3951612903225807,0.6502946954813363,0.41431670281995675,0.43218806509945745,0.3939393939393938,1
0.5658602150537633,0.5009823182711198,0.8221258134490238,0.49005424954792043,0.34141414141414145,1
0.23521505376344085,0.25147347740667997,0.30585683297180055,0.30379746835443044,0.4282828282828282,2
0.5349462365591398,0.701375245579568,0.5704989154013017,0.46473779385171776,0.5959595959595958,2
0.5470430107526881,0.6502946954813363,0.7114967462039047,0.47197106690777574,0.32323232323232315,1
0.05241935483870965,0.1532416502946957,0.13882863340564,0.09222423146473781,0.15757575757575748,2
0.4045698924731182,0.552062868369352,0.6529284164859003,0.3616636528028934,0.24040404040404045,1
0.3521505376344086,0.38899803536345795,0.5531453362255965,0.3598553345388788,0.22626262626262625,1
0.40994623655913975,0.6561886051080551,0.5379609544468548,0.3924050632911391,0.3272727272727272,1
0.1451612903225806,0.4381139489194501,0.07592190889370931,0.07414104882459314,0.16161616161616157,2
0.44623655913978494,0.2554027504911591,0.5683297180043384,0.589511754068716,0.5919191919191917,2
0.2903225806451613,0.6011787819253442,0.3080260303687636,0.2712477396021701,0.21616161616161617,1
0.33333333333333326,0.5500982318271119,0.3383947939262474,0.18083182640144677,0.4444444444444443,2
0.5174731182795699,0.8015717092337918,0.6659436008676789,0.4810126582278481,0.39191919191919194,1
0.1747311827956989,0.4007858546168959,0.13015184381778738,0.08318264014466548,0.3373737373737373,2
0.2150537634408602,0.6011787819253442,0.3145336225596529,0.16636528028933084,0.14343434343434355,1
0.657258064516129,0.7033398821218076,0.8503253796095444,0.46473779385171776,0.4585858585858585,1
0.32795698924731187,0.5265225933202359,0.3969631236442518,0.25858951175406875,0.3999999999999998,2
0.5712365591397849,0.4007858546168959,0.7765726681127983,0.7142857142857144,0.5353535353535352,1
0.36290322580645157,0.4263261296660121,0.36659436008676793,0.3092224231464738,0.5272727272727273,2
0.3642473118279569,0.552062868369352,0.5314533622559652,0.4520795660036167,0.25050505050505056,1
0.15053763440860218,0.23968565815324197,0.27765726681128,0.17179023508137445,0.23232323232323226,2
0.4798387096774194,0.6502946954813363,0.7310195227765726,0.5189873417721518,0.3454545454545455,1
0.4153225806451613,0.4479371316306485,0.41214750542299344,0.43218806509945745,0.41414141414141403,2
0.32795698924731187,0.30255402750491167,0.4013015184381778,0.3236889692585895,0.4949494949494948,2
0.17741935483870971,0.4970530451866406,0.13882863340564,0.15551537070524413,0.23232323232323226,2
0.3225806451612903,0.6660117878192535,0.43167028199566165,0.2820976491862568,0.26666666666666666,1
0.5967741935483871,0.6011787819253442,0.6898047722342734,0.779385171790235,0.4949494949494948,1
0.43682795698924726,0.6915520628683696,0.3991323210412148,0.3417721518987341,0.31717171717171716,1
0.19892473118279563,0.4263261296660121,0.24728850325379617,0.09041591320072331,0.3373737373737373,2
0.18145161290322578,0.21218074656188626,0.27982646420824303,0.22603978300180844,0.29696969696969694,2
0.40860215053763443,0.506876227897839,0.561822125813449,0.3725135623869801,0.31717171717171716,1
0.8104838709677419,0.8801571709233793,0.8112798264642083,0.833634719710669,0.6646464646464646,1
0.3615591397849463,0.5854616895874265,0.30151843817787427,0.2911392405063291,0.25252525252525243,1
0.22311827956989247,0.1768172888015717,0.3774403470715836,0.28571428571428575,0.4525252525252525,2
0.26881720430107525,0.5461689587426328,0.3991323210412148,0.19168173598553345,0.21616161616161617,1
0.42204301075268824,0.5265225933202359,0.5900216919739696,0.40506329113924044,0.28686868686868683,1
0.34543010752688175,0.45776031434184694,0.5466377440347071,0.5027124773960218,0.32525252525252535,1
0.385752688172043,0.3772102161100199,0.5488069414316704,0.48824593128390603,0.4767676767676768,2
0.5443548387096774,0.5461689587426328,0.47505422993492413,0.43942133815551543,0.6343434343434343,2
0.7365591397849461,0.6011787819253442,0.8980477223427331,0.7341772151898733,0.5919191919191917,1
0.19623655913978494,0.3850687622789788,0.17136659436008686,0.20976491862567812,0.33131313131313134,2
0.4112903225806451,0.7721021611001966,0.5292841648590022,0.3598553345388788,0.30707070707070705,1
0.5470430107526881,0.4007858546168959,0.8026030368763556,0.6690777576853527,0.515151515151515,1
0.33870967741935487,0.18271119842829098,0.5531453362255965,0.5822784810126581,0.33131313131313134,2
0.5900537634408602,0.8015717092337918,0.6594360086767896,0.6184448462929474,0.5050505050505049,1
0.7002688172043009,0.5893909626719056,0.8373101952277657,0.5858951175406871,0.6040404040404039,1
0.15053763440860218,0.3693516699410611,0.20607375271149672,0.08860759493670883,0.10303030303030317,2
0.4623655913978495,0.7504911591355602,0.5401301518438179,0.6672694394213381,0.3999999999999998,1
0.051075268817204256,0.09430255402750512,0.0629067245119307,0.12839059674502715,0.14545454545454548,2
0.3494623655913978,0.7308447937131634,0.43167028199566165,0.31283905967450276,0.2585858585858585,1
0.6155913978494623,0.7760314341846758,0.6876355748373101,0.6075949367088608,0.5070707070707071,1
0.4341397849462365,0.25147347740667997,0.4620390455531455,0.4177215189873418,0.5474747474747474,2
0.23387096774193544,0.30844793713163093,0.37310195227765725,0.2405063291139241,0.3777777777777777,2
0.19892473118279563,0.3516699410609038,0.1973969631236444,0.1464737793851718,0.31313131313131304,2
0.41263440860215056,0.4518664047151277,0.5292841648590022,0.4195298372513561,0.3050505050505051,1
0.17741935483870971,0.27504911591355596,0.34924078091106303,0.11392405063291146,0.19393939393939405,2
0.7244623655913979,0.5009823182711198,0.9913232104121474,0.8227848101265823,0.5999999999999999,1
0.26075268817204295,0.4774066797642438,0.40563991323210413,0.2676311030741411,0.25454545454545463,1
0.22983870967741934,0.4518664047151277,0.15835140997830824,0.0687160940325498,0.3212121212121212,2
0.217741935483871,0.3005893909626721,0.2581344902386118,0.1971066907775768,0.32323232323232315,2
0.614247311827957,0.6011787819253442,0.7765726681127983,0.725135623869801,0.4585858585858585,1
0.6962365591397849,0.8939096267190568,0.5943600867678959,0.5497287522603977,0.5292929292929291,1
0.18682795698924728,0.4518664047151277,0.2646420824295011,0.05063291139240514,0.20808080808080798,2
0.8951612903225805,0.850687622789784,0.9197396963123644,0.6817359855334537,0.5878787878787879,1
0.08870967741935486,0.2318271119842831,0.20824295010846003,0.0795660036166365,0.10303030303030317,2
0.23924731182795694,0.20235756385068782,0.3427331887201737,0.2567811934900541,0.33939393939393925,2
0.5967741935483871,0.6385068762278978,0.7180043383947939,0.6980108499095841,0.37575757575757585,1
0.217741935483871,0.3516699410609038,0.3145336225596529,0.1066907775768535,0.30707070707070705,2
0.16666666666666663,0.26915520628683726,0.35574837310195234,0.26220614828209776,0.22424242424242435,2
0.34005376344086014,0.552062868369352,0.6008676789587852,0.3833634719710668,0.31313131313131304,1
0.4677419354838709,0.5009823182711198,0.6811279826464208,0.5804701627486437,0.34747474747474744,1
0.41935483870967744,0.6502946954813363,0.7114967462039047,0.4122965641952984,0.3373737373737373,1
0.11021505376344089,0.25147347740667997,0.24945770065075917,0.0958408679927668,0.16363636363636377,2
0.15322580645161288,0.47544204322200423,0.2754880694143167,0.20976491862567812,0.23838383838383825,2
0.49462365591397844,0.7858546168958742,0.5401301518438179,0.3996383363471971,0.39797979797979793,1
0.5658602150537633,0.6011787819253442,0.6941431670281994,0.4430379746835444,0.4262626262626263,1
0.4059139784946237,0.5265225933202359,0.5401301518438179,0.4520795660036167,0.3434343434343433,1
0.09408602150537634,0.14341846758349727,0.20390455531453372,0.12839059674502715,0.21616161616161617,2
0.5658602150537633,0.8015717092337918,0.6160520607375272,0.46654611211573244,0.4262626262626263,1
0.5712365591397849,0.30255402750491167,0.6854663774403471,0.6419529837251357,0.6262626262626261,2
0.49596774193548393,0.6758349705304519,0.5574837310195228,0.569620253164557,0.38181818181818183,1
0.16801075268817203,0.4007858546168959,0.18221258134490248,0.17902350813743215,0.28484848484848496,2
0.31586021505376344,0.3516699410609038,0.4707158351409978,0.35443037974683544,0.4505050505050503,2
0.6451612903225806,0.8801571709233793,0.6594360086767896,0.49005424954792043,0.4888888888888888,1
0.2513440860215054,0.6502946954813363,0.30151843817787427,0.1880650994575045,0.30707070707070705,2
0.15591397849462366,0.29273084479371325,0.2169197396963123,0.0958408679927668,0.20808080808080798,2
0.575268817204301,0.7622789783889982,0.5856832971800433,0.6256781193490054,0.496969696969697,1
0.7056451612903225,0.7269155206286836,0.7527114967462039,0.7902350813743217,0.6303030303030301,1
0.5564516129032259,0.587426326129666,0.7288503253796096,0.5551537070524412,0.4383838383838383,1
0.20564516129032254,0.27701375245579607,0.20824295010846003,0.14285714285714282,0.20808080808080798,2
0.35752688172043,0.4007858546168959,0.4859002169197397,0.3453887884267631,0.28686868686868683,1
0.34543010752688175,0.3968565815324168,0.43167028199566165,0.4159132007233274,0.34747474747474744,1
0.17741935483870971,0.33202357563850693,0.351409978308026,0.2784810126582278,0.13939393939393946,1
0.5712365591397849,0.6758349705304519,0.563991323210412,0.6094032549728751,0.5636363636363636,1
0.41263440860215056,0.6561886051080551,0.4793926247288504,0.35443037974683544,0.26666666666666666,1
0.217741935483871,0.1512770137524561,0.29934924078091124,0.17179023508137445,0.395959595959596,2
0.1747311827956989,0.4518664047151277,0.25596529284164876,0.10307414104882463,0.28080808080808084,2
0.09005376344086025,0.07662082514734785,0.09544468546637755,0.06690777576853531,0.22424242424242435,2
0.663978494623656,0.8015717092337918,0.7462039045553145,0.5587703435804701,0.5050505050505049,1
0.1827956989247312,0.2318271119842831,0.1930585683297181,0.18264014466546113,0.27272727272727265,2
0.2849462365591398,0.30255402750491167,0.4295010845986986,0.2386980108499095,0.39191919191919194,2
0.2204301075268817,0.19646365422396855,0.41214750542299344,0.4104882459312838,0.25252525252525243,1
0.18145161290322578,0.5265225933202359,0.16919739696312386,0.11934900542495482,0.19393939393939405,2
0.24596774193548382,0.27701375245579607,0.3383947939262474,0.2748643761301988,0.32525252525252535,2
0.6881720430107526,0.6502946954813363,0.9370932754880693,0.6889692585895117,0.5010101010101008,1
0.282258064516129,0.4007858546168959,0.18221258134490248,0.13200723327305613,0.3353535353535354,2
0.5591397849462364,0.7504911591355602,0.648590021691974,0.4177215189873418,0.5292929292929291,1
0.25403225806451607,0.506876227897839,0.2581344902386118,0.2911392405063291,0.29696969696969694,1
0.40860215053763443,0.8015717092337918,0.3969631236442518,0.2911392405063291,0.3555555555555556,1
0.48924731182795705,0.7328094302554029,0.648590021691974,0.3417721518987341,0.3878787878787878,1
0.510752688172043,0.5265225933202359,0.700650759219089,0.7359855334538877,0.4949494949494948,1
0.1075268817204301,0.30255402750491167,0.2581344902386118,0.06690777576853531,0.17777777777777767,2
0.016129032258064554,0.25147347740667997,0.041214750542299464,0.028933092224231488,0.0,2
0.3763440860215054,0.5559921414538312,0.702819956616052,0.2911392405063291,0.22626262626262625,1
0.04973118279569896,0.23968565815324197,0.1887201735357918,0.0,0.10707070707070698,2
0.44354838709677413,0.3772102161100199,0.6854663774403471,0.5967450271247741,0.43232323232323233,1
0.461021505376344,0.4007858546168959,0.6876355748373101,0.6582278481012658,0.4363636363636364,1
0.19623655913978494,0.3772102161100199,0.2754880694143167,0.13743218806509946,0.3454545454545455,2
0.11559139784946237,0.24165029469548152,0.16052060737527124,0.12839059674502715,0.24646464646464644,2
0.41935483870967744,0.5913555992141457,0.3449023861171367,0.3453887884267631,0.28686868686868683,1
0.34543010752688175,0.552062868369352,0.5726681127982647,0.3092224231464738,0.22626262626262625,1
0.2190860215053763,0.4007858546168959,0.3362255965292841,0.13381555153707048,0.33333333333333326,2
0.6330645161290321,0.6267190569744597,0.8004338394793926,0.6148282097649187,0.4949494949494948,1
0.5967741935483871,0.7406679764243618,0.7180043383947939,0.4611211573236891,0.4505050505050503,1
0.41666666666666663,0.5756385068762281,0.5574837310195228,0.39783001808318275,0.17575757575757575,1
0.4408602150537634,0.6011787819253442,0.577006507592191,0.44846292947558775,0.28686868686868683,1
0.5134408602150538,0.5756385068762281,0.6334056399132321,0.5406871609403254,0.395959595959596,1
0.5658602150537633,0.552062868369352,0.6377440347071583,0.5804701627486437,0.4747474747474746,1
0.1841397849462366,0.4007858546168959,0.2169197396963123,0.1356238698010851,0.21212121212121207,2
0.4798387096774194,0.6011787819253442,0.6052060737527115,0.623869801084991,0.3676767676767676,1
0.1841397849462366,0.3300589390962674,0.140997830802603,0.12115732368896917,0.32525252525252535,2
0.4247311827956988,0.6502946954813363,0.5010845986984817,0.4520795660036167,0.32323232323232315,1
0.5483870967741935,0.6502946954813363,0.5943600867678959,0.49005424954792043,0.5292929292929291,1
0.30241935483870963,0.4007858546168959,0.3861171366594362,0.48824593128390603,0.3858585858585859,1
0.3521505376344086,0.5009823182711198,0.3947939262472885,0.3616636528028934,0.3535353535353534,2
0.22849462365591397,0.40471512770137563,0.2668112798264644,0.1464737793851718,0.26666666666666666,2
0.2903225806451613,0.4518664047151277,0.2147505422993493,0.21518987341772147,0.43232323232323233,2
0.5779569892473118,0.701375245579568,0.5726681127982647,0.5099457504520795,0.4545454545454544,1
0.41263440860215056,0.552062868369352,0.09110629067245124,0.28390596745027114,0.5535353535353534,2
0.510752688172043,0.2711198428290768,0.5379609544468548,0.694394213381555,0.48080808080808063,2
0.45161290322580633,0.4381139489194501,0.7678958785249458,0.3960216998191681,0.32323232323232315,1
0.8346774193548385,0.3516699410609038,0.7440347071583515,0.6925858951175408,1.0,2
0.2123655913978494,0.3064833005893914,0.2668112798264644,0.19529837251356244,0.28888888888888875,2
0.26881720430107525,0.3497053045186642,0.2624728850325381,0.2278481012658228,0.30909090909090897,2
0.4623655913978495,0.4007858546168959,0.3882863340563992,0.5009041591320071,0.6727272727272725,2
0.24731182795698922,0.10216110019646397,0.3383947939262474,0.2712477396021701,0.4727272727272727,2
0.5349462365591398,0.6011787819253442,0.7505422993492409,0.5786618444846294,0.5717171717171715,1
0.22849462365591397,0.4479371316306485,0.14967462039045562,0.15551537070524413,0.30707070707070705,2
0.06451612903225802,0.05304518664047184,0.18004338394793948,0.0524412296564195,0.11717171717171708,2
0.08870967741935486,0.20235756385068782,0.18221258134490248,0.027124773960216998,0.09090909090909088,2
0.20430107526881722,0.3850687622789788,0.24295010845986986,0.22242314647377945,0.3111111111111111,2
0.4408602150537634,0.6738703339882123,0.5921908893709329,0.4448462929475588,0.33333333333333326,1
0.4381720430107526,0.5658153241650297,0.5856832971800433,0.5009041591320071,0.3878787878787878,1
0.26075268817204295,0.30255402750491167,0.3340563991323211,0.2549728752260398,0.3373737373737373,2
0.6155913978494623,0.5756385068762281,0.49023861171366606,0.49005424954792043,0.6505050505050504,2
0.21102150537634412,0.5500982318271119,0.2516268980477225,0.08137432188065098,0.23434343434343444,2
0.48118279569892464,0.6542239685658154,0.5943600867678959,0.3996383363471971,0.4181818181818181,1
0.7983870967741936,0.7760314341846758,0.8568329718004337,0.7522603978300181,0.5777777777777778,1
0.25403225806451607,0.3516699410609038,0.30368763557483724,0.22061482820976483,0.37979797979797963,2
0.1881720430107527,0.20235756385068782,0.21258134490238634,0.2278481012658228,0.3878787878787878,2
0.6169354838709677,0.5756385068762281,0.7396963123644252,0.7233273056057867,0.521212121212121,1
0.25940860215053757,0.4479371316306485,0.4099783080260304,0.2567811934900541,0.24646464646464644,1
0.5712365591397849,0.6404715127701379,0.7505422993492409,0.5587703435804701,0.4282828282828282,1
0.2567204301075269,0.5009823182711198,0.23861171366594355,0.17540687160940316,0.4101010101010099,2
0.5053763440860214,0.7229862475442045,0.6832971800433838,0.4358047016274864,0.3676767676767676,1
0.45026881720430106,0.25147347740667997,0.4663774403470715,0.3924050632911391,0.515151515151515,2
0.15591397849462366,0.3516699410609038,0.24078091106290686,0.17540687160940316,0.23434343434343444,2
0.5322580645161289,0.7229862475442045,0.4533622559652929,0.35443037974683544,0.42424242424242414,1
0.4032258064516129,0.5952848722986249,0.43167028199566165,0.4177215189873418,0.2767676767676767,1
0.31586021505376344,0.552062868369352,0.36659436008676793,0.21880650994575046,0.4060606060606061,2
0.6814516129032258,0.6267190569744597,0.8698481561822126,0.9801084990958407,0.5555555555555554,1
0.26881720430107525,0.4263261296660121,0.27982646420824303,0.16998191681735983,0.37979797979797963,2
0.23118279569892475,0.29273084479371325,0.23861171366594355,0.2278481012658228,0.26464646464646474,2
0.7029569892473118,0.8015717092337918,0.9544468546637742,0.6654611211573237,0.4949494949494948,1
0.24596774193548382,0.3398821218074658,0.3080260303687636,0.21518987341772147,0.30101010101010106,2
0.11021505376344089,0.2946954813359528,0.06941431670282,0.08499095840867997,0.17373737373737386,2
0.1747311827956989,0.29076620825147365,0.16485900216919755,0.0940325497287523,0.3050505050505051,2
0.11021505376344089,0.25147347740667997,0.1865509761388288,0.08679927667269446,0.22626262626262625,2
0.09543010752688173,0.22789783889980395,0.1952277657266811,0.016274864376130172,0.21212121212121207,2
0.217741935483871,0.4282907662082516,0.16485900216919755,0.16817359855334546,0.3373737373737373,2
0.22849462365591397,0.25147347740667997,0.3188720173535792,0.22603978300180844,0.3616161616161616,2
