0.2511415525114155,0.3931552587646077,0.0,0.6526946107784432,0.0,0.5011627906976743,0.3913697942799799,0.07417582417582418,2
0.5034246575342466,0.41346688925987757,0.0,0.5113772455089821,0.2639751552795031,0.436046511627907,0.28976417461113896,0.07417582417582418,1
0.25232876712328767,0.0,0.5015992003998001,0.2999600798403193,0.2704968944099379,0.6011627906976743,0.7766934269944807,0.07417582417582418,2
0.25511415525114156,0.0,0.8732633683158422,0.2637924151696606,0.31552795031055897,0.7340116279069767,0.4574761665830407,0.07417582417582418,2
0.25511415525114156,0.0,0.8732633683158422,0.2637924151696606,0.31552795031055897,0.7340116279069767,0.4574761665830407,0.1510989010989011,2
0.6461187214611872,0.0,0.0,0.5129740518962076,0.0,0.4796511627906977,0.42398394380331156,0.0,3
0.6461187214611872,0.0,0.0,0.5129740518962076,0.0,0.4796511627906977,0.42398394380331156,0.016483516483516484,3
0.49497716894977173,0.5912632164718976,0.0,0.2710578842315368,0.4440993788819876,0.14854651162790705,0.718514801806322,0.005494505494505495,3
0.26536529680365295,0.152031163049527,0.6185907046476762,0.15169660678642716,0.3698757763975155,0.7985465116279071,0.4984194681384846,0.03571428571428571,2
0.908675799086758,0.0,0.0,0.624750499001996,0.0,0.9418604651162791,0.0476668339187155,0.03571428571428571,2
0.863013698630137,0.0,0.0,0.5608782435129741,0.0,0.39244186046511625,0.31861515303562465,0.2445054945054945,1
0.3378995433789954,0.0,0.47821089455272364,0.5243113772455089,0.1717391304347826,0.45308139534883723,0.6702709483191168,0.27197802197802196,2
0.09520547945205476,0.47356705620478573,0.6626686656671664,0.5576846307385229,0.2639751552795031,0.038081395348837276,0.5301053687907675,0.07417582417582418,2
0.9657534246575342,0.0,0.0,0.5369261477045908,0.0,0.9418604651162791,0.0476668339187155,0.07417582417582418,1
0.44246575342465755,0.0,0.0,0.5105788423153692,0.0,0.8441860465116282,0.4397892624184645,0.016483516483516484,3
0.4931506849315068,0.0,0.6296851574212894,0.7045908183632734,0.18633540372670807,0.1744186046511628,0.35875564475664823,0.07417582417582418,2
0.7374429223744292,0.29577072899276574,0.0,0.25349301397205587,0.5124223602484471,0.14854651162790705,0.7353236327145007,0.24725274725274726,1
0.27479452054794523,0.0,0.4831084457771115,0.5392415169660678,0.13850931677018632,0.48279069767441873,0.6932262920220773,0.03571428571428571,3
0.8515981735159818,0.0,0.0,0.3213572854291417,0.29503105590062106,0.7063953488372093,0.1705970898143502,0.07417582417582418,1
0.6335616438356164,0.42070116861435725,0.0,0.25668662674650705,0.4937888198757764,0.9688953488372092,0.02759658805820371,0.016483516483516484,2
0.1141552511415525,0.0,0.559720139930035,0.49700598802395207,0.24844720496894407,0.5552325581395349,0.5569493226292022,0.07417582417582418,3
0.6506849315068494,0.05564830272676684,0.46976511744127936,0.281437125748503,0.43260869565217386,0.39825581395348836,0.6297039638735574,0.016483516483516484,2
0.5949771689497717,0.5258764607679466,0.0,0.34451097804391223,0.3602484472049689,0.417732558139535,0.40592072252885086,0.1510989010989011,1
0.3999771689497717,0.2721758486366166,0.12223888055972015,0.31097804391217554,0.3475155279503105,0.7578488372093024,0.4728048168590066,0.07417582417582418,1
0.25515981735159815,0.27284362826933783,0.12253873063468267,0.47896207584830347,0.20652173913043478,0.7703488372093024,0.4804816859006522,0.005494505494505495,3
0.1872146118721461,0.2392877017250974,0.9495252373813093,0.7285429141716567,0.18633540372670807,0.3546511627906977,0.07275464124435524,0.07417582417582418,3
0.2667808219178082,0.0,0.6203398300849575,0.2933333333333334,0.35186335403726704,0.8072674418604653,0.5040391369794279,0.07417582417582418,2
0.11643835616438356,0.4034501947690596,0.5647176411794103,0.4491017964071856,0.24844720496894407,0.5843023255813954,0.2383341695935775,0.07417582417582418,3
0.4269406392694064,0.3728436282693378,0.0,0.5848303393213573,0.18633540372670807,0.35755813953488375,0.4164576016056196,0.07417582417582418,2
0.634703196347032,0.2643294379521425,0.0,0.8483033932135728,0.0,0.3808139534883721,0.0,0.2445054945054945,2
0.3995433789954338,0.325542570951586,0.4547726136931534,0.5528942115768463,0.21739130434782608,0.42151162790697677,0.1806322127446061,0.07417582417582418,2
0.15269406392694063,0.11747356705620479,0.6209395302348826,0.292055888223553,0.33633540372670806,0.8133720930232556,0.5071500250878073,0.1510989010989011,2
0.43002283105022837,0.0,0.48065967016491756,0.3699001996007985,0.2922360248447205,0.4656395348837208,0.6798795785248369,0.1510989010989011,2
0.7374429223744292,0.29577072899276574,0.0,0.23672654690618766,0.577639751552795,0.39244186046511625,0.5260913196186654,0.07417582417582418,1
0.22054794520547943,0.3683917640511965,0.0,0.5608782435129741,0.0,0.5156976744186046,0.58078273958856,0.2445054945054945,2
0.18123287671232877,0.0,0.8346326836581709,0.3819560878243513,0.23478260869565215,0.7401162790697672,0.46111389864525826,0.1510989010989011,2
0.7374429223744292,0.29577072899276574,0.0,0.25349301397205587,0.5124223602484471,0.14854651162790705,0.7353236327145007,0.016483516483516484,1
0.1415525114155251,0.45353366722314975,0.63968015992004,0.6007984031936128,0.24844720496894407,0.46511627906976744,0.11791269443050677,0.07417582417582418,3
0.4269406392694064,0.0,0.0,0.5608782435129741,0.0,0.32616279069767456,0.7558956347215252,0.2445054945054945,2
0.17358447488584475,0.3611574846967168,0.592703648175912,0.46459081836327343,0.11086956521739129,0.5997093023255813,0.38334169593577505,0.005494505494505495,3
0.9657534246575342,0.0,0.0,0.5369261477045908,0.0,0.9418604651162791,0.0476668339187155,0.005494505494505495,2
0.42077625570776256,0.5589872008903729,0.0,0.18323353293413164,0.3478260869565217,0.5918604651162791,0.5260913196186654,0.016483516483516484,2
0.1095890410958904,0.6588759042849194,0.0,0.4155688622754492,0.3695652173913043,0.7799418604651162,0.20270948319116897,0.07417582417582418,2
0.2317351598173516,0.37757373400111294,0.0,0.5105788423153692,0.0,0.8000000000000002,0.41470145509282474,0.07417582417582418,3
0.18123287671232877,0.0,0.8346326836581709,0.3819560878243513,0.23478260869565215,0.7401162790697672,0.46111389864525826,0.27197802197802196,2
0.18242009132420092,0.7590428491930997,0.0,0.5105788423153692,0.0,0.6145348837209301,0.3018063221274459,0.07417582417582418,3
0.18123287671232877,0.0,0.8346326836581709,0.3819560878243513,0.23478260869565215,0.7401162790697672,0.46111389864525826,0.03571428571428571,3
0.5091324200913242,0.0,0.0,0.49700598802395207,0.0,0.7616279069767442,0.47415955845459107,0.07417582417582418,2
1.0,0.0,0.0,0.4091816367265469,0.0,0.9418604651162791,0.0476668339187155,0.016483516483516484,1
0.6461187214611872,0.0,0.6796601699150425,0.2894211576846307,0.6211180124223602,0.29651162790697677,0.43652784746613144,0.07417582417582418,1
0.10730593607305935,0.6566499721758486,0.0,0.43313373253493015,0.40372670807453415,0.13372093023255813,0.7501254390366282,0.07417582417582418,2
0.3378995433789954,0.0,0.0,0.4810379241516966,0.0,0.8691860465116279,0.566984445559458,0.016483516483516484,3
0.5662100456621004,0.0,0.0,0.6487025948103793,0.0,0.502906976744186,0.45408931259407925,0.1510989010989011,2
0.5639269406392694,0.0,0.0,0.5608782435129741,0.0,0.7151162790697675,0.5318615153035624,0.49175824175824173,2
0.7351598173515982,0.06121313299944352,0.6596701649175413,0.36926147704590817,0.27701863354037265,0.061046511627906974,0.3913697942799799,0.005494505494505495,2
0.4269406392694064,0.0,0.0,0.5608782435129741,0.0,0.32616279069767456,0.7558956347215252,0.07417582417582418,3
0.2577625570776256,0.14969393433500278,0.6091454272863568,0.27049900199600796,0.29844720496894406,0.6200581395348835,0.46808830908178634,0.005494505494505495,3
0.4817351598173516,0.0,0.5647176411794103,0.4491017964071856,0.24844720496894407,0.5843023255813954,0.2383341695935775,0.07417582417582418,2
0.42077625570776256,0.5589872008903729,0.0,0.18323353293413164,0.3478260869565217,0.5918604651162791,0.5260913196186654,0.005494505494505495,3
0.3424657534246575,0.0,0.0,0.5049900199600799,0.0,0.9011627906976745,0.476668339187155,0.07417582417582418,3
0.3431735159817352,0.0,0.4935032483758121,0.19560878243512975,0.4400621118012422,0.542906976744186,0.7401154039136979,0.03571428571428571,2
0.2545662100456621,0.0,0.8707646176911545,0.29908183632734536,0.362111801242236,0.7052325581395347,0.44631209232313085,0.07417582417582418,2
0.0867579908675799,0.37006121313299944,0.5147426286856572,0.624750499001996,0.21739130434782608,0.33430232558139533,0.3988961364776718,0.07417582417582418,2
0.5415525114155251,0.0,0.0,0.5105788423153692,0.0,0.7796511627906978,0.40215755143000487,0.07417582417582418,2
0.3059360730593607,0.0,0.0,0.5768463073852296,0.0,0.48546511627906974,0.7300551931761163,0.03571428571428571,3
0.5385844748858447,0.5258764607679466,0.0,0.4243512974051897,0.29503105590062106,0.417732558139535,0.40592072252885086,0.016483516483516484,2
0.11187214611872145,0.0,0.9245377311344328,0.36127744510978044,0.49689440993788814,0.7936046511627907,0.2107375815353738,0.07417582417582418,3
0.5061643835616438,0.7868670005564831,0.0,0.49540918163672665,0.3198757763975155,0.4119186046511629,0.16532865027596583,0.1510989010989011,1
0.7853881278538812,0.06677796327212021,0.3948025987006497,0.3213572854291417,0.36149068322981365,0.48255813953488375,0.2960361264425489,0.07417582417582418,1
0.5228310502283106,0.0,0.0,0.5608782435129741,0.0,0.5145348837209303,0.5795283492222779,0.49175824175824173,2
0.1095890410958904,0.659432387312187,0.0,0.4171656686626746,0.37267080745341613,0.7790697674418605,0.20321123933768187,0.07417582417582418,2
0.6573059360730593,0.5258764607679466,0.0,0.19281437125748507,0.6832298136645962,0.417732558139535,0.40592072252885086,0.07417582417582418,1
0.33835616438356164,0.4641068447412355,0.0,0.6526946107784432,0.0,0.5133720930232559,0.25112895132965385,0.2445054945054945,2
0.3424657534246575,0.0,0.0,0.5049900199600799,0.0,0.9011627906976745,0.476668339187155,0.07417582417582418,3
0.20168949771689498,0.0,0.6255872063968017,0.3201596806387225,0.306832298136646,0.8345930232558136,0.5233065730055194,0.03571428571428571,3
0.4840182648401826,0.4034501947690596,0.5647176411794103,0.45708582834331335,0.24844720496894407,0.19767441860465115,0.24084295032614148,0.07417582417582418,2
0.13013698630136986,0.52031163049527,0.0,0.43313373253493015,0.3416149068322981,0.5494186046511628,0.4892122428499749,0.07417582417582418,2
0.14840182648401826,0.209794101279911,0.8345827086456772,0.33756487025948106,0.24565217391304345,0.5997093023255813,0.44179628700451584,0.27197802197802196,1
0.12054794520547948,0.0,0.7136431784107947,0.5712574850299402,0.2826086956521739,0.7162790697674422,0.2576517812343202,0.07417582417582418,3
0.2962328767123288,0.0,0.6077961019490256,0.4168463073852296,0.208695652173913,0.7424418604651165,0.4627446061214251,0.03571428571428571,3
0.6643835616438356,0.0,0.0,0.5608782435129741,0.0,0.4058139534883722,0.4806823883592574,0.016483516483516484,3
0.3059360730593607,0.0,0.0,0.5688622754491018,0.0,0.48546511627906974,0.7300551931761163,1.0,3
0.2667808219178082,0.0,0.6203398300849575,0.2933333333333334,0.35186335403726704,0.8072674418604653,0.5040391369794279,0.1510989010989011,2
0.14383561643835616,0.3575403450194769,0.6601699150424788,0.42562874251497007,0.2509316770186335,0.5953488372093022,0.38283993978926245,0.27197802197802196,1
0.1050228310502283,0.48692264885920983,0.0,0.3932135728542914,0.06211180124223602,0.5784883720930233,0.5870546914199699,0.07417582417582418,3
0.14383561643835616,5.564830272676684e-5,0.7174912543728136,0.33580838323353296,0.0,0.5947674418604652,0.7699448068238834,0.27197802197802196,2
0.44557077625570785,0.0,0.5874062968515743,0.42355289421157694,0.29565217391304344,0.644767441860465,0.4000250878073257,0.005494505494505495,3
0.26536529680365295,0.152031163049527,0.6185907046476762,0.15169660678642716,0.3698757763975155,0.7985465116279071,0.4984194681384846,0.27197802197802196,1
0.541095890410959,0.0,0.0,0.6007984031936128,0.0,0.48546511627906974,0.4691419969894631,0.016483516483516484,3
0.7374429223744292,0.29577072899276574,0.0,0.25349301397205587,0.5124223602484471,0.14854651162790705,0.7353236327145007,0.07417582417582418,1
0.634703196347032,0.2643294379521425,0.0,0.8483033932135728,0.0,0.3808139534883721,0.0,0.016483516483516484,2
0.4063926940639269,0.3589315525876461,0.49975012493753124,0.40119760479041916,0.2795031055900621,0.06976744186046512,0.5293527345709985,0.07417582417582418,1
0.5662100456621004,0.0,0.0,0.6487025948103793,0.0,0.502906976744186,0.45408931259407925,0.49175824175824173,2
0.908675799086758,0.0,0.0,0.624750499001996,0.0,0.9418604651162791,0.0476668339187155,0.016483516483516484,2
0.20168949771689498,0.0,0.6255872063968017,0.3201596806387225,0.306832298136646,0.8345930232558136,0.5233065730055194,0.1510989010989011,2
0.14383561643835616,0.3575403450194769,0.6601699150424788,0.42562874251497007,0.2509316770186335,0.5953488372093022,0.38283993978926245,0.07417582417582418,2
0.3107305936073059,0.0,0.0,0.5105788423153692,0.0,0.9238372093023255,0.48996487706974395,0.07417582417582418,3
0.27479452054794523,0.0,0.4831084457771115,0.5392415169660678,0.13850931677018632,0.48279069767441873,0.6932262920220773,0.27197802197802196,2
0.22054794520547943,0.3683917640511965,0.0,0.5608782435129741,0.0,0.5156976744186046,0.58078273958856,0.005494505494505495,3
0.2550684931506849,0.2728158041179744,0.12248875562218892,0.47872255489021964,0.21304347826086956,0.769767441860465,0.4801304565980933,0.005494505494505495,3
0.39513698630136984,0.0,0.6064467766116941,0.3012375249500997,0.3074534161490683,0.7343023255813951,0.4603612644254892,0.005494505494505495,3
0.11643835616438356,0.4034501947690596,0.5647176411794103,0.4491017964071856,0.24844720496894407,0.19186046511627908,0.5770195684897139,0.07417582417582418,3
0.2317351598173516,0.37757373400111294,0.0,0.5105788423153692,0.0,0.8000000000000002,0.41470145509282474,0.016483516483516484,3
0.341027397260274,0.0,0.5910544727636182,0.5325349301397204,0.19720496894409936,0.6610465116279073,0.41076266934269945,0.03571428571428571,3
0.3013698630136986,0.43405676126878134,0.0,0.5369261477045908,0.18167701863354035,0.5232558139534884,0.4164576016056196,0.07417582417582418,2
0.2009132420091324,0.528658875904285,0.0,0.8483033932135728,0.0,0.3808139534883721,0.190667335674862,0.49175824175824173,2
0.08584474885844748,0.5826377295492488,0.0,0.5608782435129741,0.0,0.7151162790697675,0.53411941796287,0.005494505494505495,3
0.228310502283105,0.03060656649972176,0.704647676161919,0.6726546906187625,0.053416149068322975,0.40988372093023256,0.5193176116407425,0.07417582417582418,3
0.3079908675799087,0.25514746800222593,0.35732133933033483,0.9992015968063873,0.18633540372670807,0.15087209302325574,0.25439036628198686,0.07417582417582418,2
0.2962328767123288,0.0,0.6077961019490256,0.4168463073852296,0.208695652173913,0.7424418604651165,0.4627446061214251,0.005494505494505495,3
0.7374429223744292,0.29577072899276574,0.0,0.23672654690618766,0.577639751552795,0.39244186046511625,0.5260913196186654,0.016483516483516484,2
0.12100456621004566,0.0,0.7146426786606697,0.5688622754491018,0.2795031055900621,0.7151162790697675,0.2584044154540893,0.07417582417582418,3
0.18698630136986302,0.3411240957150807,0.0,0.6526946107784432,0.0,0.45988372093023266,0.5168088309081786,0.016483516483516484,3
0.4840182648401826,0.0,0.5647176411794103,0.3852295409181637,0.3105590062111801,0.36046511627906974,0.47415955845459107,0.07417582417582418,2
0.8515981735159818,0.0,0.29485257371314344,0.16167664670658682,0.05900621118012422,0.8633720930232558,0.11791269443050677,0.07417582417582418,1
0.14840182648401826,0.209794101279911,0.8345827086456772,0.33756487025948106,0.24565217391304345,0.5997093023255813,0.44179628700451584,0.03571428571428571,2
0.5949771689497717,0.5258764607679466,0.0,0.34451097804391223,0.3602484472049689,0.417732558139535,0.40592072252885086,0.07417582417582418,1
0.769406392694064,0.4924874791318865,0.0,0.5129740518962076,0.3447204968944099,0.24389534883720923,0.28575012543903655,0.016483516483516484,1
0.2962328767123288,0.0,0.6077961019490256,0.4168463073852296,0.208695652173913,0.7424418604651165,0.4627446061214251,0.27197802197802196,2
0.4422602739726027,0.0,0.4779610194902549,0.3975249500998003,0.2754658385093167,0.4480813953488372,0.665328650275966,0.03571428571428571,2
0.4634703196347032,0.0,0.49975012493753124,0.592814371257485,0.3105590062111801,0.45930232558139533,0.2784746613146011,0.07417582417582418,2
0.8881278538812786,0.07234279354479689,0.6146926536731634,0.7045908183632734,0.12204968944099379,0.23546511627906977,0.26342197691921726,0.1510989010989011,1
0.1141552511415525,0.4952698942682249,0.6946526736631684,0.36926147704590817,0.5590062111801242,0.41569767441860467,0.2533868539889613,0.07417582417582418,2
0.12100456621004566,0.5091819699499166,0.0,0.5688622754491018,0.2795031055900621,0.22093023255813954,0.6874059207225288,0.07417582417582418,3
0.0,0.4257095158597663,0.0,0.5608782435129741,0.0,0.25,0.8730556949322629,0.016483516483516484,3
0.44557077625570785,0.0,0.5874062968515743,0.42355289421157694,0.29565217391304344,0.644767441860465,0.4000250878073257,0.07417582417582418,2
0.34203196347031967,0.0,0.4994502748625687,0.19473053892215558,0.38354037267080743,0.5959302325581395,0.7670847967887606,0.07417582417582418,2
0.3995433789954338,0.0,0.0,0.5528942115768463,0.0,0.48546511627906974,0.6573005519317612,0.07417582417582418,3
0.6461187214611872,0.0,0.0,0.5129740518962076,0.0,0.4796511627906977,0.42398394380331156,0.03571428571428571,3
0.863013698630137,0.0,0.0,0.5608782435129741,0.0,0.39302325581395364,0.29653788258906183,0.07417582417582418,2
0.365296803652968,0.30884808013355597,0.42978510744627685,0.5848303393213573,0.15527950310559005,0.27325581395348836,0.34872052182639235,0.07417582417582418,2
0.6735159817351598,0.047857540345019475,0.7896051974012994,0.36127744510978044,0.6459627329192547,0.48255813953488375,0.09784244856999498,0.07417582417582418,1
0.621689497716895,0.0,0.0,0.546506986027944,0.20807453416149066,0.6168604651162792,0.34219769192172594,0.07417582417582418,2
0.21159817351598176,0.0,0.5023488255872064,0.3865868263473053,0.23229813664596272,0.5726744186046512,0.772202709483191,0.1510989010989011,2
0.4269406392694064,0.0,0.0,0.5608782435129741,0.0,0.32616279069767456,0.7558956347215252,0.005494505494505495,3
0.10730593607305935,0.327212020033389,0.45827086456771615,0.4882235528942116,0.22049689440993786,0.4430232558139534,0.4673858504766682,0.07417582417582418,3
0.8515981735159818,0.330550918196995,0.0,0.4738522954091816,0.2763975155279503,0.14854651162790705,0.47039638735574507,0.1510989010989011,1
0.34269406392694063,0.27017250973845297,0.3778110944527736,0.5752495009980041,0.2577639751552795,0.1002906976744186,0.5704967385850476,0.07417582417582418,2
0.48356164383561645,0.0,0.5627186406796602,0.38443113772455095,0.3136645962732919,0.36133720930232544,0.4739086803813346,0.07417582417582418,2
0.6506849315068494,0.05564830272676684,0.46976511744127936,0.281437125748503,0.4447204968944099,0.39825581395348836,0.6297039638735574,0.07417582417582418,1
0.7374429223744292,0.29577072899276574,0.0,0.25349301397205587,0.5124223602484471,0.14854651162790705,0.7353236327145007,0.005494505494505495,2
0.8515981735159818,0.330550918196995,0.0,0.4738522954091816,0.2763975155279503,0.14854651162790705,0.47039638735574507,0.016483516483516484,1
0.3059360730593607,0.43683917640511966,0.0,0.5608782435129741,0.0,0.49883720930232567,0.3891118916206724,0.016483516483516484,3
0.39513698630136984,0.0,0.6064467766116941,0.3012375249500997,0.3074534161490683,0.7343023255813951,0.4603612644254892,0.1510989010989011,1
0.1232876712328767,0.6761268781302171,0.0,0.46506986027944114,0.3416149068322981,0.6424418604651163,0.26091319618665326,0.07417582417582418,2
0.2876712328767123,0.9518642181413468,0.0,0.5105788423153692,0.0,0.44999999999999984,0.20145509282488697,0.016483516483516484,3
0.2317351598173516,0.8494713411240958,0.0,0.6526946107784432,0.0,0.47209302325581387,0.09031610637230306,0.016483516483516484,3
0.4246575342465753,0.5342237061769617,0.0,0.5608782435129741,0.0,0.3808139534883721,0.31058705469141984,0.2445054945054945,1
0.11575342465753422,0.402615470228158,0.0,0.44990019960079836,0.24844720496894407,0.5776162790697675,0.572503763171099,0.07417582417582418,3
0.7853881278538812,0.06677796327212021,0.3948025987006497,0.3213572854291417,0.3605590062111801,0.48255813953488375,0.2960361264425489,0.07417582417582418,1
0.541095890410959,0.0,0.0,0.5049900199600799,0.0,0.7790697674418605,0.4014049172102358,0.016483516483516484,3
0.0319634703196347,0.48135781858653315,0.0,0.5608782435129741,0.0,0.31627906976744175,0.7473657802308077,0.07417582417582418,3
0.7853881278538812,0.06677796327212021,0.3948025987006497,0.3213572854291417,0.36149068322981365,0.48255813953488375,0.2960361264425489,0.1510989010989011,1
0.4155251141552511,0.041736227045075125,0.704647676161919,0.45708582834331335,0.16956521739130434,0.11918604651162791,0.5193176116407425,0.07417582417582418,2
0.4611872146118721,0.211463550361714,0.0,0.8483033932135728,0.0,0.3808139534883721,0.190667335674862,0.739010989010989,1
0.25515981735159815,0.27284362826933783,0.12253873063468267,0.47896207584830347,0.20652173913043478,0.7703488372093024,0.4804816859006522,0.27197802197802196,1
0.5,0.45631608235948806,0.0,0.5449101796407185,0.15527950310559005,0.2005813953488372,0.45158053186151526,0.07417582417582418,1
0.3106164383561644,0.0,0.47031484257871065,0.5182435129740519,0.21739130434782608,0.4328779069767441,0.634746613146011,0.03571428571428571,3
0.863013698630137,0.0,0.0,0.5608782435129741,0.0,0.39302325581395364,0.29653788258906183,0.005494505494505495,3
0.5949771689497717,0.5258764607679466,0.0,0.34451097804391223,0.3602484472049689,0.417732558139535,0.40592072252885086,0.005494505494505495,2
0.21159817351598176,0.0,0.5023488255872064,0.3865868263473053,0.23229813664596272,0.5726744186046512,0.772202709483191,0.07417582417582418,2
0.8881278538812786,0.07234279354479689,0.6146926536731634,0.6327345309381237,0.12204968944099379,0.061046511627906974,0.26342197691921726,0.005494505494505495,2
0.6232876712328768,0.2609905397885365,0.0,0.038722554890219515,0.7267080745341614,0.14854651162790705,1.0,0.1510989010989011,1
0.0776255707762557,0.545353366722315,0.4897551224387806,0.6167664670658682,0.18633540372670807,0.13372093023255813,0.47415955845459107,0.07417582417582418,3
0.46415525114155254,0.5662214802448525,0.0,0.6526946107784432,0.0,0.477906976744186,0.09282488710486703,0.005494505494505495,3
0.11164383561643837,0.0,0.91904047976012,0.3580838323353293,0.3602484472049689,0.5529069767441862,0.44706472654290025,0.07417582417582418,3
0.25232876712328767,0.0,0.5015992003998001,0.2999600798403193,0.2704968944099379,0.6011627906976743,0.7766934269944807,0.27197802197802196,2
0.12100456621004566,0.0,0.7146426786606697,0.5688622754491018,0.2795031055900621,0.22093023255813954,0.6874059207225288,0.07417582417582418,3
0.3744292237442922,0.31719532554257096,0.0,0.8483033932135728,0.0,0.3808139534883721,0.190667335674862,0.739010989010989,1
0.18273972602739724,0.12579298831385644,0.6095452273863069,0.38690618762475054,0.2543478260869565,0.7511627906976747,0.46826392373306563,0.27197802197802196,2
0.6335616438356164,0.42070116861435725,0.0,0.25668662674650705,0.4937888198757764,0.9688953488372092,0.02759658805820371,0.1510989010989011,1
0.2524429223744292,0.0,0.5016991504247876,0.30019960079840313,0.3220496894409937,0.5895348837209301,0.7771951831409933,0.1510989010989011,2
0.7853881278538812,0.06677796327212021,0.3948025987006497,0.3213572854291417,0.3605590062111801,0.48255813953488375,0.2960361264425489,0.005494505494505495,2
0.8515981735159818,0.0,0.0,0.8483033932135728,0.0,0.3808139534883721,0.0,0.016483516483516484,2
0.4255707762557077,0.33667223149693937,0.0,0.444311377245509,0.21739130434782608,0.3107558139534883,0.5908178625188159,0.07417582417582418,2
0.21159817351598176,0.0,0.5023488255872064,0.3502594810379242,0.23229813664596272,0.5970930232558139,0.7824887104867033,0.1510989010989011,2
0.3744292237442922,0.31719532554257096,0.0,0.8483033932135728,0.0,0.3808139534883721,0.190667335674862,0.07417582417582418,2
0.502283105022831,0.0,0.0,0.6487025948103793,0.0,0.502906976744186,0.5168088309081786,0.03571428571428571,3
0.7968036529680366,0.0,0.0,0.34530938123752497,0.3493788819875776,0.6656976744186046,0.37882589061716004,0.07417582417582418,1
0.3009360730593607,0.0,0.47266366816591704,0.6079041916167663,0.14183229813664597,0.4245348837209301,0.6476668339187154,0.1510989010989011,3
0.7374429223744292,0.29577072899276574,0.0,0.25349301397205587,0.5124223602484471,0.14854651162790705,0.7353236327145007,0.24725274725274726,1
0.541095890410959,0.0,0.0,0.6007984031936128,0.0,0.48546511627906974,0.4691419969894631,0.07417582417582418,2
0.3105022831050228,0.0,0.0,0.5049900199600799,0.0,0.9215116279069767,0.4892122428499749,0.07417582417582418,3
0.34203196347031967,0.0,0.4994502748625687,0.19473053892215558,0.38354037267080743,0.5959302325581395,0.7670847967887606,0.03571428571428571,2
0.4748858447488584,0.0,0.0,0.5608782435129741,0.0,0.49127906976744184,0.6422478675363773,0.9862637362637363,2
0.8378995433789954,0.3260990539788537,0.0,0.12814371257485038,1.0,0.14854651162790705,0.6184144505770195,0.016483516483516484,1
0.5228310502283106,0.0,0.0,0.5608782435129741,0.0,0.22674418604651161,0.5795283492222779,0.005494505494505495,3
0.9801369863013698,0.0,0.0,0.16007984031936137,0.8757763975155278,0.14854651162790705,0.7518815855494231,0.016483516483516484,2
0.04703196347031962,0.5116861435726211,0.0,0.6526946107784432,0.0,0.45697674418604667,0.517059708981435,0.07417582417582418,3
0.4246575342465753,0.33667223149693937,0.0,0.4411177644710579,0.21739130434782608,0.311046511627907,0.5895634721525338,0.07417582417582418,2
0.49497716894977173,0.5912632164718976,0.0,0.2710578842315368,0.4440993788819876,0.14854651162790705,0.718514801806322,0.24725274725274726,1
0.4817351598173516,0.4034501947690596,0.0,0.4491017964071856,0.24844720496894407,0.5843023255813954,0.2383341695935775,0.07417582417582418,2
0.14383561643835616,0.0,0.7496251874062969,0.4810379241516966,0.37267080745341613,0.6453488372093024,0.33868539889613647,0.07417582417582418,3
0.7431506849315068,0.13216471897607124,0.0,0.8483033932135728,0.0,0.3808139534883721,0.0,0.739010989010989,2
0.547945205479452,0.105731775180857,0.0,0.8483033932135728,0.0,0.3808139534883721,0.190667335674862,0.2445054945054945,1
0.6917808219178082,0.0,0.0,0.4251497005988024,0.0,0.9273255813953488,0.2533868539889613,0.07417582417582418,1
0.3744292237442922,0.3116304952698943,0.43478260869565216,0.4491017964071856,0.3105590062111801,0.3168604651162791,0.37882589061716004,0.07417582417582418,2
0.7351598173515982,0.06121313299944352,0.6596701649175413,0.4491017964071856,0.26335403726708073,0.061046511627906974,0.3913697942799799,0.07417582417582418,1
0.45662100456621,0.0,0.0,0.6487025948103793,0.0,0.502906976744186,0.5594581033617662,0.07417582417582418,3
0.634703196347032,0.0,0.0,0.8483033932135728,0.0,0.3808139534883721,0.190667335674862,0.49175824175824173,1
0.58675799086758,0.0528658875904285,0.704647676161919,0.25748502994011974,0.3388198757763975,0.40988372093023256,0.5193176116407425,0.016483516483516484,2
0.14383561643835616,0.3575403450194769,0.6601699150424788,0.42562874251497007,0.2509316770186335,0.5953488372093022,0.38283993978926245,0.1510989010989011,1
0.6461187214611872,0.0,0.0,0.5129740518962076,0.0,0.4796511627906977,0.42398394380331156,0.005494505494505495,3
0.48242009132420094,0.7295492487479132,0.0,0.4291417165668663,0.26708074534161486,0.7148255813953491,0.044656297039638616,0.005494505494505495,2
0.07077625570776255,0.5843071786310517,0.0,0.592814371257485,0.09316770186335403,0.43023255813953487,0.5042649272453588,0.07417582417582418,2
0.3899543378995434,0.2924318308291597,0.40879560219890054,0.702195608782435,0.2795031055900621,0.29941860465116277,0.21500250878073265,0.07417582417582418,2
0.22054794520547943,0.3683917640511965,0.0,0.5608782435129741,0.0,0.5156976744186046,0.58078273958856,0.49175824175824173,2
0.0319634703196347,0.48135781858653315,0.0,0.5608782435129741,0.0,0.31627906976744175,0.7473657802308077,0.016483516483516484,3
0.8881278538812786,0.07234279354479689,0.6146926536731634,0.7045908183632734,0.12204968944099379,0.23546511627906977,0.26342197691921726,0.016483516483516484,2
0.6543378995433791,0.27017250973845297,0.0,0.288622754491018,0.3757763975155279,0.14854651162790705,0.8321625689914702,0.1510989010989011,1
0.6378995433789953,0.0,0.0,0.5105788423153692,0.0,0.8825581395348835,0.4774209734069241,0.016483516483516484,3
0.9657534246575342,0.0,0.0,0.5369261477045908,0.0,0.9418604651162791,0.0476668339187155,0.49175824175824173,1
0.01438356164383561,0.45186421814134675,0.0,0.6526946107784432,0.0,0.3988372093023257,0.6397390868038133,0.07417582417582418,3
0.21159817351598176,0.0,0.5023488255872064,0.3865868263473053,0.23229813664596272,0.5726744186046512,0.772202709483191,0.005494505494505495,3
0.2545662100456621,0.0,0.8707646176911545,0.29908183632734536,0.362111801242236,0.7052325581395347,0.44631209232313085,0.1510989010989011,1
0.2511415525114155,0.0,0.6235882058970516,0.29740518962075846,0.2434782608695652,0.8267441860465119,0.5156547917711991,0.27197802197802196,2
0.541095890410959,0.0,0.0,0.5049900199600799,0.0,0.7790697674418605,0.4014049172102358,0.07417582417582418,2
0.15057077625570775,0.11708402893711742,0.8187406296851575,0.0,0.17763975155279502,0.7491279069767444,0.46690918213748117,0.27197802197802196,2
0.954337899543379,0.0,0.0,0.3852295409181637,0.16149068322981366,0.1569767441860465,0.6547917711991972,0.07417582417582418,1
0.39513698630136984,0.0,0.6064467766116941,0.3012375249500997,0.3074534161490683,0.7343023255813951,0.4603612644254892,0.03571428571428571,2
0.01438356164383561,0.45186421814134675,0.0,0.6526946107784432,0.0,0.3988372093023257,0.6397390868038133,0.016483516483516484,3
0.5639269406392694,0.0,0.0,0.5608782435129741,0.0,0.7412790697674418,0.5393878575012544,0.2445054945054945,2
0.5639269406392694,0.0,0.0,0.5608782435129741,0.0,0.7151162790697675,0.5318615153035624,0.07417582417582418,2
0.5662100456621004,0.0,0.0,0.6487025948103793,0.0,0.502906976744186,0.45408931259407925,0.016483516483516484,3
0.2054794520547945,0.8013355592654424,0.0,0.5608782435129741,0.0,0.37441860465116267,0.30632212744606124,0.2445054945054945,1
0.1328767123287671,0.5230940456316082,0.7316341829085458,0.6502994011976047,0.35093167701863354,0.08052325581395361,0.2902659307576519,0.07417582417582418,2
0.14794520547945209,0.6961602671118531,0.0,0.6526946107784432,0.0,0.5075581395348838,0.24736578023080788,0.016483516483516484,3
0.7374429223744292,0.29577072899276574,0.0,0.25349301397205587,0.5124223602484471,0.14854651162790705,0.7353236327145007,0.016483516483516484,1
0.4406392694063927,0.0,0.0,0.5049900199600799,0.0,0.7790697674418605,0.43903662819869543,0.016483516483516484,3
0.5639269406392694,0.0,0.0,0.5608782435129741,0.0,0.7151162790697675,0.53411941796287,0.005494505494505495,3
0.49497716894977173,0.5912632164718976,0.0,0.2710578842315368,0.4440993788819876,0.14854651162790705,0.718514801806322,0.1510989010989011,1
0.18123287671232877,0.0,0.8346326836581709,0.3819560878243513,0.23478260869565215,0.7401162790697672,0.46111389864525826,0.07417582417582418,3
0.1050228310502283,0.0,0.6846576711644178,0.2894211576846307,0.49689440993788814,0.5843023255813954,0.5920722528850978,0.07417582417582418,3
0.6643835616438356,0.0,0.0,0.5608782435129741,0.0,0.4058139534883722,0.4806823883592574,0.07417582417582418,2
0.2577625570776256,0.14969393433500278,0.6091454272863568,0.27049900199600796,0.29844720496894406,0.6200581395348835,0.46808830908178634,0.27197802197802196,1
0.3093607305936073,0.6608235948803561,0.0,0.8483033932135728,0.0,0.3808139534883721,0.0,0.739010989010989,2
0.3605022831050228,0.2799109627156372,0.39180409795102455,0.3900199600798403,0.32298136645962733,0.3915697674418606,0.4237330657300551,0.07417582417582418,1
0.6573059360730593,0.5258764607679466,0.0,0.19281437125748507,0.6832298136645962,0.417732558139535,0.40592072252885086,0.1510989010989011,1
0.5949771689497717,0.5258764607679466,0.0,0.34451097804391223,0.3602484472049689,0.417732558139535,0.40592072252885086,0.07417582417582418,1
0.3744292237442922,0.31719532554257096,0.0,0.8483033932135728,0.0,0.3808139534883721,0.190667335674862,0.2445054945054945,2
0.2237442922374429,0.37006121313299944,0.0,0.5608782435129741,0.0,0.477906976744186,0.5323632714500753,0.016483516483516484,3
0.136986301369863,0.528658875904285,0.7396301849075463,0.45708582834331335,0.5900621118012421,0.10755813953488372,0.36879076768690416,0.07417582417582418,2
0.2009132420091324,0.528658875904285,0.0,0.8483033932135728,0.0,0.3808139534883721,0.190667335674862,0.2445054945054945,2
0.3093607305936073,0.6608235948803561,0.0,0.8483033932135728,0.0,0.3808139534883721,0.0,0.2445054945054945,2
0.8378995433789954,0.3260990539788537,0.0,0.12814371257485038,1.0,0.14854651162790705,0.6184144505770195,0.24725274725274726,1
0.2545662100456621,0.0,0.8707646176911545,0.26235528942115777,0.362111801242236,0.7305232558139534,0.45529352734571,0.005494505494505495,3
0.9801369863013698,0.0,0.0,0.16007984031936137,0.8757763975155278,0.14854651162790705,0.7518815855494231,0.005494505494505495,2
0.3431735159817352,0.0,0.4935032483758121,0.19560878243512975,0.4400621118012422,0.542906976744186,0.7401154039136979,0.1510989010989011,1
0.5228310502283106,0.0,0.0,0.5608782435129741,0.0,0.6511627906976745,0.569493226292022,0.005494505494505495,3
0.25130136986301366,0.0,0.6077961019490256,0.4675449101796407,0.17670807453416149,0.7459302325581393,0.46492724535875574,0.07417582417582418,3
0.4748858447488584,0.0,0.0,0.5608782435129741,0.0,0.6133720930232558,0.5920722528850978,0.3269230769230769,2
0.14383561643835616,5.564830272676684e-5,0.7174912543728136,0.33580838323353296,0.0,0.5947674418604652,0.7699448068238834,0.03571428571428571,3
0.3107305936073059,0.0,0.0,0.5105788423153692,0.0,0.9238372093023255,0.48996487706974395,0.016483516483516484,3
0.6210045662100456,0.0,0.0,0.5449101796407185,0.21739130434782608,0.6162790697674418,0.3411941796287004,0.07417582417582418,2
0.6461187214611872,0.0,0.0,0.5129740518962076,0.0,0.4796511627906977,0.42398394380331156,0.07417582417582418,2
0.39965753424657535,0.0,0.4867066466766617,0.31017964071856285,0.3673913043478261,0.5026162790697674,0.7064977420973407,0.1510989010989011,1
0.7374429223744292,0.29577072899276574,0.0,0.25349301397205587,0.5124223602484471,0.14854651162790705,0.7353236327145007,0.24725274725274726,1
0.3059360730593607,0.0,0.0,0.5768463073852296,0.0,0.48546511627906974,0.7300551931761163,0.2445054945054945,3
0.6543378995433791,0.27017250973845297,0.0,0.288622754491018,0.3757763975155279,0.14854651162790705,0.8321625689914702,0.016483516483516484,2
0.14383561643835616,0.3575403450194769,0.6601699150424788,0.42562874251497007,0.2509316770186335,0.5953488372093022,0.38283993978926245,0.03571428571428571,2
0.3093607305936073,0.6608235948803561,0.0,0.8483033932135728,0.0,0.3808139534883721,0.0,0.49175824175824173,2
0.4246575342465753,0.5342237061769617,0.0,0.5608782435129741,0.0,0.3808139534883721,0.31058705469141984,0.016483516483516484,3
0.4817351598173516,0.4034501947690596,0.0,0.4491017964071856,0.24844720496894407,0.19186046511627908,0.5770195684897139,0.07417582417582418,2
0.48105022831050226,0.0,0.0,0.44990019960079836,0.24844720496894407,0.5776162790697675,0.572503763171099,0.07417582417582418,3
0.5949771689497717,0.5258764607679466,0.0,0.34451097804391223,0.3602484472049689,0.417732558139535,0.40592072252885086,0.24725274725274726,1
0.0,0.4257095158597663,0.0,0.5608782435129741,0.0,0.25,0.8730556949322629,0.2445054945054945,3
1.0,0.0,0.0,0.4091816367265469,0.0,0.9418604651162791,0.0476668339187155,0.739010989010989,1
0.21159817351598176,0.0,0.5023488255872064,0.3865868263473053,0.23229813664596272,0.5726744186046512,0.772202709483191,0.27197802197802196,2
0.4155251141552511,0.041736227045075125,0.704647676161919,0.45708582834331335,0.16956521739130434,0.11918604651162791,0.5193176116407425,0.016483516483516484,3
0.7351598173515982,0.06121313299944352,0.6596701649175413,0.4491017964071856,0.26335403726708073,0.061046511627906974,0.3913697942799799,0.016483516483516484,2
0.14920091324200913,0.36143572621035064,0.6427786106946527,0.4288223552894212,0.2419254658385093,0.5968023255813952,0.38283993978926245,0.1510989010989011,1
0.5639269406392694,0.0,0.0,0.5608782435129741,0.0,0.7412790697674418,0.5393878575012544,0.016483516483516484,3
0.5639269406392694,0.0,0.0,0.5608782435129741,0.0,0.7151162790697675,0.5318615153035624,0.2445054945054945,2
0.07853881278538814,0.449638286032276,0.6286856571714143,0.39800399201596803,0.32298136645962733,0.3534883720930233,0.4274962368289011,0.07417582417582418,2
0.45159817351598175,0.0,0.5987006496751625,0.716566866267465,0.3074534161490683,0.22441860465116292,0.33517310587054694,0.07417582417582418,3
0.4474885844748858,0.38119087367835286,0.5347326336831585,0.6327345309381237,0.18633540372670807,0.2238372093023256,0.1530356246864024,0.07417582417582418,1
0.4929223744292237,0.0,0.632183908045977,0.702195608782435,0.17701863354037267,0.17296511627906977,0.3577521324636227,0.07417582417582418,2
0.20168949771689498,0.0,0.6255872063968017,0.35816367265469073,0.306832298136646,0.8081395348837209,0.5140491721023581,0.1510989010989011,2
0.9452054794520548,0.0,0.0,0.3213572854291417,0.25652173913043474,0.0,0.5218263923733065,0.07417582417582418,2
0.5009132420091323,0.0,0.6391804097951025,0.48502994011976047,0.3571428571428571,0.20087209302325587,0.46588058203713006,0.07417582417582418,2
0.3650684931506849,0.3074568725653868,0.4302848575712144,0.5880239520958084,0.15527950310559005,0.2738372093023257,0.3477170095333668,0.07417582417582418,2
0.6573059360730593,0.5258764607679466,0.0,0.19281437125748507,0.6832298136645962,0.417732558139535,0.40592072252885086,0.016483516483516484,1
0.10730593607305935,0.38675570395102954,0.5447276361819091,0.5688622754491018,0.18633540372670807,0.26453488372093026,0.46663321625689913,0.07417582417582418,3
0.4863013698630137,0.38119087367835286,0.0,0.18562874251497005,0.18322981366459626,0.9563953488372093,0.37882589061716004,0.07417582417582418,1
0.5639269406392694,0.0,0.0,0.5608782435129741,0.0,0.7151162790697675,0.5318615153035624,0.005494505494505495,3
0.6255707762557078,0.0,0.0,0.741317365269461,0.0,0.5886627906976745,0.4223783241344707,0.07417582417582418,2
0.4429223744292237,0.0,0.0,0.5608782435129741,0.0,0.8255813953488372,0.4290015052684395,0.07417582417582418,3
0.6506849315068494,0.05564830272676684,0.46976511744127936,0.281437125748503,0.3605590062111801,0.39825581395348836,0.6297039638735574,0.016483516483516484,2
0.15593607305936075,0.43266555370061216,0.0,0.5105788423153692,0.0,0.6558139534883718,0.32689412945308566,0.07417582417582418,3
0.1052511415525114,0.0,0.6826586706646677,0.29021956087824347,0.5,0.583720930232558,0.5923231309583543,0.07417582417582418,3
0.22054794520547943,0.3683917640511965,0.0,0.5608782435129741,0.0,0.5156976744186046,0.58078273958856,0.9862637362637363,2
0.8515981735159818,0.330550918196995,0.0,0.4738522954091816,0.2763975155279503,0.14854651162790705,0.47039638735574507,0.07417582417582418,1
0.0897260273972603,0.5898720089037285,0.0,0.6526946107784432,0.0,0.4965116279069766,0.3876066231811339,0.2445054945054945,2
0.6232876712328768,0.2609905397885365,0.0,0.038722554890219515,0.7267080745341614,0.14854651162790705,1.0,0.016483516483516484,2
0.634703196347032,0.2643294379521425,0.0,0.8483033932135728,0.0,0.3808139534883721,0.0,0.739010989010989,2
0.0897260273972603,0.5898720089037285,0.0,0.6526946107784432,0.0,0.4965116279069766,0.3876066231811339,0.07417582417582418,2
0.08584474885844748,0.5826377295492488,0.0,0.5608782435129741,0.0,0.7151162790697675,0.53411941796287,0.07417582417582418,2
0.6335616438356164,0.42070116861435725,0.0,0.25668662674650705,0.4937888198757764,0.9688953488372092,0.02759658805820371,0.07417582417582418,1
0.3424657534246575,0.0,0.0,0.5049900199600799,0.0,0.9011627906976745,0.476668339187155,0.016483516483516484,3
0.1461187214611872,0.7234279354479689,0.0,0.48902195608782434,0.40372670807453415,0.1686046511627907,0.5845459106874059,0.07417582417582418,2
0.6255707762557078,0.0,0.0,0.741317365269461,0.0,0.5886627906976745,0.4223783241344707,0.03571428571428571,3
0.2511415525114155,0.0,0.6235882058970516,0.29740518962075846,0.2434782608695652,0.8267441860465119,0.5156547917711991,0.03571428571428571,2
0.5639269406392694,0.0,0.0,0.5608782435129741,0.0,0.7412790697674418,0.5393878575012544,0.07417582417582418,2
0.10273972602739725,0.31997774067890933,0.4447776111944028,0.6407185628742516,0.2795031055900621,0.17151162790697674,0.5895634721525338,0.07417582417582418,3
0.07534246575342465,0.2921535893155259,0.9645177411294353,0.592814371257485,0.18633540372670807,0.47674418604651164,0.12293025589563472,0.07417582417582418,3
0.07534246575342465,0.0,0.8295852073963019,0.46506986027944114,0.3105590062111801,0.46511627906976744,0.5293527345709985,0.07417582417582418,3
0.14383561643835616,0.3575403450194769,0.6601699150424788,0.42562874251497007,0.2509316770186335,0.5953488372093022,0.38283993978926245,0.005494505494505495,3
0.5114155251141552,0.46188091263216474,0.0,0.4171656686626746,0.2795031055900621,0.23546511627906977,0.4917210235825389,0.07417582417582418,1
0.3009360730593607,0.0,0.47266366816591704,0.6079041916167663,0.14183229813664597,0.4245348837209301,0.6476668339187154,0.005494505494505495,3
1.0,0.0,0.0,0.4091816367265469,0.0,0.9418604651162791,0.0476668339187155,0.07417582417582418,1
0.07694063926940636,0.5662214802448525,0.0,0.5105788423153692,0.0,0.8000000000000002,0.41470145509282474,0.07417582417582418,3
0.20246575342465756,0.0,0.6266866566716642,0.3224750499001995,0.24130434782608692,0.8401162790697675,0.5268690416457601,0.1510989010989011,2
0.639269406392694,0.0,0.0,0.5129740518962076,0.0,0.9011627906976745,0.476668339187155,0.016483516483516484,3
0.4611872146118721,0.38953811908736785,0.0,0.7365269461077845,0.18633540372670807,0.27325581395348836,0.32112393376818865,0.07417582417582418,2
0.13196347031963473,0.6956037840845855,0.0,0.37245508982035935,0.3788819875776397,0.7218023255813952,0.23632714500752644,0.07417582417582418,2
0.14920091324200913,0.36143572621035064,0.6427786106946527,0.4288223552894212,0.2419254658385093,0.5968023255813952,0.38283993978926245,0.07417582417582418,2
0.26536529680365295,0.152031163049527,0.6185907046476762,0.15169660678642716,0.3698757763975155,0.7985465116279071,0.4984194681384846,0.07417582417582418,1
0.3999771689497717,0.2721758486366166,0.12223888055972015,0.31097804391217554,0.3475155279503105,0.7578488372093024,0.4728048168590066,0.27197802197802196,1
0.27479452054794523,0.0,0.4831084457771115,0.5392415169660678,0.13850931677018632,0.48279069767441873,0.6932262920220773,0.07417582417582418,3
0.5949771689497717,0.5258764607679466,0.0,0.34451097804391223,0.3602484472049689,0.417732558139535,0.40592072252885086,0.005494505494505495,2
0.6506849315068494,0.05564830272676684,0.46976511744127936,0.281437125748503,0.4447204968944099,0.39825581395348836,0.6297039638735574,0.005494505494505495,3
0.08584474885844748,0.5826377295492488,0.0,0.5608782435129741,0.0,0.7151162790697675,0.53411941796287,0.2445054945054945,2
0.20168949771689498,0.0,0.6255872063968017,0.35816367265469073,0.306832298136646,0.8081395348837209,0.5140491721023581,0.03571428571428571,3
0.541095890410959,0.0,0.0,0.6007984031936128,0.0,0.48546511627906974,0.4691419969894631,0.49175824175824173,2
0.7431506849315068,0.13216471897607124,0.0,0.8483033932135728,0.0,0.3808139534883721,0.0,0.2445054945054945,2
0.5799086757990868,0.3311074012242627,0.0,0.30538922155688625,0.2804347826086956,0.7558139534883721,0.15805318615153036,0.07417582417582418,1
0.4155251141552511,0.041736227045075125,0.704647676161919,0.45708582834331335,0.16956521739130434,0.11918604651162791,0.5193176116407425,0.005494505494505495,3
0.14794520547945209,0.6961602671118531,0.0,0.6526946107784432,0.0,0.5075581395348838,0.24736578023080788,0.2445054945054945,2
0.6844748858447489,0.263494713411241,0.0,0.2047904191616767,0.35403726708074534,0.42383720930232544,0.6475163070747617,0.005494505494505495,2
0.11324200913242008,0.0,0.5592203898050975,0.5001996007984032,0.2453416149068323,0.5552325581395349,0.5566984445559457,0.07417582417582418,3
0.01438356164383561,0.45186421814134675,0.0,0.6526946107784432,0.0,0.3988372093023257,0.6397390868038133,0.005494505494505495,3
0.5385844748858447,0.5258764607679466,0.0,0.4243512974051897,0.29503105590062106,0.417732558139535,0.40592072252885086,0.1510989010989011,1
0.6027397260273972,0.52031163049527,0.0,0.5528942115768463,0.21739130434782608,0.06686046511627906,0.40893125940792774,0.07417582417582418,1
0.11643835616438356,0.6649972175848637,0.0,0.624750499001996,0.18633540372670807,0.5843023255813954,0.22579026593075763,0.07417582417582418,3
0.14632420091324203,0.0,0.8159420289855073,0.436806387225549,0.13944099378881988,0.7488372093023253,0.46685900652282997,0.27197802197802196,2
0.526255707762557,0.3964941569282137,0.0,0.8483033932135728,0.0,0.3808139534883721,0.0,0.07417582417582418,2
0.541095890410959,0.0,0.0,0.6007984031936128,0.0,0.48546511627906974,0.4691419969894631,0.2445054945054945,2
0.7853881278538812,0.06677796327212021,0.3948025987006497,0.3213572854291417,0.36149068322981365,0.48255813953488375,0.2960361264425489,0.07417582417582418,2
0.863013698630137,0.0,0.0,0.5608782435129741,0.0,0.39244186046511625,0.31861515303562465,0.005494505494505495,3
0.20168949771689498,0.0,0.6255872063968017,0.35816367265469073,0.306832298136646,0.8081395348837209,0.5140491721023581,0.27197802197802196,2
0.43002283105022837,0.0,0.48065967016491756,0.3699001996007985,0.2922360248447205,0.4656395348837208,0.6798795785248369,0.03571428571428571,2
0.3059360730593607,0.0,0.0,0.5688622754491018,0.0,0.48546511627906974,0.7300551931761163,0.49175824175824173,3
0.13013698630136986,0.41457985531441294,0.5797101449275363,0.4251497005988024,0.4658385093167701,0.4418604651162791,0.3161063723030607,0.07417582417582418,3
0.908675799086758,0.0,0.0,0.624750499001996,0.0,0.9418604651162791,0.0476668339187155,0.49175824175824173,1
0.10456621004566212,0.48720089037284364,0.0,0.39481037924151685,0.06832298136645963,0.5784883720930233,0.5883090817862519,0.07417582417582418,3
0.5228310502283106,0.0,0.0,0.5608782435129741,0.0,0.6511627906976745,0.569493226292022,0.016483516483516484,3
0.46415525114155254,0.5662214802448525,0.0,0.6526946107784432,0.0,0.477906976744186,0.09282488710486703,0.07417582417582418,2
0.1050228310502283,0.0,0.9095452273863068,0.47305389221556887,0.4658385093167701,0.11046511627906977,0.7275464124435523,0.07417582417582418,3
0.8515981735159818,0.0,0.0,0.8483033932135728,0.0,0.3808139534883721,0.0,0.2445054945054945,2
0.2511415525114155,0.0,0.6235882058970516,0.29740518962075846,0.2434782608695652,0.8267441860465119,0.5156547917711991,0.07417582417582418,2
0.12968036529680368,0.662771285475793,0.0,0.5105788423153692,0.0,0.6965116279069765,0.3519819367787254,0.07417582417582418,3
0.136986301369863,0.5289371174179188,0.7401299350324837,0.4554890219560879,0.5838509316770186,0.1078488372093024,0.3697942799799297,0.07417582417582418,2
0.15057077625570775,0.11708402893711742,0.8187406296851575,0.0,0.17763975155279502,0.7491279069767444,0.46690918213748117,0.005494505494505495,3
0.7374429223744292,0.29577072899276574,0.0,0.25349301397205587,0.5124223602484471,0.14854651162790705,0.7353236327145007,0.016483516483516484,1
0.6378995433789953,0.0,0.0,0.5105788423153692,0.0,0.8825581395348835,0.4774209734069241,0.07417582417582418,3
0.639269406392694,0.0,0.0,0.5129740518962076,0.0,0.7151162790697675,0.36377320622177617,0.07417582417582418,2
0.10159817351598173,0.31886477462437396,0.44627686156921537,0.6399201596806388,0.2732919254658385,0.17151162790697674,0.5908178625188159,0.07417582417582418,3
0.3093607305936073,0.6608235948803561,0.0,0.8483033932135728,0.0,0.3808139534883721,0.0,1.0,2
0.4429223744292237,0.0,0.0,0.5129740518962076,0.0,0.8401162790697675,0.43903662819869543,0.07417582417582418,3
0.4817351598173516,0.447968836950473,0.0,0.4491017964071856,0.3105590062111801,0.3372093023255814,0.4139488208730557,0.07417582417582418,1
0.228310502283105,0.03060656649972176,0.704647676161919,0.6726546906187625,0.053416149068322975,0.40988372093023256,0.5193176116407425,0.1510989010989011,3
0.5273972602739726,0.0,0.0,0.5608782435129741,0.0,0.3784883720930234,0.6236828901154039,0.2445054945054945,2
0.2808219178082192,0.0,0.0,0.47305389221556887,0.0,0.9069767441860465,0.5995985950827897,0.07417582417582418,3
0.5949771689497717,0.5258764607679466,0.0,0.34451097804391223,0.3602484472049689,0.417732558139535,0.40592072252885086,0.016483516483516484,1
0.9657534246575342,0.0,0.0,0.5369261477045908,0.0,0.9418604651162791,0.0476668339187155,0.03571428571428571,2
0.3378995433789954,0.0,0.47821089455272364,0.5596007984031937,0.165527950310559,0.42994186046511623,0.660311088810838,0.005494505494505495,3
0.20246575342465756,0.0,0.6266866566716642,0.3224750499001995,0.24130434782608692,0.8401162790697675,0.5268690416457601,0.03571428571428571,3
0.16210045662100456,0.32276015581524764,0.0,0.5608782435129741,0.0,0.42383720930232544,0.6593075765178122,0.07417582417582418,3
0.1415525114155251,0.0,0.9995002498750625,0.47305389221556887,0.40372670807453415,0.13953488372093023,0.6322127446061214,0.07417582417582418,3
0.341027397260274,0.0,0.5910544727636182,0.5325349301397204,0.19720496894409936,0.6610465116279073,0.41076266934269945,0.005494505494505495,3
0.3493150684931507,0.0,0.0,0.5608782435129741,0.0,0.2581395348837208,0.8805820371299548,0.07417582417582418,3
0.4520547945205479,0.0,0.0,0.49700598802395207,0.0,0.7965116279069767,0.5042649272453588,0.07417582417582418,3
0.14840182648401826,0.209794101279911,0.8345827086456772,0.33756487025948106,0.24565217391304345,0.5997093023255813,0.44179628700451584,0.005494505494505495,3
0.4748858447488584,0.0,0.0,0.5608782435129741,0.0,0.49127906976744184,0.6422478675363773,0.016483516483516484,3
0.42077625570776256,0.5589872008903729,0.0,0.18323353293413164,0.3478260869565217,0.5918604651162791,0.5260913196186654,0.24725274725274726,1
0.15593607305936075,0.43266555370061216,0.0,0.5105788423153692,0.0,0.6558139534883718,0.32689412945308566,0.016483516483516484,3
0.18273972602739724,0.12579298831385644,0.6095452273863069,0.38690618762475054,0.2543478260869565,0.7511627906976747,0.46826392373306563,0.03571428571428571,3
0.6210045662100456,0.5264329437952142,0.0,0.3860279441117764,0.3136645962732919,0.3636627906976745,0.4081786251881587,0.24725274725274726,1
0.7374429223744292,0.29577072899276574,0.0,0.25349301397205587,0.5124223602484471,0.14854651162790705,0.7353236327145007,0.005494505494505495,2
0.6210045662100456,0.5264329437952142,0.0,0.3860279441117764,0.3136645962732919,0.3636627906976745,0.4081786251881587,0.016483516483516484,2
0.3995433789954338,0.0,0.0,0.5528942115768463,0.0,0.48546511627906974,0.6573005519317612,0.2445054945054945,2
0.11552511415525113,0.6641624930439621,0.0,0.624750499001996,0.19565217391304346,0.583720930232558,0.2255393878575012,0.07417582417582418,3
0.5114155251141552,0.0,0.6896551724137931,0.6167664670658682,0.3416149068322981,0.0,0.4967385850476668,0.07417582417582418,2
0.39965753424657535,0.0,0.4867066466766617,0.31017964071856285,0.3673913043478261,0.5026162790697674,0.7064977420973407,0.07417582417582418,2
0.5228310502283106,0.0,0.0,0.5608782435129741,0.0,0.6511627906976745,0.569493226292022,0.3269230769230769,2
0.3378995433789954,0.0,0.47821089455272364,0.5243113772455089,0.1717391304347826,0.45308139534883723,0.6702709483191168,0.03571428571428571,3
0.25515981735159815,0.27284362826933783,0.12253873063468267,0.47896207584830347,0.20652173913043478,0.7703488372093024,0.4804816859006522,0.03571428571428571,3
0.3981735159817351,0.32276015581524764,0.4512743628185907,0.46187624750498996,0.2763975155279503,0.20087209302325587,0.4372804816859005,0.07417582417582418,2
0.6232876712328768,0.0,0.0,0.5129740518962076,0.0,0.688953488372093,0.4114400401404917,0.07417582417582418,2
0.16068493150684932,0.03786867000556483,0.8614192903548227,0.27952095808383226,0.12857142857142856,0.5968023255813952,0.6583040642247867,0.005494505494505495,3
0.4680365296803653,0.0,0.0,0.5688622754491018,0.0,0.48546511627906974,0.5469141996989463,0.07417582417582418,3
0.3894977168949772,0.0,0.44777611194402794,0.6143712574850299,0.3291925465838509,0.37877906976744175,0.4219769192172605,0.07417582417582418,2
0.1922374429223744,0.34529771841958823,0.0,0.5105788423153692,0.0,0.8209302325581398,0.4272453587556446,0.016483516483516484,3
0.5799086757990868,0.0,0.7096451774112944,0.5688622754491018,0.3416149068322981,0.0,0.4616156547917712,0.07417582417582418,2
0.547945205479452,0.105731775180857,0.0,0.8483033932135728,0.0,0.3808139534883721,0.190667335674862,0.739010989010989,1
0.20246575342465756,0.0,0.6266866566716642,0.3224750499001995,0.24130434782608692,0.8401162790697675,0.5268690416457601,0.27197802197802196,2
0.20168949771689498,0.0,0.6255872063968017,0.3201596806387225,0.306832298136646,0.8345930232558136,0.5233065730055194,0.07417582417582418,2
0.6643835616438356,0.0,0.0,0.5608782435129741,0.0,0.40406976744186046,0.4114400401404917,0.07417582417582418,2
0.3378995433789954,0.0,0.47821089455272364,0.5596007984031937,0.165527950310559,0.42994186046511623,0.660311088810838,0.03571428571428571,3
0.16394977168949773,0.259794101279911,0.7991004497751125,0.40391217564870263,0.30217391304347824,0.5994186046511629,0.38283993978926245,0.27197802197802196,1
0.5415525114155251,0.0,0.0,0.5105788423153692,0.0,0.7796511627906978,0.40215755143000487,0.016483516483516484,3
0.14920091324200913,0.36143572621035064,0.6427786106946527,0.4288223552894212,0.2419254658385093,0.5968023255813952,0.38283993978926245,0.005494505494505495,3
0.4422602739726027,0.0,0.4779610194902549,0.3975249500998003,0.2754658385093167,0.4480813953488372,0.665328650275966,0.27197802197802196,1
0.3378995433789954,0.0,0.47821089455272364,0.5596007984031937,0.165527950310559,0.42994186046511623,0.660311088810838,0.1510989010989011,2
0.42968036529680365,0.5383973288814692,0.0,0.5105788423153692,0.0,0.5732558139534885,0.2767185148018062,0.07417582417582418,2
0.46415525114155254,0.5662214802448525,0.0,0.6526946107784432,0.0,0.477906976744186,0.09282488710486703,0.016483516483516484,3
0.2915068493150685,0.0,0.5905047476261869,0.5866666666666666,0.1903726708074534,0.6601744186046509,0.41051179126944304,0.03571428571428571,3
0.2009132420091324,0.528658875904285,0.0,0.8483033932135728,0.0,0.3808139534883721,0.190667335674862,0.739010989010989,1
0.5342465753424658,0.0,0.0,0.4810379241516966,0.09316770186335403,0.5377906976744186,0.5594581033617662,0.07417582417582418,2
0.10730593607305935,0.4257095158597663,0.9695152423788106,0.5608782435129741,0.24844720496894407,0.38953488372093026,0.07275464124435524,0.07417582417582418,3
0.4452054794520548,0.0,0.0,0.5129740518962076,0.0,0.6947674418604651,0.35122930255895635,0.016483516483516484,2
0.6543378995433791,0.27017250973845297,0.0,0.288622754491018,0.3757763975155279,0.14854651162790705,0.8321625689914702,0.005494505494505495,3
0.6844748858447489,0.263494713411241,0.0,0.2047904191616767,0.35403726708074534,0.42383720930232544,0.6475163070747617,0.24725274725274726,1
0.09817351598173515,0.0,0.6696651674162919,0.47305389221556887,0.3416149068322981,0.5174418604651163,0.5469141996989463,0.07417582417582418,3
0.7351598173515982,0.06121313299944352,0.6596701649175413,0.36926147704590817,0.27701863354037265,0.061046511627906974,0.3913697942799799,0.1510989010989011,1
0.2876712328767123,0.9518642181413468,0.0,0.5105788423153692,0.0,0.44999999999999984,0.20145509282488697,0.07417582417582418,2
0.9801369863013698,0.0,0.0,0.16007984031936137,0.8757763975155278,0.14854651162790705,0.7518815855494231,0.07417582417582418,1
0.08584474885844748,0.5826377295492488,0.0,0.5608782435129741,0.0,0.7151162790697675,0.53411941796287,0.49175824175824173,2
0.634703196347032,0.2643294379521425,0.0,0.8483033932135728,0.0,0.3808139534883721,0.0,0.49175824175824173,2
0.4748858447488584,0.0,0.0,0.5608782435129741,0.0,0.49127906976744184,0.6422478675363773,0.07417582417582418,3
0.634703196347032,0.0,0.0,0.8483033932135728,0.0,0.3808139534883721,0.190667335674862,0.2445054945054945,1
0.2524429223744292,0.0,0.5016991504247876,0.30019960079840313,0.3220496894409937,0.5895348837209301,0.7771951831409933,0.005494505494505495,3
0.1324200913242009,0.6956037840845855,0.0,0.36926147704590817,0.37267080745341613,0.7209302325581395,0.23582538886101354,0.07417582417582418,2
0.9089041095890411,0.0,0.0,0.624750499001996,0.09316770186335403,0.9401162790697677,0.04816859006522841,0.07417582417582418,2
0.09360730593607305,0.4702281580411798,0.7146426786606697,0.5528942115768463,0.24844720496894407,0.48255813953488375,0.12293025589563472,0.07417582417582418,2
0.6506849315068494,0.05564830272676684,0.46976511744127936,0.281437125748503,0.3605590062111801,0.39825581395348836,0.6297039638735574,0.1510989010989011,1
0.15269406392694063,0.11747356705620479,0.6209395302348826,0.292055888223553,0.33633540372670806,0.8133720930232556,0.5071500250878073,0.005494505494505495,3
0.11187214611872145,0.0,0.9195402298850575,0.36127744510978044,0.37267080745341613,0.5523255813953488,0.4465629703963873,0.07417582417582418,3
0.4155251141552511,0.33305509181969956,0.0,0.3716566866267466,0.22360248447204967,0.49244186046511623,0.5022579026593077,0.07417582417582418,2
0.639269406392694,0.0,0.0,0.5049900199600799,0.0,0.7151162790697675,0.36377320622177617,0.016483516483516484,3
0.6506849315068494,0.05564830272676684,0.46976511744127936,0.281437125748503,0.4447204968944099,0.39825581395348836,0.6297039638735574,0.016483516483516484,2
0.11780821917808218,0.40122426265998884,0.5612193903048476,0.7852295409181637,0.3136645962732919,0.355232558139535,0.16031108881083786,0.07417582417582418,3
0.0684931506849315,0.5759599332220368,0.8045977011494253,0.45708582834331335,0.15527950310559005,0.19186046511627908,0.3562468640240843,0.07417582417582418,2
0.15057077625570775,0.11708402893711742,0.8187406296851575,0.0,0.17763975155279502,0.7491279069767444,0.46690918213748117,0.03571428571428571,3
0.4680365296803653,0.0,0.0,0.5688622754491018,0.0,0.48546511627906974,0.5469141996989463,1.0,2
0.954337899543379,0.0,0.0,0.4251497005988024,0.16149068322981366,0.2005813953488372,0.5293527345709985,0.07417582417582418,1
0.48242009132420094,0.0,0.5647176411794103,0.4530938123752495,0.24844720496894407,0.5840116279069767,0.23758153537380844,0.07417582417582418,2
0.31095890410958904,0.4418475236505287,0.0,0.5105788423153692,0.0,0.6965116279069765,0.3519819367787254,0.016483516483516484,3
0.6506849315068494,0.05564830272676684,0.46976511744127936,0.281437125748503,0.4447204968944099,0.39825581395348836,0.6297039638735574,0.1510989010989011,1
0.3059360730593607,0.0,0.0,0.5688622754491018,0.0,0.48546511627906974,0.7300551931761163,0.016483516483516484,3
0.16394977168949773,0.259794101279911,0.7991004497751125,0.40391217564870263,0.30217391304347824,0.5994186046511629,0.38283993978926245,0.005494505494505495,3
0.2545662100456621,0.0,0.8707646176911545,0.29908183632734536,0.362111801242236,0.7052325581395347,0.44631209232313085,0.27197802197802196,1
0.5949771689497717,0.5258764607679466,0.0,0.34451097804391223,0.3602484472049689,0.417732558139535,0.40592072252885086,0.1510989010989011,1
0.3995433789954338,0.0,0.0,0.5528942115768463,0.0,0.48546511627906974,0.6573005519317612,0.03571428571428571,3
0.5662100456621004,0.0,0.0,0.6487025948103793,0.0,0.502906976744186,0.45408931259407925,0.03571428571428571,3
0.2921689497716895,0.0,0.5912543728135933,0.5885828343313373,0.14378881987577638,0.6639534883720933,0.4129202207727045,0.27197802197802196,2
0.8515981735159818,0.0,0.0,0.8483033932135728,0.0,0.3808139534883721,0.0,0.739010989010989,2
0.8881278538812786,0.07234279354479689,0.6146926536731634,0.6327345309381237,0.12204968944099379,0.061046511627906974,0.26342197691921726,0.016483516483516484,2
0.4474885844748858,0.0,0.5347326336831585,0.3373253493013972,0.40372670807453415,0.4418604651162791,0.476668339187155,0.07417582417582418,2
0.6210045662100456,0.5264329437952142,0.0,0.3860279441117764,0.3136645962732919,0.3636627906976745,0.4081786251881587,0.07417582417582418,1
0.2237442922374429,0.37006121313299944,0.0,0.5608782435129741,0.0,0.477906976744186,0.5323632714500753,0.005494505494505495,3
0.908675799086758,0.0,0.0,0.624750499001996,0.0,0.9418604651162791,0.0476668339187155,0.0,3
0.4748858447488584,0.0,0.0,0.5608782435129741,0.0,0.6133720930232558,0.5920722528850978,0.2445054945054945,2
0.58675799086758,0.0528658875904285,0.704647676161919,0.25748502994011974,0.3388198757763975,0.40988372093023256,0.5193176116407425,0.1510989010989011,1
0.3141552511415525,1.0,0.0,0.5105788423153692,0.0,0.40872093023255823,0.17636728549924724,0.016483516483516484,3
1.0,0.0,0.0,0.4091816367265469,0.0,0.9418604651162791,0.0476668339187155,0.005494505494505495,2
0.526255707762557,0.3964941569282137,0.0,0.8483033932135728,0.0,0.3808139534883721,0.0,1.0,2
0.35000000000000003,0.27490261547022815,0.3848075962018991,0.5337325349301397,0.20186335403726707,0.3430232558139535,0.389613647767185,0.07417582417582418,2
0.5796803652968036,0.0,0.7076461769115442,0.5712574850299402,0.3416149068322981,0.0011627906976743525,0.4626191670847967,0.07417582417582418,2
0.5273972602739726,0.0,0.0,0.5608782435129741,0.0,0.3784883720930234,0.6236828901154039,0.005494505494505495,3
0.3424657534246575,0.0,0.0,0.5129740518962076,0.0,0.9011627906976745,0.476668339187155,0.016483516483516484,3
0.20168949771689498,0.0,0.6255872063968017,0.3201596806387225,0.306832298136646,0.8345930232558136,0.5233065730055194,0.27197802197802196,2
0.4680365296803653,0.0,0.0,0.5688622754491018,0.0,0.48546511627906974,0.5469141996989463,0.005494505494505495,3
0.3009360730593607,0.0,0.47266366816591704,0.6079041916167663,0.14183229813664597,0.4245348837209301,0.6476668339187154,0.07417582417582418,3
0.42077625570776256,0.5589872008903729,0.0,0.18323353293413164,0.3478260869565217,0.5918604651162791,0.5260913196186654,0.1510989010989011,1
0.44703196347031965,0.3817473567056205,0.534232883558221,0.6351297405189622,0.18633540372670807,0.22499999999999992,0.15378825890617148,0.07417582417582418,1
0.8515981735159818,0.330550918196995,0.0,0.4738522954091816,0.2763975155279503,0.14854651162790705,0.47039638735574507,0.005494505494505495,2
0.7351598173515982,0.06121313299944352,0.6596701649175413,0.36926147704590817,0.27701863354037265,0.061046511627906974,0.3913697942799799,0.016483516483516484,2
0.08652968036529682,0.36894824707846413,0.5162418790604698,0.6271457085828345,0.22981366459627328,0.33430232558139533,0.39989964877069734,0.07417582417582418,2
0.49497716894977173,0.5912632164718976,0.0,0.2710578842315368,0.4440993788819876,0.14854651162790705,0.718514801806322,0.07417582417582418,1
0.25515981735159815,0.27284362826933783,0.12253873063468267,0.47896207584830347,0.20652173913043478,0.7703488372093024,0.4804816859006522,0.07417582417582418,2
0.4429223744292237,0.0,0.5347326336831585,0.7924151696606786,0.3416149068322981,0.05232558139534884,0.4616156547917712,0.07417582417582418,2
0.25511415525114156,0.0,0.8732633683158422,0.2637924151696606,0.31552795031055897,0.7340116279069767,0.4574761665830407,0.005494505494505495,3
0.2915068493150685,0.0,0.5905047476261869,0.5866666666666666,0.1903726708074534,0.6601744186046509,0.41051179126944304,0.1510989010989011,2
0.11643835616438356,0.4034501947690596,0.0,0.4491017964071856,0.24844720496894407,0.5784883720930233,0.572002007024586,0.07417582417582418,3
0.2054794520547945,0.8013355592654424,0.0,0.5608782435129741,0.0,0.37441860465116267,0.30632212744606124,0.016483516483516484,3
0.908675799086758,0.0,0.0,0.624750499001996,0.0,0.9418604651162791,0.0476668339187155,0.005494505494505495,3
0.5228310502283106,0.0,0.0,0.5608782435129741,0.0,0.6511627906976745,0.569493226292022,0.2445054945054945,2
0.25130136986301366,0.0,0.6077961019490256,0.4675449101796407,0.17670807453416149,0.7459302325581393,0.46492724535875574,0.03571428571428571,3
0.16068493150684932,0.03786867000556483,0.8614192903548227,0.27952095808383226,0.12857142857142856,0.5968023255813952,0.6583040642247867,0.1510989010989011,2
0.2089041095890411,0.8074568725653868,0.0,0.5105788423153692,0.0,0.5732558139534885,0.2767185148018062,0.016483516483516484,3
0.3093607305936073,0.6608235948803561,0.0,0.8483033932135728,0.0,0.3808139534883721,0.0,0.016483516483516484,3
0.16394977168949773,0.259794101279911,0.7991004497751125,0.40391217564870263,0.30217391304347824,0.5994186046511629,0.38283993978926245,0.03571428571428571,2
0.2317351598173516,0.8494713411240958,0.0,0.6526946107784432,0.0,0.47209302325581387,0.09031610637230306,0.2445054945054945,1
0.2712328767123288,0.4095715080690039,0.0,0.5105788423153692,0.0,0.7383720930232558,0.37706974410436517,0.016483516483516484,3
0.0897260273972603,0.5898720089037285,0.0,0.6526946107784432,0.0,0.4965116279069766,0.3876066231811339,0.016483516483516484,3
0.0897260273972603,0.5898720089037285,0.0,0.6526946107784432,0.0,0.4965116279069766,0.3876066231811339,0.005494505494505495,3
0.6735159817351598,0.0,0.0,0.5049900199600799,0.0,0.6947674418604651,0.35122930255895635,0.07417582417582418,2
0.3106164383561644,0.0,0.47031484257871065,0.5182435129740519,0.21739130434782608,0.4328779069767441,0.634746613146011,0.07417582417582418,2
0.541095890410959,0.0,0.0,0.5049900199600799,0.0,0.752906976744186,0.4014049172102358,0.07417582417582418,2
0.3378995433789954,0.5008347245409015,0.47476261869065467,0.29740518962075846,0.2934782608695652,0.17151162790697674,0.5168088309081786,0.07417582417582418,1
0.14794520547945209,0.6961602671118531,0.0,0.6526946107784432,0.0,0.5075581395348838,0.24736578023080788,0.005494505494505495,3
0.6506849315068494,0.05564830272676684,0.46976511744127936,0.281437125748503,0.43260869565217386,0.39825581395348836,0.6297039638735574,0.1510989010989011,2
0.04703196347031962,0.5116861435726211,0.0,0.6526946107784432,0.0,0.45697674418604667,0.517059708981435,0.016483516483516484,3
0.46415525114155254,0.5662214802448525,0.0,0.6526946107784432,0.0,0.477906976744186,0.09282488710486703,0.2445054945054945,1
0.2237442922374429,0.5564830272676684,0.0,0.5449101796407185,0.0,1.0,0.16557952834922227,0.07417582417582418,1
0.0,0.4257095158597663,0.0,0.5608782435129741,0.0,0.25,0.8730556949322629,0.07417582417582418,3
0.7625570776255708,0.0,0.0,0.7684630738522954,0.0,0.10872093023255808,0.3153537380832916,0.07417582417582418,3
0.25232876712328767,0.0,0.5015992003998001,0.2999600798403193,0.2704968944099379,0.6011627906976743,0.7766934269944807,0.03571428571428571,3
0.34203196347031967,0.0,0.4994502748625687,0.19473053892215558,0.38354037267080743,0.5959302325581395,0.7670847967887606,0.1510989010989011,2
0.6735159817351598,0.0,0.0,0.5105788423153692,0.0,0.6965116279069765,0.3519819367787254,0.07417582417582418,2
0.7853881278538812,0.06677796327212021,0.3948025987006497,0.3213572854291417,0.3605590062111801,0.48255813953488375,0.2960361264425489,0.1510989010989011,1
0.6573059360730593,0.5258764607679466,0.0,0.19281437125748507,0.6832298136645962,0.417732558139535,0.40592072252885086,0.24725274725274726,1
0.11643835616438356,0.2838063439065109,0.0,0.5608782435129741,0.0,0.25290697674418605,0.8758153537380833,0.005494505494505495,3
0.5639269406392694,0.0,0.0,0.5608782435129741,0.0,0.7412790697674418,0.5393878575012544,0.005494505494505495,3
0.3470319634703196,0.0,0.0,0.6087824351297405,0.0,0.48546511627906974,0.6748620170597089,0.005494505494505495,3
0.01438356164383561,0.45186421814134675,0.0,0.6526946107784432,0.0,0.3988372093023257,0.6397390868038133,0.2445054945054945,2
0.6844748858447489,0.263494713411241,0.0,0.2047904191616767,0.35403726708074534,0.42383720930232544,0.6475163070747617,0.07417582417582418,1
0.43002283105022837,0.0,0.48065967016491756,0.3699001996007985,0.2922360248447205,0.4656395348837208,0.6798795785248369,0.005494505494505495,3
0.33584474885844745,0.0,0.4935032483758121,0.2902994011976049,0.39751552795031053,0.542906976744186,0.7401154039136979,0.07417582417582418,2
0.3378995433789954,0.0,0.47821089455272364,0.5243113772455089,0.1717391304347826,0.45308139534883723,0.6702709483191168,0.005494505494505495,3
0.48242009132420094,0.7295492487479132,0.0,0.4291417165668663,0.26708074534161486,0.7148255813953491,0.044656297039638616,0.1510989010989011,1
0.4748858447488584,0.0,0.0,0.5608782435129741,0.0,0.6133720930232558,0.5920722528850978,0.016483516483516484,3
0.1633333333333333,0.139259877573734,0.8672163918040979,0.34347305389221566,0.20093167701863351,0.5965116279069769,0.5005017561465127,0.1510989010989011,1
0.2921689497716895,0.0,0.5912543728135933,0.5885828343313373,0.14378881987577638,0.6639534883720933,0.4129202207727045,0.1510989010989011,2
