0.75,0.4068838352796559,0.1615916955017301,0.3911070780399274,0.3142872272823554,0.33701419761938917,0.2624835123421895,0.18561640434933718,0.3273812814417602,0.24884526558891457,0.23818605636787457,0.25012306177701205,0.14658218981820498,0.28877710893048575,0.15598821231085064,0.10399465973368933,0.1794803714087136,0.17409303025741385,0.24536602534021584,0.21641791044776118,0.23141288241959385,0.3216689098250337,0.08670520231213867,0.3385452073419443,0.21175881469262717,0.309830122965385,0.2283622565039883,0.19626184534301322,0.4462515785848227,0.2347723240685985,0.1584022038567493,1
0.9274193548387096,0.38045482483097737,0.20830449826989614,0.40018148820326677,0.29183435712772715,0.6256991251971892,0.6841906915394761,0.4938185790179236,0.6622256620045333,1.0,0.5060394151303242,0.5243662318483879,0.19545353242701136,0.5049064071905665,0.32253898877520615,0.18838492077433858,0.2392993526118092,0.1985548697877465,0.5512670107930548,0.2893314042034724,0.5540835003922252,0.4221624046657694,0.14390021296014593,0.45751189666893277,0.280685734484079,0.5159570687326748,0.3413066584549364,0.3152824558035636,0.8649114079063183,0.49300216834220384,0.3335956972320609,1
0.5564516129032258,0.3841425937307929,0.4892733564013841,0.3838475499092559,0.300677822495234,0.4607772838089776,0.516110797060486,0.3605084156695298,0.3268837415003593,0.357390300230947,0.3098114007204915,0.2442160964804332,0.2161482377662453,0.21043951513152473,0.18370252640641038,0.11077539261497381,0.3811937244734602,0.23769381303627882,0.17878930079774755,0.14064879683216572,0.4542839710624945,0.4701659937191565,0.5217523577730453,0.4520734194425561,0.3454888214674954,0.5443883715971285,0.6835172694672639,0.5520147990436467,0.6157820213539476,0.3445692883895131,0.5172504263413354,1
0.11290322580645161,0.09711124769514444,0.71280276816609,0.07722323049001807,0.06847066299512812,0.2516850709880971,0.06278500094215188,0.09316816444069312,0.10542318536126927,0.3954965357967668,0.324009324009324,0.10890967265567317,0.3527332930051895,0.11486765069679228,0.05450150657263005,0.222604785159681,0.02532545118037063,0.0961914797531236,0.2254223369310183,0.19966494060310694,0.24152357709404687,0.09466128308658588,0.7417097657438393,0.07919782460910949,0.05493534419275973,0.526618807306845,0.083928518213154,0.19163714420341704,0.3708621943285753,0.34042972600039423,0.2559359832087105,1
0.21774193548387097,0.6521204671173939,0.4155709342560554,0.6361161524500908,0.5917178563863589,0.5167072995841102,0.2632372338420953,0.5459510451318207,0.6555917961191885,0.24133949191685916,0.12672176308539945,0.604356386906227,0.2845999554267885,0.5376432753360271,0.47915631932717456,0.2681727154551523,0.16839121301336168,0.3088965828691856,0.5679845143125294,0.06202406335668597,0.27473197942996597,0.5657245401525347,0.296014602981442,0.5506458191706323,0.4474064037232319,0.4200014215651432,0.1589267798428513,0.3374461178687981,0.7370938731774521,0.0975753991720875,0.1056670602125148,1
0.41935483870967744,0.5113706207744315,0.5567474048442905,0.5081669691470055,0.42385087905104846,0.2730532052201348,0.474279253815715,0.3518196713172136,0.3074796837857261,0.3146651270207852,0.26191989828353457,0.2227418163918287,0.07771657805087713,0.1958439844974025,0.17939803317770936,0.08249306116712926,0.20173678086417343,0.18086707812735212,0.1310710933833881,0.14369479134937557,0.2448357012115401,0.5074024226110362,0.4329175540006084,0.5186947654656697,0.3843706736575452,0.49036889615466644,0.6036515709900764,0.5105670058114169,0.572155677165053,0.4153360930415928,0.3755739210284665,1
0.10483870967741936,0.5218192993239091,0.29204152249134946,0.5099818511796733,0.42649862317305653,0.4865911372436541,0.37214999057848125,0.500521324661139,0.5477914754823374,0.2973441108545034,0.23098114007204917,0.22895643613093772,0.3329937279123818,0.2043374288777109,0.17797423926360054,0.09208446052770262,0.1638618384575137,0.23799488183049827,0.19316048803378694,0.17681998172403293,0.18513030593567506,0.4988784208165096,0.41740188621843627,0.46770904146838893,0.36286783115850246,0.4939228090127231,0.3190555185806951,0.4970419364408998,0.6773946653400177,0.33530455351862803,0.22989636626000268,2
0.24193548387096775,0.4345421020282729,0.5958477508650519,0.41379310344827586,0.3449481042152086,0.28567331134375457,0.21688336159788954,0.21006901345514126,0.27773785173309745,0.3215935334872979,0.2771773680864589,0.2652596603494955,0.4864529275048552,0.23245650202028534,0.19058971557233204,0.0620454625303025,0.053594995822042434,0.16099653770886646,0.1372595025809479,0.1724413646055437,0.20988407565588768,0.3943472409152085,0.6209309400669303,0.3711760707002039,0.27332174732687264,0.2671831686687043,0.1403510514656945,0.253067136699185,0.33680303088285946,0.21919968460477035,0.17112685294503474,1
0.5564516129032258,0.44683466502765823,0.29377162629757786,0.4246823956442831,0.35236178775683114,0.32252975763659847,0.24740908234407377,0.22099200635519586,0.32721543479462656,0.2881062355658199,0.1354100445009536,0.12939945852818116,0.059919131459135924,0.11495011132184384,0.11559219893381013,0.07567719495485366,0.07218105003397032,0.0989010989010989,0.18348193336461752,0.09267438318611025,0.11888782358581015,0.40376850605652753,0.2534225737754791,0.37933378653976896,0.2877551621549972,0.43706020328381556,0.223494819656498,0.3152824558035636,0.5687114920975088,0.2458111571062488,0.1767020857929949,1
0.9274193548387096,0.05470190534726494,0.28788927335640135,0.0547186932849365,0.04183435712772717,0.5152731966155171,0.39777652157527793,0.2428379921553051,0.17419426170600916,0.5733256351039261,0.5878364060182243,0.17763967511690867,0.21264605686268268,0.191473571369671,0.08943412469785768,0.1013245265783649,0.20923367668074935,0.2341562547041999,0.15444626935710934,0.28266829119707587,0.39919811731892263,0.17855540601166442,0.34834195314876787,0.23317471108089743,0.1121093404813102,0.5813490653209186,0.5226931826083502,0.5860456187501091,0.4806934292602656,0.6300019712201853,0.5585727403909222,1
0.10483870967741936,0.8174554394591272,0.3397923875432526,0.8557168784029038,0.7410506248676129,1.0,0.9069153947616355,1.0,1.0,0.777713625866051,0.3924560288196651,0.8092542456313069,0.8780604285395905,0.7136142491960089,0.7251746630906262,0.7259600182693321,0.7084019898010979,0.8795724823122082,0.3826255279211638,0.7155802619555285,0.7659722827508063,0.5912965455361148,0.2226954669911773,0.6512576478585997,0.4609561400924917,0.6232852370459877,0.3706106149857453,0.48543655433587546,0.7493398645287208,0.32663118470333136,0.16430539157811885,1
0.056451612903225805,0.5537799631223111,0.5892733564013841,0.5344827586206897,0.46409658970557083,0.2263014484439983,0.2662521198417184,0.276848220048657,0.3519265852175355,0.1685912240184758,0.09239245602881958,0.20680531626876697,0.3820242605622592,0.18446441824029028,0.17264328995728617,0.10775392614973826,0.10576089587905008,0.2397260273972603,0.25651102768653217,0.0500304599451721,0.2277521136581539,0.44459398833557645,0.6148463644660785,0.4432358939496942,0.3225131815370114,0.33683986068661603,0.19866095818971086,0.33735885935673027,0.5159006543951629,0.13404297260003945,0.1533516988062443,1
0.03225806451612903,0.3583282114320837,0.29134948096885815,0.33938294010889286,0.27785426816352465,0.1961852861035424,0.17248916525343883,0.1495457027952932,0.2512576704074299,0.3377598152424942,0.10786183513456236,0.24932316022643367,0.3275812665159668,0.24540282015337675,0.17664977980861563,0.12142079190528053,0.1355142011510859,0.11530934818606049,0.3186884091975598,0.24802010356381363,0.20970975333391442,0.3234634365186182,0.29297231518101613,0.309993201903467,0.22147927774013962,0.24799203923519803,0.1595227925180542,0.18134063977941048,0.45313994871991126,0.2454169130691899,0.11307884035156762,1
0.12096774193548387,0.47080516287645974,0.341522491349481,0.45553539019963696,0.387841558991739,0.2786462067976481,0.22818918409647632,0.3103619482647336,0.31510862955387253,0.22459584295612003,0.1428268700995973,0.40555008614324395,0.4733993441370307,0.3693411396058382,0.26340187411012883,0.28398271440115236,0.15519355266959775,0.30009032063826585,0.40872829657437815,0.28647578434358817,0.2728144338882594,0.37999102736653195,0.32217827806510496,0.3725356900067982,0.2636012842793602,0.36882507640912654,0.1593241216263199,0.2797682413919478,0.4592629443955455,0.15296668637886854,0.1257378984651712,1
0.46774193548387094,0.42901044867854954,0.4878892733564014,0.3929219600725953,0.3374814657911459,0.1947511831349492,0.09127567363859053,0.08194727173427337,0.14998065122450108,0.13279445727482675,0.10277601186692097,0.1399212404627123,0.3409532299659333,0.1329265275830791,0.10536074964405152,0.09756526016231598,0.03391564430353057,0.03974108083697123,0.09819333646175504,0.12008833384099908,0.14503617188180945,0.3624943921040826,0.5482202616367507,0.33990482664853844,0.23915284691743496,0.3524770772620656,0.12843079796163664,0.16057311390726164,0.3237916650721366,0.18509757539917213,0.16030434212252392,1
0.7258064516129032,0.45236631837738167,0.2837370242214532,0.4237749546279491,0.35977547129845366,0.15646063387351217,0.14558130770680233,0.14326498187776177,0.20913262203549116,0.18071593533487296,0.08476372112735743,0.03931823775535318,0.03616797733133816,0.05475385503422116,0.049435449157312676,0.00699153286723114,0.0143221947162503,0.023934969140448594,0.04531323322383858,0.053457203777033196,0.0,0.37999102736653195,0.29479768786127164,0.3677770224337185,0.265663200683378,0.2949036889615467,0.1919061478707447,0.28779602450219016,0.49026061000344423,0.3234772324068599,0.09405745769382133,1
0.6129032258064516,0.16963736939151824,0.36159169550173004,0.1660617059891107,0.11454141071806817,0.6300014341029687,0.446391558319201,0.17298048756268306,0.21858588092210735,0.5127020785219399,0.5140919686374233,0.23978587250799904,0.3231239453659778,0.22289106951430693,0.12241316512698255,0.21564838562344096,0.17916800074968958,0.10492247478548847,0.2729352416705772,0.1328434358818154,0.37697202126732327,0.18932256617317175,0.3489504107088531,0.1733514615907546,0.11455418421750271,0.5934323690383112,0.3147840944084077,0.21275370412383726,0.48452030155753706,0.32150601222156516,0.3939393939393939,2
0.0967741935483871,0.528580208973571,0.4439446366782007,0.5172413793103449,0.4302054649438678,0.3732970027247958,0.3231580930846052,0.40122138920609696,0.4521532423019515,0.3931870669745958,0.18203009112100024,0.2565222741816392,0.7876404852112451,0.34880844396800537,0.18578855004801165,0.3011980465867969,0.262570966709097,0.4798283907872949,0.8574612857813234,0.37690374657325615,0.4491414625642813,0.3580080753701211,0.41892303011864923,0.38681169272603677,0.23709093051341718,0.3069869926789395,0.1888267490488631,0.3131882515139352,0.5874631663541389,0.1992903607332939,0.1376098648825922,1
0.06451612903225806,0.49907805777504616,0.4993079584775086,0.5117967332123413,0.3931370472357551,0.22716191022515425,0.6517806670435273,0.4635320987041358,0.4383879705898613,0.5785219399538107,0.2792964611146429,0.4844326852079744,0.41513578910503357,0.6330502185206565,0.301016522631701,0.13635245757650283,0.7282375266491218,0.6494806563299713,0.6219497888315345,0.8652147426134633,0.5716900549115314,0.5047106325706594,0.5019774870702769,0.627464309993202,0.3366520368788477,0.30414386239249425,0.6884840417606214,0.6110015532015147,0.843098235811871,0.6120638675340035,0.31982159254886533,2
0.29838709677419356,0.2519975414874002,0.30069204152249135,0.23012704174228676,0.1802054649438678,0.24637889000430233,0.15044281138119464,0.12630951789881334,0.12737022499861794,0.1460739030023094,0.18859927950837038,0.11826236770858972,0.26613391066254893,0.12179434320112147,0.08112314161782723,0.08027966131468924,0.06991636275604632,0.1409754628932711,0.12461872360394184,0.0692583003350594,0.05499869258258518,0.2126514131897711,0.34651658046851225,0.19510537049626106,0.13517334825768063,0.30343307982088286,0.15773475449244553,0.22915830439259352,0.31766866939650223,0.14133648728562978,0.09510691328873153,1
0.20967741935483872,0.4400737553779963,0.5463667820069205,0.4246823956442831,0.3222834145308197,0.33988240355657534,0.4731486715658563,0.48090958740876816,0.42495439217203823,0.4359122401847576,0.24772197499470228,0.24095495938961362,0.32598936610525636,0.24020780077512988,0.11337372934671036,0.18033938797737412,0.3149711447603727,0.6816197501129008,0.5371891130924448,0.37519037465732563,0.26401115662860625,0.4055630327501121,0.5698205050197748,0.4078857919782461,0.2188282423635453,0.4583836804321559,0.4583238136864377,0.7446815936894643,0.8851938310818568,0.4683619160260201,0.2501639774367047,1
0.2661290322580645,0.1530424093423479,0.38754325259515565,0.12958257713248642,0.1066511332344842,0.09536784741144419,0.053740342943282456,0.017675388510997463,0.0,0.2748267898383372,0.11909302818393729,0.027504307162195415,0.1478557101467732,0.03455100189659438,0.021654912089003678,0.0215367318975512,0.028683435764878605,0.02227909077224145,0.05006452369779447,0.11266372220530002,0.0173450710363462,0.13862718707940777,0.41314268329783993,0.1182868796736914,0.082417744263454,0.19539412893595853,0.15197329863215092,0.1610094064676009,0.31460717155868506,0.28168736447861226,0.10770038042765315,1
0.4032258064516129,0.25691456668715434,0.672318339100346,0.22513611615245,0.18952552425333613,0.11802667431521585,0.0,0.05679956308028399,0.03913980872353364,0.3140877598152425,0.057003602458147874,0.16877922717204036,0.40271896590149314,0.15585058134740665,0.10393695572994273,0.1462951902469873,0.054063551810578425,0.10499774198404334,0.11476419521351477,0.44981724032896747,0.05778784973415845,0.1982951996410947,0.6157590508062062,0.16995241332426922,0.12468703054581871,0.2337763878029711,0.047035333618094935,0.11406432697509641,0.14067582564769815,0.3287995269071555,0.04335563426472521,1
0.12903225806451613,0.5384142593730794,0.3003460207612456,0.5226860254083484,0.43973734378309676,0.3847698264735409,0.3359713585830035,0.36150141502408023,0.4643153297584168,0.3389145496535797,0.17757999576181394,0.14853556485355648,0.2186952784233818,0.16525109260328194,0.12784344889242077,0.08182552787829811,0.1296572512943859,0.13344874303778415,0.17585640544345377,0.2813356685957965,0.13780179551991628,0.4706146253925526,0.4015819896562215,0.4928619986403807,0.3390085127691537,0.42071220413675464,0.34567741807309094,0.3843911973613026,0.6257318893268533,0.49063670411985016,0.20444706808343172,1
0.12903225806451613,0.6127842655193609,0.5089965397923876,0.6451905626134301,0.5218174115653463,0.5009321669295855,0.6691162615413604,0.7284146765304602,0.7025816794737134,0.48556581986143194,0.392879847425302,0.4728033472803348,0.21137253653411442,0.6271130535169456,0.3470414886924274,0.13111759125882724,0.2792047043021249,0.5081288574439259,0.6178437353355233,0.24154736521474265,0.44678811121764134,0.5136832660385823,0.38758746577426223,0.6390210740992522,0.3861380305752747,0.4178690738503092,0.3648491591254507,0.5548943299418858,0.861849910068501,0.26887443327419674,0.2865669683851502,1
0.04032258064516129,0.3534111862323295,0.6141868512110727,0.34845735027223224,0.2773776742215632,0.20063100530618103,0.2526851328434143,0.19169852539595847,0.16352479407374645,0.3360277136258661,0.21402839584657765,0.25313807531380755,0.2779139737018052,0.25480333140925215,0.1652925399821198,0.17917998805466742,0.1480871201768018,0.2154899894625922,0.2620835288596903,0.22250989948218095,0.21955896452540744,0.30955585464333774,0.5552175235777305,0.2970768184908227,0.2076349818845916,0.3631388158362358,0.2279649147205197,0.2805535680005584,0.39305805365274965,0.28976936723832053,0.16607634789452974,1
0.20967741935483872,0.5740626920712969,0.13702422145328716,0.573502722323049,0.4953399703452658,0.3632582819446437,0.3269267005841341,0.43200436919716,0.4643153297584168,0.28926096997690537,0.18181818181818177,0.3466650258429732,0.13346493043395205,0.3533437783458399,0.2663819078838449,0.3099813793345747,0.13481136716828188,0.3457775101610718,0.4011027686532144,0.18424459335973195,0.3510851564542839,0.4351727231942574,0.0,0.45615227736233854,0.31426551592094026,0.39441324898713487,0.15266864675322092,0.3281094570775379,0.5109257204087101,0.15750049280504633,0.14259477895841535,2
0.08870967741935484,0.3822987092808852,0.6508650519031143,0.34573502722323046,0.2932111840711713,0.2086619819303027,0.07725645374034293,0.10389255746983764,0.16789208911493173,0.2800230946882217,0.0777707141343505,0.256153088850603,0.3384061893087968,0.22049971138781232,0.16234561769477832,0.1483680567754629,0.06413750556410235,0.15512569622158665,0.13315344908493668,0.3704310082241852,0.025276736686132648,0.3553162853297443,0.6081533313051414,0.32222977566281447,0.23178885976022856,0.31409481839505293,0.10518630362872385,0.16589588314340065,0.2533772148023421,0.35422826729745716,0.03469762560671654,1
0.28225806451612906,0.24585125998770743,0.24878892733564012,0.22640653357531754,0.1676022029231095,0.5984511687939195,0.3182589033352176,0.32252619035797625,0.36447564818397915,0.3747113163972287,0.2523839796567069,0.678193453113463,0.3470024515266325,0.5991589016244744,0.291083076719314,0.2576327161578189,0.21438779255464532,0.412690049676351,0.6697559831065228,0.8338029241547364,0.15689008977599578,0.25616868550919697,0.14481289930027375,0.24677090414683897,0.13646940999734894,0.42071220413675464,0.16399288758207592,0.27182771679377327,0.5269985840572501,0.36447861226098954,0.1077659714023351,1
0.9838709677419355,0.3116164720344192,0.44498269896193765,0.279491833030853,0.23098919720398217,0.10167790047325397,0.07778405879027697,0.022367310461248194,0.07142462269887778,0.1270207852193995,0.14240305149396054,0.11426285995569777,0.2626317297589863,0.10827080069266927,0.08781166186550113,0.047851596809893523,0.015009410166103092,0.0005268703898840931,0.07088808071328015,0.12789369479134938,0.1704000697289288,0.28488111260655,0.5235777304533009,0.26308633582596874,0.18907773424843147,0.25723221266614543,0.1031002592655137,0.10638557791312542,0.2707894837549271,0.2726197516262567,0.19336219336219337,1
0.5080645161290323,0.28948985863552557,0.443598615916955,0.3475499092558984,0.21812116077102306,0.5152731966155171,1.0,0.7289111762077354,0.6489579302338437,0.6853348729792148,0.6524687433778343,0.6757322175732218,0.6660192938329779,0.7394244248371402,0.41227111685043544,0.3405473772968415,0.410790844415984,0.5372572632846605,0.7351595495072735,0.2948522692659153,0.43188355268892176,0.31449080305069543,0.45543048372376027,0.398368456832087,0.2114642552063389,0.4868149832966097,0.46279390875045934,0.5184202718975236,0.8312349316903296,0.3374728957224522,0.30735930735930744,1
0.9838709677419355,0.028887523048555665,0.3460207612456747,0.051542649727767634,0.01297394619783944,0.9684497346909507,0.8963632937629544,0.5397447991658806,0.4692907291724252,0.7442263279445727,1.0,0.1857002215111986,0.2527619472125823,0.18899975261812485,0.043839607960001324,0.22636405157572986,0.5250404129540112,0.34374529580009033,0.39582355701548566,0.985150776728602,0.7078357883727011,0.09286675639300135,0.2990568907818679,0.09360978925900755,0.01755574538278006,0.9090198308337482,0.8095739502726758,0.5784541282002059,0.8744785886494969,1.0,0.773711137347501,1
0.8225806451612904,0.22311001843884457,0.38581314878892736,0.2314882032667876,0.14996822707053586,0.436397533342894,0.530431505558696,0.2942257087532893,0.3732655204820609,0.5450346420323327,0.4024157660521296,0.03734924932316023,0.1977458690184342,0.07891481817432176,0.02337670938048409,0.06271299581913362,0.18119841003334558,0.11944904410657836,0.24477944626935713,0.1267514468473957,0.2287108864290072,0.21444593988335578,0.5031944021904472,0.25356900067980975,0.11452472826887389,0.5017414173004479,0.6089163496210352,0.46240030714996244,0.922697179595117,0.532032328011039,0.47527220254492986,1
0.07258064516129033,0.6275353411186233,0.43806228373702416,0.5925589836660616,0.5520016945562382,0.2769252832353364,0.21160731109854905,0.2127997616801549,0.36491790590966877,0.26616628175519635,0.05361305361305357,0.30636229387152353,0.2435289248304626,0.2597509689123444,0.26489189099698685,0.07240979517268033,0.04094398413157052,0.046740930302574125,0.1526865321445331,0.05612244897959182,0.0784450448879979,0.7326155226558995,0.5756008518405842,0.6995241332426921,0.6206073816607264,0.41360437842064124,0.2073031419801528,0.2543760143802028,0.6578776166239333,0.24778237729154348,0.13262495080676898,2
0.4838709677419355,0.4326982175783651,0.0,0.46188747731397456,0.3385935183223893,0.622830919260003,0.8726210665159223,0.6854674544461545,0.7009232130023773,0.6414549653579678,0.6030938758211486,0.5545163672163426,0.17294406061956763,0.6131772078832358,0.4616072315486242,0.13111759125882724,0.3255917471671886,0.3220683426162878,0.3137024870952604,0.42164179104477617,0.44504488799790803,0.5625841184387617,0.02007909948281097,0.6764106050305915,0.44504992783292585,0.5706873267467484,0.6102077104173081,0.6002687562171689,0.9047108797979413,0.5984624482554701,0.4188639643185098,1
0.47580645161290325,0.49354640442532277,0.31937716262975774,0.47640653357531765,0.39737343783096796,0.2280223720063102,0.29263237233842093,0.24159674296211708,0.380286361877384,0.24191685912240182,0.15723670269124806,0.2059438838296825,0.15323633353497407,0.20112146450070092,0.15635243866097148,0.03639813090679127,0.12645545203938993,0.08490139996989311,0.2389136555607696,0.11228297289064881,0.24745053604114,0.47330641543292956,0.26711286887739577,0.4588715159755269,0.3195675866741289,0.23093325751652577,0.28389077074372443,0.23997835988900715,0.6245838276376718,0.2288586635127144,0.2674144037780402,1
0.6048387096774194,0.09280885064535965,0.47266435986159167,0.1095281306715063,0.06052743062910398,0.6256991251971892,0.7294139815338232,0.5047415719179782,0.3599977887113716,0.4168591224018477,0.681924136469591,0.06386906226925916,0.3938043236015154,0.07306011379566259,0.032945928942750245,0.1574675895021607,0.5062200807478153,0.5004516031913292,0.2682426091037072,0.1905269570514773,0.7838403207530725,0.10094212651413188,0.7304533008822635,0.08531611148878322,0.05988394356240241,0.7348781007889688,1.0,0.9432819671558961,0.7347977497990893,0.5521387739010448,1.0,1
0.3064516129032258,0.8408113091579594,0.3882352941176471,0.8493647912885662,0.7834145308197416,0.4019790620966585,0.6201243640474844,0.5139268159475696,0.7009232130023773,0.3943418013856813,0.3632125450307269,0.4908318976126016,0.17138399821707154,0.486270305928919,0.4169067249428827,0.08157959456136037,0.19345895840003752,0.18643685082041245,0.31663538244955425,0.20766067621078285,0.32014294430401813,0.7662628981606101,0.3121387283236994,0.8198504418762746,0.6285604877905093,0.371668206695572,0.365047830017185,0.38552555801818467,0.8362098656767825,0.3138182534989158,0.27331759149940976,1
0.0967741935483871,0.2858020897357099,0.5678200692041522,0.25362976406533566,0.21097225164160133,0.05564319518141415,0.02393065762200867,0.03425847773198947,0.046713472275968816,0.15704387990762125,0.07840644204280559,0.08331282303716465,0.1791206342131236,0.09062422693164013,0.06417006059402006,0.06468046235463583,0.0,0.0,0.0747595025809479,0.16844349680170573,0.019436938900026138,0.2386720502467474,0.5162762397322787,0.21821889870836172,0.15284691743497597,0.19752647665079262,0.045833374723102435,0.08928290954782639,0.20370441238375878,0.24443130297654256,0.057326511871966454,1
0.2903225806451613,0.38352796558082375,0.40449826989619375,0.36025408348457344,0.30009531878839224,0.31966155169941207,0.16544186922931975,0.1654088674842361,0.24854884183758083,0.3227482678983834,0.11760966306420852,0.13936746246615803,0.11977458690184341,0.13737940133586213,0.10406940167544121,0.06415346238976916,0.03680507289950254,0.07180490742134579,0.1378754106053496,0.06773530307645448,0.04253464656149219,0.39210408254822776,0.38515363553392146,0.3766145479265806,0.27332174732687264,0.5251972421636222,0.20402507226653685,0.31842376223800634,0.6483104358807548,0.32544845259215455,0.1355109536927719,2
0.7661290322580645,0.35033804548248304,0.38062283737024216,0.34573502722323046,0.2875450116500741,0.5324824322386349,0.3755417373280572,0.31905069261704977,0.3946597379622976,0.3966512702078523,0.2765416401780037,0.3771843465419641,0.1717978923238562,0.35474560897171603,0.29340088076553755,0.1187857920809472,0.08959571427455819,0.12396507601987053,0.17966916940403566,0.12941669204995432,0.14939422993114268,0.611036339165545,0.4529966534834195,0.6247450713800137,0.502783587145424,0.7007605373516242,0.30445320803822423,0.3887541229646952,0.6907887183804677,0.40370589394835404,0.26629935720844816,1
0.4596774193548387,0.18500307314074996,0.23079584775086506,0.17722323049001817,0.12751535691590762,0.4966298580238062,0.3084605238364424,0.18348145573705377,0.17773232351152635,0.3464203233256351,0.23415977961432502,0.1422594142259414,0.14253876277500077,0.11626948132266844,0.0720174828648058,0.1294311913712539,0.15183556808508977,0.1524160770736113,0.24184655091506332,0.2424992385013707,0.14015514686655625,0.15926424405563033,0.16428354122299965,0.15635622025832768,0.09364046069103654,0.4925012438695004,0.27306320714420523,0.25908797403186684,0.4148712257471968,0.2962743938497931,0.16089466089466092,1
0.056451612903225805,0.5310387215734481,0.26885813148788923,0.5335753176043556,0.4513874179199322,0.5310483292700416,0.45430563406821173,0.5630802839978154,0.5986511139366466,0.41512702078521935,0.2239881330790421,0.33386660103371896,0.21837689834123977,0.3000742145625464,0.2750902288003709,0.04883533007764465,0.12044231685317798,0.22090922775854283,0.23040825903331769,0.17091836734693877,0.19445655016124816,0.6231493943472408,0.29571037420139945,0.6104690686607751,0.5077910984123244,0.439903333570261,0.3310751075306201,0.5733058759882027,0.7489571772989937,0.40961955450423815,0.24393283484192582,2
0.8064516129032258,0.13275968039336203,0.17923875432525951,0.13892921960072585,0.08928193179411142,0.9297289545389361,0.491614848313548,0.4545951045131821,0.4184863729338271,0.3562355658198615,0.5651621106166561,0.12121585035687914,0.17883409213919574,0.10365300568978315,0.06844144233634647,0.15792432280504512,0.17003115897323764,0.3295950624717748,0.25533786954481463,0.14445628997867802,0.5239257386908394,0.1556751906684611,0.17432309096440515,0.14479945615227743,0.09399393207458247,0.7412751439334709,0.3562069753350087,0.5354356817507547,0.649075810340209,0.3118470333136211,0.5605404696313788,1
0.7741935483870968,0.528580208973571,0.17681660899653978,0.5090744101633394,0.42067358610463884,0.4722501075577227,0.484831354814396,0.5243533091703491,0.5488971197965614,0.7551963048498845,0.36596736596736584,0.6332759045040611,0.027635391129930922,0.5538880184711801,0.5125989205655442,0.2931173804588413,0.27623718304139694,0.5667620051181694,0.6509854528390427,1.0,0.5592260088904384,0.48855989232839836,0.016428354122299944,0.4643099932019036,0.3313499661256591,0.50813846044495,0.2858774796610674,0.48683269052896105,0.7309708775018179,0.6207372363493001,0.27659714023350396,1
0.12903225806451613,1.0,0.3975778546712803,1.0,1.0,0.4937616520866199,0.547767100056529,0.653194975423266,0.9259218309469843,0.2840646651270208,0.1578724305997033,0.39521289687423083,0.35623547390875226,0.38484373711552733,0.3798218602033045,0.0690018620665425,0.14074640968973784,0.15166340508806261,0.21222430783669635,0.1497867803837953,0.1446875272378628,0.9098250336473753,0.4922421661089139,0.9225016995241334,0.7976376329199681,0.4640699410050466,0.34975017135364406,0.4450358632484599,0.9177222456086641,0.25448452592154547,0.1690935327298964,2
0.08870967741935484,0.5119852489244009,0.36332179930795844,0.48094373865698736,0.40531667019699213,0.22027821597590705,0.2775579423403052,0.1002184598580011,0.37807507324893586,0.3827944572748268,0.08306844670481034,0.7095742062515383,0.48135884619058233,0.6587779335367362,0.5096188867918281,0.0077995994800267,0.017484947638868285,0.13111545988258316,0.9216916940403567,0.30399025281754494,0.24134925477207353,0.32256617317182595,0.17523577730453296,0.30523453433038755,0.20792954137087985,0.07690667424834752,0.07409430907230628,0.05063611455297464,0.3161379204775937,0.1147250147841514,0.00918273645546372,1
0.3225806451612903,0.5494775660725262,0.34186851211072666,0.5317604355716878,0.4513874179199322,0.4120177828768106,0.32014320708498206,0.2907502110123628,0.40908839626292226,0.28521939953810627,0.24645051917779182,0.19326852079744034,0.16288325002387852,0.20623402325389628,0.15135260421840338,0.08509292766047147,0.12247272613683396,0.14737317477043504,0.19374706710464573,0.05117270788912579,0.2008193149132746,0.48855989232839836,0.26041983571645877,0.512576478585996,0.3351792394474064,0.42497689956642265,0.2777319730999612,0.34425228181009054,0.5063334736519843,0.19396806623299825,0.23822642004460187,1
0.5887096774193549,0.39766441303011696,0.5252595155709342,0.3865698729582577,0.310527430629104,0.3675605908504231,0.2583380440927077,0.35802591728315375,0.25241859693736524,0.0,0.178215723670269,0.20662072360324882,0.4154541691871756,0.21555207388472006,0.14747856031257242,1.0,0.6107080661913427,1.0,1.0,0.26401157477916537,1.0,0.23463436518618214,0.3468208092485549,0.23997280761386822,0.15107956051724644,0.3013007321060488,0.1271394371653637,0.22366101813231878,0.30963223757223224,0.007490636704119846,0.08618654073199533,1
0.43548387096774194,0.3896742470805163,0.38235294117647056,0.3702359346642468,0.30554967167972885,0.3646923849132369,0.25004710759374404,0.217764758452907,0.35082094090331134,0.2546189376443418,0.16889171434625977,0.43742308638936744,0.30020057945174944,0.4308567658942855,0.30200986722293965,0.10336225977584934,0.10825986115124206,0.1725876862863164,0.2864265603003285,0.14255254340542187,0.1704000697289288,0.4338268281740691,0.3051414663827198,0.4371176070700205,0.3092580046540399,0.34821238183239744,0.18266795140509987,0.2644107432680058,0.4818414909494471,0.20579538734476646,0.13387117932572482,1
0.056451612903225805,0.2759680393362016,0.7197231833910034,0.26406533575317603,0.20059309468332978,0.2727663846264163,0.22668174109666475,0.2818132168214091,0.24705622201337832,0.2465357967667436,0.22886204704386517,0.07980556239232095,0.47021554331561016,0.067452791292158,0.06165358762954869,0.12335312510979166,0.10568280321429407,0.13096492548547342,0.16471140309713747,0.2539217179409077,0.18138237601324844,0.20188425302826377,0.7547916032856707,0.18694765465669613,0.1239800877787269,0.32191342668277784,0.18366130586377136,0.23866948220798936,0.38119474953120813,0.26591760299625467,0.16528925619834717,1
0.12096774193548387,0.4179471419791027,0.610726643598616,0.41197822141560797,0.3283202711289981,0.35852574214828636,0.32165065008479354,0.36199791470135545,0.3461772347835702,0.23383371824480376,0.18881118881118872,0.12053901058331282,0.22760992072335953,0.1418322750886452,0.09920201317837159,0.07191792853880477,0.09998203868710613,0.1959205178383261,0.17380337869544815,0.08544014620773684,0.1280397454894099,0.3898609241812472,0.6653483419531487,0.40992522093813744,0.2736163068131609,0.41360437842064124,0.3227309300777796,0.5374426275283154,0.6429528146645748,0.277350680070964,0.23422537058900697,2
0.20967741935483872,0.281499692685925,0.8020761245674741,0.2885662431941924,0.202976064393137,0.4493044600602325,0.4441303938194836,0.3751551561491485,0.3520371496489579,0.4520785219399539,0.34435261707988984,0.029596357371400445,0.29160431723391383,0.06184546878865342,0.02989967219628489,0.09408706039419595,0.14223017032010182,0.13510462140599128,0.14799389957766307,0.03931236673773986,0.19803015776170135,0.25347689546882,1.0,0.28008157715839566,0.15520339332528202,0.756201577937309,0.5017334035303818,0.47671070312909025,0.659791052772569,0.3837965700768776,0.4287026105207924,1
0.5161290322580645,0.29194837123540257,0.34359861591695495,0.2658802177858439,0.21446727388265197,0.30116162340456054,0.15805539853024306,0.10414080730847525,0.17458123721598762,0.1789838337182448,0.11104047467683821,0.10835589465911888,0.25085166671972997,0.103323163189577,0.08936790172510843,0.06882619541158697,0.11934901954659399,0.064729790757188,0.13470788362271233,0.14445628997867802,0.1170574392050902,0.326155226558995,0.4913294797687861,0.3004758667573081,0.2241303131167339,0.42284455185158865,0.30137380921634266,0.23229961082703618,0.4787799931116299,0.3690124186871674,0.20510297783025058,1
0.31451612903225806,0.45236631837738167,0.35294117647058815,0.4437386569872958,0.3656005083668714,0.4564749749031982,0.2967778405879027,0.32997368551710443,0.41019404057714626,0.3187066974595843,0.19410892138164856,0.21603494954467148,0.17842019803241108,0.17028119073142575,0.17671600278136484,0.12328285844780942,0.08920525095077819,0.13691103417130812,0.1550328484279681,0.14674078586658543,0.14276998169615618,0.40466576940331983,0.28993002738059015,0.38817131203263083,0.2901116380453032,0.47828559243727353,0.20094567344465525,0.3070801556691855,0.4669166889900884,0.29745712596096985,0.15472910927456388,1
0.056451612903225805,0.32575291948371243,0.3159169550173011,0.3439201451905626,0.24052107604321113,0.396242650222286,0.5398530243075182,0.4955563278883868,0.39598651113936645,0.4867205542725174,0.32909514727696554,0.07439084420379029,0.19854181922378936,0.15807701822379813,0.06334227343465447,0.22942065137195655,0.36979219541908426,0.5257413819057654,0.4978883153449084,0.3778556198598843,0.45916499607774774,0.2041274113952445,0.1940979616671737,0.2515295717199184,0.12713187428201125,0.39654559670196887,0.3922657421847837,0.4936388544702536,0.5683288048677816,0.3455548984821604,0.23822642004460187,1
0.7016129032258065,0.5433312845728334,0.5100346020761246,0.530852994555354,0.43973734378309676,0.38046751756776154,0.42528735632183906,0.5722655280274068,0.5229144784122948,0.5161662817551964,0.23055732146641225,0.18551562884568054,0.266452290744691,0.1329265275830791,0.16337207377239163,0.08312546112496925,0.1908819004630895,0.2755532139093783,0.15415297982167997,0.15035790435577215,0.1862634010285017,0.4392104082548227,0.514450867052023,0.4323589394969408,0.31838934872897584,0.32404577439761184,0.33256513921862735,0.4740929477670547,0.5518732539895144,0.3429923122412774,0.1942148760330579,1
0.08064516129032258,0.592501536570375,0.3757785467128027,0.5980036297640654,0.5075195933065029,0.4808547253692816,0.44601469756924805,0.4836403356337818,0.5074354580131573,0.3117782909930716,0.2536554354736172,0.24403150381491512,0.271864752141106,0.25175228828234525,0.20231118174894872,0.14049819063345395,0.16058194653776173,0.22339304531085355,0.2820272172688878,0.0625951873286628,0.23010546500479384,0.49439210408254813,0.4286583510800122,0.530931339225017,0.3687590208842676,0.4583836804321559,0.30634058150970006,0.4309872428055357,0.6976770885155563,0.18036664695446483,0.2292404565131838,2
0.8467741935483871,0.23540258143822987,0.469204152249135,0.23139745916515428,0.1624126244439737,0.6056216836368852,0.38383267382702085,0.25500223424854773,0.38686494554701745,0.3724018475750578,0.3452002542911634,0.10084912626138323,0.29255945748034,0.10695143069184466,0.07036190854607463,0.14179812388012505,0.12301937479012597,0.091901249435496,0.19550680431722195,0.21165854401462078,0.1862634010285017,0.2005383580080753,0.5086705202312138,0.20054384772263767,0.12283130578220271,0.5891676736086432,0.28836086580774617,0.24294514929931413,0.5067161608817115,0.3461462645377489,0.22346845074117802,1
0.024193548387096774,0.908420405654579,0.24498269896193772,0.9283121597096188,0.8729082821436136,0.5726373153592429,0.7169775767853778,0.7765751452261556,0.9452706064459064,0.3741339491916859,0.2322525958889595,0.4928624169333006,0.1556241841510395,0.5004535334377835,0.4606138869573855,0.1300635913290939,0.27397249576347293,0.23874755381604695,0.2905326137963397,0.2944715199512641,0.20029634794735462,0.9102736653207717,0.210222087009431,0.980285520054385,0.8029397036731568,0.5052953301585046,0.5387855248388282,0.5419800701558437,0.94374497723011,0.41888428937512323,0.21717171717171724,2
0.5403225806451613,0.3312845728334358,0.3608996539792387,0.3402903811252269,0.24793475958483369,0.4034131650652517,0.42528735632183906,0.3796236532446254,0.3549118248659407,0.38856812933025403,0.3365119728756091,0.06276150627615064,0.28555509567321463,0.09276820318298014,0.049799675507433534,0.13529845764676948,0.13785698109376587,0.22527472527472525,0.24243312998592212,0.19204995431008223,0.2213021877451407,0.27097353073126956,0.4648615759050806,0.29775662814411974,0.16993136763969482,0.514535503589452,0.2923342836424321,0.5007067939477495,0.5943515364892274,0.39798935541099945,0.2932572478027024,1
0.3709677419354839,0.4837123540258145,0.40103806228373695,0.47005444646098005,0.39631434018216477,0.3847698264735409,0.3499152063312605,0.3361799314830445,0.3711095140693239,0.3666281755196305,0.2345835982199618,0.3847526458282058,0.49950651087267983,0.2754184876721366,0.29770537399423863,0.18996592066893858,0.261868132726293,0.3181544482914346,0.3861450023463162,0.30360950350289373,0.2987884598622853,0.44055630327501116,0.4338302403407362,0.4092454112848404,0.3225131815370114,0.4057857701329165,0.2930296317635021,0.3204307080155669,0.5426887604760631,0.28424995071949544,0.18431063885609347,1
0.0967741935483871,0.38844499078057776,0.5204152249134949,0.36751361161524504,0.30036009320059304,0.11960418758066829,0.24439419634445067,0.2393624944143786,0.20482060921001713,0.09180138568129328,0.08094935367662635,0.19456066945606698,0.41927473017288036,0.17564113135977572,0.14698188801695308,0.1911955872536275,0.2790485189726129,0.2896281800391389,0.35916236508681376,0.15340389887298203,0.2311513989366338,0.3382682817406908,0.5716458777000304,0.32426920462270575,0.22854870541105776,0.4384817684270383,0.35849169058995317,0.41850927557983286,0.5545520645976044,0.18430908732505422,0.1600419782237964,1
0.28225806451612906,0.22065150583896742,0.5937716262975777,0.22531760435571688,0.1573819106121584,0.5582962856733115,0.42754852082155637,0.3473511742217367,0.29482005638786,0.5744803695150116,0.4348378893833439,0.1084174255476249,0.21360119710910883,0.14232703883895442,0.06145491871130094,0.10329199311386711,0.27373821776920493,0.2744994731296101,0.16793758798686062,0.20347243374961924,0.38167872396060315,0.20726783310901753,0.6224520839671434,0.26512576478586,0.12816283248402016,0.6104911507569836,0.6023602101938034,0.5921537145948587,0.5442195093949715,0.5229647151586833,0.5185622458349731,2
0.06451612903225806,0.5310387215734481,0.5058823529411764,0.5063520871143375,0.43920779495869516,0.4048472680338449,0.19845487092519315,0.3513231716399384,0.3887445408811985,0.20496535796766746,0.07755880483153203,0.16834851095249811,0.3224871852016938,0.1453780819658613,0.13969736101453595,0.3243860450409304,0.09326606951809019,0.2869938280897185,0.28789300797747536,0.16235150776728605,0.06275603591039831,0.38582323912068195,0.434742926680864,0.37185588035350114,0.2689033550325488,0.5038737650152818,0.13230488035045546,0.3261025112999773,0.45007845088209414,0.14350482948945398,0.03850190213826578,2
0.49193548387096775,0.2864167178856792,0.3114186851211072,0.25499092558983666,0.21023088328743908,0.04918973182274491,0.03810062182023742,0.04495804577727024,0.04511028802034384,0.13799076212471134,0.0885780885780885,0.022151119862170814,0.20271259829985036,0.03141749814463594,0.02711830734081653,0.005586199627586686,0.013728690464104706,0.016332982086406742,0.0,0.042796222966798664,0.022487579534559397,0.22745625841184386,0.4563431700638881,0.20938137321549974,0.14153583316150697,0.18828630321984507,0.1285301334075038,0.17627964607947505,0.21694539053231796,0.22038241671594716,0.08690804145349604,1
0.7258064516129032,0.17332513829133375,0.4121107266435986,0.16996370235934657,0.12036644778648588,0.6457765667574932,0.3039381948370077,0.2842957152077851,0.24849355962186964,0.3036951501154735,0.3924560288196651,0.2616908688161457,0.5571333057403929,0.3094747258184217,0.11824111784378001,0.39113937392404174,0.20407956080685344,0.26877916603943997,0.45242843735335525,0.3618641486445325,0.28057177721607246,0.15926424405563033,0.5275327045938545,0.18014955812372535,0.08801437450293086,0.6524273224820528,0.25915624472280435,0.31144308127257814,0.5292947074356129,0.29863985807214666,0.25114784205693297,1
0.6935483870967742,0.3730792870313461,0.47058823529411764,0.3711433756805807,0.28473840288074553,0.6414742578517139,0.3902393065762201,0.5404895486817933,0.5527668748963458,0.5427251732101617,0.2875609239245603,0.25049224710804824,0.32980992709096113,0.23468293889667685,0.17810668520909903,0.19678178688121417,0.18330691198175755,0.2971548998946259,0.1743899577663069,0.2501142247943954,0.2411749324501002,0.3606998654104979,0.469120778825677,0.3467029231815092,0.2462222745883531,0.5792167176060843,0.3025658345667484,0.4666759742412872,0.595882285408136,0.38734476641040805,0.19532992260264995,1
0.532258064516129,0.587584511370621,0.6031141868512111,0.5671506352087115,0.5069900444821012,0.23834791338018083,0.23120407009609945,0.32624993793754037,0.34877549892199683,0.0808314087759816,0.12015257469802913,0.20317499384691118,0.2632684899232704,0.21555207388472006,0.18549054667064005,0.08266872782208481,0.10365239393063809,0.17785639018515728,0.16823087752229,0.09705300030459946,0.15689008977599578,0.5217586361597127,0.6300578034682082,0.5275322909585316,0.40174968334855227,0.287085080673822,0.22329614876476372,0.34084919983944434,0.48719911216562706,0.17189040015769763,0.18522891250163984,1
0.45161290322580644,0.4326982175783651,0.35570934256055364,0.41651542649727763,0.33366871425545436,0.4105836799082174,0.31788204258526465,0.2386177448984658,0.3755320913262203,0.39491916859122395,0.22123331214240302,0.15991877922717204,0.16275589799102166,0.1573348725983343,0.11860534419390087,0.1603485226434318,0.15909818590739774,0.10650308595514076,0.28232050680431725,0.119136460554371,0.19602545105900812,0.3696724988784207,0.2658959537572254,0.3602991162474507,0.24769507201979438,0.4711777667211601,0.3200488730393666,0.2671157571421092,0.6444835635834832,0.2946974177015573,0.19670733307096944,1
0.06451612903225806,0.18623232944068846,0.3197231833910035,0.17441016333938295,0.12597966532514296,0.4450021511544529,0.25343885434332014,0.21999900700064545,0.24501078003206372,0.20842956120092376,0.32189023098114,0.016613339896628106,0.1882263045623866,0.03702482064814052,0.016092182378066956,0.09299792713347152,0.08248928178176224,0.08211651362336295,0.12884209291412485,0.08277490100517819,0.15331648217554256,0.18842530282637948,0.4298752662001825,0.1957851801495582,0.10639488644731801,0.5642902836022462,0.30345985357955274,0.3341302944102197,0.5882285408135931,0.3181549379065642,0.33097205824478554,2
0.8629032258064516,0.4738783036263062,0.2332179930795848,0.4491833030852995,0.37883922897691164,0.436397533342894,0.24100244959487468,0.30216970358969264,0.3667422190281387,0.3799076212471132,0.25174825174825166,0.31934531134629585,0.3880734821229584,0.30856765894285476,0.25323664779311944,0.19094965393668972,0.10669800785612209,0.1692006623513473,0.31780854059127167,0.23926286932683521,0.30358232371655186,0.4221624046657694,0.2503802859750532,0.40992522093813744,0.3066069692774456,0.4861042007249982,0.1766084892072038,0.26458526029214147,0.52967739466534,0.2619751626256653,0.1936245572609209,1
0.12903225806451613,0.4320835894283959,0.46989619377162634,0.4364791288566243,0.33541622537597965,0.584110139107988,0.48181646881477286,0.42554987339258227,0.5616120294101387,0.38856812933025403,0.2714558169103624,0.36912380014767415,0.7109108854150085,0.36991836398119904,0.25194529982450914,0.1622808558479429,0.18971051049174953,0.21895228059611624,0.4494955419990615,0.34663417605848307,0.3729626078619367,0.3234634365186182,0.4733799817462731,0.34058463630183544,0.21116969572005065,0.37024664155234926,0.20789915465535566,0.25167100050609936,0.5599096858137845,0.2328011038833038,0.15256460711006165,1
0.0967741935483871,0.29686539643515675,0.23252595155709346,0.2749546279491833,0.21573819106121583,0.31134375448157187,0.16676088185415489,0.12089767141651356,0.13510973519818673,0.3360277136258661,0.14091968637423177,0.007445237509229633,0.07739819796873507,0.0,0.020032449256647128,0.07318272845448476,0.061872818286178376,0.06013849164534095,0.09171163772876582,0.13113006396588486,0.08193149132746448,0.20323014804845224,0.17797383632491628,0.1808293677770225,0.12174143568293615,0.40294263984647105,0.21127655981483873,0.23221235231496834,0.3612950135853967,0.3343189434259807,0.14744851108487478,1
0.04838709677419355,0.816840811309158,0.289273356401384,0.7958257713248639,0.838487608557509,0.20665423777427228,0.25456943659317877,0.36919716002184594,0.47979435015755434,0.1633949191685912,0.03178639542275894,0.9452375092296333,0.15645197236460887,0.858167724911355,1.0,0.08677932754804482,0.0425058374266905,0.09476140298058106,0.2905326137963397,0.15740176667682002,0.10154275254946396,1.0,0.203529053848494,1.0,1.0,0.2380410832326392,0.12505339280215358,0.23360848850805396,0.5759825494623245,0.15198107628622118,0.04952118588482231,2
0.6048387096774194,0.13644744929317768,0.3955017301038062,0.12268602540834843,0.08997034526583349,0.3179406281371004,0.22102882984737138,0.1454992304255002,0.17806401680579356,0.25288683602771367,0.2441195168467895,0.0,0.0796586965519437,0.014925373134328363,0.001655574318731168,0.023996065066928994,0.050705567226070454,0.026945657082643383,0.049243312998592206,0.061833688699360324,0.05517301490455852,0.15208613728129206,0.40219044721630665,0.1386811692726037,0.06851453651064833,0.4861042007249982,0.3368365633909148,0.3043751417950821,0.5040373502736215,0.4194756554307117,0.2698412698412699,1
0.4596774193548387,0.5273509526736326,0.29480968858131484,0.5226860254083484,0.45297606439313703,0.574071418327836,0.44526097606934234,0.4858745841815203,0.4748189507435458,0.279445727482679,0.3235855054036871,0.5643613093773074,0.25435384762329266,0.5016904428135566,0.3940597993443926,0.11906685872887607,0.19275612441723353,0.3420141502333283,0.35652275926794935,0.2086125494974109,0.322496295650658,0.5872588604755495,0.2911469425007605,0.5846363018354861,0.45506495036672656,0.48041794015210754,0.3578956779147503,0.5131847611734525,0.6467796869618462,0.27656219199684606,0.29024006296733573,2
0.5241935483870968,0.5660725261216965,0.32110726643598614,0.5372050816696914,0.4831603473840288,0.07500358525742146,0.14919917090635007,0.227198252321136,0.31483221847531645,0.3579676674364896,0.015045560500105857,0.24532365247354176,0.10321882263045624,0.22388059701492538,0.20151650607595772,0.06566419562238696,0.05008082590802246,0.11673942495860304,0.21398404504927265,0.2674383186110265,0.04375490281530548,0.4585015702108568,0.19348950410708854,0.442556084296397,0.33841939379657726,0.16696282607150473,0.10170956302337363,0.20647109125495192,0.43438827446328115,0.2937118076089099,0.028138528138528157,1
0.23387096774193547,0.2624462200368778,0.7003460207612457,0.2858439201451906,0.18814869730989195,0.4277929155313353,0.6129640097983794,0.5735067772205948,0.40897783183149977,0.47344110854503463,0.4507310870947234,0.04085650996800393,0.26836257123754337,0.09969489568730933,0.02867454720042382,0.06879106208059585,0.3209061872818286,0.4715489989462592,0.31986156733927734,0.256777337800792,0.4405996687875882,0.20995962314939431,0.7946455734712503,0.29639700883752546,0.11985625497069131,0.42497689956642265,0.7354697076557828,1.0,0.7906700853392523,0.4975359747683816,0.5631641086186541,1
0.07258064516129033,0.4806392132759681,0.38235294117647056,0.46279491833030856,0.3867824613429358,0.2321812706152303,0.3548143960806481,0.20361451765056351,0.22439051357178397,0.3724018475750578,0.22420004238186056,0.27590450406103867,0.3718360979337132,0.26519337016574585,0.24588589781795306,0.17148578856761407,0.2469524337578971,0.2122534999247328,0.3808657907085875,0.2626789521778861,0.29268717859321886,0.5248990578734858,0.5384849406753878,0.5166553365057784,0.4020442428348405,0.4825502878669415,0.4285231799262931,0.3834313537285562,0.672802418583292,0.41671594717129906,0.28637019546110454,1
0.4435483870967742,0.5224339274738783,0.3096885813148788,0.4954627949183303,0.4275577208218597,0.4091495769396243,0.27416619559072924,0.28280621617595947,0.3626513350655094,0.27020785219399546,0.13180758635304082,0.24741570268274676,0.08663122035085484,0.2180258926362662,0.18876858382172776,0.06963426202438254,0.08319211576456623,0.12456721360830951,0.21984983575786018,0.1098081023454158,0.12751677852348994,0.5769403319874382,0.24034073623364768,0.53025152957172,0.4312056319773778,0.48183950529533026,0.26303032711162316,0.35577040540304705,0.6540507443266619,0.3575793416124581,0.22602649875377148,1
0.5403225806451613,0.19913952059004303,0.5411764705882353,0.2213248638838476,0.14340182164795592,0.4306611214685215,0.5183719615602035,0.440196613872201,0.31881253800652326,0.33833718244803707,0.33905488450943,0.16588727541225692,0.3355407685695183,0.34666446771666537,0.09820866858713287,0.16958858869409407,0.4655338024099397,0.4286466957699835,0.35095025809479113,0.10257386536704236,0.4014643075045759,0.1888739344997757,0.568907818679647,0.28348062542488106,0.11702848390232405,0.4988982870140026,0.5908372984732142,0.5409329680110295,0.5740691133136888,0.21486300019712207,0.3349075167256986,1
0.06451612903225806,0.741241548862938,0.8128027681660899,0.7704174228675137,0.7113958907011226,0.584110139107988,0.5605803655549274,0.6800059579961273,0.7291171430150921,0.2834872979214781,0.27866073320618767,1.0,0.7468878346970614,1.0,0.7940465547498428,0.20356251976249864,0.2079061013798974,0.368207135330423,0.5028742374472079,0.46200121839780683,0.24501002353351348,0.6976222521310004,0.7602677213264374,0.7661454792658057,0.5811364104981,0.43563863814059284,0.23660709851096162,0.40987068288511547,0.6965290268263749,0.2383205204021289,0.13367440640167916,1
0.20161290322580644,0.17516902274124163,0.18719723183391,0.1681488203266788,0.11782461342935818,0.36899469381901623,0.30883738458639526,0.1338314880095328,0.16794737133064291,0.20438799076212463,0.3265522356431446,0.0522397243416195,0.08226941322550863,0.06629834254143648,0.030992351246647468,0.07202332853177808,0.10388667192490611,0.050052687038988415,0.11825434068512437,0.08220377703320135,0.1780702518957552,0.16733961417676088,0.127471858837846,0.1713120326308634,0.08963445167751626,0.42071220413675464,0.3008771319870069,0.22156681384269034,0.41831541081474116,0.20185294697417705,0.31457431457431456,2
0.27419354838709675,0.5175169022741243,0.47231833910034604,0.5263157894736843,0.4302054649438678,0.33973899325971607,0.44036178631995465,0.4272876222630455,0.47039637348664937,0.46882217090069284,0.25874125874125875,0.2690130445483633,0.184278391543825,0.30023913581264944,0.2050925466044171,0.0889575940694937,0.1615971511795897,0.15158813788950773,0.2351008916001877,0.21165854401462078,0.22844940294604724,0.49484073575594434,0.3577730453300882,0.5465669612508498,0.3584494388641786,0.3197810789679439,0.3001817838659368,0.293816861834872,0.5901419769622288,0.37729154346540505,0.21572871572871571,1
0.29838709677419356,0.4634296250768285,0.24705882352941175,0.44827586206896547,0.37407328955729713,0.376165208661982,0.32278123233465233,0.31061019810337126,0.39537840676654323,0.302540415704388,0.3543123543123543,0.3682623677085897,0.21742175809481357,0.3049393914405871,0.27078573557166985,0.1864525875698275,0.1936151437295495,0.25146771037182,0.3095964335992492,0.15778251599147122,0.36328771899241696,0.44459398833557645,0.18892607240644957,0.4167233174711082,0.32162950307814664,0.4214229867083659,0.25587817500918847,0.28735973194185094,0.5254678351383415,0.1862803075103489,0.25849403122130404,1
0.6209677419354839,0.3269821757836509,0.35743944636678204,0.31760435571687845,0.2394090235119678,0.6013193747311059,0.32353495383455805,0.3073829502010823,0.3569572668472552,0.3695150115473441,0.26531044712862906,0.14995077528919518,0.276958833455379,0.17456914323410572,0.10072514155160424,0.14158732389417839,0.1052923398905141,0.16212554568718954,0.25651102768653217,0.14236216874809626,0.1483482959993027,0.2889187976671153,0.4170976574383936,0.3038749150237935,0.18053550914607203,0.5479422844551852,0.24177254169605342,0.2929442767141935,0.49485285676017,0.3031736644983245,0.1768332677423587,2
0.7258064516129032,0.2526121696373695,0.32698961937716253,0.25771324863883843,0.18216479559415377,0.414885988813997,0.41172036932353484,0.36249441437863067,0.37503455138481956,0.3158198614318707,0.2667938122483575,0.17413241447206498,0.19176032347416347,0.21052197575657625,0.10976457733187643,0.23128271791448543,0.23273956877230523,0.2839831401475237,0.39113092444861564,0.13512793176972282,0.21206310468055437,0.24181247196052041,0.22999695771219955,0.26104690686607757,0.15225779846239948,0.5202217641623428,0.3665378617051922,0.4330814470951641,0.6984424629750106,0.2501478415138971,0.1790633608815427,1
0.2661290322580645,0.6238475722188078,0.3508650519031142,0.6007259528130671,0.5414107180682058,0.3136383192313208,0.26926700584134156,0.33071843503301723,0.5262314113549671,0.14203233256351047,0.13456240728967991,0.2895028304208713,0.3180298640517049,0.27945905829966194,0.22482699248369262,0.09837332677511153,0.1046675985724661,0.15738371217823274,0.27821445330830596,0.04584221748400854,0.09744617798309071,0.5760430686406459,0.4685123212655917,0.5649218218898708,0.44593360629179063,0.39014855355746686,0.25707020035959427,0.36292560339261093,0.7615858558799894,0.13857677902621723,0.12600026236389872,1
0.18548387096774194,0.7719729563614015,0.4806228373702422,0.7549909255898366,0.7336369413259902,0.4579090778717912,0.30996796683625394,0.5134303162702945,0.6672010614185416,0.2823325635103926,0.10192837465564729,0.5015998031011567,0.1790569581966952,0.43778345839861466,0.4970365219694712,0.12735832484277831,0.09654596143784214,0.187264790004516,0.22982167996245895,0.13151081328053607,0.17702431796391527,0.7999102736653207,0.4277456647398844,0.7974167233174713,0.7063241921706088,0.4946335915843344,0.21505130675779036,0.3995741784611089,0.6884925950021049,0.20264143504829485,0.1465302374393284,2
0.5806451612903226,0.49477566072526125,0.2951557093425605,0.4673321234119783,0.41114170726540983,0.10325541373870661,0.12899943470887507,0.17062211409562583,0.19879484769749572,0.36836027713625863,0.004026276753549391,0.3050701452128969,0.31198064249100577,0.33503751958439854,0.2226416343829675,0.06186979587534692,0.15589638665240174,0.2217371669426464,0.2474190520882215,0.23640724946695094,0.13937069641767627,0.42530282637954236,0.27563127471858834,0.42895989123045547,0.3033668149282748,0.14350700120833038,0.17392643216879078,0.2589134570077311,0.3551720179097624,0.25152769564360344,0.06801784074511347,2
0.9274193548387096,0.640442532267978,0.2442906574394464,0.5952813067150635,0.5355856809997881,0.1920263874946221,0.2745430563406821,0.25202323618489647,0.33993034440820386,0.5918013856812934,0.20873066327611778,0.24095495938961362,0.07908561240408801,0.22882823451801765,0.22568789112943285,0.12296665846888942,0.21196691994720937,0.16603944001204277,0.37763960581886435,0.43896588486140725,0.3444609082192974,0.5410497981157468,0.13112260419835714,0.5030591434398368,0.42443076379274797,0.2622076906674249,0.29163893552136205,0.2769759690057765,0.6666794229076576,0.5458308693081018,0.23370064279155192,1
0.016129032258064516,0.6435156730178244,0.4311418685121107,0.6633393829401089,0.5710654522346961,0.4593431808403844,0.5571886188053513,0.5313043046522019,0.6163414229642324,0.3325635103926098,0.3066327611782157,0.5483632783657396,0.15435066382247126,0.5900057722437536,0.42551571140028477,0.1462951902469873,0.21915144510476128,0.2900797832304682,0.3673744720788362,0.13189156259518733,0.25207007757343325,0.6953790937640196,0.3440827502281716,0.7695445275322911,0.549913104951545,0.4825502878669415,0.38402090017781043,0.4512312176052774,0.736711185947725,0.2497535974768382,0.22805981896890992,2
0.5725806451612904,0.24830977258758458,0.5128027681660899,0.21451905626134304,0.1785638635882228,0.2710454610641044,0.01982287544752214,0.0,0.04798496323732653,0.1483833718244804,0.1015045560500105,0.6277381245385183,0.5813301919831896,0.5709573678568484,0.30465878613290953,0.1481221234585251,0.02805869444683061,0.05449345175372573,0.4104880337869545,0.0,0.0581364943781051,0.09645580978017049,0.25950714937633096,0.0709721278042149,0.056172494035170384,0.08500959556471675,0.0,0.0,0.0,0.0,0.0,1
0.6854838709677419,0.2009834050399509,0.44083044982698966,0.20390199637023596,0.13148697309891968,0.4665136956833501,0.7358206142830223,0.4322526190357976,0.25357952346730056,0.6212471131639723,0.533375715193897,0.05673147920255967,0.5564965455761087,0.07907973942442485,0.058706665342207205,0.18631205424586303,1.0,0.7952732199307541,0.33687236039418117,0.8233323180018276,0.9267846247712019,0.1301031852848811,0.6239732278673562,0.14479945615227743,0.07490647736310346,0.5074276778733385,0.8755326863284625,0.7197256592380586,0.5671807431786002,0.7098363887246205,0.5874327692509511,1
0.6129032258064516,0.11555009219422255,0.41349480968858127,0.12123411978221417,0.07498411353526793,0.4851570342750609,0.5044281138119464,0.36125316518544265,0.26701310188512356,0.47055427251732096,0.4723458359821995,0.06909918779227171,0.22506288006622302,0.09103653005689785,0.03688619582133042,0.1516354565576362,0.24390681983241316,0.27013397561342767,0.28789300797747536,0.16977611940298507,0.39484005926958937,0.10587707492148941,0.410100395497414,0.13732154996600954,0.05829332233644584,0.6808586253465065,0.4797802699937418,0.5272333816163767,0.6456316252726647,0.3630987581312833,0.454283090646727,1
0.10483870967741936,0.4044253226797789,0.5155709342560554,0.382032667876588,0.3203770387629739,0.2554137387064392,0.1722253627284718,0.21478576038925573,0.26037923599977886,0.06697459584295612,0.11400720491629575,0.16299532365247357,0.3043395205195963,0.1549435144718397,0.12675076984205821,0.06580472894635139,0.04508289536363849,0.04711726629534849,0.062324026278742374,0.036190222357599756,0.038263749673145636,0.3997308209959623,0.7140249467599635,0.3908905506458192,0.28716604318242067,0.332575165256948,0.19458820490915774,0.21929809252892618,0.4141058512877425,0.16538537354622512,0.108356290174472,2
0.5806451612903226,0.17885679164105717,0.22664359861591693,0.17295825771324855,0.11507095954246979,0.396242650222286,0.39815338232523073,0.18626185392979494,0.19741279230471556,0.46073903002309474,0.4007204916295825,0.03845680531626875,0.2648603903339807,0.06431928754019957,0.028806993145922326,0.11569405895372939,0.21110790063489338,0.21187716393195846,0.2691224777099953,0.21908315565031986,0.3027107121066852,0.13055181695827725,0.3121387283236994,0.1312032630863359,0.07128339568175793,0.45554055014571043,0.38312688116500604,0.3836058707526919,0.5220236500707972,0.407056968263355,0.3335956972320609,1
0.03225806451612903,0.5058389674247081,0.41903114186851204,0.5045372050816697,0.41643719550942593,0.14713896457765674,0.3646127755794234,0.2170200089369942,0.26209298468682624,0.26501154734411086,0.10680228862047036,0.14884321929608663,0.22633640039479128,0.2209944751381216,0.13320750968510975,0.10037592664160488,0.23141199347145322,0.1213307240704501,0.20635851712810888,0.11932683521169661,0.2013422818791946,0.47196052041274106,0.4682080924855492,0.5526852481305236,0.3475507378715132,0.3574525552633451,0.5054088150274663,0.31632955794837786,0.5426887604760631,0.3209146461659767,0.24380165289256203,1
