0.08064516129032258,0.7062077443146898,0.5896193771626298,0.7141560798548094,0.604956576996399,0.6615516994120179,0.611079706048615,0.8289558611786902,0.9060202332909504,0.7020785219399539,0.17440135621953792,0.547132660595619,1.0,0.4956708171847942,0.36392834674348534,0.21445385236974313,0.1957236456779615,0.4786241156104169,0.5439347724073205,0.45381510813280534,0.1917545541706615,0.5002243158366979,0.4818983875874657,0.5173351461590754,0.34784529735780145,0.3631388158362358,0.2053164330628098,0.3927680145198164,0.7060962075695535,0.24521979105066033,0.053391053391053406,1
0.9516129032258065,0.1259987707437001,0.3958477508650519,0.14156079854809434,0.08377462402033463,0.7504660834647928,0.5545505935556811,0.4019661387220098,0.4047763834374482,0.6016166281755195,0.5009535918626827,0.06922224956928379,0.20373141456270494,0.103323163189577,0.03420416542498593,0.10764852615676491,0.21610583117927734,0.1850820412464248,0.20782496480525575,0.25791958574474566,0.23202301054650049,0.11888739344997756,0.4277456647398844,0.14343983684568326,0.06810215322984474,0.6282607150472672,0.48554172585403643,0.4493987888518525,0.6773946653400177,0.5545042381233984,0.3421225239407058,1
0.12903225806451613,0.256299938537185,0.21799307958477507,0.2439201451905626,0.1879898326625715,0.19776279936899485,0.18778971170152628,0.12789831686609401,0.11321797777654928,0.16512702078521932,0.20364484000847624,0.047563376815161214,0.0,0.06770017316731261,0.041223800536406084,0.09854899343006711,0.09248514287053017,0.07112750263435193,0.0905091506335054,0.13988729820286325,0.1563671228100758,0.22117541498429785,0.10860967447520527,0.2216179469748471,0.14180093669916638,0.47757480986566225,0.2799173529090385,0.2693844784558734,0.36818338372048526,0.3646757342795191,0.2778433687524597,2
0.7258064516129032,0.45236631837738167,0.2837370242214532,0.4237749546279491,0.35977547129845366,0.15646063387351217,0.14558130770680233,0.14326498187776177,0.20913262203549116,0.18071593533487296,0.08476372112735743,0.03931823775535318,0.03616797733133816,0.05475385503422116,0.049435449157312676,0.00699153286723114,0.0143221947162503,0.023934969140448594,0.04531323322383858,0.053457203777033196,0.0,0.37999102736653195,0.29479768786127164,0.3677770224337185,0.265663200683378,0.2949036889615467,0.1919061478707447,0.28779602450219016,0.49026061000344423,0.3234772324068599,0.09405745769382133,1
0.016129032258064516,0.6435156730178244,0.4311418685121107,0.6633393829401089,0.5710654522346961,0.4593431808403844,0.5571886188053513,0.5313043046522019,0.6163414229642324,0.3325635103926098,0.3066327611782157,0.5483632783657396,0.15435066382247126,0.5900057722437536,0.42551571140028477,0.1462951902469873,0.21915144510476128,0.2900797832304682,0.3673744720788362,0.13189156259518733,0.25207007757343325,0.6953790937640196,0.3440827502281716,0.7695445275322911,0.549913104951545,0.4825502878669415,0.38402090017781043,0.4512312176052774,0.736711185947725,0.2497535974768382,0.22805981896890992,2
0.23387096774193547,0.2624462200368778,0.7003460207612457,0.2858439201451906,0.18814869730989195,0.4277929155313353,0.6129640097983794,0.5735067772205948,0.40897783183149977,0.47344110854503463,0.4507310870947234,0.04085650996800393,0.26836257123754337,0.09969489568730933,0.02867454720042382,0.06879106208059585,0.3209061872818286,0.4715489989462592,0.31986156733927734,0.256777337800792,0.4405996687875882,0.20995962314939431,0.7946455734712503,0.29639700883752546,0.11985625497069131,0.42497689956642265,0.7354697076557828,1.0,0.7906700853392523,0.4975359747683816,0.5631641086186541,1
0.49193548387096775,0.2311001843884451,0.3878892733564014,0.21460980036297636,0.15637576784579535,0.5554280797361251,0.34087054833239117,0.2614567300531255,0.3367792581126651,0.41512702078521935,0.3672388217842763,0.1407826729017967,0.25085166671972997,0.13045270883153295,0.08642097943776697,0.034852264343182365,0.16557987708214567,0.11124491946409754,0.22131628343500706,0.19585744745659456,0.26331386734071294,0.22566173171825935,0.4268329783997566,0.20802175390890557,0.14062269875401337,0.39014855355746686,0.37518004549563416,0.2920716915935149,0.5909073514216832,0.420461265523359,0.3565525383707202,1
0.4435483870967742,0.26859250153657044,0.23840830449826986,0.28402903811252267,0.18624232154204612,0.8393804675175679,0.6872055775390992,0.548185293679559,0.5743269390237161,0.6293302540415705,0.5448188175460903,0.2863647551070638,0.2218790792448024,0.2397954976498722,0.15055792854541242,0.26290271580648555,0.30091446510429276,0.2927141351798886,0.4720788362271234,0.2086125494974109,0.6600714721520089,0.2193808882907133,0.1822330392455126,0.2358939496940857,0.12392117588146924,0.6723292344871704,0.39633849546533684,0.3655433587546465,0.742068807163905,0.33372757737039227,0.42017578381214754,1
0.9112903225806451,0.1432083589428396,0.342560553633218,0.1399274047186932,0.09722516416013557,0.4177541947511832,0.36762766157904647,0.18492130480115188,0.22814970424014597,0.38452655889145493,0.37232464505191787,0.10866354910164903,0.1473463020153459,0.10505483631565929,0.05741531737359689,0.08449566103362259,0.11029027043489806,0.08211651362336295,0.12863679023932428,0.17720073103868414,0.1943693890002615,0.2036787797218483,0.34469120778825674,0.1903467029231815,0.11755869097764293,0.5052953301585046,0.318956183134828,0.2987905970227396,0.46002831885499984,0.42854326828306727,0.3126065853338581,1
0.11290322580645161,0.28948985863552557,0.48892733564013846,0.2731397459165154,0.21685024359245922,0.19919690233758783,0.15549274543056338,0.17588501067474305,0.12466139642876888,0.3966512702078523,0.12735749099385452,0.18939207482156048,0.4654398420834792,0.23583738764739837,0.12784344889242077,0.08772792748480483,0.12301937479012597,0.20901701038687343,0.2265954950727358,0.21603716113310997,0.07060054039919811,0.2525796321220277,0.5603894128384546,0.2644459551325629,0.16433473740021795,0.2579429952377568,0.1959789011512978,0.2851782691401546,0.37621981554475525,0.27577370392272815,0.07129738947920765,1
0.9274193548387096,0.38045482483097737,0.20830449826989614,0.40018148820326677,0.29183435712772715,0.6256991251971892,0.6841906915394761,0.4938185790179236,0.6622256620045333,1.0,0.5060394151303242,0.5243662318483879,0.19545353242701136,0.5049064071905665,0.32253898877520615,0.18838492077433858,0.2392993526118092,0.1985548697877465,0.5512670107930548,0.2893314042034724,0.5540835003922252,0.4221624046657694,0.14390021296014593,0.45751189666893277,0.280685734484079,0.5159570687326748,0.3413066584549364,0.3152824558035636,0.8649114079063183,0.49300216834220384,0.3335956972320609,1
0.31451612903225806,0.45236631837738167,0.35294117647058815,0.4437386569872958,0.3656005083668714,0.4564749749031982,0.2967778405879027,0.32997368551710443,0.41019404057714626,0.3187066974595843,0.19410892138164856,0.21603494954467148,0.17842019803241108,0.17028119073142575,0.17671600278136484,0.12328285844780942,0.08920525095077819,0.13691103417130812,0.1550328484279681,0.14674078586658543,0.14276998169615618,0.40466576940331983,0.28993002738059015,0.38817131203263083,0.2901116380453032,0.47828559243727353,0.20094567344465525,0.3070801556691855,0.4669166889900884,0.29745712596096985,0.15472910927456388,1
0.0,0.46097111247695144,0.7269896193771626,0.4437386569872958,0.36507095954246976,0.34303743008748044,0.24401733559449781,0.25698823295764855,0.30195146221460556,0.3158198614318707,0.1203644840008476,0.11020182131429979,0.5797382915724791,0.14587284571617054,0.09754643885964041,0.11558865896075604,0.1358265718101099,0.22369411410507303,0.28789300797747536,0.17415473652147426,0.20700775734332777,0.33737101839389855,0.8454517797383633,0.34942216179469754,0.22913782438363425,0.3339967304001706,0.1963762429347664,0.2967836512451789,0.48413761432780994,0.25271042775478025,0.1429883248065067,1
0.20967741935483872,0.281499692685925,0.8020761245674741,0.2885662431941924,0.202976064393137,0.4493044600602325,0.4441303938194836,0.3751551561491485,0.3520371496489579,0.4520785219399539,0.34435261707988984,0.029596357371400445,0.29160431723391383,0.06184546878865342,0.02989967219628489,0.09408706039419595,0.14223017032010182,0.13510462140599128,0.14799389957766307,0.03931236673773986,0.19803015776170135,0.25347689546882,1.0,0.28008157715839566,0.15520339332528202,0.756201577937309,0.5017334035303818,0.47671070312909025,0.659791052772569,0.3837965700768776,0.4287026105207924,1
0.29838709677419356,0.1757836508912109,0.4626297577854671,0.17840290381125226,0.1250794323236602,0.8221712318944501,0.4927454305634068,0.32724293729209075,0.3949914312565647,0.5444572748267898,0.5077346895528713,0.2282795963573714,0.49918813079053764,0.22726148264203844,0.12824078672891626,0.21631591891227206,0.18533732126541355,0.1518892066837272,0.22688878460816517,0.23031526043253125,0.2980040094134053,0.2853297442799461,0.7660480681472468,0.2950373895309314,0.18996141270729622,1.0,0.4664693202475439,0.38447845587337043,0.659408365542842,0.5651488271239897,0.35130526039616955,1
0.1532258064516129,0.5642286416717885,0.6183391003460207,0.5381125226860253,0.47627621266680786,0.32740570772981503,0.2161296400979838,0.29794945633285336,0.4289899939189563,0.25635103926096997,0.1076499258317439,0.35177208958897366,0.6688847145722564,0.33396553145872854,0.2816131916161717,0.10898359273442713,0.1318438459075539,0.21496311907270813,0.34039183481933366,0.21127779469996955,0.12298439815218336,0.4867653656348138,0.6565257073319136,0.47518694765465674,0.3602167957819082,0.2465704740919753,0.13995370968222592,0.25961152510427393,0.5120737820978915,0.19850187265917602,0.07431457431457432,1
0.9838709677419355,0.028887523048555665,0.3460207612456747,0.051542649727767634,0.01297394619783944,0.9684497346909507,0.8963632937629544,0.5397447991658806,0.4692907291724252,0.7442263279445727,1.0,0.1857002215111986,0.2527619472125823,0.18899975261812485,0.043839607960001324,0.22636405157572986,0.5250404129540112,0.34374529580009033,0.39582355701548566,0.985150776728602,0.7078357883727011,0.09286675639300135,0.2990568907818679,0.09360978925900755,0.01755574538278006,0.9090198308337482,0.8095739502726758,0.5784541282002059,0.8744785886494969,1.0,0.773711137347501,1
0.016129032258064516,0.23171481253841436,0.514878892733564,0.24845735027223229,0.15669349714043632,0.6084898895740716,0.6223855285472017,0.36969365969912116,0.4109679915971032,0.44515011547344113,0.5236278872642509,0.09026581343834607,0.2533987073768665,0.08534674692834174,0.04016423297241813,0.08045532796964477,0.2981812218378328,0.3064880325154298,0.31663538244955425,0.3333079500456899,0.3888259391615096,0.17182593091072235,0.46547003346516574,0.18014955812372535,0.09034139444460806,0.4583836804321559,0.48067428900654613,0.4725222945498333,0.6444835635834832,0.4362310270057166,0.38147710874983604,1
0.3225806451612903,0.27719729563614026,0.4695501730103806,0.28947368421052627,0.1957742003812751,0.6213968162914099,0.5311852270586017,0.4444168611290403,0.35872629775001386,0.2881062355658199,0.43610934520025435,0.08571252768889984,0.5090579133369416,0.1471097550919436,0.06135558425217708,0.2414011172399255,0.32840308309840455,0.3706909528827337,0.4468559361801971,0.2506853487663722,0.42822278392748186,0.1915657245401525,0.5981137815637358,0.2216179469748471,0.11820672184747708,0.6488734096239961,0.44243014234769384,0.49486047363920344,0.7168114500019135,0.28543268283067225,0.3388429752066116,1
0.45161290322580644,0.4326982175783651,0.35570934256055364,0.41651542649727763,0.33366871425545436,0.4105836799082174,0.31788204258526465,0.2386177448984658,0.3755320913262203,0.39491916859122395,0.22123331214240302,0.15991877922717204,0.16275589799102166,0.1573348725983343,0.11860534419390087,0.1603485226434318,0.15909818590739774,0.10650308595514076,0.28232050680431725,0.119136460554371,0.19602545105900812,0.3696724988784207,0.2658959537572254,0.3602991162474507,0.24769507201979438,0.4711777667211601,0.3200488730393666,0.2671157571421092,0.6444835635834832,0.2946974177015573,0.19670733307096944,1
0.2661290322580645,0.20282728948985868,0.40726643598615914,0.22250453720508165,0.15044482101249737,0.4292270184999283,0.5831920105521009,0.47048309418598877,0.3660788324396042,0.3700923787528868,0.4803983894892985,0.3136844696037411,0.2884205164124932,0.34798383771749,0.1549286447468627,0.23679865088008994,0.4936471617220994,0.4369260876110191,0.39025105584232755,0.17358361254949745,0.438071995118975,0.21668909825033653,0.3906297535746882,0.23113528212100612,0.1329641521105187,0.5834814130357525,0.5695795130576444,0.5830788293398022,0.572155677165053,0.2521190616991918,0.38147710874983604,2
0.6209677419354839,0.3269821757836509,0.35743944636678204,0.31760435571687845,0.2394090235119678,0.6013193747311059,0.32353495383455805,0.3073829502010823,0.3569572668472552,0.3695150115473441,0.26531044712862906,0.14995077528919518,0.276958833455379,0.17456914323410572,0.10072514155160424,0.14158732389417839,0.1052923398905141,0.16212554568718954,0.25651102768653217,0.14236216874809626,0.1483482959993027,0.2889187976671153,0.4170976574383936,0.3038749150237935,0.18053550914607203,0.5479422844551852,0.24177254169605342,0.2929442767141935,0.49485285676017,0.3031736644983245,0.1768332677423587,2
0.016129032258064516,0.5082974800245851,0.5813148788927335,0.516333938294011,0.4090235119678034,0.4880252402122473,0.49613717731298274,0.47122784370190157,0.504671347227597,0.35565819861431863,0.2890442890442891,0.18656165395028307,0.6497819096437327,0.2754184876721366,0.15625310420184763,0.12177212521519165,0.26350807868616904,0.363013698630137,0.36326841858282494,0.26496344806579347,0.2804846160550858,0.43651861821444593,0.8497109826589596,0.5159755268524814,0.31131992105805767,0.4846826355817757,0.4586218200240391,0.5760108898623061,0.6923194672993763,0.3782771535580524,0.2800734618916437,1
0.6048387096774194,0.13644744929317768,0.3955017301038062,0.12268602540834843,0.08997034526583349,0.3179406281371004,0.22102882984737138,0.1454992304255002,0.17806401680579356,0.25288683602771367,0.2441195168467895,0.0,0.0796586965519437,0.014925373134328363,0.001655574318731168,0.023996065066928994,0.050705567226070454,0.026945657082643383,0.049243312998592206,0.061833688699360324,0.05517301490455852,0.15208613728129206,0.40219044721630665,0.1386811692726037,0.06851453651064833,0.4861042007249982,0.3368365633909148,0.3043751417950821,0.5040373502736215,0.4194756554307117,0.2698412698412699,1
0.2661290322580645,0.5617701290719116,0.46643598615916954,0.5698729582577131,0.46886252912518533,0.4736842105263158,0.5191256830601092,0.5072240703043543,0.5953341809939743,0.5433025404157044,0.5179063360881544,0.5403642628599558,0.4396510554299723,0.5484456172177785,0.3867752723419755,0.1861012542599164,0.31215980882915667,0.4933764865271714,0.4160605349601126,0.37081175753883644,0.421947180336442,0.4863167339614176,0.3881959233343474,0.5010197144799458,0.3499072137618192,0.3752221195536285,0.2858774796610674,0.4094343903247762,0.624966514867399,0.34082397003745324,0.2600682146136692,1
0.7258064516129032,0.2526121696373695,0.32698961937716253,0.25771324863883843,0.18216479559415377,0.414885988813997,0.41172036932353484,0.36249441437863067,0.37503455138481956,0.3158198614318707,0.2667938122483575,0.17413241447206498,0.19176032347416347,0.21052197575657625,0.10976457733187643,0.23128271791448543,0.23273956877230523,0.2839831401475237,0.39113092444861564,0.13512793176972282,0.21206310468055437,0.24181247196052041,0.22999695771219955,0.26104690686607757,0.15225779846239948,0.5202217641623428,0.3665378617051922,0.4330814470951641,0.6984424629750106,0.2501478415138971,0.1790633608815427,1
0.9354838709677419,0.30116779348494166,0.4695501730103806,0.2885662431941924,0.2229930099555179,0.1296429083608204,0.2040700960994912,0.18718037833275405,0.18425562496544862,0.3112009237875289,0.06632761178215711,0.1289072114201329,0.2279283008055016,0.14430609384019133,0.07479884772027415,0.2495169166988722,0.18674298923102156,0.29783230468161975,0.43248474894415767,0.41745354858361255,0.1669136232894622,0.1794526693584567,0.3343474292668086,0.1828687967369137,0.10851571474859346,0.2216930840855783,0.14015238057396018,0.18168967382768186,0.3172859821667751,0.24521979105066033,0.05135773317591498,1
0.18548387096774194,0.8199139520590043,0.5224913494809689,0.8157894736842106,0.7166913789451388,0.2691811272049334,0.6872055775390992,0.6112407526935107,0.6445353529769473,0.5767898383371824,0.27187963551599903,0.219173024858479,0.1092362061829412,0.22264368763915235,0.20558921890003642,0.04788673014088464,0.13887218573559384,0.26373626373626374,0.19550680431722195,0.2965656411818459,0.11470408785845028,0.6590399282189322,0.41892303011864923,0.6777702243371857,0.5021944681728475,0.30414386239249425,0.33991596221279635,0.5129229856372489,0.6785427270291992,0.47664104080425784,0.1622720713629805,1
0.4596774193548387,0.18500307314074996,0.23079584775086506,0.17722323049001817,0.12751535691590762,0.4966298580238062,0.3084605238364424,0.18348145573705377,0.17773232351152635,0.3464203233256351,0.23415977961432502,0.1422594142259414,0.14253876277500077,0.11626948132266844,0.0720174828648058,0.1294311913712539,0.15183556808508977,0.1524160770736113,0.24184655091506332,0.2424992385013707,0.14015514686655625,0.15926424405563033,0.16428354122299965,0.15635622025832768,0.09364046069103654,0.4925012438695004,0.27306320714420523,0.25908797403186684,0.4148712257471968,0.2962743938497931,0.16089466089466092,1
0.43548387096774194,0.3896742470805163,0.38235294117647056,0.3702359346642468,0.30554967167972885,0.3646923849132369,0.25004710759374404,0.217764758452907,0.35082094090331134,0.2546189376443418,0.16889171434625977,0.43742308638936744,0.30020057945174944,0.4308567658942855,0.30200986722293965,0.10336225977584934,0.10825986115124206,0.1725876862863164,0.2864265603003285,0.14255254340542187,0.1704000697289288,0.4338268281740691,0.3051414663827198,0.4371176070700205,0.3092580046540399,0.34821238183239744,0.18266795140509987,0.2644107432680058,0.4818414909494471,0.20579538734476646,0.13387117932572482,1
0.6451612903225806,0.2661339889366933,0.4162629757785467,0.2451905626134301,0.18481253971616182,0.22372006310053066,0.22291313359713583,0.07390397696241496,0.06810768975620542,0.24191685912240182,0.2737868192413647,0.007137583066699483,0.04250374096596517,0.015749979384843744,0.018343763451541345,0.021888065207462313,0.05156458653838645,0.05118169501731144,0.02448967620835288,0.07306579348157173,0.12969580754815654,0.22252131000448633,0.34560389412838455,0.19510537049626106,0.136970161124039,0.3425261212595067,0.27673861864128974,0.2958238076124326,0.3582335157475795,0.31736644983244633,0.27994227994228,1
0.024193548387096774,0.908420405654579,0.24498269896193772,0.9283121597096188,0.8729082821436136,0.5726373153592429,0.7169775767853778,0.7765751452261556,0.9452706064459064,0.3741339491916859,0.2322525958889595,0.4928624169333006,0.1556241841510395,0.5004535334377835,0.4606138869573855,0.1300635913290939,0.27397249576347293,0.23874755381604695,0.2905326137963397,0.2944715199512641,0.20029634794735462,0.9102736653207717,0.210222087009431,0.980285520054385,0.8029397036731568,0.5052953301585046,0.5387855248388282,0.5419800701558437,0.94374497723011,0.41888428937512323,0.21717171717171724,2
0.06451612903225806,0.18623232944068846,0.3197231833910035,0.17441016333938295,0.12597966532514296,0.4450021511544529,0.25343885434332014,0.21999900700064545,0.24501078003206372,0.20842956120092376,0.32189023098114,0.016613339896628106,0.1882263045623866,0.03702482064814052,0.016092182378066956,0.09299792713347152,0.08248928178176224,0.08211651362336295,0.12884209291412485,0.08277490100517819,0.15331648217554256,0.18842530282637948,0.4298752662001825,0.1957851801495582,0.10639488644731801,0.5642902836022462,0.30345985357955274,0.3341302944102197,0.5882285408135931,0.3181549379065642,0.33097205824478554,2
0.0967741935483871,0.528580208973571,0.4439446366782007,0.5172413793103449,0.4302054649438678,0.3732970027247958,0.3231580930846052,0.40122138920609696,0.4521532423019515,0.3931870669745958,0.18203009112100024,0.2565222741816392,0.7876404852112451,0.34880844396800537,0.18578855004801165,0.3011980465867969,0.262570966709097,0.4798283907872949,0.8574612857813234,0.37690374657325615,0.4491414625642813,0.3580080753701211,0.41892303011864923,0.38681169272603677,0.23709093051341718,0.3069869926789395,0.1888267490488631,0.3131882515139352,0.5874631663541389,0.1992903607332939,0.1376098648825922,1
0.47580645161290325,0.49354640442532277,0.31937716262975774,0.47640653357531765,0.39737343783096796,0.2280223720063102,0.29263237233842093,0.24159674296211708,0.380286361877384,0.24191685912240182,0.15723670269124806,0.2059438838296825,0.15323633353497407,0.20112146450070092,0.15635243866097148,0.03639813090679127,0.12645545203938993,0.08490139996989311,0.2389136555607696,0.11228297289064881,0.24745053604114,0.47330641543292956,0.26711286887739577,0.4588715159755269,0.3195675866741289,0.23093325751652577,0.28389077074372443,0.23997835988900715,0.6245838276376718,0.2288586635127144,0.2674144037780402,1
0.3225806451612903,0.5494775660725262,0.34186851211072666,0.5317604355716878,0.4513874179199322,0.4120177828768106,0.32014320708498206,0.2907502110123628,0.40908839626292226,0.28521939953810627,0.24645051917779182,0.19326852079744034,0.16288325002387852,0.20623402325389628,0.15135260421840338,0.08509292766047147,0.12247272613683396,0.14737317477043504,0.19374706710464573,0.05117270788912579,0.2008193149132746,0.48855989232839836,0.26041983571645877,0.512576478585996,0.3351792394474064,0.42497689956642265,0.2777319730999612,0.34425228181009054,0.5063334736519843,0.19396806623299825,0.23822642004460187,1
0.0967741935483871,0.29686539643515675,0.23252595155709346,0.2749546279491833,0.21573819106121583,0.31134375448157187,0.16676088185415489,0.12089767141651356,0.13510973519818673,0.3360277136258661,0.14091968637423177,0.007445237509229633,0.07739819796873507,0.0,0.020032449256647128,0.07318272845448476,0.061872818286178376,0.06013849164534095,0.09171163772876582,0.13113006396588486,0.08193149132746448,0.20323014804845224,0.17797383632491628,0.1808293677770225,0.12174143568293615,0.40294263984647105,0.21127655981483873,0.23221235231496834,0.3612950135853967,0.3343189434259807,0.14744851108487478,1
0.20161290322580644,0.17516902274124163,0.18719723183391,0.1681488203266788,0.11782461342935818,0.36899469381901623,0.30883738458639526,0.1338314880095328,0.16794737133064291,0.20438799076212463,0.3265522356431446,0.0522397243416195,0.08226941322550863,0.06629834254143648,0.030992351246647468,0.07202332853177808,0.10388667192490611,0.050052687038988415,0.11825434068512437,0.08220377703320135,0.1780702518957552,0.16733961417676088,0.127471858837846,0.1713120326308634,0.08963445167751626,0.42071220413675464,0.3008771319870069,0.22156681384269034,0.41831541081474116,0.20185294697417705,0.31457431457431456,2
0.46774193548387094,0.42901044867854954,0.4878892733564014,0.3929219600725953,0.3374814657911459,0.1947511831349492,0.09127567363859053,0.08194727173427337,0.14998065122450108,0.13279445727482675,0.10277601186692097,0.1399212404627123,0.3409532299659333,0.1329265275830791,0.10536074964405152,0.09756526016231598,0.03391564430353057,0.03974108083697123,0.09819333646175504,0.12008833384099908,0.14503617188180945,0.3624943921040826,0.5482202616367507,0.33990482664853844,0.23915284691743496,0.3524770772620656,0.12843079796163664,0.16057311390726164,0.3237916650721366,0.18509757539917213,0.16030434212252392,1
0.20967741935483872,0.4400737553779963,0.5463667820069205,0.4246823956442831,0.3222834145308197,0.33988240355657534,0.4731486715658563,0.48090958740876816,0.42495439217203823,0.4359122401847576,0.24772197499470228,0.24095495938961362,0.32598936610525636,0.24020780077512988,0.11337372934671036,0.18033938797737412,0.3149711447603727,0.6816197501129008,0.5371891130924448,0.37519037465732563,0.26401115662860625,0.4055630327501121,0.5698205050197748,0.4078857919782461,0.2188282423635453,0.4583836804321559,0.4583238136864377,0.7446815936894643,0.8851938310818568,0.4683619160260201,0.2501639774367047,1
0.07258064516129033,0.6275353411186233,0.43806228373702416,0.5925589836660616,0.5520016945562382,0.2769252832353364,0.21160731109854905,0.2127997616801549,0.36491790590966877,0.26616628175519635,0.05361305361305357,0.30636229387152353,0.2435289248304626,0.2597509689123444,0.26489189099698685,0.07240979517268033,0.04094398413157052,0.046740930302574125,0.1526865321445331,0.05612244897959182,0.0784450448879979,0.7326155226558995,0.5756008518405842,0.6995241332426921,0.6206073816607264,0.41360437842064124,0.2073031419801528,0.2543760143802028,0.6578776166239333,0.24778237729154348,0.13262495080676898,2
0.9274193548387096,0.05470190534726494,0.28788927335640135,0.0547186932849365,0.04183435712772717,0.5152731966155171,0.39777652157527793,0.2428379921553051,0.17419426170600916,0.5733256351039261,0.5878364060182243,0.17763967511690867,0.21264605686268268,0.191473571369671,0.08943412469785768,0.1013245265783649,0.20923367668074935,0.2341562547041999,0.15444626935710934,0.28266829119707587,0.39919811731892263,0.17855540601166442,0.34834195314876787,0.23317471108089743,0.1121093404813102,0.5813490653209186,0.5226931826083502,0.5860456187501091,0.4806934292602656,0.6300019712201853,0.5585727403909222,1
0.6129032258064516,0.1106330669944684,0.16989619377162624,0.11524500907441007,0.07471933912306712,0.6300014341029687,0.4177501413227812,0.35355742018767683,0.3115152855326442,0.3966512702078523,0.45327399872854407,0.11930839281319222,0.12037950905791332,0.15222231384513896,0.05582596602761498,0.17946105470259632,0.1758881088299376,0.26095137738973356,0.246245893946504,0.18767133719159304,0.3509979952932972,0.11978465679676983,0.11256464861575904,0.15091774303195107,0.06630534036348641,0.6303930627621012,0.3658425135841221,0.5025392227011745,0.5430714477057901,0.37847427557658186,0.4123048668503214,2
0.31451612903225806,0.500921942224954,0.5505190311418685,0.5190562613430126,0.40796441431900016,0.6672881112863904,0.5014132278123233,0.42132962613574304,0.699817568688153,0.18822170900692836,0.46598855689764773,0.20009844942160968,0.8112006112897577,0.3832769852395481,0.17585510413562463,0.17138038857464072,0.41508594097756396,0.07827788649706459,0.3887846081651806,0.4317316478830338,0.8108602806589383,0.3360251233737101,0.4882871919683602,0.3820530251529573,0.23267253821909334,0.40720733527613906,0.22885893373332405,0.19128811015514563,0.5935861620297732,0.14705302582298443,0.24262101534828812,2
0.5967741935483871,0.24031960663798405,0.4439446366782007,0.25862068965517243,0.1640542257996187,0.42205650365696273,0.5726399095534199,0.3617496648627178,0.3785173309746255,0.24769053117782908,0.34901462174189446,0.05279350233817377,0.19105988729345094,0.2010390038756494,0.03711797622595278,0.19021185398587637,0.3426159480839965,0.3354659039590546,0.4005161895823557,0.33445019798964365,0.28109474418199243,0.14535666218034984,0.33799817462731974,0.22773623385452074,0.0814751539073316,0.3531878598336769,0.4107421351160734,0.37950472068550284,0.5499598178408787,0.28287009658978907,0.20969434605798248,1
0.4274193548387097,0.5955746773202214,0.24117647058823533,0.5707803992740473,0.515462825672527,0.2795066685788041,0.23195779159600524,0.319547192294325,0.3820001105644314,0.15184757505773666,0.09599491417673235,0.2583682008368201,0.09404947626476487,0.24457821390286139,0.208701698619251,0.12451252503249834,0.0906109189163862,0.11944904410657836,0.20958470201783197,0.0928647578434359,0.054388564455678544,0.5621354867653656,0.19774870702768482,0.5554044867437119,0.4235470853338832,0.5280403724500676,0.25250076984970543,0.3419835604963264,0.6972944012858292,0.22156514882712394,0.10173160173160176,1
0.7741935483870968,0.528580208973571,0.17681660899653978,0.5090744101633394,0.42067358610463884,0.4722501075577227,0.484831354814396,0.5243533091703491,0.5488971197965614,0.7551963048498845,0.36596736596736584,0.6332759045040611,0.027635391129930922,0.5538880184711801,0.5125989205655442,0.2931173804588413,0.27623718304139694,0.5667620051181694,0.6509854528390427,1.0,0.5592260088904384,0.48855989232839836,0.016428354122299944,0.4643099932019036,0.3313499661256591,0.50813846044495,0.2858774796610674,0.48683269052896105,0.7309708775018179,0.6207372363493001,0.27659714023350396,1
0.5806451612903226,0.17885679164105717,0.22664359861591693,0.17295825771324855,0.11507095954246979,0.396242650222286,0.39815338232523073,0.18626185392979494,0.19741279230471556,0.46073903002309474,0.4007204916295825,0.03845680531626875,0.2648603903339807,0.06431928754019957,0.028806993145922326,0.11569405895372939,0.21110790063489338,0.21187716393195846,0.2691224777099953,0.21908315565031986,0.3027107121066852,0.13055181695827725,0.3121387283236994,0.1312032630863359,0.07128339568175793,0.45554055014571043,0.38312688116500604,0.3836058707526919,0.5220236500707972,0.407056968263355,0.3335956972320609,1
0.7983870967741935,0.3171481253841426,0.26539792387543254,0.3012704174228674,0.23903833933488666,0.31894450021511556,0.2549462973431316,0.17499131125564768,0.2162640278622367,0.319284064665127,0.2591650773468955,0.3144843711543195,0.30879684166958515,0.2787169126741981,0.19896692162511173,0.1441520570565295,0.09396890350089418,0.14850218274875807,0.19052088221492255,0.20689917758148035,0.2045672448357012,0.3176312247644684,0.26163675083662913,0.2984364377974168,0.2135261716103567,0.3517662946904542,0.1711450396845106,0.22357375962025094,0.3544066434503081,0.2418687167356594,0.17407844680571954,1
0.07258064516129033,0.31837738168408114,0.35640138408304495,0.3284936479128856,0.23151874602838377,0.602753477699699,0.5884680610514413,0.3679559108286579,0.4560229974017359,0.49422632794457283,0.49396058486967576,0.23098695545163678,0.22633640039479128,0.22272614826420387,0.13307506373961125,0.15314618979025402,0.13793507375852188,0.15760951377389734,0.22864852182074144,0.1714894913189156,0.2662773468142595,0.3642889187976671,0.4505628232430788,0.3514615907545888,0.2376800494859937,0.6893880162058428,0.3695179250812067,0.39652013053873403,0.6823695993264706,0.4220382416715947,0.3880362062180244,2
0.20161290322580644,0.17885679164105717,0.46539792387543244,0.160617059891107,0.12402033467485699,0.455040871934605,0.13992839645750896,0.13090213991360905,0.19879484769749572,0.07217090069284071,0.09726636999364266,0.2586758552793502,0.6010697570759973,0.26230724828894203,0.12300917188172578,0.40519270632048626,0.08662819301383022,0.16257714887851873,0.43453777569216334,0.3675753883643009,0.07304105290682471,0.11978465679676983,0.4055369637967752,0.10944935418082943,0.06553948569913694,0.4605160281469899,0.07608101798964927,0.1254079335439172,0.31537254601813935,0.12123004139562389,0.03627180899908173,1
0.10483870967741936,0.4044253226797789,0.5155709342560554,0.382032667876588,0.3203770387629739,0.2554137387064392,0.1722253627284718,0.21478576038925573,0.26037923599977886,0.06697459584295612,0.11400720491629575,0.16299532365247357,0.3043395205195963,0.1549435144718397,0.12675076984205821,0.06580472894635139,0.04508289536363849,0.04711726629534849,0.062324026278742374,0.036190222357599756,0.038263749673145636,0.3997308209959623,0.7140249467599635,0.3908905506458192,0.28716604318242067,0.332575165256948,0.19458820490915774,0.21929809252892618,0.4141058512877425,0.16538537354622512,0.108356290174472,2
0.25,0.40872771972956373,0.4480968858131487,0.42740471869328495,0.32773776742215627,0.25699125197189165,0.5816845675522894,0.4707313440246264,0.44164962131682234,0.22401847575057737,0.496715405806315,0.45231356140782675,0.35114139259447924,0.3832769852395481,0.301016522631701,0.1440115237325651,0.4912262891146635,0.4137437904561192,0.5260441107461286,0.16844349680170573,0.8901769371568029,0.3916554508748317,0.3711591116519623,0.39768864717878993,0.2736163068131609,0.27571255952804047,0.4243510911998728,0.4297656236365857,0.6529026826374804,0.14508180563768974,0.4418208054571692,1
0.056451612903225805,0.32513829133374306,0.29031141868512106,0.3348457350272232,0.23485490362211395,0.4536067689660118,0.505558696061805,0.42406037436075666,0.38813643650837526,0.3279445727482678,0.3515575333757151,0.05753138075313807,0.17676462160527237,0.10810587944256618,0.046687195788218935,0.06661279555914697,0.21446588521940135,0.20909227758542825,0.20283904270295636,0.11418671946390496,0.26096051599407305,0.25616868550919697,0.25616063279586243,0.2841604350781782,0.154025155380129,0.3880162058426329,0.4165035909763681,0.4176366904591543,0.5518732539895144,0.2375320323280111,0.3362193362193363,1
0.49193548387096775,0.519360786724032,0.4539792387543253,0.5190562613430126,0.4201440372802372,0.3976767531908792,0.41360467307329934,0.4491336080631547,0.3789595887003151,0.3868360277136259,0.20661157024793378,0.20335958651242925,0.45843548027635395,0.2378164426486353,0.1537035197510016,0.2790640480623967,0.19658266499027746,0.21232876712328766,0.3054903801032379,0.2661056960097472,0.24945524274383332,0.3952445042620008,0.42166108913903255,0.40652617267165203,0.26772511708739577,0.45767289786054466,0.24385858605926353,0.280815343536762,0.4875817993953543,0.2671003351074315,0.13839695657877477,1
0.0,0.567301782421635,0.31695501730103803,0.5617059891107079,0.4704511755983901,0.5496916678617525,0.3876012813265498,0.46998659450871355,0.5837249156946211,0.24018475750577367,0.21784276329730873,0.14724341619492984,0.20341303448056286,0.1529644594706028,0.12747922254229993,0.2255559849629343,0.15464690401630576,0.3350895679662803,0.4084350070389488,0.3165549802010357,0.2543362677590865,0.4122925078510543,0.2555521752357773,0.41400407885791984,0.28598780523726763,0.6012509773260362,0.24127586446671767,0.44224359086228865,0.7206383222991849,0.2891780011827322,0.16863439590712323,2
0.8306451612903226,0.29686539643515675,0.43356401384083043,0.30671506352087113,0.22294005507307774,0.5812419331708019,0.48671565856416044,0.46998659450871355,0.41174194261706004,0.4549653579676675,0.4886628522992159,0.2204036426285996,0.22601802031264925,0.20161622825101014,0.14780967517631868,0.21192425253838315,0.25312175427362105,0.3654975161824477,0.25592444861567337,0.13455680779774595,0.4268282053516952,0.32974427994616423,0.42074840279890474,0.30727396329027884,0.22501399157559868,0.7362996659321914,0.4382580536212736,0.62094902357725,0.6674447973671119,0.33688152966686385,0.4601862783680966,1
0.3790322580645161,0.5439459127228028,0.3868512110726643,0.5245009074410162,0.4598601991103579,0.2704718198766672,0.3186357640851704,0.25624348344173575,0.36817955663663,0.453810623556582,0.11782157236702683,0.4685577159734187,0.26231334967684417,0.43984497402490313,0.36558392106221654,0.1453465903102273,0.19010097381552954,0.17702845100105372,0.3503636790239324,0.21108742004264394,0.25782271419855307,0.5782862270076267,0.36416184971098264,0.5791978246091096,0.4421043329700433,0.3794868149832967,0.2703811501057922,0.29468944695555055,0.585549730205503,0.296668637886852,0.18044077134986228,1
0.43548387096774194,0.5046097111247696,0.5612456747404844,0.4927404718693285,0.41114170726540983,0.3876380324107271,0.3740342943282457,0.4173576287175413,0.4219691525236332,0.3429561200923788,0.2532316168679804,0.27215111986217083,0.20341303448056286,0.26123526016327203,0.18429853316115363,0.16600498893300072,0.1338742551912099,0.21782327261779316,0.22747536367902393,0.12313432835820895,0.20561317876754118,0.48811126065500215,0.5850319440219044,0.5078178110129166,0.35815487937789037,0.6844125382045633,0.33057843030128437,0.4811608872445507,0.6054494661513147,0.33372757737039227,0.276531549258822,1
0.4032258064516129,0.5685310387215735,0.5692041522491348,0.5607985480943738,0.4619783944079644,0.3453319948372294,0.45543621631807035,0.34784767389901194,0.5870418486372935,0.3273672055427252,0.21084975630430164,0.4813561407826729,0.4870896876691394,0.4927022346829389,0.2967120294029999,0.20278958648069423,0.30763043427330866,0.3620352250489237,0.5920342562177382,0.5562366737739872,0.27882855399633916,0.5091969493046209,0.5214481289930027,0.5091774303195106,0.34254322660461284,0.32617812211244585,0.28836086580774617,0.3021936789933858,0.712601890474915,0.3362901636112754,0.13957759412304868,1
0.0967741935483871,0.38844499078057776,0.5204152249134949,0.36751361161524504,0.30036009320059304,0.11960418758066829,0.24439419634445067,0.2393624944143786,0.20482060921001713,0.09180138568129328,0.08094935367662635,0.19456066945606698,0.41927473017288036,0.17564113135977572,0.14698188801695308,0.1911955872536275,0.2790485189726129,0.2896281800391389,0.35916236508681376,0.15340389887298203,0.2311513989366338,0.3382682817406908,0.5716458777000304,0.32426920462270575,0.22854870541105776,0.4384817684270383,0.35849169058995317,0.41850927557983286,0.5545520645976044,0.18430908732505422,0.1600419782237964,1
0.06451612903225806,0.49907805777504616,0.4993079584775086,0.5117967332123413,0.3931370472357551,0.22716191022515425,0.6517806670435273,0.4635320987041358,0.4383879705898613,0.5785219399538107,0.2792964611146429,0.4844326852079744,0.41513578910503357,0.6330502185206565,0.301016522631701,0.13635245757650283,0.7282375266491218,0.6494806563299713,0.6219497888315345,0.8652147426134633,0.5716900549115314,0.5047106325706594,0.5019774870702769,0.627464309993202,0.3366520368788477,0.30414386239249425,0.6884840417606214,0.6110015532015147,0.843098235811871,0.6120638675340035,0.31982159254886533,2
0.04032258064516129,0.5439459127228028,0.34878892733564015,0.529038112522686,0.462507943232366,0.3090491897318227,0.23233465234595815,0.3374211806762325,0.36895350765658685,0.1801385681293303,0.1496079677897859,0.3862293871523505,0.2858734757553567,0.43563948214727466,0.34008807655375656,0.23412851772476548,0.1633932824689777,0.3721962968538311,0.5011145002346316,0.17891410295461468,0.14983003573607598,0.4383131449080304,0.27715241861880135,0.4758667573079538,0.32840437126277655,0.3937024664155236,0.18425731853897426,0.3220886197448561,0.593203474800046,0.16104868913857678,0.08703922340285976,1
0.532258064516129,0.587584511370621,0.6031141868512111,0.5671506352087115,0.5069900444821012,0.23834791338018083,0.23120407009609945,0.32624993793754037,0.34877549892199683,0.0808314087759816,0.12015257469802913,0.20317499384691118,0.2632684899232704,0.21555207388472006,0.18549054667064005,0.08266872782208481,0.10365239393063809,0.17785639018515728,0.16823087752229,0.09705300030459946,0.15689008977599578,0.5217586361597127,0.6300578034682082,0.5275322909585316,0.40174968334855227,0.287085080673822,0.22329614876476372,0.34084919983944434,0.48719911216562706,0.17189040015769763,0.18522891250163984,1
0.056451612903225805,0.2759680393362016,0.7197231833910034,0.26406533575317603,0.20059309468332978,0.2727663846264163,0.22668174109666475,0.2818132168214091,0.24705622201337832,0.2465357967667436,0.22886204704386517,0.07980556239232095,0.47021554331561016,0.067452791292158,0.06165358762954869,0.12335312510979166,0.10568280321429407,0.13096492548547342,0.16471140309713747,0.2539217179409077,0.18138237601324844,0.20188425302826377,0.7547916032856707,0.18694765465669613,0.1239800877787269,0.32191342668277784,0.18366130586377136,0.23866948220798936,0.38119474953120813,0.26591760299625467,0.16528925619834717,1
0.12903225806451613,0.6127842655193609,0.5089965397923876,0.6451905626134301,0.5218174115653463,0.5009321669295855,0.6691162615413604,0.7284146765304602,0.7025816794737134,0.48556581986143194,0.392879847425302,0.4728033472803348,0.21137253653411442,0.6271130535169456,0.3470414886924274,0.13111759125882724,0.2792047043021249,0.5081288574439259,0.6178437353355233,0.24154736521474265,0.44678811121764134,0.5136832660385823,0.38758746577426223,0.6390210740992522,0.3861380305752747,0.4178690738503092,0.3648491591254507,0.5548943299418858,0.861849910068501,0.26887443327419674,0.2865669683851502,1
0.08870967741935484,0.5119852489244009,0.36332179930795844,0.48094373865698736,0.40531667019699213,0.22027821597590705,0.2775579423403052,0.1002184598580011,0.37807507324893586,0.3827944572748268,0.08306844670481034,0.7095742062515383,0.48135884619058233,0.6587779335367362,0.5096188867918281,0.0077995994800267,0.017484947638868285,0.13111545988258316,0.9216916940403567,0.30399025281754494,0.24134925477207353,0.32256617317182595,0.17523577730453296,0.30523453433038755,0.20792954137087985,0.07690667424834752,0.07409430907230628,0.05063611455297464,0.3161379204775937,0.1147250147841514,0.00918273645546372,1
0.22580645161290322,0.6748617086662569,0.701038062283737,0.6787658802177857,0.5959542469815717,0.1695109708877099,0.4757866968155266,0.4501266074177052,0.44607219857371894,0.28175519630484996,0.14621741894469162,0.4248092542456313,0.25148842688401407,0.47555042467221903,0.3371080427800404,0.17545585496960966,0.40430915324123606,0.36640072256510614,0.5929141248240262,0.40184282668291194,0.30933496034167174,0.5563032750112157,0.5293580772741101,0.5873555404486744,0.4250198827653245,0.24799203923519803,0.3535249182965957,0.3712151620390569,0.6108070873674946,0.24029174058742359,0.12127771218680311,1
0.3790322580645161,0.2550706822372465,0.40276816608996535,0.23012704174228676,0.18597754712984532,0.2235766528036714,0.09331072168833614,0.0708753289310362,0.07203272707170104,0.17782909930715932,0.13964823055732145,0.07180654688653704,0.15021172275462447,0.07784283004865176,0.052713486308400385,0.07054772863015142,0.023060763902446643,0.038311004064428715,0.11872360394181133,0.058406944867499234,0.047241349254772066,0.2359802602063706,0.45695162762397323,0.2216179469748471,0.15373059589384075,0.40507498756130506,0.15336399487429098,0.21572049353414424,0.4745704335846313,0.21880544056771145,0.15538501902138266,2
0.49193548387096775,0.2864167178856792,0.3114186851211072,0.25499092558983666,0.21023088328743908,0.04918973182274491,0.03810062182023742,0.04495804577727024,0.04511028802034384,0.13799076212471134,0.0885780885780885,0.022151119862170814,0.20271259829985036,0.03141749814463594,0.02711830734081653,0.005586199627586686,0.013728690464104706,0.016332982086406742,0.0,0.042796222966798664,0.022487579534559397,0.22745625841184386,0.4563431700638881,0.20938137321549974,0.14153583316150697,0.18828630321984507,0.1285301334075038,0.17627964607947505,0.21694539053231796,0.22038241671594716,0.08690804145349604,1
0.41935483870967744,0.6232329440688384,0.5602076124567473,0.6424682395644282,0.5027536538868883,0.5611644916104976,0.8937252685132843,0.5578670373864257,0.7147437669301787,0.6275981524249422,0.5028607755880484,0.26827467388629095,0.12760673692253813,0.26890409829306505,0.2234031985695838,0.05572146295190246,0.31426831077756867,0.20909227758542825,0.30783669638667294,0.19224032896740786,0.3667741654318835,0.6209062359802602,0.5114085792515971,0.6213460231135283,0.4656690918731038,0.47757480986566225,0.7023910041820222,0.5706881206261671,1.0,0.49931007293514684,0.4811753902662993,1
0.6693548387096774,0.5494775660725262,0.22525951557093427,0.529038112522686,0.4593306502859563,0.36612648788183005,0.253815715093273,0.31234794697383444,0.5074354580131573,0.24364896073902997,0.23776223776223765,0.5274427762736894,0.18236811105097264,0.5136472334460295,0.3573060494685607,0.1954818536345431,0.18330691198175755,0.23076923076923075,0.6650633505396528,0.5663265306122448,0.23516081234202038,0.4221624046657694,0.07331913599026459,0.424201223657376,0.29453003033962705,0.268604733811927,0.1350862728347356,0.1960873283188775,0.5315908308139757,0.21249753597476836,0.10127246490882857,1
0.5080645161290323,0.28948985863552557,0.443598615916955,0.3475499092558984,0.21812116077102306,0.5152731966155171,1.0,0.7289111762077354,0.6489579302338437,0.6853348729792148,0.6524687433778343,0.6757322175732218,0.6660192938329779,0.7394244248371402,0.41227111685043544,0.3405473772968415,0.410790844415984,0.5372572632846605,0.7351595495072735,0.2948522692659153,0.43188355268892176,0.31449080305069543,0.45543048372376027,0.398368456832087,0.2114642552063389,0.4868149832966097,0.46279390875045934,0.5184202718975236,0.8312349316903296,0.3374728957224522,0.30735930735930744,1
0.3064516129032258,0.8408113091579594,0.3882352941176471,0.8493647912885662,0.7834145308197416,0.4019790620966585,0.6201243640474844,0.5139268159475696,0.7009232130023773,0.3943418013856813,0.3632125450307269,0.4908318976126016,0.17138399821707154,0.486270305928919,0.4169067249428827,0.08157959456136037,0.19345895840003752,0.18643685082041245,0.31663538244955425,0.20766067621078285,0.32014294430401813,0.7662628981606101,0.3121387283236994,0.8198504418762746,0.6285604877905093,0.371668206695572,0.365047830017185,0.38552555801818467,0.8362098656767825,0.3138182534989158,0.27331759149940976,1
0.1532258064516129,0.26982175783650897,0.13425605536332177,0.27767695099818507,0.1815293370048718,0.46364548974616393,0.6310533257961182,0.4560846035450077,0.427055116369064,0.7003464203233256,0.42530197075651605,0.15075067683977358,0.11063707854436626,0.18396965448998104,0.1023807158703354,0.14481959034536063,0.35870303702373235,0.40283004666566313,0.5087400281557954,0.5490024367956138,0.288241959382899,0.23463436518618214,0.07331913599026459,0.27192386131883073,0.13926772511708738,0.4057857701329165,0.5404742274185698,0.5292403273939372,0.8048295128391567,0.6114725014784153,0.2913551095369278,1
0.03225806451612903,0.7584511370620775,0.5636678200692041,0.7894736842105264,0.7008049142130904,0.5611644916104976,0.6118334275485208,0.8150538702149843,0.7832937144120737,0.5150115473441109,0.255138800593346,0.22157272951021412,0.38138750039797514,0.2897666364311042,0.22903215125326978,0.233987984400801,0.3425378554192405,0.591901249435496,0.5712106992022524,0.26401157477916537,0.35805804933321705,0.5509196949304621,0.4870702768481898,0.6247450713800137,0.43532946478541346,0.5095600255881726,0.36296178565397486,0.6677195860456188,0.9349431709463856,0.32190025625862406,0.21369539551357739,1
0.4435483870967742,0.5224339274738783,0.3096885813148788,0.4954627949183303,0.4275577208218597,0.4091495769396243,0.27416619559072924,0.28280621617595947,0.3626513350655094,0.27020785219399546,0.13180758635304082,0.24741570268274676,0.08663122035085484,0.2180258926362662,0.18876858382172776,0.06963426202438254,0.08319211576456623,0.12456721360830951,0.21984983575786018,0.1098081023454158,0.12751677852348994,0.5769403319874382,0.24034073623364768,0.53025152957172,0.4312056319773778,0.48183950529533026,0.26303032711162316,0.35577040540304705,0.6540507443266619,0.3575793416124581,0.22602649875377148,1
0.07258064516129033,0.7111247695144438,0.3993079584775087,0.6805807622504538,0.6542046176657488,0.01362397820163497,0.17173544375353303,0.11081872796782681,0.23970368732378797,0.24249422632794465,0.05022250476795926,0.7261875461481665,0.620809322168805,0.7244165910777605,0.5907420284096553,0.061658995889400256,0.15183556808508977,0.10078277886497065,0.4453894885030502,0.3232180932074322,0.24710189139719338,0.5307312696276357,0.24764222695466984,0.5234534330387491,0.41058646793719994,0.0,0.08005443582433519,0.07122039754978098,0.2479430561402166,0.09777252119061701,0.018627836809655008,1
0.29838709677419356,0.4634296250768285,0.24705882352941175,0.44827586206896547,0.37407328955729713,0.376165208661982,0.32278123233465233,0.31061019810337126,0.39537840676654323,0.302540415704388,0.3543123543123543,0.3682623677085897,0.21742175809481357,0.3049393914405871,0.27078573557166985,0.1864525875698275,0.1936151437295495,0.25146771037182,0.3095964335992492,0.15778251599147122,0.36328771899241696,0.44459398833557645,0.18892607240644957,0.4167233174711082,0.32162950307814664,0.4214229867083659,0.25587817500918847,0.28735973194185094,0.5254678351383415,0.1862803075103489,0.25849403122130404,1
0.2661290322580645,0.6238475722188078,0.3508650519031142,0.6007259528130671,0.5414107180682058,0.3136383192313208,0.26926700584134156,0.33071843503301723,0.5262314113549671,0.14203233256351047,0.13456240728967991,0.2895028304208713,0.3180298640517049,0.27945905829966194,0.22482699248369262,0.09837332677511153,0.1046675985724661,0.15738371217823274,0.27821445330830596,0.04584221748400854,0.09744617798309071,0.5760430686406459,0.4685123212655917,0.5649218218898708,0.44593360629179063,0.39014855355746686,0.25707020035959427,0.36292560339261093,0.7615858558799894,0.13857677902621723,0.12600026236389872,1
0.12096774193548387,0.3472649047326369,0.6124567474048441,0.3303085299455535,0.26292099131539926,0.13738706439122336,0.21198417184850196,0.1701256144183506,0.18082812759135383,0.16281755196304853,0.1320194956558593,0.16158011321683483,0.2269731605590754,0.1873505401170941,0.11443329691069831,0.11369145908723606,0.23398905140840123,0.2736715339455066,0.3049038010323792,0.10086049345111181,0.24448705656759348,0.27545984746523106,0.530879221174323,0.282800815771584,0.1814191876049368,0.22737934465846904,0.25637485223852424,0.2760161253730301,0.4317094638551912,0.12872067809974375,0.1519086973632429,1
0.6048387096774194,0.09280885064535965,0.47266435986159167,0.1095281306715063,0.06052743062910398,0.6256991251971892,0.7294139815338232,0.5047415719179782,0.3599977887113716,0.4168591224018477,0.681924136469591,0.06386906226925916,0.3938043236015154,0.07306011379566259,0.032945928942750245,0.1574675895021607,0.5062200807478153,0.5004516031913292,0.2682426091037072,0.1905269570514773,0.7838403207530725,0.10094212651413188,0.7304533008822635,0.08531611148878322,0.05988394356240241,0.7348781007889688,1.0,0.9432819671558961,0.7347977497990893,0.5521387739010448,1.0,1
0.12096774193548387,0.47080516287645974,0.341522491349481,0.45553539019963696,0.387841558991739,0.2786462067976481,0.22818918409647632,0.3103619482647336,0.31510862955387253,0.22459584295612003,0.1428268700995973,0.40555008614324395,0.4733993441370307,0.3693411396058382,0.26340187411012883,0.28398271440115236,0.15519355266959775,0.30009032063826585,0.40872829657437815,0.28647578434358817,0.2728144338882594,0.37999102736653195,0.32217827806510496,0.3725356900067982,0.2636012842793602,0.36882507640912654,0.1593241216263199,0.2797682413919478,0.4592629443955455,0.15296668637886854,0.1257378984651712,1
0.12903225806451613,1.0,0.3975778546712803,1.0,1.0,0.4937616520866199,0.547767100056529,0.653194975423266,0.9259218309469843,0.2840646651270208,0.1578724305997033,0.39521289687423083,0.35623547390875226,0.38484373711552733,0.3798218602033045,0.0690018620665425,0.14074640968973784,0.15166340508806261,0.21222430783669635,0.1497867803837953,0.1446875272378628,0.9098250336473753,0.4922421661089139,0.9225016995241334,0.7976376329199681,0.4640699410050466,0.34975017135364406,0.4450358632484599,0.9177222456086641,0.25448452592154547,0.1690935327298964,2
0.24193548387096775,0.20282728948985868,0.3923875432525951,0.19718693284936473,0.1437195509425969,0.3335723504947656,0.2402487280949689,0.26791122585770316,0.19719166344187075,0.3331408775981524,0.23310023310023303,0.05673147920255967,0.20914387595911996,0.124020780077513,0.03615774312108871,0.11281312581245828,0.17651285014798562,0.28006924582267045,0.18876114500234634,0.23602650015229973,0.25581800749585987,0.13683266038582326,0.41648919987830846,0.21142080217539097,0.08586409025302659,0.44558959414315175,0.37001460231054245,0.4315980523900106,0.4428073935172783,0.39936920954070565,0.30407975862521325,1
0.8870967741935484,0.13644744929317768,0.2865051903114187,0.1277676950998185,0.0916119466214785,0.5855442420765812,0.29037120783870357,0.24482399086440593,0.2934932832107911,0.47344110854503463,0.3712650985378257,0.05740831897612603,0.16925085166671974,0.061350705038344194,0.033972385020363566,0.13579032428064503,0.12504978407378195,0.13630889658286918,0.2045987799155326,0.18176972281449896,0.22278392748191406,0.1269627635711081,0.3431700638880438,0.12032630863358262,0.0740227989042387,0.6872556684910087,0.36286245020810776,0.4158915202177973,0.6881099077723778,0.4602799132663119,0.4123048668503214,1
0.04838709677419355,0.00799016594960054,0.2923875432525951,0.01270417422867506,0.0,0.6687222142549836,0.6382136800452232,0.359763666153617,0.23970368732378797,0.5127020785219399,0.6198347107438017,0.010829436377061288,0.21169091661625644,0.046672713779170455,0.0,0.16646172223588518,0.2978688511788088,0.262983591750715,0.24096668230877524,0.18081784952787083,0.29181556698335215,0.017945266935845684,0.4913294797687861,0.04527532290958539,0.0,0.9701471319923237,0.8806981295135542,0.7122214272002233,0.8549615399334125,0.5103489059727973,0.5592286501377411,1
0.7016129032258065,0.5433312845728334,0.5100346020761246,0.530852994555354,0.43973734378309676,0.38046751756776154,0.42528735632183906,0.5722655280274068,0.5229144784122948,0.5161662817551964,0.23055732146641225,0.18551562884568054,0.266452290744691,0.1329265275830791,0.16337207377239163,0.08312546112496925,0.1908819004630895,0.2755532139093783,0.15415297982167997,0.15035790435577215,0.1862634010285017,0.4392104082548227,0.514450867052023,0.4323589394969408,0.31838934872897584,0.32404577439761184,0.33256513921862735,0.4740929477670547,0.5518732539895144,0.3429923122412774,0.1942148760330579,1
0.9274193548387096,0.640442532267978,0.2442906574394464,0.5952813067150635,0.5355856809997881,0.1920263874946221,0.2745430563406821,0.25202323618489647,0.33993034440820386,0.5918013856812934,0.20873066327611778,0.24095495938961362,0.07908561240408801,0.22882823451801765,0.22568789112943285,0.12296665846888942,0.21196691994720937,0.16603944001204277,0.37763960581886435,0.43896588486140725,0.3444609082192974,0.5410497981157468,0.13112260419835714,0.5030591434398368,0.42443076379274797,0.2622076906674249,0.29163893552136205,0.2769759690057765,0.6666794229076576,0.5458308693081018,0.23370064279155192,1
0.04032258064516129,0.3534111862323295,0.6141868512110727,0.34845735027223224,0.2773776742215632,0.20063100530618103,0.2526851328434143,0.19169852539595847,0.16352479407374645,0.3360277136258661,0.21402839584657765,0.25313807531380755,0.2779139737018052,0.25480333140925215,0.1652925399821198,0.17917998805466742,0.1480871201768018,0.2154899894625922,0.2620835288596903,0.22250989948218095,0.21955896452540744,0.30955585464333774,0.5552175235777305,0.2970768184908227,0.2076349818845916,0.3631388158362358,0.2279649147205197,0.2805535680005584,0.39305805365274965,0.28976936723832053,0.16607634789452974,1
0.8387096774193549,0.21327596803933624,0.32491349480968856,0.20490018148820327,0.1487502647744122,0.3233902194177542,0.25645374034294327,0.17352663720768582,0.21051467742827132,0.32967667436489617,0.28925619834710736,0.05888506030027072,0.47403610430131493,0.10084934443803084,0.04258137147776564,0.18754172083055193,0.16870358367238567,0.16762005118169504,0.26589629282027216,0.12827444410600058,0.2932973067201255,0.15657245401525338,0.4317006388804381,0.16587355540448678,0.09375828448555185,0.43492785556898156,0.24962004191955808,0.25777909635084906,0.4879644866250814,0.2272816873644786,0.2524596615505707,1
0.6612903225806451,0.7535341118623234,0.5740484429065743,0.7404718693284936,0.6928616818470663,0.28854151728094074,0.46033540606745793,0.4245568740380319,0.5715628282381559,0.3469976905311778,0.27209154481881737,0.5317499384691116,0.1914737814002356,0.5025150490640719,0.46955398827853384,0.13213645785756944,0.16620461840019368,0.2561342766822219,0.35153683716565,0.1526424002436796,0.1713588424997821,0.8151637505607896,0.5427441435959841,0.8218898708361659,0.7175174526495626,0.4704669841495488,0.3588890323734218,0.4869199490410289,0.8813669587845854,0.3031736644983245,0.20812016266561725,1
0.0,0.4400737553779963,0.7131487889273357,0.3983666061705989,0.3298030078373226,0.16176681485730673,0.1746749576031656,0.09473213842411002,0.19719166344187075,0.1703233256351039,0.09387582114854835,0.141397981786857,0.25912954885542355,0.08542920755339327,0.07291149299692062,0.07258546182763588,0.06921352877324233,0.0715038386271263,0.18318864382918817,0.11856533658239414,0.08811993375751764,0.3683266038582324,0.6772132643748099,0.291638341264446,0.20792954137087985,0.266472386097093,0.1564433936961726,0.18718696008795657,0.39918104932838394,0.2142716341415336,0.09851764397218943,2
0.0,0.049784880147510785,0.2685121107266436,0.02813067150635204,0.03680364329591188,0.35436684353936626,0.0493310721688336,0.007124770368899254,0.08203880811542927,0.17956120092378747,0.26742954015681275,0.27762736893920753,0.5549046451653984,0.24614496577884062,0.11628754014767723,0.1029055264729649,0.021108447283546654,0.013397561342766824,0.2682426091037072,0.1497867803837953,0.14564630000871612,0.02332884701659935,0.20444174018862182,0.0,0.013402456626115644,0.22595777951524632,0.028241067260030398,0.032477618191654595,0.16306302858673605,0.08141139365267101,0.09254886527613804,1
0.3709677419354839,0.4837123540258145,0.40103806228373695,0.47005444646098005,0.39631434018216477,0.3847698264735409,0.3499152063312605,0.3361799314830445,0.3711095140693239,0.3666281755196305,0.2345835982199618,0.3847526458282058,0.49950651087267983,0.2754184876721366,0.29770537399423863,0.18996592066893858,0.261868132726293,0.3181544482914346,0.3861450023463162,0.30360950350289373,0.2987884598622853,0.44055630327501116,0.4338302403407362,0.4092454112848404,0.3225131815370114,0.4057857701329165,0.2930296317635021,0.3204307080155669,0.5426887604760631,0.28424995071949544,0.18431063885609347,1
0.29838709677419356,0.2519975414874002,0.30069204152249135,0.23012704174228676,0.1802054649438678,0.24637889000430233,0.15044281138119464,0.12630951789881334,0.12737022499861794,0.1460739030023094,0.18859927950837038,0.11826236770858972,0.26613391066254893,0.12179434320112147,0.08112314161782723,0.08027966131468924,0.06991636275604632,0.1409754628932711,0.12461872360394184,0.0692583003350594,0.05499869258258518,0.2126514131897711,0.34651658046851225,0.19510537049626106,0.13517334825768063,0.30343307982088286,0.15773475449244553,0.22915830439259352,0.31766866939650223,0.14133648728562978,0.09510691328873153,1
0.03225806451612903,0.6637984019668102,0.36712802768166086,0.6842105263157896,0.5980724422791781,0.2730532052201348,0.5654795553043149,0.4853780845042451,0.4891923268284592,0.23845265588914552,0.24772197499470228,0.5988186069406842,0.3151644433124264,0.6361012616475634,0.4728651369159962,0.10610265959315603,0.32996493639352453,0.39402378443474334,0.30607695917409666,0.21622753579043558,0.3074174147999651,0.6886496186630776,0.3501673258290234,0.7532290958531612,0.5525641403281393,0.32191342668277784,0.41839096444784385,0.48578558838414687,0.5935861620297732,0.24995071949536765,0.21999212908303825,2
0.6048387096774194,0.39028887523048567,0.231833910034602,0.37295825771324864,0.3000423639059521,0.3704287967876094,0.21876766534765402,0.2547539844099101,0.3494941677262425,0.2915704387990762,0.12460267005721544,0.0710681762244647,0.15750262663567766,0.08575905005359942,0.06503095923976028,0.07342866177142254,0.05999859433203439,0.0931807918109288,0.21838338808071325,0.11532896740785865,0.11113048025799702,0.31449080305069543,0.25616063279586243,0.31135282121006125,0.2102860172611859,0.42426611699481137,0.18793273003605876,0.2738346625713338,0.5997091577054074,0.31007293514685597,0.17112685294503474,1
0.41935483870967744,0.5113706207744315,0.5567474048442905,0.5081669691470055,0.42385087905104846,0.2730532052201348,0.474279253815715,0.3518196713172136,0.3074796837857261,0.3146651270207852,0.26191989828353457,0.2227418163918287,0.07771657805087713,0.1958439844974025,0.17939803317770936,0.08249306116712926,0.20173678086417343,0.18086707812735212,0.1310710933833881,0.14369479134937557,0.2448357012115401,0.5074024226110362,0.4329175540006084,0.5186947654656697,0.3843706736575452,0.49036889615466644,0.6036515709900764,0.5105670058114169,0.572155677165053,0.4153360930415928,0.3755739210284665,1
