0.3790322580645161,0.2550706822372465,0.40276816608996535,0.23012704174228676,0.18597754712984532,0.2235766528036714,0.09331072168833614,0.0708753289310362,0.07203272707170104,0.17782909930715932,0.13964823055732145,0.07180654688653704,0.15021172275462447,0.07784283004865176,0.052713486308400385,0.07054772863015142,0.023060763902446643,0.038311004064428715,0.11872360394181133,0.058406944867499234,0.047241349254772066,0.2359802602063706,0.45695162762397323,0.2216179469748471,0.15373059589384075,0.40507498756130506,0.15336399487429098,0.21572049353414424,0.4745704335846313,0.21880544056771145,0.15538501902138266,2
0.5725806451612904,0.215119852489244,0.3404844290657439,0.2049909255898366,0.14885617453929254,0.340599455040872,0.28094968908988127,0.2334044982870761,0.21830946984355132,0.3706697459584296,0.30536130536130524,0.009475756829928622,0.09194816772262729,0.0241609631401006,0.017979537101420487,0.0483785967747602,0.06733930481909836,0.06819208189071203,0.06244134209291412,0.13969692354553762,0.07748627211714458,0.24629878869448174,0.4091877091572863,0.22297756628144128,0.15785442870187633,0.5209325467339542,0.35193555116272135,0.412488438247151,0.5924381003405916,0.6284249950719495,0.30342384887839435,1
0.5887096774193549,0.39766441303011696,0.5252595155709342,0.3865698729582577,0.310527430629104,0.3675605908504231,0.2583380440927077,0.35802591728315375,0.25241859693736524,0.0,0.178215723670269,0.20662072360324882,0.4154541691871756,0.21555207388472006,0.14747856031257242,1.0,0.6107080661913427,1.0,1.0,0.26401157477916537,1.0,0.23463436518618214,0.3468208092485549,0.23997280761386822,0.15107956051724644,0.3013007321060488,0.1271394371653637,0.22366101813231878,0.30963223757223224,0.007490636704119846,0.08618654073199533,1
0.056451612903225805,0.5537799631223111,0.5892733564013841,0.5344827586206897,0.46409658970557083,0.2263014484439983,0.2662521198417184,0.276848220048657,0.3519265852175355,0.1685912240184758,0.09239245602881958,0.20680531626876697,0.3820242605622592,0.18446441824029028,0.17264328995728617,0.10775392614973826,0.10576089587905008,0.2397260273972603,0.25651102768653217,0.0500304599451721,0.2277521136581539,0.44459398833557645,0.6148463644660785,0.4432358939496942,0.3225131815370114,0.33683986068661603,0.19866095818971086,0.33735885935673027,0.5159006543951629,0.13404297260003945,0.1533516988062443,1
0.12903225806451613,0.16472034419176407,0.4955017301038062,0.16107078039927405,0.1099343359457742,0.4378316363114872,0.3208969285848879,0.2286877513529616,0.24169384708939137,0.27886836027713635,0.4308116126297945,0.07906719173024856,0.25021490655544587,0.1355652675847283,0.03907155392205556,0.16115658925622736,0.18354118997602556,0.16039440012042752,0.31311590802440165,0.18938470910752359,0.2851913187483657,0.1117092866756393,0.4651658046851232,0.15363698164513942,0.06011959115143304,0.522354111877177,0.2981950749485938,0.2765396764454372,0.5354177031112473,0.23142124975359743,0.29128951856224583,1
0.056451612903225805,0.32575291948371243,0.3159169550173011,0.3439201451905626,0.24052107604321113,0.396242650222286,0.5398530243075182,0.4955563278883868,0.39598651113936645,0.4867205542725174,0.32909514727696554,0.07439084420379029,0.19854181922378936,0.15807701822379813,0.06334227343465447,0.22942065137195655,0.36979219541908426,0.5257413819057654,0.4978883153449084,0.3778556198598843,0.45916499607774774,0.2041274113952445,0.1940979616671737,0.2515295717199184,0.12713187428201125,0.39654559670196887,0.3922657421847837,0.4936388544702536,0.5683288048677816,0.3455548984821604,0.23822642004460187,1
0.12903225806451613,0.5384142593730794,0.3003460207612456,0.5226860254083484,0.43973734378309676,0.3847698264735409,0.3359713585830035,0.36150141502408023,0.4643153297584168,0.3389145496535797,0.17757999576181394,0.14853556485355648,0.2186952784233818,0.16525109260328194,0.12784344889242077,0.08182552787829811,0.1296572512943859,0.13344874303778415,0.17585640544345377,0.2813356685957965,0.13780179551991628,0.4706146253925526,0.4015819896562215,0.4928619986403807,0.3390085127691537,0.42071220413675464,0.34567741807309094,0.3843911973613026,0.6257318893268533,0.49063670411985016,0.20444706808343172,1
0.12096774193548387,0.47080516287645974,0.341522491349481,0.45553539019963696,0.387841558991739,0.2786462067976481,0.22818918409647632,0.3103619482647336,0.31510862955387253,0.22459584295612003,0.1428268700995973,0.40555008614324395,0.4733993441370307,0.3693411396058382,0.26340187411012883,0.28398271440115236,0.15519355266959775,0.30009032063826585,0.40872829657437815,0.28647578434358817,0.2728144338882594,0.37999102736653195,0.32217827806510496,0.3725356900067982,0.2636012842793602,0.36882507640912654,0.1593241216263199,0.2797682413919478,0.4592629443955455,0.15296668637886854,0.1257378984651712,1
0.6048387096774194,0.15550092194222503,0.3612456747404844,0.14972776769509982,0.1046388477017581,0.3819016205363545,0.29941586583757296,0.20435926716647634,0.18840179114378905,0.2378752886836027,0.2954015681288408,0.011813930593157763,0.07300455283517464,0.032324565020202846,0.014999503327704378,0.09485999367600043,0.11747479559245001,0.14714737317477042,0.21838338808071325,0.11209259823332317,0.18303843807199513,0.1206819201435621,0.2844539093398235,0.15091774303195107,0.06842616866476184,0.5621579358874121,0.3687232415142695,0.41798572450742566,0.7531667368259922,0.24482554701360143,0.34146661419388696,1
0.9838709677419355,0.028887523048555665,0.3460207612456747,0.051542649727767634,0.01297394619783944,0.9684497346909507,0.8963632937629544,0.5397447991658806,0.4692907291724252,0.7442263279445727,1.0,0.1857002215111986,0.2527619472125823,0.18899975261812485,0.043839607960001324,0.22636405157572986,0.5250404129540112,0.34374529580009033,0.39582355701548566,0.985150776728602,0.7078357883727011,0.09286675639300135,0.2990568907818679,0.09360978925900755,0.01755574538278006,0.9090198308337482,0.8095739502726758,0.5784541282002059,0.8744785886494969,1.0,0.773711137347501,1
0.41935483870967744,0.5113706207744315,0.5567474048442905,0.5081669691470055,0.42385087905104846,0.2730532052201348,0.474279253815715,0.3518196713172136,0.3074796837857261,0.3146651270207852,0.26191989828353457,0.2227418163918287,0.07771657805087713,0.1958439844974025,0.17939803317770936,0.08249306116712926,0.20173678086417343,0.18086707812735212,0.1310710933833881,0.14369479134937557,0.2448357012115401,0.5074024226110362,0.4329175540006084,0.5186947654656697,0.3843706736575452,0.49036889615466644,0.6036515709900764,0.5105670058114169,0.572155677165053,0.4153360930415928,0.3755739210284665,1
0.9516129032258065,0.1259987707437001,0.3958477508650519,0.14156079854809434,0.08377462402033463,0.7504660834647928,0.5545505935556811,0.4019661387220098,0.4047763834374482,0.6016166281755195,0.5009535918626827,0.06922224956928379,0.20373141456270494,0.103323163189577,0.03420416542498593,0.10764852615676491,0.21610583117927734,0.1850820412464248,0.20782496480525575,0.25791958574474566,0.23202301054650049,0.11888739344997756,0.4277456647398844,0.14343983684568326,0.06810215322984474,0.6282607150472672,0.48554172585403643,0.4493987888518525,0.6773946653400177,0.5545042381233984,0.3421225239407058,1
0.7741935483870968,0.528580208973571,0.17681660899653978,0.5090744101633394,0.42067358610463884,0.4722501075577227,0.484831354814396,0.5243533091703491,0.5488971197965614,0.7551963048498845,0.36596736596736584,0.6332759045040611,0.027635391129930922,0.5538880184711801,0.5125989205655442,0.2931173804588413,0.27623718304139694,0.5667620051181694,0.6509854528390427,1.0,0.5592260088904384,0.48855989232839836,0.016428354122299944,0.4643099932019036,0.3313499661256591,0.50813846044495,0.2858774796610674,0.48683269052896105,0.7309708775018179,0.6207372363493001,0.27659714023350396,1
0.5967741935483871,0.24031960663798405,0.4439446366782007,0.25862068965517243,0.1640542257996187,0.42205650365696273,0.5726399095534199,0.3617496648627178,0.3785173309746255,0.24769053117782908,0.34901462174189446,0.05279350233817377,0.19105988729345094,0.2010390038756494,0.03711797622595278,0.19021185398587637,0.3426159480839965,0.3354659039590546,0.4005161895823557,0.33445019798964365,0.28109474418199243,0.14535666218034984,0.33799817462731974,0.22773623385452074,0.0814751539073316,0.3531878598336769,0.4107421351160734,0.37950472068550284,0.5499598178408787,0.28287009658978907,0.20969434605798248,1
0.2661290322580645,0.6238475722188078,0.3508650519031142,0.6007259528130671,0.5414107180682058,0.3136383192313208,0.26926700584134156,0.33071843503301723,0.5262314113549671,0.14203233256351047,0.13456240728967991,0.2895028304208713,0.3180298640517049,0.27945905829966194,0.22482699248369262,0.09837332677511153,0.1046675985724661,0.15738371217823274,0.27821445330830596,0.04584221748400854,0.09744617798309071,0.5760430686406459,0.4685123212655917,0.5649218218898708,0.44593360629179063,0.39014855355746686,0.25707020035959427,0.36292560339261093,0.7615858558799894,0.13857677902621723,0.12600026236389872,1
0.03225806451612903,0.7584511370620775,0.5636678200692041,0.7894736842105264,0.7008049142130904,0.5611644916104976,0.6118334275485208,0.8150538702149843,0.7832937144120737,0.5150115473441109,0.255138800593346,0.22157272951021412,0.38138750039797514,0.2897666364311042,0.22903215125326978,0.233987984400801,0.3425378554192405,0.591901249435496,0.5712106992022524,0.26401157477916537,0.35805804933321705,0.5509196949304621,0.4870702768481898,0.6247450713800137,0.43532946478541346,0.5095600255881726,0.36296178565397486,0.6677195860456188,0.9349431709463856,0.32190025625862406,0.21369539551357739,1
0.06451612903225806,0.49907805777504616,0.4993079584775086,0.5117967332123413,0.3931370472357551,0.22716191022515425,0.6517806670435273,0.4635320987041358,0.4383879705898613,0.5785219399538107,0.2792964611146429,0.4844326852079744,0.41513578910503357,0.6330502185206565,0.301016522631701,0.13635245757650283,0.7282375266491218,0.6494806563299713,0.6219497888315345,0.8652147426134633,0.5716900549115314,0.5047106325706594,0.5019774870702769,0.627464309993202,0.3366520368788477,0.30414386239249425,0.6884840417606214,0.6110015532015147,0.843098235811871,0.6120638675340035,0.31982159254886533,2
0.9274193548387096,0.640442532267978,0.2442906574394464,0.5952813067150635,0.5355856809997881,0.1920263874946221,0.2745430563406821,0.25202323618489647,0.33993034440820386,0.5918013856812934,0.20873066327611778,0.24095495938961362,0.07908561240408801,0.22882823451801765,0.22568789112943285,0.12296665846888942,0.21196691994720937,0.16603944001204277,0.37763960581886435,0.43896588486140725,0.3444609082192974,0.5410497981157468,0.13112260419835714,0.5030591434398368,0.42443076379274797,0.2622076906674249,0.29163893552136205,0.2769759690057765,0.6666794229076576,0.5458308693081018,0.23370064279155192,1
0.45161290322580644,0.4326982175783651,0.35570934256055364,0.41651542649727763,0.33366871425545436,0.4105836799082174,0.31788204258526465,0.2386177448984658,0.3755320913262203,0.39491916859122395,0.22123331214240302,0.15991877922717204,0.16275589799102166,0.1573348725983343,0.11860534419390087,0.1603485226434318,0.15909818590739774,0.10650308595514076,0.28232050680431725,0.119136460554371,0.19602545105900812,0.3696724988784207,0.2658959537572254,0.3602991162474507,0.24769507201979438,0.4711777667211601,0.3200488730393666,0.2671157571421092,0.6444835635834832,0.2946974177015573,0.19670733307096944,1
0.49193548387096775,0.2864167178856792,0.3114186851211072,0.25499092558983666,0.21023088328743908,0.04918973182274491,0.03810062182023742,0.04495804577727024,0.04511028802034384,0.13799076212471134,0.0885780885780885,0.022151119862170814,0.20271259829985036,0.03141749814463594,0.02711830734081653,0.005586199627586686,0.013728690464104706,0.016332982086406742,0.0,0.042796222966798664,0.022487579534559397,0.22745625841184386,0.4563431700638881,0.20938137321549974,0.14153583316150697,0.18828630321984507,0.1285301334075038,0.17627964607947505,0.21694539053231796,0.22038241671594716,0.08690804145349604,1
0.0,0.049784880147510785,0.2685121107266436,0.02813067150635204,0.03680364329591188,0.35436684353936626,0.0493310721688336,0.007124770368899254,0.08203880811542927,0.17956120092378747,0.26742954015681275,0.27762736893920753,0.5549046451653984,0.24614496577884062,0.11628754014767723,0.1029055264729649,0.021108447283546654,0.013397561342766824,0.2682426091037072,0.1497867803837953,0.14564630000871612,0.02332884701659935,0.20444174018862182,0.0,0.013402456626115644,0.22595777951524632,0.028241067260030398,0.032477618191654595,0.16306302858673605,0.08141139365267101,0.09254886527613804,1
0.06451612903225806,0.741241548862938,0.8128027681660899,0.7704174228675137,0.7113958907011226,0.584110139107988,0.5605803655549274,0.6800059579961273,0.7291171430150921,0.2834872979214781,0.27866073320618767,1.0,0.7468878346970614,1.0,0.7940465547498428,0.20356251976249864,0.2079061013798974,0.368207135330423,0.5028742374472079,0.46200121839780683,0.24501002353351348,0.6976222521310004,0.7602677213264374,0.7661454792658057,0.5811364104981,0.43563863814059284,0.23660709851096162,0.40987068288511547,0.6965290268263749,0.2383205204021289,0.13367440640167916,1
0.6129032258064516,0.1106330669944684,0.16989619377162624,0.11524500907441007,0.07471933912306712,0.6300014341029687,0.4177501413227812,0.35355742018767683,0.3115152855326442,0.3966512702078523,0.45327399872854407,0.11930839281319222,0.12037950905791332,0.15222231384513896,0.05582596602761498,0.17946105470259632,0.1758881088299376,0.26095137738973356,0.246245893946504,0.18767133719159304,0.3509979952932972,0.11978465679676983,0.11256464861575904,0.15091774303195107,0.06630534036348641,0.6303930627621012,0.3658425135841221,0.5025392227011745,0.5430714477057901,0.37847427557658186,0.4123048668503214,2
0.056451612903225805,0.2759680393362016,0.7197231833910034,0.26406533575317603,0.20059309468332978,0.2727663846264163,0.22668174109666475,0.2818132168214091,0.24705622201337832,0.2465357967667436,0.22886204704386517,0.07980556239232095,0.47021554331561016,0.067452791292158,0.06165358762954869,0.12335312510979166,0.10568280321429407,0.13096492548547342,0.16471140309713747,0.2539217179409077,0.18138237601324844,0.20188425302826377,0.7547916032856707,0.18694765465669613,0.1239800877787269,0.32191342668277784,0.18366130586377136,0.23866948220798936,0.38119474953120813,0.26591760299625467,0.16528925619834717,1
0.08064516129032258,0.5076828518746159,0.2833910034602076,0.4863883847549909,0.41855539080703236,0.434963430374301,0.3039381948370077,0.2689042252122536,0.3849300679971253,0.3516166281755197,0.19834710743801656,0.3283903519566823,0.26454201025183866,0.3037849426898656,0.29306976590179135,0.13319045778730282,0.12270700413110197,0.13931958452506396,0.299331299859221,0.20252056046299113,0.13257212586071646,0.5966801256168686,0.3489504107088531,0.5778382053025153,0.4821644231052461,0.5721088918899708,0.2977977331651253,0.3175511771173278,0.6892579694615592,0.38872462054011436,0.18299881936245574,2
0.0967741935483871,0.38844499078057776,0.5204152249134949,0.36751361161524504,0.30036009320059304,0.11960418758066829,0.24439419634445067,0.2393624944143786,0.20482060921001713,0.09180138568129328,0.08094935367662635,0.19456066945606698,0.41927473017288036,0.17564113135977572,0.14698188801695308,0.1911955872536275,0.2790485189726129,0.2896281800391389,0.35916236508681376,0.15340389887298203,0.2311513989366338,0.3382682817406908,0.5716458777000304,0.32426920462270575,0.22854870541105776,0.4384817684270383,0.35849169058995317,0.41850927557983286,0.5545520645976044,0.18430908732505422,0.1600419782237964,1
0.5161290322580645,0.49354640442532277,0.4754325259515571,0.45462794918330307,0.35395043423003597,0.642908360820307,0.4339551535707556,0.46651109676778707,0.5262314113549671,0.6160508083140878,0.3214664123755034,0.4062884568053163,0.2931962176446241,0.3149171270718233,0.20800635740538392,0.22172645188490317,0.13379616252645388,0.24770435044407646,0.3019709056780854,0.49988577520560457,0.29687091432057866,0.40062808434275454,0.3276543961058716,0.37933378653976896,0.241509322807741,0.4704669841495488,0.18713804646912155,0.2888431266470044,0.5159006543951629,0.361718904001577,0.1639118457300276,1
0.5887096774193549,0.5273509526736326,0.7643598615916954,0.5090744101633394,0.45615335733954665,0.1323677040011473,0.25230827209346146,0.22471575393475995,0.25462988556581345,0.06928406466512708,0.061029879211697266,0.33558946591188776,0.30529466076602246,0.2943019708089388,0.31757226581901266,0.10090292660647153,0.1491023248186298,0.11816950173114556,0.1644181135617081,0.10352573865367043,0.10189139719341062,0.6756393001345894,0.8743535138424094,0.64649898028552,0.5799581725529471,0.4185798564219207,0.35600830444327447,0.32767316451719863,0.5109257204087101,0.22629607727183124,0.13537977174340812,1
0.4112903225806452,0.2673632452366319,0.5152249134948097,0.2767695099818512,0.1963567040881169,0.4765524164635022,0.46598831731675133,0.3582741671217914,0.3714964895793024,0.3568129330254041,0.32104259376986644,0.15087373861678563,0.20691521538412555,0.1933701657458564,0.09771199629151352,0.0901521273231915,0.18135459536285758,0.18681318681318682,0.16588456123885498,0.1865290892476394,0.16386298265492896,0.33333333333333326,0.6096744752053544,0.43643779741672345,0.2241303131167339,0.5841921956073638,0.5559705569738449,0.5318580827559728,0.6636179250698405,0.4853144096195545,0.2867637413091959,1
0.5806451612903226,0.49477566072526125,0.2951557093425605,0.4673321234119783,0.41114170726540983,0.10325541373870661,0.12899943470887507,0.17062211409562583,0.19879484769749572,0.36836027713625863,0.004026276753549391,0.3050701452128969,0.31198064249100577,0.33503751958439854,0.2226416343829675,0.06186979587534692,0.15589638665240174,0.2217371669426464,0.2474190520882215,0.23640724946695094,0.13937069641767627,0.42530282637954236,0.27563127471858834,0.42895989123045547,0.3033668149282748,0.14350700120833038,0.17392643216879078,0.2589134570077311,0.3551720179097624,0.25152769564360344,0.06801784074511347,2
0.08064516129032258,0.7062077443146898,0.5896193771626298,0.7141560798548094,0.604956576996399,0.6615516994120179,0.611079706048615,0.8289558611786902,0.9060202332909504,0.7020785219399539,0.17440135621953792,0.547132660595619,1.0,0.4956708171847942,0.36392834674348534,0.21445385236974313,0.1957236456779615,0.4786241156104169,0.5439347724073205,0.45381510813280534,0.1917545541706615,0.5002243158366979,0.4818983875874657,0.5173351461590754,0.34784529735780145,0.3631388158362358,0.2053164330628098,0.3927680145198164,0.7060962075695535,0.24521979105066033,0.053391053391053406,1
0.18548387096774194,0.8199139520590043,0.5224913494809689,0.8157894736842106,0.7166913789451388,0.2691811272049334,0.6872055775390992,0.6112407526935107,0.6445353529769473,0.5767898383371824,0.27187963551599903,0.219173024858479,0.1092362061829412,0.22264368763915235,0.20558921890003642,0.04788673014088464,0.13887218573559384,0.26373626373626374,0.19550680431722195,0.2965656411818459,0.11470408785845028,0.6590399282189322,0.41892303011864923,0.6777702243371857,0.5021944681728475,0.30414386239249425,0.33991596221279635,0.5129229856372489,0.6785427270291992,0.47664104080425784,0.1622720713629805,1
0.21774193548387097,0.6521204671173939,0.4155709342560554,0.6361161524500908,0.5917178563863589,0.5167072995841102,0.2632372338420953,0.5459510451318207,0.6555917961191885,0.24133949191685916,0.12672176308539945,0.604356386906227,0.2845999554267885,0.5376432753360271,0.47915631932717456,0.2681727154551523,0.16839121301336168,0.3088965828691856,0.5679845143125294,0.06202406335668597,0.27473197942996597,0.5657245401525347,0.296014602981442,0.5506458191706323,0.4474064037232319,0.4200014215651432,0.1589267798428513,0.3374461178687981,0.7370938731774521,0.0975753991720875,0.1056670602125148,1
0.4274193548387097,0.5955746773202214,0.24117647058823533,0.5707803992740473,0.515462825672527,0.2795066685788041,0.23195779159600524,0.319547192294325,0.3820001105644314,0.15184757505773666,0.09599491417673235,0.2583682008368201,0.09404947626476487,0.24457821390286139,0.208701698619251,0.12451252503249834,0.0906109189163862,0.11944904410657836,0.20958470201783197,0.0928647578434359,0.054388564455678544,0.5621354867653656,0.19774870702768482,0.5554044867437119,0.4235470853338832,0.5280403724500676,0.25250076984970543,0.3419835604963264,0.6972944012858292,0.22156514882712394,0.10173160173160176,1
0.7661290322580645,0.35033804548248304,0.38062283737024216,0.34573502722323046,0.2875450116500741,0.5324824322386349,0.3755417373280572,0.31905069261704977,0.3946597379622976,0.3966512702078523,0.2765416401780037,0.3771843465419641,0.1717978923238562,0.35474560897171603,0.29340088076553755,0.1187857920809472,0.08959571427455819,0.12396507601987053,0.17966916940403566,0.12941669204995432,0.14939422993114268,0.611036339165545,0.4529966534834195,0.6247450713800137,0.502783587145424,0.7007605373516242,0.30445320803822423,0.3887541229646952,0.6907887183804677,0.40370589394835404,0.26629935720844816,1
0.28225806451612906,0.22065150583896742,0.5937716262975777,0.22531760435571688,0.1573819106121584,0.5582962856733115,0.42754852082155637,0.3473511742217367,0.29482005638786,0.5744803695150116,0.4348378893833439,0.1084174255476249,0.21360119710910883,0.14232703883895442,0.06145491871130094,0.10329199311386711,0.27373821776920493,0.2744994731296101,0.16793758798686062,0.20347243374961924,0.38167872396060315,0.20726783310901753,0.6224520839671434,0.26512576478586,0.12816283248402016,0.6104911507569836,0.6023602101938034,0.5921537145948587,0.5442195093949715,0.5229647151586833,0.5185622458349731,2
0.08870967741935484,0.3896742470805163,0.4065743944636678,0.3856624319419238,0.31042152086422364,0.21540226588269046,0.306199359336725,0.1811975572215878,0.3027254132345624,0.46189376443418007,0.09302818393727481,0.3944129953236525,0.4046292463943456,0.41172590088232874,0.25479288765272673,0.14228999051400062,0.40969754710940004,0.2667469516784585,0.47853120600656956,0.3729058787694183,0.41410267584764227,0.33871691341408705,0.3215698205050197,0.35893949694085664,0.23178885976022856,0.2238254318004123,0.23382570602668148,0.17959546953805344,0.47380505912517695,0.29607727183126353,0.1298701298701299,2
0.0967741935483871,0.528580208973571,0.4439446366782007,0.5172413793103449,0.4302054649438678,0.3732970027247958,0.3231580930846052,0.40122138920609696,0.4521532423019515,0.3931870669745958,0.18203009112100024,0.2565222741816392,0.7876404852112451,0.34880844396800537,0.18578855004801165,0.3011980465867969,0.262570966709097,0.4798283907872949,0.8574612857813234,0.37690374657325615,0.4491414625642813,0.3580080753701211,0.41892303011864923,0.38681169272603677,0.23709093051341718,0.3069869926789395,0.1888267490488631,0.3131882515139352,0.5874631663541389,0.1992903607332939,0.1376098648825922,1
0.016129032258064516,0.5082974800245851,0.5813148788927335,0.516333938294011,0.4090235119678034,0.4880252402122473,0.49613717731298274,0.47122784370190157,0.504671347227597,0.35565819861431863,0.2890442890442891,0.18656165395028307,0.6497819096437327,0.2754184876721366,0.15625310420184763,0.12177212521519165,0.26350807868616904,0.363013698630137,0.36326841858282494,0.26496344806579347,0.2804846160550858,0.43651861821444593,0.8497109826589596,0.5159755268524814,0.31131992105805767,0.4846826355817757,0.4586218200240391,0.5760108898623061,0.6923194672993763,0.3782771535580524,0.2800734618916437,1
0.75,0.4068838352796559,0.1615916955017301,0.3911070780399274,0.3142872272823554,0.33701419761938917,0.2624835123421895,0.18561640434933718,0.3273812814417602,0.24884526558891457,0.23818605636787457,0.25012306177701205,0.14658218981820498,0.28877710893048575,0.15598821231085064,0.10399465973368933,0.1794803714087136,0.17409303025741385,0.24536602534021584,0.21641791044776118,0.23141288241959385,0.3216689098250337,0.08670520231213867,0.3385452073419443,0.21175881469262717,0.309830122965385,0.2283622565039883,0.19626184534301322,0.4462515785848227,0.2347723240685985,0.1584022038567493,1
0.7903225806451613,0.0,0.37958477508650523,0.0,0.005030713831815293,0.6844973469095083,0.285472018089316,0.19964252023236187,0.20111670075736635,0.3389145496535797,0.39097266369993633,0.026335220280580853,0.339361329555223,0.05516615815947886,0.009867222939637757,0.1896145873590275,0.08038077983335025,0.11297606503085955,0.15239324260910372,0.10828510508681086,0.17022574740695545,0.0,0.5679951323395194,0.01441196464989806,0.0017379009691007032,0.774681924799204,0.21703801567513334,0.33011640285509847,0.43400558723355404,0.27577370392272815,0.2690541781450873,1
0.4838709677419355,0.4326982175783651,0.0,0.46188747731397456,0.3385935183223893,0.622830919260003,0.8726210665159223,0.6854674544461545,0.7009232130023773,0.6414549653579678,0.6030938758211486,0.5545163672163426,0.17294406061956763,0.6131772078832358,0.4616072315486242,0.13111759125882724,0.3255917471671886,0.3220683426162878,0.3137024870952604,0.42164179104477617,0.44504488799790803,0.5625841184387617,0.02007909948281097,0.6764106050305915,0.44504992783292585,0.5706873267467484,0.6102077104173081,0.6002687562171689,0.9047108797979413,0.5984624482554701,0.4188639643185098,1
0.46774193548387094,0.42901044867854954,0.4878892733564014,0.3929219600725953,0.3374814657911459,0.1947511831349492,0.09127567363859053,0.08194727173427337,0.14998065122450108,0.13279445727482675,0.10277601186692097,0.1399212404627123,0.3409532299659333,0.1329265275830791,0.10536074964405152,0.09756526016231598,0.03391564430353057,0.03974108083697123,0.09819333646175504,0.12008833384099908,0.14503617188180945,0.3624943921040826,0.5482202616367507,0.33990482664853844,0.23915284691743496,0.3524770772620656,0.12843079796163664,0.16057311390726164,0.3237916650721366,0.18509757539917213,0.16030434212252392,1
0.3709677419354839,0.4837123540258145,0.40103806228373695,0.47005444646098005,0.39631434018216477,0.3847698264735409,0.3499152063312605,0.3361799314830445,0.3711095140693239,0.3666281755196305,0.2345835982199618,0.3847526458282058,0.49950651087267983,0.2754184876721366,0.29770537399423863,0.18996592066893858,0.261868132726293,0.3181544482914346,0.3861450023463162,0.30360950350289373,0.2987884598622853,0.44055630327501116,0.4338302403407362,0.4092454112848404,0.3225131815370114,0.4057857701329165,0.2930296317635021,0.3204307080155669,0.5426887604760631,0.28424995071949544,0.18431063885609347,1
0.03225806451612903,0.6637984019668102,0.36712802768166086,0.6842105263157896,0.5980724422791781,0.2730532052201348,0.5654795553043149,0.4853780845042451,0.4891923268284592,0.23845265588914552,0.24772197499470228,0.5988186069406842,0.3151644433124264,0.6361012616475634,0.4728651369159962,0.10610265959315603,0.32996493639352453,0.39402378443474334,0.30607695917409666,0.21622753579043558,0.3074174147999651,0.6886496186630776,0.3501673258290234,0.7532290958531612,0.5525641403281393,0.32191342668277784,0.41839096444784385,0.48578558838414687,0.5935861620297732,0.24995071949536765,0.21999212908303825,2
0.6209677419354839,0.3269821757836509,0.35743944636678204,0.31760435571687845,0.2394090235119678,0.6013193747311059,0.32353495383455805,0.3073829502010823,0.3569572668472552,0.3695150115473441,0.26531044712862906,0.14995077528919518,0.276958833455379,0.17456914323410572,0.10072514155160424,0.14158732389417839,0.1052923398905141,0.16212554568718954,0.25651102768653217,0.14236216874809626,0.1483482959993027,0.2889187976671153,0.4170976574383936,0.3038749150237935,0.18053550914607203,0.5479422844551852,0.24177254169605342,0.2929442767141935,0.49485285676017,0.3031736644983245,0.1768332677423587,2
0.8387096774193549,0.21327596803933624,0.32491349480968856,0.20490018148820327,0.1487502647744122,0.3233902194177542,0.25645374034294327,0.17352663720768582,0.21051467742827132,0.32967667436489617,0.28925619834710736,0.05888506030027072,0.47403610430131493,0.10084934443803084,0.04258137147776564,0.18754172083055193,0.16870358367238567,0.16762005118169504,0.26589629282027216,0.12827444410600058,0.2932973067201255,0.15657245401525338,0.4317006388804381,0.16587355540448678,0.09375828448555185,0.43492785556898156,0.24962004191955808,0.25777909635084906,0.4879644866250814,0.2272816873644786,0.2524596615505707,1
0.07258064516129033,0.31837738168408114,0.35640138408304495,0.3284936479128856,0.23151874602838377,0.602753477699699,0.5884680610514413,0.3679559108286579,0.4560229974017359,0.49422632794457283,0.49396058486967576,0.23098695545163678,0.22633640039479128,0.22272614826420387,0.13307506373961125,0.15314618979025402,0.13793507375852188,0.15760951377389734,0.22864852182074144,0.1714894913189156,0.2662773468142595,0.3642889187976671,0.4505628232430788,0.3514615907545888,0.2376800494859937,0.6893880162058428,0.3695179250812067,0.39652013053873403,0.6823695993264706,0.4220382416715947,0.3880362062180244,2
0.8709677419354839,0.31837738168408114,0.259515570934256,0.31851179673321234,0.23596695615335733,0.41632009178259,0.41398153382325226,0.2765999702100193,0.31626955608380786,0.3983833718244804,0.3157448611994066,0.08626630568545411,0.10302779458117099,0.08493444380308401,0.06966656733220754,0.05333239644450691,0.16659508172397366,0.11816950173114556,0.11417761614265605,0.17415473652147426,0.23794996949359362,0.3306415432929565,0.32217827806510496,0.32358939496940853,0.22177383722642788,0.44558959414315175,0.5255739105384974,0.4392768014519816,0.6023879683134975,0.5332150601222156,0.4477239931785388,1
0.24193548387096775,0.40012292562999396,1.0,0.3765880217785844,0.2960177928404999,0.3319948372293131,0.31562087808554734,0.2922397100441884,0.3748134225219747,0.28926096997690537,0.1994066539521084,0.21092788579867094,0.15727976057817822,0.15246969572029356,0.11592331379755637,0.077047394863507,0.16011339054922571,0.11350293542074365,0.2512318160488034,0.08334602497715504,0.1457334611697028,0.4338268281740691,0.8579251597201094,0.3813732154996601,0.2650740817108015,0.3880162058426329,0.3200488730393666,0.2618802464180381,0.6796907887183806,0.25389315986595706,0.19624819624819623,1
0.5403225806451613,0.19913952059004303,0.5411764705882353,0.2213248638838476,0.14340182164795592,0.4306611214685215,0.5183719615602035,0.440196613872201,0.31881253800652326,0.33833718244803707,0.33905488450943,0.16588727541225692,0.3355407685695183,0.34666446771666537,0.09820866858713287,0.16958858869409407,0.4655338024099397,0.4286466957699835,0.35095025809479113,0.10257386536704236,0.4014643075045759,0.1888739344997757,0.568907818679647,0.28348062542488106,0.11702848390232405,0.4988982870140026,0.5908372984732142,0.5409329680110295,0.5740691133136888,0.21486300019712207,0.3349075167256986,1
0.6129032258064516,0.11555009219422255,0.41349480968858127,0.12123411978221417,0.07498411353526793,0.4851570342750609,0.5044281138119464,0.36125316518544265,0.26701310188512356,0.47055427251732096,0.4723458359821995,0.06909918779227171,0.22506288006622302,0.09103653005689785,0.03688619582133042,0.1516354565576362,0.24390681983241316,0.27013397561342767,0.28789300797747536,0.16977611940298507,0.39484005926958937,0.10587707492148941,0.410100395497414,0.13732154996600954,0.05829332233644584,0.6808586253465065,0.4797802699937418,0.5272333816163767,0.6456316252726647,0.3630987581312833,0.454283090646727,1
0.0967741935483871,0.29686539643515675,0.23252595155709346,0.2749546279491833,0.21573819106121583,0.31134375448157187,0.16676088185415489,0.12089767141651356,0.13510973519818673,0.3360277136258661,0.14091968637423177,0.007445237509229633,0.07739819796873507,0.0,0.020032449256647128,0.07318272845448476,0.061872818286178376,0.06013849164534095,0.09171163772876582,0.13113006396588486,0.08193149132746448,0.20323014804845224,0.17797383632491628,0.1808293677770225,0.12174143568293615,0.40294263984647105,0.21127655981483873,0.23221235231496834,0.3612950135853967,0.3343189434259807,0.14744851108487478,1
0.03225806451612903,0.3583282114320837,0.29134948096885815,0.33938294010889286,0.27785426816352465,0.1961852861035424,0.17248916525343883,0.1495457027952932,0.2512576704074299,0.3377598152424942,0.10786183513456236,0.24932316022643367,0.3275812665159668,0.24540282015337675,0.17664977980861563,0.12142079190528053,0.1355142011510859,0.11530934818606049,0.3186884091975598,0.24802010356381363,0.20970975333391442,0.3234634365186182,0.29297231518101613,0.309993201903467,0.22147927774013962,0.24799203923519803,0.1595227925180542,0.18134063977941048,0.45313994871991126,0.2454169130691899,0.11307884035156762,1
0.08064516129032258,0.592501536570375,0.3757785467128027,0.5980036297640654,0.5075195933065029,0.4808547253692816,0.44601469756924805,0.4836403356337818,0.5074354580131573,0.3117782909930716,0.2536554354736172,0.24403150381491512,0.271864752141106,0.25175228828234525,0.20231118174894872,0.14049819063345395,0.16058194653776173,0.22339304531085355,0.2820272172688878,0.0625951873286628,0.23010546500479384,0.49439210408254813,0.4286583510800122,0.530931339225017,0.3687590208842676,0.4583836804321559,0.30634058150970006,0.4309872428055357,0.6976770885155563,0.18036664695446483,0.2292404565131838,2
0.12096774193548387,0.3472649047326369,0.6124567474048441,0.3303085299455535,0.26292099131539926,0.13738706439122336,0.21198417184850196,0.1701256144183506,0.18082812759135383,0.16281755196304853,0.1320194956558593,0.16158011321683483,0.2269731605590754,0.1873505401170941,0.11443329691069831,0.11369145908723606,0.23398905140840123,0.2736715339455066,0.3049038010323792,0.10086049345111181,0.24448705656759348,0.27545984746523106,0.530879221174323,0.282800815771584,0.1814191876049368,0.22737934465846904,0.25637485223852424,0.2760161253730301,0.4317094638551912,0.12872067809974375,0.1519086973632429,1
0.45161290322580644,0.22433927473878307,0.44671280276816605,0.20027223230490013,0.16050624867612795,0.16994120177828767,0.07654041831543244,0.14875130331165284,0.17911437890430648,0.1841801385681294,0.08285653740199189,0.13653704159488064,0.40271896590149314,0.14521316071575824,0.06297804708453361,0.1983276534448231,0.07866274120871829,0.1727382206834262,0.3104763022055373,0.18119859884252207,0.15549551120020916,0.13234634365186176,0.45756008518405844,0.1162474507138002,0.07366932752069281,0.35034472954723167,0.10608032264152817,0.21249192858763372,0.40913091730128964,0.17977528089887643,0.08736717827626923,1
0.14516129032258066,0.528580208973571,0.6363321799307959,0.5598911070780399,0.44768057614912093,0.25283235336297155,0.6039193517995101,0.38334740082418944,0.5201503676267345,0.3377598152424942,0.2557745285018012,0.3992124046271229,0.266452290744691,0.4951760534344851,0.30598324558789447,0.12960685802620944,0.31473686676610463,0.20841487279843443,0.29375879868606286,0.21851203167834296,0.3630262355094569,0.5477792732166891,0.5962884088834804,0.6356220258327668,0.41765589560811806,0.32831046982727985,0.47838957375160174,0.35001134360656877,0.6318548850024875,0.2469938892174256,0.2981765709038437,2
0.04838709677419355,0.00799016594960054,0.2923875432525951,0.01270417422867506,0.0,0.6687222142549836,0.6382136800452232,0.359763666153617,0.23970368732378797,0.5127020785219399,0.6198347107438017,0.010829436377061288,0.21169091661625644,0.046672713779170455,0.0,0.16646172223588518,0.2978688511788088,0.262983591750715,0.24096668230877524,0.18081784952787083,0.29181556698335215,0.017945266935845684,0.4913294797687861,0.04527532290958539,0.0,0.9701471319923237,0.8806981295135542,0.7122214272002233,0.8549615399334125,0.5103489059727973,0.5592286501377411,1
0.27419354838709675,0.430239704978488,0.33321799307958483,0.3838475499092559,0.3285320906587587,0.12978631865767964,0.07978142076502732,0.12151829601310757,0.19708109901044835,0.47401847575057743,0.0,0.21954221018951514,0.2712279919768219,0.18174321761358955,0.13261150293036653,0.04767593015493798,0.008394961461269947,0.09009483667017913,0.13752346316283437,0.8044852269265915,0.07103634620413143,0.3472409152086136,0.33951931852753264,0.29979605710401086,0.22177383722642788,0.179756912360509,0.0684321886578788,0.17531980244672865,0.34254333932876657,0.6538537354622511,0.03981372163190345,2
0.8306451612903226,0.320221266133989,0.386159169550173,0.31125226860254085,0.23734378309680149,0.3704287967876094,0.3103448275862068,0.19939427039372423,0.19802089667753883,0.49191685912240185,0.18351345624072887,0.14730494708343586,0.287465376166067,0.13944091696215058,0.09830800304625674,0.0776446614903559,0.09506220080747815,0.08467559837422851,0.11898756452369778,0.14217179409077066,0.11208925302885034,0.2974427994616419,0.45664739884393063,0.3031951053704962,0.19644172140563787,0.40933968299097323,0.25250076984970543,0.24015287691314288,0.39114461750411395,0.3774886654839345,0.13872491145218416,1
0.3064516129032258,0.8408113091579594,0.3882352941176471,0.8493647912885662,0.7834145308197416,0.4019790620966585,0.6201243640474844,0.5139268159475696,0.7009232130023773,0.3943418013856813,0.3632125450307269,0.4908318976126016,0.17138399821707154,0.486270305928919,0.4169067249428827,0.08157959456136037,0.19345895840003752,0.18643685082041245,0.31663538244955425,0.20766067621078285,0.32014294430401813,0.7662628981606101,0.3121387283236994,0.8198504418762746,0.6285604877905093,0.371668206695572,0.365047830017185,0.38552555801818467,0.8362098656767825,0.3138182534989158,0.27331759149940976,1
0.9274193548387096,0.05470190534726494,0.28788927335640135,0.0547186932849365,0.04183435712772717,0.5152731966155171,0.39777652157527793,0.2428379921553051,0.17419426170600916,0.5733256351039261,0.5878364060182243,0.17763967511690867,0.21264605686268268,0.191473571369671,0.08943412469785768,0.1013245265783649,0.20923367668074935,0.2341562547041999,0.15444626935710934,0.28266829119707587,0.39919811731892263,0.17855540601166442,0.34834195314876787,0.23317471108089743,0.1121093404813102,0.5813490653209186,0.5226931826083502,0.5860456187501091,0.4806934292602656,0.6300019712201853,0.5585727403909222,1
0.25,0.40872771972956373,0.4480968858131487,0.42740471869328495,0.32773776742215627,0.25699125197189165,0.5816845675522894,0.4707313440246264,0.44164962131682234,0.22401847575057737,0.496715405806315,0.45231356140782675,0.35114139259447924,0.3832769852395481,0.301016522631701,0.1440115237325651,0.4912262891146635,0.4137437904561192,0.5260441107461286,0.16844349680170573,0.8901769371568029,0.3916554508748317,0.3711591116519623,0.39768864717878993,0.2736163068131609,0.27571255952804047,0.4243510911998728,0.4297656236365857,0.6529026826374804,0.14508180563768974,0.4418208054571692,1
0.31451612903225806,0.45236631837738167,0.35294117647058815,0.4437386569872958,0.3656005083668714,0.4564749749031982,0.2967778405879027,0.32997368551710443,0.41019404057714626,0.3187066974595843,0.19410892138164856,0.21603494954467148,0.17842019803241108,0.17028119073142575,0.17671600278136484,0.12328285844780942,0.08920525095077819,0.13691103417130812,0.1550328484279681,0.14674078586658543,0.14276998169615618,0.40466576940331983,0.28993002738059015,0.38817131203263083,0.2901116380453032,0.47828559243727353,0.20094567344465525,0.3070801556691855,0.4669166889900884,0.29745712596096985,0.15472910927456388,1
0.7258064516129032,0.17332513829133375,0.4121107266435986,0.16996370235934657,0.12036644778648588,0.6457765667574932,0.3039381948370077,0.2842957152077851,0.24849355962186964,0.3036951501154735,0.3924560288196651,0.2616908688161457,0.5571333057403929,0.3094747258184217,0.11824111784378001,0.39113937392404174,0.20407956080685344,0.26877916603943997,0.45242843735335525,0.3618641486445325,0.28057177721607246,0.15926424405563033,0.5275327045938545,0.18014955812372535,0.08801437450293086,0.6524273224820528,0.25915624472280435,0.31144308127257814,0.5292947074356129,0.29863985807214666,0.25114784205693297,1
0.07258064516129033,0.6035648432698217,0.430795847750865,0.5943738656987296,0.5159923744969286,0.4062813710024381,0.39739966082532496,0.34685467454446156,0.4488363093592792,0.2840646651270208,0.13053613053613053,0.34648043317745514,0.3489127320194848,0.3250597839531624,0.26158074235952455,0.1470329901978006,0.29989926046246473,0.19569471624266147,0.3169286719849836,0.41307493146512336,0.259914582062233,0.5105428443248092,0.3881959233343474,0.5084976206662135,0.3852543521164099,0.40223185727485977,0.35700165890194596,0.30690563864504977,0.6088936512188589,0.35600236546422237,0.14082382264200444,2
0.3870967741935484,0.27965580823601727,0.3702422145328719,0.2813067150635209,0.23379580597331073,0.5310483292700416,0.4185038628226869,0.31830594310113697,0.3565702913372768,0.44861431870669743,0.3897012078830262,0.7237263106079252,0.2709096118946799,0.6820318298012699,0.5380947650740041,0.19432245371183643,0.24632769243984914,0.2558332078880024,0.4755983106522759,0.23412275357904355,0.41209796914494895,0.4634365186182145,0.334043200486766,0.4894629503738953,0.36522430704880854,0.4960551567275571,0.34657143708589533,0.3465210031238547,0.7057135203398264,0.2834614626453775,0.3263806900170537,2
0.12903225806451613,1.0,0.3975778546712803,1.0,1.0,0.4937616520866199,0.547767100056529,0.653194975423266,0.9259218309469843,0.2840646651270208,0.1578724305997033,0.39521289687423083,0.35623547390875226,0.38484373711552733,0.3798218602033045,0.0690018620665425,0.14074640968973784,0.15166340508806261,0.21222430783669635,0.1497867803837953,0.1446875272378628,0.9098250336473753,0.4922421661089139,0.9225016995241334,0.7976376329199681,0.4640699410050466,0.34975017135364406,0.4450358632484599,0.9177222456086641,0.25448452592154547,0.1690935327298964,2
0.11290322580645161,0.09711124769514444,0.71280276816609,0.07722323049001807,0.06847066299512812,0.2516850709880971,0.06278500094215188,0.09316816444069312,0.10542318536126927,0.3954965357967668,0.324009324009324,0.10890967265567317,0.3527332930051895,0.11486765069679228,0.05450150657263005,0.222604785159681,0.02532545118037063,0.0961914797531236,0.2254223369310183,0.19966494060310694,0.24152357709404687,0.09466128308658588,0.7417097657438393,0.07919782460910949,0.05493534419275973,0.526618807306845,0.083928518213154,0.19163714420341704,0.3708621943285753,0.34042972600039423,0.2559359832087105,1
0.20967741935483872,0.4400737553779963,0.5463667820069205,0.4246823956442831,0.3222834145308197,0.33988240355657534,0.4731486715658563,0.48090958740876816,0.42495439217203823,0.4359122401847576,0.24772197499470228,0.24095495938961362,0.32598936610525636,0.24020780077512988,0.11337372934671036,0.18033938797737412,0.3149711447603727,0.6816197501129008,0.5371891130924448,0.37519037465732563,0.26401115662860625,0.4055630327501121,0.5698205050197748,0.4078857919782461,0.2188282423635453,0.4583836804321559,0.4583238136864377,0.7446815936894643,0.8851938310818568,0.4683619160260201,0.2501639774367047,1
0.04838709677419355,0.5740626920712969,0.3844290657439446,0.5526315789473686,0.49216267739885616,0.25254553276925285,0.2805728283399283,0.31855419293977455,0.3651390347725137,0.605080831408776,0.12926467471922007,0.3920132906719173,0.24766786589830936,0.3550754514719221,0.33611469818880174,0.07964726135684923,0.1638618384575137,0.24010236339003466,0.3137024870952604,0.45667072799268965,0.1905342979168482,0.6132794975325258,0.3468208092485549,0.5880353501019715,0.49718695690594716,0.2885066458170446,0.29163893552136205,0.3725240397200747,0.6326202594619418,0.5619948748275183,0.15472910927456388,2
0.5241935483870968,0.5771358328211432,0.38512110726643606,0.5807622504537205,0.4778648591400127,0.602753477699699,0.5330695308083662,0.5772305248001589,0.7191663441870751,0.7280600461893766,0.34859080313625757,0.23160226433669706,0.2104173962876882,0.23575492702234682,0.18234495546505083,0.09900572673295155,0.1324685872256019,0.15776004817100706,0.24976536837165653,0.37690374657325615,0.19680990150788805,0.5589950650515926,0.46212351688469727,0.5846363018354861,0.42119060944357717,0.549363849598408,0.3952458055607982,0.44538489729673125,0.9165741839194828,0.7871082199881727,0.31063885609340164,1
0.056451612903225805,0.4732636754763368,0.2498269896193772,0.47005444646098005,0.37830968015251004,0.5009321669295855,0.4618428490672696,0.43051487016533435,0.44551937641660677,0.34584295612009247,0.2169951260860352,0.2677208958897367,0.09589608074118883,0.258926362661829,0.19062282705870667,0.12742859150476055,0.2545274222392291,0.3356917055547192,0.34537775692163303,0.3121763630825464,0.21337052209535426,0.44773441004934944,0.14146638271980527,0.4452753229095853,0.3119090400306342,0.6112019333285948,0.45464840218935315,0.6199891799445036,0.7990892043932495,0.4403705893948355,0.2414403778040142,2
0.7016129032258065,0.5433312845728334,0.5100346020761246,0.530852994555354,0.43973734378309676,0.38046751756776154,0.42528735632183906,0.5722655280274068,0.5229144784122948,0.5161662817551964,0.23055732146641225,0.18551562884568054,0.266452290744691,0.1329265275830791,0.16337207377239163,0.08312546112496925,0.1908819004630895,0.2755532139093783,0.15415297982167997,0.15035790435577215,0.1862634010285017,0.4392104082548227,0.514450867052023,0.4323589394969408,0.31838934872897584,0.32404577439761184,0.33256513921862735,0.4740929477670547,0.5518732539895144,0.3429923122412774,0.1942148760330579,1
0.20967741935483872,0.281499692685925,0.8020761245674741,0.2885662431941924,0.202976064393137,0.4493044600602325,0.4441303938194836,0.3751551561491485,0.3520371496489579,0.4520785219399539,0.34435261707988984,0.029596357371400445,0.29160431723391383,0.06184546878865342,0.02989967219628489,0.09408706039419595,0.14223017032010182,0.13510462140599128,0.14799389957766307,0.03931236673773986,0.19803015776170135,0.25347689546882,1.0,0.28008157715839566,0.15520339332528202,0.756201577937309,0.5017334035303818,0.47671070312909025,0.659791052772569,0.3837965700768776,0.4287026105207924,1
0.9838709677419355,0.22925629993853722,0.3373702422145328,0.20725952813067142,0.17099131539927978,0.33988240355657534,0.09779536461277555,0.12405044436721116,0.178450992315772,0.16050808314087756,0.19008264462809918,0.17160964804331777,0.2795058741125155,0.16838459635524036,0.10400317870269196,0.10719179285388046,0.03336899565023857,0.06804154749360229,0.17351008916001875,0.11837496192506854,0.08698683866469101,0.2794975325257963,0.43230909644052323,0.2603670972127805,0.18554302041297238,0.4583836804321559,0.1348876019430013,0.2333467129718504,0.5048027247330756,0.2885866351271437,0.1778827233372688,1
0.28225806451612906,0.24585125998770743,0.24878892733564012,0.22640653357531754,0.1676022029231095,0.5984511687939195,0.3182589033352176,0.32252619035797625,0.36447564818397915,0.3747113163972287,0.2523839796567069,0.678193453113463,0.3470024515266325,0.5991589016244744,0.291083076719314,0.2576327161578189,0.21438779255464532,0.412690049676351,0.6697559831065228,0.8338029241547364,0.15689008977599578,0.25616868550919697,0.14481289930027375,0.24677090414683897,0.13646940999734894,0.42071220413675464,0.16399288758207592,0.27182771679377327,0.5269985840572501,0.36447861226098954,0.1077659714023351,1
0.08870967741935484,0.3558696988322065,0.3878892733564014,0.34664246823956435,0.26895784791357763,0.30302595726373166,0.3299415865837572,0.2751104711781937,0.22041019404057713,0.3394919168591224,0.13371477007840638,0.1647181885306424,0.1775287338024133,0.1529644594706028,0.10330783748882487,0.10922952605136492,0.13777888842900984,0.1957699834412163,0.1987329892069451,0.3809016143770942,0.1375403120369563,0.3216689098250337,0.37572254335260113,0.3290278721957852,0.2123479336652037,0.5287511550216789,0.3299824176260815,0.4510567005811417,0.5828709195974131,0.6501084171101912,0.20523415977961437,1
0.5806451612903226,0.17885679164105717,0.22664359861591693,0.17295825771324855,0.11507095954246979,0.396242650222286,0.39815338232523073,0.18626185392979494,0.19741279230471556,0.46073903002309474,0.4007204916295825,0.03845680531626875,0.2648603903339807,0.06431928754019957,0.028806993145922326,0.11569405895372939,0.21110790063489338,0.21187716393195846,0.2691224777099953,0.21908315565031986,0.3027107121066852,0.13055181695827725,0.3121387283236994,0.1312032630863359,0.07128339568175793,0.45554055014571043,0.38312688116500604,0.3836058707526919,0.5220236500707972,0.407056968263355,0.3335956972320609,1
0.12096774193548387,0.4179471419791027,0.610726643598616,0.41197822141560797,0.3283202711289981,0.35852574214828636,0.32165065008479354,0.36199791470135545,0.3461772347835702,0.23383371824480376,0.18881118881118872,0.12053901058331282,0.22760992072335953,0.1418322750886452,0.09920201317837159,0.07191792853880477,0.09998203868710613,0.1959205178383261,0.17380337869544815,0.08544014620773684,0.1280397454894099,0.3898609241812472,0.6653483419531487,0.40992522093813744,0.2736163068131609,0.41360437842064124,0.3227309300777796,0.5374426275283154,0.6429528146645748,0.277350680070964,0.23422537058900697,2
0.29838709677419356,0.1757836508912109,0.4626297577854671,0.17840290381125226,0.1250794323236602,0.8221712318944501,0.4927454305634068,0.32724293729209075,0.3949914312565647,0.5444572748267898,0.5077346895528713,0.2282795963573714,0.49918813079053764,0.22726148264203844,0.12824078672891626,0.21631591891227206,0.18533732126541355,0.1518892066837272,0.22688878460816517,0.23031526043253125,0.2980040094134053,0.2853297442799461,0.7660480681472468,0.2950373895309314,0.18996141270729622,1.0,0.4664693202475439,0.38447845587337043,0.659408365542842,0.5651488271239897,0.35130526039616955,1
0.6451612903225806,0.2661339889366933,0.4162629757785467,0.2451905626134301,0.18481253971616182,0.22372006310053066,0.22291313359713583,0.07390397696241496,0.06810768975620542,0.24191685912240182,0.2737868192413647,0.007137583066699483,0.04250374096596517,0.015749979384843744,0.018343763451541345,0.021888065207462313,0.05156458653838645,0.05118169501731144,0.02448967620835288,0.07306579348157173,0.12969580754815654,0.22252131000448633,0.34560389412838455,0.19510537049626106,0.136970161124039,0.3425261212595067,0.27673861864128974,0.2958238076124326,0.3582335157475795,0.31736644983244633,0.27994227994228,1
0.016129032258064516,0.6435156730178244,0.4311418685121107,0.6633393829401089,0.5710654522346961,0.4593431808403844,0.5571886188053513,0.5313043046522019,0.6163414229642324,0.3325635103926098,0.3066327611782157,0.5483632783657396,0.15435066382247126,0.5900057722437536,0.42551571140028477,0.1462951902469873,0.21915144510476128,0.2900797832304682,0.3673744720788362,0.13189156259518733,0.25207007757343325,0.6953790937640196,0.3440827502281716,0.7695445275322911,0.549913104951545,0.4825502878669415,0.38402090017781043,0.4512312176052774,0.736711185947725,0.2497535974768382,0.22805981896890992,2
0.03225806451612903,0.25384142593730796,0.5314878892733563,0.23684210526315785,0.1879898326625715,0.3933744442850998,0.1946108912756736,0.24705823941214436,0.2499861794460722,0.19572748267898393,0.3049374867556686,0.282795963573714,0.36419497596230377,0.249113548280696,0.16350451971789012,0.2759020482731967,0.1324685872256019,0.28737016408249283,0.3603355232285312,0.25354096862625647,0.3294691885295912,0.25437415881561243,0.5034986309704897,0.2454112848402448,0.15962178561960585,0.5976970644679794,0.18306529318856848,0.3306399539275056,0.47303968466572277,0.21466587817859262,0.25803489439853083,2
0.03225806451612903,0.5058389674247081,0.41903114186851204,0.5045372050816697,0.41643719550942593,0.14713896457765674,0.3646127755794234,0.2170200089369942,0.26209298468682624,0.26501154734411086,0.10680228862047036,0.14884321929608663,0.22633640039479128,0.2209944751381216,0.13320750968510975,0.10037592664160488,0.23141199347145322,0.1213307240704501,0.20635851712810888,0.11932683521169661,0.2013422818791946,0.47196052041274106,0.4682080924855492,0.5526852481305236,0.3475507378715132,0.3574525552633451,0.5054088150274663,0.31632955794837786,0.5426887604760631,0.3209146461659767,0.24380165289256203,1
0.27419354838709675,0.5175169022741243,0.47231833910034604,0.5263157894736843,0.4302054649438678,0.33973899325971607,0.44036178631995465,0.4272876222630455,0.47039637348664937,0.46882217090069284,0.25874125874125875,0.2690130445483633,0.184278391543825,0.30023913581264944,0.2050925466044171,0.0889575940694937,0.1615971511795897,0.15158813788950773,0.2351008916001877,0.21165854401462078,0.22844940294604724,0.49484073575594434,0.3577730453300882,0.5465669612508498,0.3584494388641786,0.3197810789679439,0.3001817838659368,0.293816861834872,0.5901419769622288,0.37729154346540505,0.21572871572871571,1
0.49193548387096775,0.519360786724032,0.4539792387543253,0.5190562613430126,0.4201440372802372,0.3976767531908792,0.41360467307329934,0.4491336080631547,0.3789595887003151,0.3868360277136259,0.20661157024793378,0.20335958651242925,0.45843548027635395,0.2378164426486353,0.1537035197510016,0.2790640480623967,0.19658266499027746,0.21232876712328766,0.3054903801032379,0.2661056960097472,0.24945524274383332,0.3952445042620008,0.42166108913903255,0.40652617267165203,0.26772511708739577,0.45767289786054466,0.24385858605926353,0.280815343536762,0.4875817993953543,0.2671003351074315,0.13839695657877477,1
0.8306451612903226,0.29686539643515675,0.43356401384083043,0.30671506352087113,0.22294005507307774,0.5812419331708019,0.48671565856416044,0.46998659450871355,0.41174194261706004,0.4549653579676675,0.4886628522992159,0.2204036426285996,0.22601802031264925,0.20161622825101014,0.14780967517631868,0.21192425253838315,0.25312175427362105,0.3654975161824477,0.25592444861567337,0.13455680779774595,0.4268282053516952,0.32974427994616423,0.42074840279890474,0.30727396329027884,0.22501399157559868,0.7362996659321914,0.4382580536212736,0.62094902357725,0.6674447973671119,0.33688152966686385,0.4601862783680966,1
0.4596774193548387,0.6551936078672403,0.411764705882353,0.6578947368421053,0.5535903410294429,0.5984511687939195,0.6129640097983794,0.6380517352663722,0.7512300292995744,0.49307159353348734,0.33502860775588034,0.2648289441299532,0.1779107899009838,0.2477941782798714,0.2218469587099765,0.08951972736535149,0.23359858808462122,0.27276832756284813,0.22600891600187709,0.23926286932683521,0.25634097446177984,0.6007178106774338,0.3672041375114085,0.5907545887151598,0.4633126159827977,0.485393418153387,0.5169317267480554,0.5945096944206908,0.8159274425012438,0.44608712793219,0.2994883903974813,1
0.20967741935483872,0.5740626920712969,0.13702422145328716,0.573502722323049,0.4953399703452658,0.3632582819446437,0.3269267005841341,0.43200436919716,0.4643153297584168,0.28926096997690537,0.18181818181818177,0.3466650258429732,0.13346493043395205,0.3533437783458399,0.2663819078838449,0.3099813793345747,0.13481136716828188,0.3457775101610718,0.4011027686532144,0.18424459335973195,0.3510851564542839,0.4351727231942574,0.0,0.45615227736233854,0.31426551592094026,0.39441324898713487,0.15266864675322092,0.3281094570775379,0.5109257204087101,0.15750049280504633,0.14259477895841535,2
0.9274193548387096,0.38045482483097737,0.20830449826989614,0.40018148820326677,0.29183435712772715,0.6256991251971892,0.6841906915394761,0.4938185790179236,0.6622256620045333,1.0,0.5060394151303242,0.5243662318483879,0.19545353242701136,0.5049064071905665,0.32253898877520615,0.18838492077433858,0.2392993526118092,0.1985548697877465,0.5512670107930548,0.2893314042034724,0.5540835003922252,0.4221624046657694,0.14390021296014593,0.45751189666893277,0.280685734484079,0.5159570687326748,0.3413066584549364,0.3152824558035636,0.8649114079063183,0.49300216834220384,0.3335956972320609,1
0.5564516129032258,0.44683466502765823,0.29377162629757786,0.4246823956442831,0.35236178775683114,0.32252975763659847,0.24740908234407377,0.22099200635519586,0.32721543479462656,0.2881062355658199,0.1354100445009536,0.12939945852818116,0.059919131459135924,0.11495011132184384,0.11559219893381013,0.07567719495485366,0.07218105003397032,0.0989010989010989,0.18348193336461752,0.09267438318611025,0.11888782358581015,0.40376850605652753,0.2534225737754791,0.37933378653976896,0.2877551621549972,0.43706020328381556,0.223494819656498,0.3152824558035636,0.5687114920975088,0.2458111571062488,0.1767020857929949,1
0.5080645161290323,0.28948985863552557,0.443598615916955,0.3475499092558984,0.21812116077102306,0.5152731966155171,1.0,0.7289111762077354,0.6489579302338437,0.6853348729792148,0.6524687433778343,0.6757322175732218,0.6660192938329779,0.7394244248371402,0.41227111685043544,0.3405473772968415,0.410790844415984,0.5372572632846605,0.7351595495072735,0.2948522692659153,0.43188355268892176,0.31449080305069543,0.45543048372376027,0.398368456832087,0.2114642552063389,0.4868149832966097,0.46279390875045934,0.5184202718975236,0.8312349316903296,0.3374728957224522,0.30735930735930744,1
0.3467741935483871,0.24093423478795328,0.21764705882352944,0.24264972776769508,0.16993221775047657,0.5912806539509537,0.4478990013190125,0.3600119159922546,0.3810050306816298,0.4901847575057737,0.36935791481246033,0.14324390844203788,0.18682543220096148,0.15139770759462357,0.0900301314526009,0.15170572321961842,0.14277681897339384,0.14428721962968538,0.2210229938995777,0.15492689613158694,0.24378976727970014,0.2678331090174966,0.3255247946455735,0.2855200543847723,0.1728769625025774,0.7526476650792523,0.39405378021039245,0.38953944957330583,0.6647659867590219,0.3981864774295289,0.33753115571297393,1
0.7258064516129032,0.45236631837738167,0.2837370242214532,0.4237749546279491,0.35977547129845366,0.15646063387351217,0.14558130770680233,0.14326498187776177,0.20913262203549116,0.18071593533487296,0.08476372112735743,0.03931823775535318,0.03616797733133816,0.05475385503422116,0.049435449157312676,0.00699153286723114,0.0143221947162503,0.023934969140448594,0.04531323322383858,0.053457203777033196,0.0,0.37999102736653195,0.29479768786127164,0.3677770224337185,0.265663200683378,0.2949036889615467,0.1919061478707447,0.28779602450219016,0.49026061000344423,0.3234772324068599,0.09405745769382133,1
0.9354838709677419,0.30116779348494166,0.4695501730103806,0.2885662431941924,0.2229930099555179,0.1296429083608204,0.2040700960994912,0.18718037833275405,0.18425562496544862,0.3112009237875289,0.06632761178215711,0.1289072114201329,0.2279283008055016,0.14430609384019133,0.07479884772027415,0.2495169166988722,0.18674298923102156,0.29783230468161975,0.43248474894415767,0.41745354858361255,0.1669136232894622,0.1794526693584567,0.3343474292668086,0.1828687967369137,0.10851571474859346,0.2216930840855783,0.14015238057396018,0.18168967382768186,0.3172859821667751,0.24521979105066033,0.05135773317591498,1
0.04032258064516129,0.5439459127228028,0.34878892733564015,0.529038112522686,0.462507943232366,0.3090491897318227,0.23233465234595815,0.3374211806762325,0.36895350765658685,0.1801385681293303,0.1496079677897859,0.3862293871523505,0.2858734757553567,0.43563948214727466,0.34008807655375656,0.23412851772476548,0.1633932824689777,0.3721962968538311,0.5011145002346316,0.17891410295461468,0.14983003573607598,0.4383131449080304,0.27715241861880135,0.4758667573079538,0.32840437126277655,0.3937024664155236,0.18425731853897426,0.3220886197448561,0.593203474800046,0.16104868913857678,0.08703922340285976,1
0.016129032258064516,0.23171481253841436,0.514878892733564,0.24845735027223229,0.15669349714043632,0.6084898895740716,0.6223855285472017,0.36969365969912116,0.4109679915971032,0.44515011547344113,0.5236278872642509,0.09026581343834607,0.2533987073768665,0.08534674692834174,0.04016423297241813,0.08045532796964477,0.2981812218378328,0.3064880325154298,0.31663538244955425,0.3333079500456899,0.3888259391615096,0.17182593091072235,0.46547003346516574,0.18014955812372535,0.09034139444460806,0.4583836804321559,0.48067428900654613,0.4725222945498333,0.6444835635834832,0.4362310270057166,0.38147710874983604,1
