0.6209677419354839,0.3269821757836509,0.35743944636678204,0.31760435571687845,0.2394090235119678,0.6013193747311059,0.32353495383455805,0.3073829502010823,0.3569572668472552,0.3695150115473441,0.26531044712862906,0.14995077528919518,0.276958833455379,0.17456914323410572,0.10072514155160424,0.14158732389417839,0.1052923398905141,0.16212554568718954,0.25651102768653217,0.14236216874809626,0.1483482959993027,0.2889187976671153,0.4170976574383936,0.3038749150237935,0.18053550914607203,0.5479422844551852,0.24177254169605342,0.2929442767141935,0.49485285676017,0.3031736644983245,0.1768332677423587,2
0.7741935483870968,0.528580208973571,0.17681660899653978,0.5090744101633394,0.42067358610463884,0.4722501075577227,0.484831354814396,0.5243533091703491,0.5488971197965614,0.7551963048498845,0.36596736596736584,0.6332759045040611,0.027635391129930922,0.5538880184711801,0.5125989205655442,0.2931173804588413,0.27623718304139694,0.5667620051181694,0.6509854528390427,1.0,0.5592260088904384,0.48855989232839836,0.016428354122299944,0.4643099932019036,0.3313499661256591,0.50813846044495,0.2858774796610674,0.48683269052896105,0.7309708775018179,0.6207372363493001,0.27659714023350396,1
0.25806451612903225,0.5365703749231715,0.39100346020761245,0.5263157894736843,0.4407964414319,0.32984368277642345,0.3310721688336159,0.4029591380765602,0.49748465918514007,0.44688221709006926,0.14621741894469162,0.2638444499138568,0.6118946798688273,0.3314917127071823,0.17770934737260355,0.07339352844043143,0.20564141410197342,0.2446936625018817,0.37793289535429375,0.5649939080109656,0.1918417153316482,0.44459398833557645,0.547307575296623,0.4928619986403807,0.3039559339008513,0.28353116781576526,0.2925329545341664,0.3921572049353414,0.7520186751368108,0.48886260595308506,0.15833661288206746,2
0.4435483870967742,0.26859250153657044,0.23840830449826986,0.28402903811252267,0.18624232154204612,0.8393804675175679,0.6872055775390992,0.548185293679559,0.5743269390237161,0.6293302540415705,0.5448188175460903,0.2863647551070638,0.2218790792448024,0.2397954976498722,0.15055792854541242,0.26290271580648555,0.30091446510429276,0.2927141351798886,0.4720788362271234,0.2086125494974109,0.6600714721520089,0.2193808882907133,0.1822330392455126,0.2358939496940857,0.12392117588146924,0.6723292344871704,0.39633849546533684,0.3655433587546465,0.742068807163905,0.33372757737039227,0.42017578381214754,1
0.5161290322580645,0.29194837123540257,0.34359861591695495,0.2658802177858439,0.21446727388265197,0.30116162340456054,0.15805539853024306,0.10414080730847525,0.17458123721598762,0.1789838337182448,0.11104047467683821,0.10835589465911888,0.25085166671972997,0.103323163189577,0.08936790172510843,0.06882619541158697,0.11934901954659399,0.064729790757188,0.13470788362271233,0.14445628997867802,0.1170574392050902,0.326155226558995,0.4913294797687861,0.3004758667573081,0.2241303131167339,0.42284455185158865,0.30137380921634266,0.23229961082703618,0.4787799931116299,0.3690124186871674,0.20510297783025058,1
0.5806451612903226,0.49477566072526125,0.2951557093425605,0.4673321234119783,0.41114170726540983,0.10325541373870661,0.12899943470887507,0.17062211409562583,0.19879484769749572,0.36836027713625863,0.004026276753549391,0.3050701452128969,0.31198064249100577,0.33503751958439854,0.2226416343829675,0.06186979587534692,0.15589638665240174,0.2217371669426464,0.2474190520882215,0.23640724946695094,0.13937069641767627,0.42530282637954236,0.27563127471858834,0.42895989123045547,0.3033668149282748,0.14350700120833038,0.17392643216879078,0.2589134570077311,0.3551720179097624,0.25152769564360344,0.06801784074511347,2
0.12903225806451613,1.0,0.3975778546712803,1.0,1.0,0.4937616520866199,0.547767100056529,0.653194975423266,0.9259218309469843,0.2840646651270208,0.1578724305997033,0.39521289687423083,0.35623547390875226,0.38484373711552733,0.3798218602033045,0.0690018620665425,0.14074640968973784,0.15166340508806261,0.21222430783669635,0.1497867803837953,0.1446875272378628,0.9098250336473753,0.4922421661089139,0.9225016995241334,0.7976376329199681,0.4640699410050466,0.34975017135364406,0.4450358632484599,0.9177222456086641,0.25448452592154547,0.1690935327298964,2
0.49193548387096775,0.2864167178856792,0.3114186851211072,0.25499092558983666,0.21023088328743908,0.04918973182274491,0.03810062182023742,0.04495804577727024,0.04511028802034384,0.13799076212471134,0.0885780885780885,0.022151119862170814,0.20271259829985036,0.03141749814463594,0.02711830734081653,0.005586199627586686,0.013728690464104706,0.016332982086406742,0.0,0.042796222966798664,0.022487579534559397,0.22745625841184386,0.4563431700638881,0.20938137321549974,0.14153583316150697,0.18828630321984507,0.1285301334075038,0.17627964607947505,0.21694539053231796,0.22038241671594716,0.08690804145349604,1
0.12903225806451613,0.256299938537185,0.21799307958477507,0.2439201451905626,0.1879898326625715,0.19776279936899485,0.18778971170152628,0.12789831686609401,0.11321797777654928,0.16512702078521932,0.20364484000847624,0.047563376815161214,0.0,0.06770017316731261,0.041223800536406084,0.09854899343006711,0.09248514287053017,0.07112750263435193,0.0905091506335054,0.13988729820286325,0.1563671228100758,0.22117541498429785,0.10860967447520527,0.2216179469748471,0.14180093669916638,0.47757480986566225,0.2799173529090385,0.2693844784558734,0.36818338372048526,0.3646757342795191,0.2778433687524597,2
0.4435483870967742,0.5224339274738783,0.3096885813148788,0.4954627949183303,0.4275577208218597,0.4091495769396243,0.27416619559072924,0.28280621617595947,0.3626513350655094,0.27020785219399546,0.13180758635304082,0.24741570268274676,0.08663122035085484,0.2180258926362662,0.18876858382172776,0.06963426202438254,0.08319211576456623,0.12456721360830951,0.21984983575786018,0.1098081023454158,0.12751677852348994,0.5769403319874382,0.24034073623364768,0.53025152957172,0.4312056319773778,0.48183950529533026,0.26303032711162316,0.35577040540304705,0.6540507443266619,0.3575793416124581,0.22602649875377148,1
0.28225806451612906,0.3527965580823603,0.3397923875432526,0.3194192377495462,0.26265621690319846,0.0,0.09447899001319013,0.03105605481356437,0.015257891536292766,0.3106235565819861,0.06357279084551803,0.03291902535072606,0.06552262090483618,0.051290508782056564,0.029667891791662526,0.0,0.05554731244094242,0.024762908324552156,0.0036074612857813185,0.2232713981114834,0.05342979168482522,0.2844324809331538,0.30088226346212343,0.28687967369136647,0.16963680815340657,0.1349776103489943,0.23909048465764035,0.19521474319819898,0.22341280471470668,0.61344372166371,0.13898727535091177,1
0.8870967741935484,0.13644744929317768,0.2865051903114187,0.1277676950998185,0.0916119466214785,0.5855442420765812,0.29037120783870357,0.24482399086440593,0.2934932832107911,0.47344110854503463,0.3712650985378257,0.05740831897612603,0.16925085166671974,0.061350705038344194,0.033972385020363566,0.13579032428064503,0.12504978407378195,0.13630889658286918,0.2045987799155326,0.18176972281449896,0.22278392748191406,0.1269627635711081,0.3431700638880438,0.12032630863358262,0.0740227989042387,0.6872556684910087,0.36286245020810776,0.4158915202177973,0.6881099077723778,0.4602799132663119,0.4123048668503214,1
0.2661290322580645,0.1530424093423479,0.38754325259515565,0.12958257713248642,0.1066511332344842,0.09536784741144419,0.053740342943282456,0.017675388510997463,0.0,0.2748267898383372,0.11909302818393729,0.027504307162195415,0.1478557101467732,0.03455100189659438,0.021654912089003678,0.0215367318975512,0.028683435764878605,0.02227909077224145,0.05006452369779447,0.11266372220530002,0.0173450710363462,0.13862718707940777,0.41314268329783993,0.1182868796736914,0.082417744263454,0.19539412893595853,0.15197329863215092,0.1610094064676009,0.31460717155868506,0.28168736447861226,0.10770038042765315,1
0.9274193548387096,0.05470190534726494,0.28788927335640135,0.0547186932849365,0.04183435712772717,0.5152731966155171,0.39777652157527793,0.2428379921553051,0.17419426170600916,0.5733256351039261,0.5878364060182243,0.17763967511690867,0.21264605686268268,0.191473571369671,0.08943412469785768,0.1013245265783649,0.20923367668074935,0.2341562547041999,0.15444626935710934,0.28266829119707587,0.39919811731892263,0.17855540601166442,0.34834195314876787,0.23317471108089743,0.1121093404813102,0.5813490653209186,0.5226931826083502,0.5860456187501091,0.4806934292602656,0.6300019712201853,0.5585727403909222,1
0.9112903225806451,0.1432083589428396,0.342560553633218,0.1399274047186932,0.09722516416013557,0.4177541947511832,0.36762766157904647,0.18492130480115188,0.22814970424014597,0.38452655889145493,0.37232464505191787,0.10866354910164903,0.1473463020153459,0.10505483631565929,0.05741531737359689,0.08449566103362259,0.11029027043489806,0.08211651362336295,0.12863679023932428,0.17720073103868414,0.1943693890002615,0.2036787797218483,0.34469120778825674,0.1903467029231815,0.11755869097764293,0.5052953301585046,0.318956183134828,0.2987905970227396,0.46002831885499984,0.42854326828306727,0.3126065853338581,1
0.12096774193548387,0.3472649047326369,0.6124567474048441,0.3303085299455535,0.26292099131539926,0.13738706439122336,0.21198417184850196,0.1701256144183506,0.18082812759135383,0.16281755196304853,0.1320194956558593,0.16158011321683483,0.2269731605590754,0.1873505401170941,0.11443329691069831,0.11369145908723606,0.23398905140840123,0.2736715339455066,0.3049038010323792,0.10086049345111181,0.24448705656759348,0.27545984746523106,0.530879221174323,0.282800815771584,0.1814191876049368,0.22737934465846904,0.25637485223852424,0.2760161253730301,0.4317094638551912,0.12872067809974375,0.1519086973632429,1
0.21774193548387097,0.6521204671173939,0.4155709342560554,0.6361161524500908,0.5917178563863589,0.5167072995841102,0.2632372338420953,0.5459510451318207,0.6555917961191885,0.24133949191685916,0.12672176308539945,0.604356386906227,0.2845999554267885,0.5376432753360271,0.47915631932717456,0.2681727154551523,0.16839121301336168,0.3088965828691856,0.5679845143125294,0.06202406335668597,0.27473197942996597,0.5657245401525347,0.296014602981442,0.5506458191706323,0.4474064037232319,0.4200014215651432,0.1589267798428513,0.3374461178687981,0.7370938731774521,0.0975753991720875,0.1056670602125148,1
0.22580645161290322,0.6748617086662569,0.701038062283737,0.6787658802177857,0.5959542469815717,0.1695109708877099,0.4757866968155266,0.4501266074177052,0.44607219857371894,0.28175519630484996,0.14621741894469162,0.4248092542456313,0.25148842688401407,0.47555042467221903,0.3371080427800404,0.17545585496960966,0.40430915324123606,0.36640072256510614,0.5929141248240262,0.40184282668291194,0.30933496034167174,0.5563032750112157,0.5293580772741101,0.5873555404486744,0.4250198827653245,0.24799203923519803,0.3535249182965957,0.3712151620390569,0.6108070873674946,0.24029174058742359,0.12127771218680311,1
0.8306451612903226,0.320221266133989,0.386159169550173,0.31125226860254085,0.23734378309680149,0.3704287967876094,0.3103448275862068,0.19939427039372423,0.19802089667753883,0.49191685912240185,0.18351345624072887,0.14730494708343586,0.287465376166067,0.13944091696215058,0.09830800304625674,0.0776446614903559,0.09506220080747815,0.08467559837422851,0.11898756452369778,0.14217179409077066,0.11208925302885034,0.2974427994616419,0.45664739884393063,0.3031951053704962,0.19644172140563787,0.40933968299097323,0.25250076984970543,0.24015287691314288,0.39114461750411395,0.3774886654839345,0.13872491145218416,1
0.5403225806451613,0.19913952059004303,0.5411764705882353,0.2213248638838476,0.14340182164795592,0.4306611214685215,0.5183719615602035,0.440196613872201,0.31881253800652326,0.33833718244803707,0.33905488450943,0.16588727541225692,0.3355407685695183,0.34666446771666537,0.09820866858713287,0.16958858869409407,0.4655338024099397,0.4286466957699835,0.35095025809479113,0.10257386536704236,0.4014643075045759,0.1888739344997757,0.568907818679647,0.28348062542488106,0.11702848390232405,0.4988982870140026,0.5908372984732142,0.5409329680110295,0.5740691133136888,0.21486300019712207,0.3349075167256986,1
0.0,0.4400737553779963,0.7131487889273357,0.3983666061705989,0.3298030078373226,0.16176681485730673,0.1746749576031656,0.09473213842411002,0.19719166344187075,0.1703233256351039,0.09387582114854835,0.141397981786857,0.25912954885542355,0.08542920755339327,0.07291149299692062,0.07258546182763588,0.06921352877324233,0.0715038386271263,0.18318864382918817,0.11856533658239414,0.08811993375751764,0.3683266038582324,0.6772132643748099,0.291638341264446,0.20792954137087985,0.266472386097093,0.1564433936961726,0.18718696008795657,0.39918104932838394,0.2142716341415336,0.09851764397218943,2
0.9354838709677419,0.30116779348494166,0.4695501730103806,0.2885662431941924,0.2229930099555179,0.1296429083608204,0.2040700960994912,0.18718037833275405,0.18425562496544862,0.3112009237875289,0.06632761178215711,0.1289072114201329,0.2279283008055016,0.14430609384019133,0.07479884772027415,0.2495169166988722,0.18674298923102156,0.29783230468161975,0.43248474894415767,0.41745354858361255,0.1669136232894622,0.1794526693584567,0.3343474292668086,0.1828687967369137,0.10851571474859346,0.2216930840855783,0.14015238057396018,0.18168967382768186,0.3172859821667751,0.24521979105066033,0.05135773317591498,1
0.4032258064516129,0.5685310387215735,0.5692041522491348,0.5607985480943738,0.4619783944079644,0.3453319948372294,0.45543621631807035,0.34784767389901194,0.5870418486372935,0.3273672055427252,0.21084975630430164,0.4813561407826729,0.4870896876691394,0.4927022346829389,0.2967120294029999,0.20278958648069423,0.30763043427330866,0.3620352250489237,0.5920342562177382,0.5562366737739872,0.27882855399633916,0.5091969493046209,0.5214481289930027,0.5091774303195106,0.34254322660461284,0.32617812211244585,0.28836086580774617,0.3021936789933858,0.712601890474915,0.3362901636112754,0.13957759412304868,1
0.18548387096774194,0.8199139520590043,0.5224913494809689,0.8157894736842106,0.7166913789451388,0.2691811272049334,0.6872055775390992,0.6112407526935107,0.6445353529769473,0.5767898383371824,0.27187963551599903,0.219173024858479,0.1092362061829412,0.22264368763915235,0.20558921890003642,0.04788673014088464,0.13887218573559384,0.26373626373626374,0.19550680431722195,0.2965656411818459,0.11470408785845028,0.6590399282189322,0.41892303011864923,0.6777702243371857,0.5021944681728475,0.30414386239249425,0.33991596221279635,0.5129229856372489,0.6785427270291992,0.47664104080425784,0.1622720713629805,1
0.08064516129032258,0.7062077443146898,0.5896193771626298,0.7141560798548094,0.604956576996399,0.6615516994120179,0.611079706048615,0.8289558611786902,0.9060202332909504,0.7020785219399539,0.17440135621953792,0.547132660595619,1.0,0.4956708171847942,0.36392834674348534,0.21445385236974313,0.1957236456779615,0.4786241156104169,0.5439347724073205,0.45381510813280534,0.1917545541706615,0.5002243158366979,0.4818983875874657,0.5173351461590754,0.34784529735780145,0.3631388158362358,0.2053164330628098,0.3927680145198164,0.7060962075695535,0.24521979105066033,0.053391053391053406,1
0.5,0.6011063306699448,0.7176470588235295,0.5789473684210525,0.5599449269222623,0.2828051054065682,0.25720746184284904,0.2798272181123082,0.3656918569296257,0.26616628175519635,0.13752913752913745,0.6018951513659857,0.3995351650800726,0.543910282839944,0.6149134134631303,0.06619119558725363,0.0580462777131344,0.07895529128405841,0.12042468324730174,0.110188851660067,0.10563932711583715,0.8815612382234186,0.927593550349863,0.8762746430999321,0.8612624819582315,0.41360437842064124,0.21167390159830735,0.27941920734367637,0.5239370862194329,0.2568499901438991,0.1780139052866326,1
0.29838709677419356,0.4634296250768285,0.24705882352941175,0.44827586206896547,0.37407328955729713,0.376165208661982,0.32278123233465233,0.31061019810337126,0.39537840676654323,0.302540415704388,0.3543123543123543,0.3682623677085897,0.21742175809481357,0.3049393914405871,0.27078573557166985,0.1864525875698275,0.1936151437295495,0.25146771037182,0.3095964335992492,0.15778251599147122,0.36328771899241696,0.44459398833557645,0.18892607240644957,0.4167233174711082,0.32162950307814664,0.4214229867083659,0.25587817500918847,0.28735973194185094,0.5254678351383415,0.1862803075103489,0.25849403122130404,1
0.6612903225806451,0.7535341118623234,0.5740484429065743,0.7404718693284936,0.6928616818470663,0.28854151728094074,0.46033540606745793,0.4245568740380319,0.5715628282381559,0.3469976905311778,0.27209154481881737,0.5317499384691116,0.1914737814002356,0.5025150490640719,0.46955398827853384,0.13213645785756944,0.16620461840019368,0.2561342766822219,0.35153683716565,0.1526424002436796,0.1713588424997821,0.8151637505607896,0.5427441435959841,0.8218898708361659,0.7175174526495626,0.4704669841495488,0.3588890323734218,0.4869199490410289,0.8813669587845854,0.3031736644983245,0.20812016266561725,1
0.7661290322580645,0.35033804548248304,0.38062283737024216,0.34573502722323046,0.2875450116500741,0.5324824322386349,0.3755417373280572,0.31905069261704977,0.3946597379622976,0.3966512702078523,0.2765416401780037,0.3771843465419641,0.1717978923238562,0.35474560897171603,0.29340088076553755,0.1187857920809472,0.08959571427455819,0.12396507601987053,0.17966916940403566,0.12941669204995432,0.14939422993114268,0.611036339165545,0.4529966534834195,0.6247450713800137,0.502783587145424,0.7007605373516242,0.30445320803822423,0.3887541229646952,0.6907887183804677,0.40370589394835404,0.26629935720844816,1
0.5806451612903226,0.19913952059004303,0.46470588235294114,0.19029038112522687,0.13191061215844102,0.28194464362541244,0.3186357640851704,0.2172682587756318,0.24495549781635245,0.5352193995381063,0.2983682983682983,0.13961358602018215,0.47212582380846246,0.19633874824771172,0.05632263832323432,0.28855004742999685,0.23234910544852524,0.19524311305133227,0.32543406851243545,0.706442278403899,0.3208402335919114,0.18034993270524896,0.5530879221174323,0.20326308633582602,0.08931043624259917,0.5259080247352337,0.35223355750032276,0.3057712779881677,0.5671807431786002,0.6227084565345948,0.31195067558703926,1
0.08064516129032258,0.5076828518746159,0.2833910034602076,0.4863883847549909,0.41855539080703236,0.434963430374301,0.3039381948370077,0.2689042252122536,0.3849300679971253,0.3516166281755197,0.19834710743801656,0.3283903519566823,0.26454201025183866,0.3037849426898656,0.29306976590179135,0.13319045778730282,0.12270700413110197,0.13931958452506396,0.299331299859221,0.20252056046299113,0.13257212586071646,0.5966801256168686,0.3489504107088531,0.5778382053025153,0.4821644231052461,0.5721088918899708,0.2977977331651253,0.3175511771173278,0.6892579694615592,0.38872462054011436,0.18299881936245574,2
0.47580645161290325,0.49354640442532277,0.31937716262975774,0.47640653357531765,0.39737343783096796,0.2280223720063102,0.29263237233842093,0.24159674296211708,0.380286361877384,0.24191685912240182,0.15723670269124806,0.2059438838296825,0.15323633353497407,0.20112146450070092,0.15635243866097148,0.03639813090679127,0.12645545203938993,0.08490139996989311,0.2389136555607696,0.11228297289064881,0.24745053604114,0.47330641543292956,0.26711286887739577,0.4588715159755269,0.3195675866741289,0.23093325751652577,0.28389077074372443,0.23997835988900715,0.6245838276376718,0.2288586635127144,0.2674144037780402,1
0.3467741935483871,0.24093423478795328,0.21764705882352944,0.24264972776769508,0.16993221775047657,0.5912806539509537,0.4478990013190125,0.3600119159922546,0.3810050306816298,0.4901847575057737,0.36935791481246033,0.14324390844203788,0.18682543220096148,0.15139770759462357,0.0900301314526009,0.15170572321961842,0.14277681897339384,0.14428721962968538,0.2210229938995777,0.15492689613158694,0.24378976727970014,0.2678331090174966,0.3255247946455735,0.2855200543847723,0.1728769625025774,0.7526476650792523,0.39405378021039245,0.38953944957330583,0.6647659867590219,0.3981864774295289,0.33753115571297393,1
0.3870967741935484,0.27965580823601727,0.3702422145328719,0.2813067150635209,0.23379580597331073,0.5310483292700416,0.4185038628226869,0.31830594310113697,0.3565702913372768,0.44861431870669743,0.3897012078830262,0.7237263106079252,0.2709096118946799,0.6820318298012699,0.5380947650740041,0.19432245371183643,0.24632769243984914,0.2558332078880024,0.4755983106522759,0.23412275357904355,0.41209796914494895,0.4634365186182145,0.334043200486766,0.4894629503738953,0.36522430704880854,0.4960551567275571,0.34657143708589533,0.3465210031238547,0.7057135203398264,0.2834614626453775,0.3263806900170537,2
0.8709677419354839,0.31837738168408114,0.259515570934256,0.31851179673321234,0.23596695615335733,0.41632009178259,0.41398153382325226,0.2765999702100193,0.31626955608380786,0.3983833718244804,0.3157448611994066,0.08626630568545411,0.10302779458117099,0.08493444380308401,0.06966656733220754,0.05333239644450691,0.16659508172397366,0.11816950173114556,0.11417761614265605,0.17415473652147426,0.23794996949359362,0.3306415432929565,0.32217827806510496,0.32358939496940853,0.22177383722642788,0.44558959414315175,0.5255739105384974,0.4392768014519816,0.6023879683134975,0.5332150601222156,0.4477239931785388,1
0.07258064516129033,0.6035648432698217,0.430795847750865,0.5943738656987296,0.5159923744969286,0.4062813710024381,0.39739966082532496,0.34685467454446156,0.4488363093592792,0.2840646651270208,0.13053613053613053,0.34648043317745514,0.3489127320194848,0.3250597839531624,0.26158074235952455,0.1470329901978006,0.29989926046246473,0.19569471624266147,0.3169286719849836,0.41307493146512336,0.259914582062233,0.5105428443248092,0.3881959233343474,0.5084976206662135,0.3852543521164099,0.40223185727485977,0.35700165890194596,0.30690563864504977,0.6088936512188589,0.35600236546422237,0.14082382264200444,2
0.3467741935483871,0.4136447449293178,0.358477508650519,0.41288566243194197,0.3188413471722093,0.5238778144270759,0.45392877331825887,0.4009731393674594,0.47039637348664937,0.3827944572748268,0.2417885145157872,0.37995323652473545,0.3304466872552453,0.3617547621010968,0.26462699910598986,0.22379931841337874,0.3294963804049886,0.30949872045762455,0.3881980290943219,0.18843283582089554,0.3382724657892443,0.3423059668012561,0.25676909035594764,0.3249490142760028,0.23385077616424635,0.4256876821380341,0.29650637236885236,0.2917226575452435,0.46883012513872413,0.17701557263946383,0.1465302374393284,2
0.2661290322580645,0.6238475722188078,0.3508650519031142,0.6007259528130671,0.5414107180682058,0.3136383192313208,0.26926700584134156,0.33071843503301723,0.5262314113549671,0.14203233256351047,0.13456240728967991,0.2895028304208713,0.3180298640517049,0.27945905829966194,0.22482699248369262,0.09837332677511153,0.1046675985724661,0.15738371217823274,0.27821445330830596,0.04584221748400854,0.09744617798309071,0.5760430686406459,0.4685123212655917,0.5649218218898708,0.44593360629179063,0.39014855355746686,0.25707020035959427,0.36292560339261093,0.7615858558799894,0.13857677902621723,0.12600026236389872,1
0.056451612903225805,0.4732636754763368,0.2498269896193772,0.47005444646098005,0.37830968015251004,0.5009321669295855,0.4618428490672696,0.43051487016533435,0.44551937641660677,0.34584295612009247,0.2169951260860352,0.2677208958897367,0.09589608074118883,0.258926362661829,0.19062282705870667,0.12742859150476055,0.2545274222392291,0.3356917055547192,0.34537775692163303,0.3121763630825464,0.21337052209535426,0.44773441004934944,0.14146638271980527,0.4452753229095853,0.3119090400306342,0.6112019333285948,0.45464840218935315,0.6199891799445036,0.7990892043932495,0.4403705893948355,0.2414403778040142,2
1.0,0.29686539643515675,0.2598615916955017,0.2876588021778584,0.22209277695403515,0.31736698694966314,0.31335971358583,0.18757757807457426,0.2529161368787661,0.3083140877598153,0.2239881330790421,0.19197637213881372,0.1982871151580757,0.19881256699925787,0.133008840766862,0.10905385939640937,0.25975963077788106,0.12772843594761402,0.22424917878930078,0.2322190070057874,0.26645166913623286,0.3400628084342755,0.32278673562519017,0.34942216179469754,0.2329670977053816,0.4100504655625845,0.5062034985944034,0.32505540915516307,0.5817228579082316,0.4389907352651291,0.3263806900170537,1
0.5725806451612904,0.24830977258758458,0.5128027681660899,0.21451905626134304,0.1785638635882228,0.2710454610641044,0.01982287544752214,0.0,0.04798496323732653,0.1483833718244804,0.1015045560500105,0.6277381245385183,0.5813301919831896,0.5709573678568484,0.30465878613290953,0.1481221234585251,0.02805869444683061,0.05449345175372573,0.4104880337869545,0.0,0.0581364943781051,0.09645580978017049,0.25950714937633096,0.0709721278042149,0.056172494035170384,0.08500959556471675,0.0,0.0,0.0,0.0,0.0,1
0.5725806451612904,0.215119852489244,0.3404844290657439,0.2049909255898366,0.14885617453929254,0.340599455040872,0.28094968908988127,0.2334044982870761,0.21830946984355132,0.3706697459584296,0.30536130536130524,0.009475756829928622,0.09194816772262729,0.0241609631401006,0.017979537101420487,0.0483785967747602,0.06733930481909836,0.06819208189071203,0.06244134209291412,0.13969692354553762,0.07748627211714458,0.24629878869448174,0.4091877091572863,0.22297756628144128,0.15785442870187633,0.5209325467339542,0.35193555116272135,0.412488438247151,0.5924381003405916,0.6284249950719495,0.30342384887839435,1
0.6129032258064516,0.11555009219422255,0.41349480968858127,0.12123411978221417,0.07498411353526793,0.4851570342750609,0.5044281138119464,0.36125316518544265,0.26701310188512356,0.47055427251732096,0.4723458359821995,0.06909918779227171,0.22506288006622302,0.09103653005689785,0.03688619582133042,0.1516354565576362,0.24390681983241316,0.27013397561342767,0.28789300797747536,0.16977611940298507,0.39484005926958937,0.10587707492148941,0.410100395497414,0.13732154996600954,0.05829332233644584,0.6808586253465065,0.4797802699937418,0.5272333816163767,0.6456316252726647,0.3630987581312833,0.454283090646727,1
0.12096774193548387,0.47080516287645974,0.341522491349481,0.45553539019963696,0.387841558991739,0.2786462067976481,0.22818918409647632,0.3103619482647336,0.31510862955387253,0.22459584295612003,0.1428268700995973,0.40555008614324395,0.4733993441370307,0.3693411396058382,0.26340187411012883,0.28398271440115236,0.15519355266959775,0.30009032063826585,0.40872829657437815,0.28647578434358817,0.2728144338882594,0.37999102736653195,0.32217827806510496,0.3725356900067982,0.2636012842793602,0.36882507640912654,0.1593241216263199,0.2797682413919478,0.4592629443955455,0.15296668637886854,0.1257378984651712,1
0.016129032258064516,0.5082974800245851,0.5813148788927335,0.516333938294011,0.4090235119678034,0.4880252402122473,0.49613717731298274,0.47122784370190157,0.504671347227597,0.35565819861431863,0.2890442890442891,0.18656165395028307,0.6497819096437327,0.2754184876721366,0.15625310420184763,0.12177212521519165,0.26350807868616904,0.363013698630137,0.36326841858282494,0.26496344806579347,0.2804846160550858,0.43651861821444593,0.8497109826589596,0.5159755268524814,0.31131992105805767,0.4846826355817757,0.4586218200240391,0.5760108898623061,0.6923194672993763,0.3782771535580524,0.2800734618916437,1
0.056451612903225805,0.5537799631223111,0.5892733564013841,0.5344827586206897,0.46409658970557083,0.2263014484439983,0.2662521198417184,0.276848220048657,0.3519265852175355,0.1685912240184758,0.09239245602881958,0.20680531626876697,0.3820242605622592,0.18446441824029028,0.17264328995728617,0.10775392614973826,0.10576089587905008,0.2397260273972603,0.25651102768653217,0.0500304599451721,0.2277521136581539,0.44459398833557645,0.6148463644660785,0.4432358939496942,0.3225131815370114,0.33683986068661603,0.19866095818971086,0.33735885935673027,0.5159006543951629,0.13404297260003945,0.1533516988062443,1
0.07258064516129033,0.31837738168408114,0.35640138408304495,0.3284936479128856,0.23151874602838377,0.602753477699699,0.5884680610514413,0.3679559108286579,0.4560229974017359,0.49422632794457283,0.49396058486967576,0.23098695545163678,0.22633640039479128,0.22272614826420387,0.13307506373961125,0.15314618979025402,0.13793507375852188,0.15760951377389734,0.22864852182074144,0.1714894913189156,0.2662773468142595,0.3642889187976671,0.4505628232430788,0.3514615907545888,0.2376800494859937,0.6893880162058428,0.3695179250812067,0.39652013053873403,0.6823695993264706,0.4220382416715947,0.3880362062180244,2
0.07258064516129033,0.7043638598647819,0.6771626297577855,0.6678765880217786,0.6176657487820377,0.5296142263014485,0.46674203881665716,0.704086192343975,0.7689203383271601,0.45669745958429564,0.37677474041110387,0.7809500369185332,0.43137317329427877,0.7244990517028119,0.7274924671368497,0.035449530970031264,0.269443121207625,0.4210447087159416,0.36796105114969496,0.14274291806274747,0.39884947267497595,0.7371018393898608,0.6610891390325524,0.7437117607070021,0.6426993431323456,0.3069869926789395,0.32968441128848003,0.4888396363065217,0.8159274425012438,0.22945002956830274,0.2549521185884822,1
0.2661290322580645,0.17639827904118016,0.488235294117647,0.18539019963702355,0.12407328955729716,0.5912806539509537,0.4599585453175051,0.2773447197259321,0.26137431588258053,0.5583140877598153,0.468743377834287,0.17308638936746246,0.37119933776942915,0.15016079821885053,0.08297738485480612,0.24639005024066327,0.24375063450290113,0.17928646695769984,0.32220788362271235,0.31331861102650016,0.5149481391092129,0.142216240466577,0.4949802251292971,0.1420802175390891,0.08244720021208282,0.6929419290638995,0.342995361034678,0.27409643810753737,0.47112624851708707,0.41119653065247386,0.4149285058375969,1
0.5161290322580645,0.49354640442532277,0.4754325259515571,0.45462794918330307,0.35395043423003597,0.642908360820307,0.4339551535707556,0.46651109676778707,0.5262314113549671,0.6160508083140878,0.3214664123755034,0.4062884568053163,0.2931962176446241,0.3149171270718233,0.20800635740538392,0.22172645188490317,0.13379616252645388,0.24770435044407646,0.3019709056780854,0.49988577520560457,0.29687091432057866,0.40062808434275454,0.3276543961058716,0.37933378653976896,0.241509322807741,0.4704669841495488,0.18713804646912155,0.2888431266470044,0.5159006543951629,0.361718904001577,0.1639118457300276,1
0.9838709677419355,0.028887523048555665,0.3460207612456747,0.051542649727767634,0.01297394619783944,0.9684497346909507,0.8963632937629544,0.5397447991658806,0.4692907291724252,0.7442263279445727,1.0,0.1857002215111986,0.2527619472125823,0.18899975261812485,0.043839607960001324,0.22636405157572986,0.5250404129540112,0.34374529580009033,0.39582355701548566,0.985150776728602,0.7078357883727011,0.09286675639300135,0.2990568907818679,0.09360978925900755,0.01755574538278006,0.9090198308337482,0.8095739502726758,0.5784541282002059,0.8744785886494969,1.0,0.773711137347501,1
0.14516129032258066,0.1063306699446835,0.4657439446366782,0.09791288566243188,0.07276000847278118,0.5339165352072278,0.30205389108724323,0.22049550667792064,0.267676488473658,0.344688221709007,0.3316380589107862,0.14256706866847157,0.2597663090197077,0.14628514884142824,0.07440150988377868,0.179671854688543,0.1494146954776538,0.14142706608460034,0.2265954950727358,0.1612092598233323,0.21912315872047414,0.19066846119336023,0.5111043504715546,0.18150917743031952,0.11199151668679487,0.733456535645746,0.3524322283920571,0.33020366136716633,0.5457502583138801,0.358367829686576,0.31523022432113346,2
0.4274193548387097,0.5955746773202214,0.24117647058823533,0.5707803992740473,0.515462825672527,0.2795066685788041,0.23195779159600524,0.319547192294325,0.3820001105644314,0.15184757505773666,0.09599491417673235,0.2583682008368201,0.09404947626476487,0.24457821390286139,0.208701698619251,0.12451252503249834,0.0906109189163862,0.11944904410657836,0.20958470201783197,0.0928647578434359,0.054388564455678544,0.5621354867653656,0.19774870702768482,0.5554044867437119,0.4235470853338832,0.5280403724500676,0.25250076984970543,0.3419835604963264,0.6972944012858292,0.22156514882712394,0.10173160173160176,1
0.04838709677419355,0.816840811309158,0.289273356401384,0.7958257713248639,0.838487608557509,0.20665423777427228,0.25456943659317877,0.36919716002184594,0.47979435015755434,0.1633949191685912,0.03178639542275894,0.9452375092296333,0.15645197236460887,0.858167724911355,1.0,0.08677932754804482,0.0425058374266905,0.09476140298058106,0.2905326137963397,0.15740176667682002,0.10154275254946396,1.0,0.203529053848494,1.0,1.0,0.2380410832326392,0.12505339280215358,0.23360848850805396,0.5759825494623245,0.15198107628622118,0.04952118588482231,2
0.024193548387096774,0.908420405654579,0.24498269896193772,0.9283121597096188,0.8729082821436136,0.5726373153592429,0.7169775767853778,0.7765751452261556,0.9452706064459064,0.3741339491916859,0.2322525958889595,0.4928624169333006,0.1556241841510395,0.5004535334377835,0.4606138869573855,0.1300635913290939,0.27397249576347293,0.23874755381604695,0.2905326137963397,0.2944715199512641,0.20029634794735462,0.9102736653207717,0.210222087009431,0.980285520054385,0.8029397036731568,0.5052953301585046,0.5387855248388282,0.5419800701558437,0.94374497723011,0.41888428937512323,0.21717171717171724,2
0.27419354838709675,0.5175169022741243,0.47231833910034604,0.5263157894736843,0.4302054649438678,0.33973899325971607,0.44036178631995465,0.4272876222630455,0.47039637348664937,0.46882217090069284,0.25874125874125875,0.2690130445483633,0.184278391543825,0.30023913581264944,0.2050925466044171,0.0889575940694937,0.1615971511795897,0.15158813788950773,0.2351008916001877,0.21165854401462078,0.22844940294604724,0.49484073575594434,0.3577730453300882,0.5465669612508498,0.3584494388641786,0.3197810789679439,0.3001817838659368,0.293816861834872,0.5901419769622288,0.37729154346540505,0.21572871572871571,1
0.45161290322580644,0.4326982175783651,0.35570934256055364,0.41651542649727763,0.33366871425545436,0.4105836799082174,0.31788204258526465,0.2386177448984658,0.3755320913262203,0.39491916859122395,0.22123331214240302,0.15991877922717204,0.16275589799102166,0.1573348725983343,0.11860534419390087,0.1603485226434318,0.15909818590739774,0.10650308595514076,0.28232050680431725,0.119136460554371,0.19602545105900812,0.3696724988784207,0.2658959537572254,0.3602991162474507,0.24769507201979438,0.4711777667211601,0.3200488730393666,0.2671157571421092,0.6444835635834832,0.2946974177015573,0.19670733307096944,1
0.9516129032258065,0.1259987707437001,0.3958477508650519,0.14156079854809434,0.08377462402033463,0.7504660834647928,0.5545505935556811,0.4019661387220098,0.4047763834374482,0.6016166281755195,0.5009535918626827,0.06922224956928379,0.20373141456270494,0.103323163189577,0.03420416542498593,0.10764852615676491,0.21610583117927734,0.1850820412464248,0.20782496480525575,0.25791958574474566,0.23202301054650049,0.11888739344997756,0.4277456647398844,0.14343983684568326,0.06810215322984474,0.6282607150472672,0.48554172585403643,0.4493987888518525,0.6773946653400177,0.5545042381233984,0.3421225239407058,1
0.28225806451612906,0.22065150583896742,0.5937716262975777,0.22531760435571688,0.1573819106121584,0.5582962856733115,0.42754852082155637,0.3473511742217367,0.29482005638786,0.5744803695150116,0.4348378893833439,0.1084174255476249,0.21360119710910883,0.14232703883895442,0.06145491871130094,0.10329199311386711,0.27373821776920493,0.2744994731296101,0.16793758798686062,0.20347243374961924,0.38167872396060315,0.20726783310901753,0.6224520839671434,0.26512576478586,0.12816283248402016,0.6104911507569836,0.6023602101938034,0.5921537145948587,0.5442195093949715,0.5229647151586833,0.5185622458349731,2
0.0,0.46097111247695144,0.7269896193771626,0.4437386569872958,0.36507095954246976,0.34303743008748044,0.24401733559449781,0.25698823295764855,0.30195146221460556,0.3158198614318707,0.1203644840008476,0.11020182131429979,0.5797382915724791,0.14587284571617054,0.09754643885964041,0.11558865896075604,0.1358265718101099,0.22369411410507303,0.28789300797747536,0.17415473652147426,0.20700775734332777,0.33737101839389855,0.8454517797383633,0.34942216179469754,0.22913782438363425,0.3339967304001706,0.1963762429347664,0.2967836512451789,0.48413761432780994,0.25271042775478025,0.1429883248065067,1
0.06451612903225806,0.741241548862938,0.8128027681660899,0.7704174228675137,0.7113958907011226,0.584110139107988,0.5605803655549274,0.6800059579961273,0.7291171430150921,0.2834872979214781,0.27866073320618767,1.0,0.7468878346970614,1.0,0.7940465547498428,0.20356251976249864,0.2079061013798974,0.368207135330423,0.5028742374472079,0.46200121839780683,0.24501002353351348,0.6976222521310004,0.7602677213264374,0.7661454792658057,0.5811364104981,0.43563863814059284,0.23660709851096162,0.40987068288511547,0.6965290268263749,0.2383205204021289,0.13367440640167916,1
0.016129032258064516,0.23171481253841436,0.514878892733564,0.24845735027223229,0.15669349714043632,0.6084898895740716,0.6223855285472017,0.36969365969912116,0.4109679915971032,0.44515011547344113,0.5236278872642509,0.09026581343834607,0.2533987073768665,0.08534674692834174,0.04016423297241813,0.08045532796964477,0.2981812218378328,0.3064880325154298,0.31663538244955425,0.3333079500456899,0.3888259391615096,0.17182593091072235,0.46547003346516574,0.18014955812372535,0.09034139444460806,0.4583836804321559,0.48067428900654613,0.4725222945498333,0.6444835635834832,0.4362310270057166,0.38147710874983604,1
0.0967741935483871,0.2858020897357099,0.5678200692041522,0.25362976406533566,0.21097225164160133,0.05564319518141415,0.02393065762200867,0.03425847773198947,0.046713472275968816,0.15704387990762125,0.07840644204280559,0.08331282303716465,0.1791206342131236,0.09062422693164013,0.06417006059402006,0.06468046235463583,0.0,0.0,0.0747595025809479,0.16844349680170573,0.019436938900026138,0.2386720502467474,0.5162762397322787,0.21821889870836172,0.15284691743497597,0.19752647665079262,0.045833374723102435,0.08928290954782639,0.20370441238375878,0.24443130297654256,0.057326511871966454,1
0.03225806451612903,0.6637984019668102,0.36712802768166086,0.6842105263157896,0.5980724422791781,0.2730532052201348,0.5654795553043149,0.4853780845042451,0.4891923268284592,0.23845265588914552,0.24772197499470228,0.5988186069406842,0.3151644433124264,0.6361012616475634,0.4728651369159962,0.10610265959315603,0.32996493639352453,0.39402378443474334,0.30607695917409666,0.21622753579043558,0.3074174147999651,0.6886496186630776,0.3501673258290234,0.7532290958531612,0.5525641403281393,0.32191342668277784,0.41839096444784385,0.48578558838414687,0.5935861620297732,0.24995071949536765,0.21999212908303825,2
0.6451612903225806,0.2661339889366933,0.4162629757785467,0.2451905626134301,0.18481253971616182,0.22372006310053066,0.22291313359713583,0.07390397696241496,0.06810768975620542,0.24191685912240182,0.2737868192413647,0.007137583066699483,0.04250374096596517,0.015749979384843744,0.018343763451541345,0.021888065207462313,0.05156458653838645,0.05118169501731144,0.02448967620835288,0.07306579348157173,0.12969580754815654,0.22252131000448633,0.34560389412838455,0.19510537049626106,0.136970161124039,0.3425261212595067,0.27673861864128974,0.2958238076124326,0.3582335157475795,0.31736644983244633,0.27994227994228,1
0.5887096774193549,0.08543331284572837,0.5702422145328719,0.0839382940108893,0.06132175386570639,0.40771547397103125,0.33634821933295644,0.20982076361650365,0.13991928796506165,0.3666281755196305,0.4051705869887688,0.13013782919025352,0.46066414085134827,0.12278387070173992,0.06771298963610475,0.22594245160383655,0.24289161519058514,0.20088815294294746,0.23568747067104645,0.20747030155345725,0.399633923123856,0.12606550022431584,0.6896866443565562,0.11284840244731481,0.07682111402397712,0.6865448859193973,0.4165035909763681,0.3651943247063751,0.4473996402740041,0.3252513305736251,0.4293585202676112,2
0.8225806451612904,0.22311001843884457,0.38581314878892736,0.2314882032667876,0.14996822707053586,0.436397533342894,0.530431505558696,0.2942257087532893,0.3732655204820609,0.5450346420323327,0.4024157660521296,0.03734924932316023,0.1977458690184342,0.07891481817432176,0.02337670938048409,0.06271299581913362,0.18119841003334558,0.11944904410657836,0.24477944626935713,0.1267514468473957,0.2287108864290072,0.21444593988335578,0.5031944021904472,0.25356900067980975,0.11452472826887389,0.5017414173004479,0.6089163496210352,0.46240030714996244,0.922697179595117,0.532032328011039,0.47527220254492986,1
0.20161290322580644,0.17516902274124163,0.18719723183391,0.1681488203266788,0.11782461342935818,0.36899469381901623,0.30883738458639526,0.1338314880095328,0.16794737133064291,0.20438799076212463,0.3265522356431446,0.0522397243416195,0.08226941322550863,0.06629834254143648,0.030992351246647468,0.07202332853177808,0.10388667192490611,0.050052687038988415,0.11825434068512437,0.08220377703320135,0.1780702518957552,0.16733961417676088,0.127471858837846,0.1713120326308634,0.08963445167751626,0.42071220413675464,0.3008771319870069,0.22156681384269034,0.41831541081474116,0.20185294697417705,0.31457431457431456,2
0.1532258064516129,0.5642286416717885,0.6183391003460207,0.5381125226860253,0.47627621266680786,0.32740570772981503,0.2161296400979838,0.29794945633285336,0.4289899939189563,0.25635103926096997,0.1076499258317439,0.35177208958897366,0.6688847145722564,0.33396553145872854,0.2816131916161717,0.10898359273442713,0.1318438459075539,0.21496311907270813,0.34039183481933366,0.21127779469996955,0.12298439815218336,0.4867653656348138,0.6565257073319136,0.47518694765465674,0.3602167957819082,0.2465704740919753,0.13995370968222592,0.25961152510427393,0.5120737820978915,0.19850187265917602,0.07431457431457432,1
0.27419354838709675,0.430239704978488,0.33321799307958483,0.3838475499092559,0.3285320906587587,0.12978631865767964,0.07978142076502732,0.12151829601310757,0.19708109901044835,0.47401847575057743,0.0,0.21954221018951514,0.2712279919768219,0.18174321761358955,0.13261150293036653,0.04767593015493798,0.008394961461269947,0.09009483667017913,0.13752346316283437,0.8044852269265915,0.07103634620413143,0.3472409152086136,0.33951931852753264,0.29979605710401086,0.22177383722642788,0.179756912360509,0.0684321886578788,0.17531980244672865,0.34254333932876657,0.6538537354622511,0.03981372163190345,2
0.8306451612903226,0.29686539643515675,0.43356401384083043,0.30671506352087113,0.22294005507307774,0.5812419331708019,0.48671565856416044,0.46998659450871355,0.41174194261706004,0.4549653579676675,0.4886628522992159,0.2204036426285996,0.22601802031264925,0.20161622825101014,0.14780967517631868,0.21192425253838315,0.25312175427362105,0.3654975161824477,0.25592444861567337,0.13455680779774595,0.4268282053516952,0.32974427994616423,0.42074840279890474,0.30727396329027884,0.22501399157559868,0.7362996659321914,0.4382580536212736,0.62094902357725,0.6674447973671119,0.33688152966686385,0.4601862783680966,1
0.10483870967741936,0.5218192993239091,0.29204152249134946,0.5099818511796733,0.42649862317305653,0.4865911372436541,0.37214999057848125,0.500521324661139,0.5477914754823374,0.2973441108545034,0.23098114007204917,0.22895643613093772,0.3329937279123818,0.2043374288777109,0.17797423926360054,0.09208446052770262,0.1638618384575137,0.23799488183049827,0.19316048803378694,0.17681998172403293,0.18513030593567506,0.4988784208165096,0.41740188621843627,0.46770904146838893,0.36286783115850246,0.4939228090127231,0.3190555185806951,0.4970419364408998,0.6773946653400177,0.33530455351862803,0.22989636626000268,2
0.29838709677419356,0.2519975414874002,0.30069204152249135,0.23012704174228676,0.1802054649438678,0.24637889000430233,0.15044281138119464,0.12630951789881334,0.12737022499861794,0.1460739030023094,0.18859927950837038,0.11826236770858972,0.26613391066254893,0.12179434320112147,0.08112314161782723,0.08027966131468924,0.06991636275604632,0.1409754628932711,0.12461872360394184,0.0692583003350594,0.05499869258258518,0.2126514131897711,0.34651658046851225,0.19510537049626106,0.13517334825768063,0.30343307982088286,0.15773475449244553,0.22915830439259352,0.31766866939650223,0.14133648728562978,0.09510691328873153,1
0.10483870967741936,0.4044253226797789,0.5155709342560554,0.382032667876588,0.3203770387629739,0.2554137387064392,0.1722253627284718,0.21478576038925573,0.26037923599977886,0.06697459584295612,0.11400720491629575,0.16299532365247357,0.3043395205195963,0.1549435144718397,0.12675076984205821,0.06580472894635139,0.04508289536363849,0.04711726629534849,0.062324026278742374,0.036190222357599756,0.038263749673145636,0.3997308209959623,0.7140249467599635,0.3908905506458192,0.28716604318242067,0.332575165256948,0.19458820490915774,0.21929809252892618,0.4141058512877425,0.16538537354622512,0.108356290174472,2
0.75,0.4068838352796559,0.1615916955017301,0.3911070780399274,0.3142872272823554,0.33701419761938917,0.2624835123421895,0.18561640434933718,0.3273812814417602,0.24884526558891457,0.23818605636787457,0.25012306177701205,0.14658218981820498,0.28877710893048575,0.15598821231085064,0.10399465973368933,0.1794803714087136,0.17409303025741385,0.24536602534021584,0.21641791044776118,0.23141288241959385,0.3216689098250337,0.08670520231213867,0.3385452073419443,0.21175881469262717,0.309830122965385,0.2283622565039883,0.19626184534301322,0.4462515785848227,0.2347723240685985,0.1584022038567493,1
0.0,0.567301782421635,0.31695501730103803,0.5617059891107079,0.4704511755983901,0.5496916678617525,0.3876012813265498,0.46998659450871355,0.5837249156946211,0.24018475750577367,0.21784276329730873,0.14724341619492984,0.20341303448056286,0.1529644594706028,0.12747922254229993,0.2255559849629343,0.15464690401630576,0.3350895679662803,0.4084350070389488,0.3165549802010357,0.2543362677590865,0.4122925078510543,0.2555521752357773,0.41400407885791984,0.28598780523726763,0.6012509773260362,0.24127586446671767,0.44224359086228865,0.7206383222991849,0.2891780011827322,0.16863439590712323,2
0.12903225806451613,0.5384142593730794,0.3003460207612456,0.5226860254083484,0.43973734378309676,0.3847698264735409,0.3359713585830035,0.36150141502408023,0.4643153297584168,0.3389145496535797,0.17757999576181394,0.14853556485355648,0.2186952784233818,0.16525109260328194,0.12784344889242077,0.08182552787829811,0.1296572512943859,0.13344874303778415,0.17585640544345377,0.2813356685957965,0.13780179551991628,0.4706146253925526,0.4015819896562215,0.4928619986403807,0.3390085127691537,0.42071220413675464,0.34567741807309094,0.3843911973613026,0.6257318893268533,0.49063670411985016,0.20444706808343172,1
0.41935483870967744,0.6232329440688384,0.5602076124567473,0.6424682395644282,0.5027536538868883,0.5611644916104976,0.8937252685132843,0.5578670373864257,0.7147437669301787,0.6275981524249422,0.5028607755880484,0.26827467388629095,0.12760673692253813,0.26890409829306505,0.2234031985695838,0.05572146295190246,0.31426831077756867,0.20909227758542825,0.30783669638667294,0.19224032896740786,0.3667741654318835,0.6209062359802602,0.5114085792515971,0.6213460231135283,0.4656690918731038,0.47757480986566225,0.7023910041820222,0.5706881206261671,1.0,0.49931007293514684,0.4811753902662993,1
0.6129032258064516,0.1106330669944684,0.16989619377162624,0.11524500907441007,0.07471933912306712,0.6300014341029687,0.4177501413227812,0.35355742018767683,0.3115152855326442,0.3966512702078523,0.45327399872854407,0.11930839281319222,0.12037950905791332,0.15222231384513896,0.05582596602761498,0.17946105470259632,0.1758881088299376,0.26095137738973356,0.246245893946504,0.18767133719159304,0.3509979952932972,0.11978465679676983,0.11256464861575904,0.15091774303195107,0.06630534036348641,0.6303930627621012,0.3658425135841221,0.5025392227011745,0.5430714477057901,0.37847427557658186,0.4123048668503214,2
0.0967741935483871,0.38844499078057776,0.5204152249134949,0.36751361161524504,0.30036009320059304,0.11960418758066829,0.24439419634445067,0.2393624944143786,0.20482060921001713,0.09180138568129328,0.08094935367662635,0.19456066945606698,0.41927473017288036,0.17564113135977572,0.14698188801695308,0.1911955872536275,0.2790485189726129,0.2896281800391389,0.35916236508681376,0.15340389887298203,0.2311513989366338,0.3382682817406908,0.5716458777000304,0.32426920462270575,0.22854870541105776,0.4384817684270383,0.35849169058995317,0.41850927557983286,0.5545520645976044,0.18430908732505422,0.1600419782237964,1
0.11290322580645161,0.28948985863552557,0.48892733564013846,0.2731397459165154,0.21685024359245922,0.19919690233758783,0.15549274543056338,0.17588501067474305,0.12466139642876888,0.3966512702078523,0.12735749099385452,0.18939207482156048,0.4654398420834792,0.23583738764739837,0.12784344889242077,0.08772792748480483,0.12301937479012597,0.20901701038687343,0.2265954950727358,0.21603716113310997,0.07060054039919811,0.2525796321220277,0.5603894128384546,0.2644459551325629,0.16433473740021795,0.2579429952377568,0.1959789011512978,0.2851782691401546,0.37621981554475525,0.27577370392272815,0.07129738947920765,1
0.20967741935483872,0.5740626920712969,0.13702422145328716,0.573502722323049,0.4953399703452658,0.3632582819446437,0.3269267005841341,0.43200436919716,0.4643153297584168,0.28926096997690537,0.18181818181818177,0.3466650258429732,0.13346493043395205,0.3533437783458399,0.2663819078838449,0.3099813793345747,0.13481136716828188,0.3457775101610718,0.4011027686532144,0.18424459335973195,0.3510851564542839,0.4351727231942574,0.0,0.45615227736233854,0.31426551592094026,0.39441324898713487,0.15266864675322092,0.3281094570775379,0.5109257204087101,0.15750049280504633,0.14259477895841535,2
0.5806451612903226,0.17885679164105717,0.22664359861591693,0.17295825771324855,0.11507095954246979,0.396242650222286,0.39815338232523073,0.18626185392979494,0.19741279230471556,0.46073903002309474,0.4007204916295825,0.03845680531626875,0.2648603903339807,0.06431928754019957,0.028806993145922326,0.11569405895372939,0.21110790063489338,0.21187716393195846,0.2691224777099953,0.21908315565031986,0.3027107121066852,0.13055181695827725,0.3121387283236994,0.1312032630863359,0.07128339568175793,0.45554055014571043,0.38312688116500604,0.3836058707526919,0.5220236500707972,0.407056968263355,0.3335956972320609,1
0.7983870967741935,0.3171481253841426,0.26539792387543254,0.3012704174228674,0.23903833933488666,0.31894450021511556,0.2549462973431316,0.17499131125564768,0.2162640278622367,0.319284064665127,0.2591650773468955,0.3144843711543195,0.30879684166958515,0.2787169126741981,0.19896692162511173,0.1441520570565295,0.09396890350089418,0.14850218274875807,0.19052088221492255,0.20689917758148035,0.2045672448357012,0.3176312247644684,0.26163675083662913,0.2984364377974168,0.2135261716103567,0.3517662946904542,0.1711450396845106,0.22357375962025094,0.3544066434503081,0.2418687167356594,0.17407844680571954,1
0.2903225806451613,0.38352796558082375,0.40449826989619375,0.36025408348457344,0.30009531878839224,0.31966155169941207,0.16544186922931975,0.1654088674842361,0.24854884183758083,0.3227482678983834,0.11760966306420852,0.13936746246615803,0.11977458690184341,0.13737940133586213,0.10406940167544121,0.06415346238976916,0.03680507289950254,0.07180490742134579,0.1378754106053496,0.06773530307645448,0.04253464656149219,0.39210408254822776,0.38515363553392146,0.3766145479265806,0.27332174732687264,0.5251972421636222,0.20402507226653685,0.31842376223800634,0.6483104358807548,0.32544845259215455,0.1355109536927719,2
0.3064516129032258,0.5752919483712354,0.5771626297577855,0.5535390199637024,0.4905740309256513,0.35895597303886434,0.23648012059543996,0.31756119358522417,0.4036707391232241,0.292147806004619,0.11591438864166129,0.12546148166379523,0.21360119710910883,0.11824853632390536,0.1269825502466806,0.08347679443488035,0.06585554418873435,0.0769983441216318,0.08830947911778507,0.09400700578738957,0.07016473459426478,0.5154777927321668,0.6842105263157894,0.5248130523453435,0.3935020177324811,0.49960906958561385,0.24157387080431908,0.30961065251915326,0.5384792009490643,0.31263552138773903,0.16364948183130007,2
0.008064516129032258,0.6797787338660112,0.39861591695501725,0.6833030852994555,0.5933065028595637,0.4493044600602325,0.5628415300546447,0.548185293679559,0.717507877715739,0.29792147806004626,0.23627887264250902,0.5009844942160965,0.10754879174758826,0.5284076853302548,0.38478858315949804,0.046059796929346856,0.16292472648044168,0.18681318681318682,0.27968090098545284,0.13893542491623517,0.23611958511287365,0.664872139973082,0.2777608761788865,0.7471108089734875,0.5063183009808832,0.3375506432582273,0.3349491899194389,0.3940768922008342,0.8197543147985152,0.23181549379065644,0.20136429227338318,2
0.5241935483870968,0.5660725261216965,0.32110726643598614,0.5372050816696914,0.4831603473840288,0.07500358525742146,0.14919917090635007,0.227198252321136,0.31483221847531645,0.3579676674364896,0.015045560500105857,0.24532365247354176,0.10321882263045624,0.22388059701492538,0.20151650607595772,0.06566419562238696,0.05008082590802246,0.11673942495860304,0.21398404504927265,0.2674383186110265,0.04375490281530548,0.4585015702108568,0.19348950410708854,0.442556084296397,0.33841939379657726,0.16696282607150473,0.10170956302337363,0.20647109125495192,0.43438827446328115,0.2937118076089099,0.028138528138528157,1
0.45161290322580644,0.22433927473878307,0.44671280276816605,0.20027223230490013,0.16050624867612795,0.16994120177828767,0.07654041831543244,0.14875130331165284,0.17911437890430648,0.1841801385681294,0.08285653740199189,0.13653704159488064,0.40271896590149314,0.14521316071575824,0.06297804708453361,0.1983276534448231,0.07866274120871829,0.1727382206834262,0.3104763022055373,0.18119859884252207,0.15549551120020916,0.13234634365186176,0.45756008518405844,0.1162474507138002,0.07366932752069281,0.35034472954723167,0.10608032264152817,0.21249192858763372,0.40913091730128964,0.17977528089887643,0.08736717827626923,1
0.3387096774193548,0.05224339274738792,0.21453287197231827,0.06433756805807614,0.03728023723787332,0.4894593431808405,0.4671188995666101,0.3523161709944888,0.2976394493891315,0.7909930715935334,0.49713922441195163,0.07746738862909179,0.3387245693909388,0.09301558505813476,0.03552862487997086,0.0969679935354671,0.22633597026231328,0.2675748908625621,0.3887846081651806,0.9213752665245202,0.30924779918068507,0.04037685060565277,0.2954061454213568,0.04643099932019043,0.0246251730536982,0.40223185727485977,0.3555116272139387,0.3720877471597354,0.6027706555432246,0.8296865759905383,0.31457431457431456,1
0.04838709677419355,0.00799016594960054,0.2923875432525951,0.01270417422867506,0.0,0.6687222142549836,0.6382136800452232,0.359763666153617,0.23970368732378797,0.5127020785219399,0.6198347107438017,0.010829436377061288,0.21169091661625644,0.046672713779170455,0.0,0.16646172223588518,0.2978688511788088,0.262983591750715,0.24096668230877524,0.18081784952787083,0.29181556698335215,0.017945266935845684,0.4913294797687861,0.04527532290958539,0.0,0.9701471319923237,0.8806981295135542,0.7122214272002233,0.8549615399334125,0.5103489059727973,0.5592286501377411,1
0.2661290322580645,0.3755377996312231,0.36747404844290654,0.3620689655172413,0.29495869519169665,0.5296142263014485,0.2244205765969474,0.3148304453602105,0.43689535076565866,0.24191685912240182,0.2216571307480398,0.38290671917302493,0.5625457671368079,0.40595365712872106,0.24230985728949375,0.13308505779432947,0.08295783777029823,0.2565106126749962,0.35974894415767245,0.198141943344502,0.23062843197071384,0.36563481381785545,0.5013690295101916,0.3949694085656016,0.2515243453415417,0.44772194185798575,0.1529666530908224,0.3211287761121097,0.5882285408135931,0.20855509560417895,0.13741309195854653,1
0.07258064516129033,0.4806392132759681,0.38235294117647056,0.46279491833030856,0.3867824613429358,0.2321812706152303,0.3548143960806481,0.20361451765056351,0.22439051357178397,0.3724018475750578,0.22420004238186056,0.27590450406103867,0.3718360979337132,0.26519337016574585,0.24588589781795306,0.17148578856761407,0.2469524337578971,0.2122534999247328,0.3808657907085875,0.2626789521778861,0.29268717859321886,0.5248990578734858,0.5384849406753878,0.5166553365057784,0.4020442428348405,0.4825502878669415,0.4285231799262931,0.3834313537285562,0.672802418583292,0.41671594717129906,0.28637019546110454,1
0.3790322580645161,0.5439459127228028,0.3868512110726643,0.5245009074410162,0.4598601991103579,0.2704718198766672,0.3186357640851704,0.25624348344173575,0.36817955663663,0.453810623556582,0.11782157236702683,0.4685577159734187,0.26231334967684417,0.43984497402490313,0.36558392106221654,0.1453465903102273,0.19010097381552954,0.17702845100105372,0.3503636790239324,0.21108742004264394,0.25782271419855307,0.5782862270076267,0.36416184971098264,0.5791978246091096,0.4421043329700433,0.3794868149832967,0.2703811501057922,0.29468944695555055,0.585549730205503,0.296668637886852,0.18044077134986228,1
0.3064516129032258,0.8408113091579594,0.3882352941176471,0.8493647912885662,0.7834145308197416,0.4019790620966585,0.6201243640474844,0.5139268159475696,0.7009232130023773,0.3943418013856813,0.3632125450307269,0.4908318976126016,0.17138399821707154,0.486270305928919,0.4169067249428827,0.08157959456136037,0.19345895840003752,0.18643685082041245,0.31663538244955425,0.20766067621078285,0.32014294430401813,0.7662628981606101,0.3121387283236994,0.8198504418762746,0.6285604877905093,0.371668206695572,0.365047830017185,0.38552555801818467,0.8362098656767825,0.3138182534989158,0.27331759149940976,1
0.3709677419354839,0.4837123540258145,0.40103806228373695,0.47005444646098005,0.39631434018216477,0.3847698264735409,0.3499152063312605,0.3361799314830445,0.3711095140693239,0.3666281755196305,0.2345835982199618,0.3847526458282058,0.49950651087267983,0.2754184876721366,0.29770537399423863,0.18996592066893858,0.261868132726293,0.3181544482914346,0.3861450023463162,0.30360950350289373,0.2987884598622853,0.44055630327501116,0.4338302403407362,0.4092454112848404,0.3225131815370114,0.4057857701329165,0.2930296317635021,0.3204307080155669,0.5426887604760631,0.28424995071949544,0.18431063885609347,1
0.49193548387096775,0.2311001843884451,0.3878892733564014,0.21460980036297636,0.15637576784579535,0.5554280797361251,0.34087054833239117,0.2614567300531255,0.3367792581126651,0.41512702078521935,0.3672388217842763,0.1407826729017967,0.25085166671972997,0.13045270883153295,0.08642097943776697,0.034852264343182365,0.16557987708214567,0.11124491946409754,0.22131628343500706,0.19585744745659456,0.26331386734071294,0.22566173171825935,0.4268329783997566,0.20802175390890557,0.14062269875401337,0.39014855355746686,0.37518004549563416,0.2920716915935149,0.5909073514216832,0.420461265523359,0.3565525383707202,1
0.4838709677419355,0.583282114320836,0.39446366782006925,0.5617059891107079,0.49322177504765935,0.2370572207084469,0.2526851328434143,0.18372970557569135,0.31809386920227767,0.1789838337182448,0.11273574909938544,0.2364632045286734,0.17660543156420133,0.2527418157829637,0.1935366378596735,0.12440712503952499,0.09146993822870218,0.0964172813487882,0.2767480056311591,0.1250380749314651,0.07138499084807808,0.5145805293853745,0.29510191664131424,0.5173351461590754,0.37465021061003273,0.3610064681214018,0.18505200210591144,0.2148479084134657,0.5645019325705102,0.20579538734476646,0.08074248983339889,1
0.7258064516129032,0.45236631837738167,0.2837370242214532,0.4237749546279491,0.35977547129845366,0.15646063387351217,0.14558130770680233,0.14326498187776177,0.20913262203549116,0.18071593533487296,0.08476372112735743,0.03931823775535318,0.03616797733133816,0.05475385503422116,0.049435449157312676,0.00699153286723114,0.0143221947162503,0.023934969140448594,0.04531323322383858,0.053457203777033196,0.0,0.37999102736653195,0.29479768786127164,0.3677770224337185,0.265663200683378,0.2949036889615467,0.1919061478707447,0.28779602450219016,0.49026061000344423,0.3234772324068599,0.09405745769382133,1
